#!ascii label  , from subject sub-LJ001 vox2ras=TkReg
1037
54169  -41.142  -26.107  47.798 0.0000000000
48699  -25.469  -31.231  48.571 0.0000000000
55268  -31.973  -25.551  46.860 0.0000000000
79992  -54.136  -3.622  32.879 0.0000000000
84306  -57.737  0.994  28.143 0.0000000000
48623  -17.169  -31.317  52.163 0.0000000000
77757  -50.001  -4.903  35.247 0.0000000000
141284  -43.232  -24.173  46.626 0.0000000000
53082  -36.519  -27.466  47.930 0.0000000000
157353  -21.753  -31.715  49.528 0.0000000000
44103  -19.452  -35.409  53.487 0.0000000000
54208  -37.053  -26.238  44.382 0.0000000000
149702  -38.265  -24.408  42.016 0.0000000000
54164  -28.387  -26.440  46.909 0.0000000000
56355  -34.098  -24.785  45.256 0.0000000000
70317  -45.413  -12.259  35.743 0.0000000000
72440  -49.086  -10.029  34.252 0.0000000000
75600  -53.420  -7.038  33.901 0.0000000000
39019  -11.761  -39.365  55.543 0.0000000000
36373  -9.549  -41.308  59.079 0.0000000000
60926  -39.738  -20.237  40.980 0.0000000000
143808  -41.820  -18.612  38.628 0.0000000000
66626  -43.494  -15.609  35.396 0.0000000000
41631  -16.019  -37.950  53.882 0.0000000000
47601  -24.748  -32.825  51.993 0.0000000000
48645  -27.424  -31.457  50.865 0.0000000000
144555  -38.633  -26.883  48.018 0.0000000000
53064  -23.750  -27.309  49.416 0.0000000000
48678  -23.337  -31.624  49.063 0.0000000000
46416  -23.074  -33.363  51.521 0.0000000000
56358  -37.003  -24.838  45.439 0.0000000000
55312  -35.968  -26.029  44.998 0.0000000000
72435  -44.795  -9.368  34.870 0.0000000000
72422  -46.866  -10.752  34.996 0.0000000000
75593  -46.649  -8.100  33.827 0.0000000000
165029  -51.555  -6.279  33.308 0.0000000000
77787  -53.605  -5.489  32.758 0.0000000000
76635  -56.317  -6.523  33.237 0.0000000000
78939  -55.839  -4.833  32.113 0.0000000000
156747  -56.587  -2.791  31.599 0.0000000000
59731  -37.047  -21.176  42.232 0.0000000000
58556  -38.531  -22.783  40.865 0.0000000000
62007  -36.540  -19.433  41.411 0.0000000000
64344  -39.313  -17.300  38.214 0.0000000000
65491  -40.236  -16.334  37.227 0.0000000000
64370  -42.906  -17.835  37.025 0.0000000000
67908  -40.888  -14.388  35.939 0.0000000000
70313  -41.592  -12.292  35.641 0.0000000000
56294  -30.019  -24.801  47.071 0.0000000000
45268  -14.216  -34.532  53.527 0.0000000000
45286  -15.762  -34.532  51.865 0.0000000000
33750  -8.850  -44.322  59.580 0.0000000000
31231  -7.101  -45.573  61.739 0.0000000000
143110  -47.860  -7.093  35.690 0.0000000000
58504  -44.313  -22.364  45.847 0.0000000000
53099  -34.336  -27.173  47.353 0.0000000000
48660  -19.347  -31.650  50.402 0.0000000000
45288  -18.133  -34.334  51.186 0.0000000000
141050  -20.463  -33.716  51.189 0.0000000000
85380  -59.234  1.546  26.868 0.0000000000
54199  -39.154  -26.325  45.472 0.0000000000
55328  -40.293  -25.219  44.655 0.0000000000
55336  -38.149  -25.518  43.267 0.0000000000
142261  -24.923  -26.050  47.822 0.0000000000
51959  -27.259  -28.608  47.211 0.0000000000
56321  -26.365  -24.370  46.186 0.0000000000
58494  -28.452  -22.602  45.610 0.0000000000
57349  -30.985  -23.593  44.750 0.0000000000
58499  -33.087  -22.876  45.275 0.0000000000
55323  -32.915  -24.821  44.624 0.0000000000
53127  -34.900  -27.076  45.673 0.0000000000
53129  -36.541  -27.105  45.491 0.0000000000
66619  -47.438  -15.446  36.476 0.0000000000
75595  -48.775  -7.644  33.479 0.0000000000
74576  -51.274  -8.171  34.398 0.0000000000
81061  -57.676  -1.932  31.073 0.0000000000
37697  -10.375  -40.247  57.413 0.0000000000
33771  -10.032  -43.159  58.248 0.0000000000
56398  -40.763  -24.148  43.886 0.0000000000
58526  -41.481  -22.706  43.460 0.0000000000
60903  -42.388  -20.167  42.745 0.0000000000
63156  -37.443  -17.878  39.906 0.0000000000
157052  -40.835  -19.412  40.697 0.0000000000
157319  -43.116  -19.472  41.299 0.0000000000
63140  -44.678  -18.768  39.987 0.0000000000
63182  -45.164  -18.009  38.712 0.0000000000
64396  -45.949  -16.882  36.495 0.0000000000
67920  -44.458  -14.551  35.348 0.0000000000
153244  -43.051  -10.625  35.553 0.0000000000
50809  -28.468  -29.392  51.014 0.0000000000
42862  -12.761  -36.118  55.252 0.0000000000
40331  -13.910  -38.428  54.215 0.0000000000
42891  -17.971  -36.722  53.695 0.0000000000
30017  -5.579  -45.795  61.052 0.0000000000
160413  -25.624  -32.231  50.249 0.0000000000
47619  -26.064  -32.230  51.247 0.0000000000
48680  -26.552  -31.366  49.155 0.0000000000
159626  -40.011  -26.582  47.943 0.0000000000
50829  -24.343  -29.767  48.213 0.0000000000
50828  -23.683  -29.837  48.636 0.0000000000
48698  -24.775  -31.415  48.697 0.0000000000
47635  -24.044  -32.667  50.210 0.0000000000
74565  -45.108  -8.282  35.321 0.0000000000
74573  -45.561  -8.440  34.523 0.0000000000
160476  -46.389  -7.624  35.006 0.0000000000
79991  -53.338  -3.861  33.283 0.0000000000
77776  -52.249  -5.019  33.123 0.0000000000
78927  -53.708  -4.487  32.798 0.0000000000
77788  -54.480  -5.685  32.598 0.0000000000
80002  -54.647  -4.227  32.562 0.0000000000
80003  -55.289  -3.837  32.280 0.0000000000
59730  -36.672  -20.600  41.769 0.0000000000
66596  -40.357  -15.687  37.668 0.0000000000
65500  -40.830  -15.956  36.577 0.0000000000
67895  -40.642  -14.015  37.388 0.0000000000
69125  -40.579  -13.073  37.273 0.0000000000
56295  -30.691  -24.807  46.934 0.0000000000
55243  -30.918  -25.467  48.508 0.0000000000
55244  -31.645  -25.636  48.476 0.0000000000
47580  -15.547  -32.822  52.897 0.0000000000
47614  -16.669  -32.835  51.326 0.0000000000
83222  -58.239  -0.434  28.477 0.0000000000
32497  -8.196  -44.614  60.730 0.0000000000
56283  -44.281  -24.638  48.448 0.0000000000
58486  -43.905  -22.912  46.055 0.0000000000
53100  -35.047  -27.402  47.199 0.0000000000
147111  -35.949  -27.453  48.864 0.0000000000
49724  -22.083  -29.856  49.783 0.0000000000
49723  -21.409  -30.083  50.088 0.0000000000
49714  -20.297  -29.819  51.272 0.0000000000
48661  -20.359  -31.660  50.052 0.0000000000
47630  -19.753  -32.554  50.271 0.0000000000
47631  -20.694  -32.733  50.124 0.0000000000
46394  -22.922  -33.757  53.317 0.0000000000
46403  -21.970  -33.928  52.967 0.0000000000
54198  -38.320  -26.517  45.044 0.0000000000
54211  -38.923  -26.149  44.626 0.0000000000
54209  -37.743  -26.018  43.877 0.0000000000
56274  -25.113  -24.470  47.858 0.0000000000
55289  -25.683  -25.562  46.681 0.0000000000
57298  -25.769  -22.908  47.881 0.0000000000
58480  -28.060  -22.159  46.085 0.0000000000
59703  -29.617  -21.577  45.443 0.0000000000
57347  -29.739  -22.928  45.025 0.0000000000
151814  -30.740  -22.161  44.717 0.0000000000
57332  -34.329  -24.268  46.066 0.0000000000
57331  -33.671  -23.506  45.729 0.0000000000
56379  -33.090  -24.247  44.648 0.0000000000
56354  -33.645  -25.005  44.914 0.0000000000
54194  -33.658  -26.183  45.404 0.0000000000
55310  -34.161  -25.778  45.228 0.0000000000
163829  -36.507  -26.424  44.723 0.0000000000
142938  -36.161  -26.744  45.092 0.0000000000
54197  -36.854  -26.712  44.867 0.0000000000
53130  -37.534  -26.922  45.473 0.0000000000
69141  -45.814  -13.890  35.997 0.0000000000
149553  -47.035  -13.825  36.779 0.0000000000
70300  -46.694  -12.493  36.545 0.0000000000
72439  -48.354  -10.248  34.318 0.0000000000
71351  -48.311  -11.023  35.665 0.0000000000
76612  -48.860  -5.983  34.863 0.0000000000
76620  -48.526  -6.677  34.295 0.0000000000
76621  -49.184  -6.161  34.009 0.0000000000
75599  -52.550  -7.074  33.890 0.0000000000
75598  -51.165  -7.427  33.829 0.0000000000
74577  -51.977  -7.936  34.774 0.0000000000
73504  -52.163  -8.843  35.796 0.0000000000
81055  -57.300  -2.585  31.517 0.0000000000
82103  -56.326  -1.286  30.582 0.0000000000
82114  -56.744  -0.922  29.899 0.0000000000
41602  -11.610  -38.072  55.888 0.0000000000
40277  -11.294  -38.553  57.196 0.0000000000
37711  -11.342  -40.010  56.016 0.0000000000
33793  -10.710  -43.052  57.825 0.0000000000
32523  -10.159  -44.772  58.772 0.0000000000
56396  -39.289  -24.670  42.835 0.0000000000
56381  -40.418  -24.735  44.095 0.0000000000
56409  -39.720  -24.057  42.672 0.0000000000
159354  -39.460  -21.725  41.091 0.0000000000
58539  -40.599  -22.661  42.510 0.0000000000
58559  -40.710  -21.993  42.314 0.0000000000
59724  -42.467  -21.514  43.662 0.0000000000
60914  -41.177  -20.246  41.914 0.0000000000
65447  -38.019  -16.697  40.027 0.0000000000
63177  -40.192  -18.396  38.483 0.0000000000
63158  -39.860  -18.734  39.287 0.0000000000
63159  -40.948  -18.809  39.135 0.0000000000
62024  -42.291  -19.286  40.745 0.0000000000
62039  -42.417  -18.879  39.933 0.0000000000
151893  -43.777  -19.205  40.773 0.0000000000
62040  -43.210  -18.767  39.625 0.0000000000
65502  -43.056  -16.881  36.133 0.0000000000
63197  -44.048  -17.972  37.878 0.0000000000
64394  -44.559  -17.227  36.671 0.0000000000
64347  -46.444  -17.578  38.061 0.0000000000
64395  -45.187  -16.929  36.356 0.0000000000
66617  -45.681  -15.560  35.761 0.0000000000
66627  -44.201  -15.420  35.363 0.0000000000
72393  -41.606  -10.006  37.470 0.0000000000
72418  -42.362  -10.800  35.808 0.0000000000
73492  -42.251  -9.525  36.875 0.0000000000
53096  -27.565  -27.823  46.903 0.0000000000
50832  -28.047  -29.375  48.633 0.0000000000
53078  -28.379  -27.720  48.488 0.0000000000
42890  -15.014  -36.761  52.941 0.0000000000
41645  -13.832  -37.103  53.689 0.0000000000
40349  -15.143  -38.029  53.815 0.0000000000
44114  -18.892  -34.956  52.207 0.0000000000
140187  -18.139  -35.344  52.166 0.0000000000
44092  -18.747  -36.146  53.793 0.0000000000
46395  -23.956  -33.447  53.329 0.0000000000
47584  -25.398  -32.827  53.328 0.0000000000
142552  -26.720  -32.003  52.987 0.0000000000
48604  -27.314  -31.496  53.532 0.0000000000
53083  -37.432  -27.267  48.306 0.0000000000
147110  -36.839  -27.381  48.973 0.0000000000
51942  -23.398  -27.836  49.892 0.0000000000
50822  -22.671  -29.650  49.446 0.0000000000
48677  -22.414  -31.687  49.344 0.0000000000
47633  -22.404  -32.958  50.014 0.0000000000
47634  -23.219  -32.837  50.078 0.0000000000
46417  -23.878  -33.050  51.725 0.0000000000
55324  -36.594  -25.954  44.571 0.0000000000
166137  -37.229  -25.123  43.681 0.0000000000
56296  -35.071  -24.624  46.664 0.0000000000
139157  -34.514  -25.495  45.247 0.0000000000
56357  -36.411  -25.522  45.013 0.0000000000
72421  -45.122  -10.796  35.255 0.0000000000
150963  -46.530  -11.344  35.632 0.0000000000
72436  -45.402  -9.943  34.651 0.0000000000
73510  -46.877  -9.788  33.947 0.0000000000
72452  -48.342  -9.733  33.796 0.0000000000
77765  -49.990  -5.805  33.653 0.0000000000
77775  -51.700  -5.595  33.202 0.0000000000
76644  -52.309  -6.239  33.153 0.0000000000
76633  -53.784  -6.589  33.230 0.0000000000
75601  -55.040  -7.107  34.178 0.0000000000
76634  -54.697  -6.543  33.103 0.0000000000
76648  -56.017  -6.174  32.682 0.0000000000
144680  -56.469  -5.099  32.209 0.0000000000
78940  -56.540  -4.241  31.930 0.0000000000
80013  -56.019  -2.993  31.764 0.0000000000
37726  -13.011  -40.164  55.462 0.0000000000
36412  -12.027  -41.252  56.389 0.0000000000
36399  -12.520  -42.021  56.927 0.0000000000
57426  -37.406  -23.371  41.548 0.0000000000
57427  -38.145  -23.432  41.216 0.0000000000
58555  -37.196  -22.266  41.327 0.0000000000
59749  -37.189  -21.080  40.666 0.0000000000
60924  -37.557  -20.304  40.369 0.0000000000
65464  -39.152  -16.235  39.334 0.0000000000
66582  -39.609  -16.140  38.717 0.0000000000
65490  -39.660  -16.856  37.747 0.0000000000
63194  -41.098  -18.056  37.374 0.0000000000
141346  -41.875  -18.405  37.781 0.0000000000
64369  -41.164  -17.508  36.891 0.0000000000
65501  -41.465  -16.318  36.274 0.0000000000
67917  -41.781  -14.691  35.581 0.0000000000
69156  -42.268  -13.958  35.357 0.0000000000
69140  -41.151  -12.967  35.791 0.0000000000
55292  -29.332  -25.106  46.821 0.0000000000
54145  -28.901  -26.431  47.985 0.0000000000
55241  -29.566  -25.943  48.302 0.0000000000
45278  -15.097  -34.682  52.373 0.0000000000
42909  -16.090  -36.064  52.318 0.0000000000
35063  -9.134  -42.582  59.381 0.0000000000
35049  -8.885  -42.434  60.443 0.0000000000
33734  -8.499  -43.136  60.895 0.0000000000
33724  -8.067  -43.769  61.393 0.0000000000
32475  -6.932  -44.373  62.403 0.0000000000
59708  -44.405  -21.818  45.373 0.0000000000
146375  -32.871  -26.342  47.646 0.0000000000
54146  -32.344  -26.021  48.478 0.0000000000
49713  -19.476  -30.116  51.511 0.0000000000
48642  -18.350  -30.989  51.220 0.0000000000
46412  -17.351  -33.156  50.868 0.0000000000
47629  -18.819  -32.453  50.443 0.0000000000
46413  -19.540  -33.735  51.036 0.0000000000
45279  -19.704  -34.588  52.249 0.0000000000
143589  -21.393  -33.610  51.178 0.0000000000
45281  -21.071  -34.104  52.650 0.0000000000
45271  -20.664  -34.575  53.338 0.0000000000
85375  -58.554  1.572  27.425 0.0000000000
54184  -40.172  -26.206  46.711 0.0000000000
55295  -40.682  -25.726  46.254 0.0000000000
55313  -39.723  -25.840  45.050 0.0000000000
55327  -39.439  -25.612  44.241 0.0000000000
55345  -38.437  -24.871  42.655 0.0000000000
152309  -37.314  -24.715  43.521 0.0000000000
56406  -37.317  -24.464  42.747 0.0000000000
57407  -37.221  -23.608  42.395 0.0000000000
59722  -37.509  -21.948  42.668 0.0000000000
144117  -25.671  -29.148  47.469 0.0000000000
50830  -26.786  -30.212  47.886 0.0000000000
53095  -26.279  -27.965  46.779 0.0000000000
54177  -26.715  -26.681  46.300 0.0000000000
163946  -27.590  -25.737  45.918 0.0000000000
58479  -27.182  -22.447  46.523 0.0000000000
57345  -27.594  -23.610  45.705 0.0000000000
55306  -28.237  -24.655  45.749 0.0000000000
56323  -29.553  -24.528  46.216 0.0000000000
56351  -30.552  -23.925  45.388 0.0000000000
56352  -31.378  -24.273  45.015 0.0000000000
59691  -32.265  -21.272  46.289 0.0000000000
58512  -31.841  -22.797  44.541 0.0000000000
56353  -32.182  -24.610  44.711 0.0000000000
55294  -32.219  -25.624  45.909 0.0000000000
54181  -33.396  -26.552  46.146 0.0000000000
53114  -34.564  -27.229  46.460 0.0000000000
53115  -35.341  -27.361  46.310 0.0000000000
54196  -35.414  -26.679  45.273 0.0000000000
53128  -35.705  -27.135  45.562 0.0000000000
141929  -36.595  -27.415  46.961 0.0000000000
53102  -38.287  -26.928  47.324 0.0000000000
53119  -38.798  -26.777  46.793 0.0000000000
53077  -24.243  -27.518  48.558 0.0000000000
71330  -47.000  -11.782  36.298 0.0000000000
75583  -47.005  -7.546  34.235 0.0000000000
146053  -48.132  -8.105  33.447 0.0000000000
148670  -49.178  -8.849  33.514 0.0000000000
76630  -50.214  -6.614  33.486 0.0000000000
151072  -49.970  -7.886  33.564 0.0000000000
73512  -50.326  -9.252  34.420 0.0000000000
73503  -51.470  -9.272  35.512 0.0000000000
82105  -58.093  -1.530  30.384 0.0000000000
146419  -57.203  -0.539  29.319 0.0000000000
83220  -57.029  0.263  29.044 0.0000000000
38980  -10.527  -39.650  57.931 0.0000000000
37666  -9.722  -40.955  58.425 0.0000000000
36397  -10.680  -41.450  57.117 0.0000000000
161087  -10.185  -41.809  57.593 0.0000000000
35076  -9.554  -42.548  58.556 0.0000000000
32543  -9.323  -44.154  58.946 0.0000000000
55315  -41.143  -25.234  45.841 0.0000000000
56360  -41.489  -24.678  45.434 0.0000000000
56383  -41.811  -24.071  45.020 0.0000000000
57409  -40.162  -23.307  42.387 0.0000000000
57389  -41.150  -23.429  43.651 0.0000000000
57372  -42.658  -23.129  44.990 0.0000000000
58517  -43.054  -22.530  44.933 0.0000000000
59725  -43.220  -21.145  44.038 0.0000000000
60880  -43.952  -20.925  44.292 0.0000000000
63138  -36.975  -18.176  40.566 0.0000000000
62020  -38.024  -19.523  40.118 0.0000000000
63175  -38.452  -17.859  39.097 0.0000000000
62036  -39.521  -19.107  39.977 0.0000000000
62022  -40.112  -19.534  40.630 0.0000000000
62008  -41.479  -19.843  41.617 0.0000000000
61997  -42.693  -19.803  42.151 0.0000000000
63180  -43.454  -18.376  38.302 0.0000000000
63162  -44.886  -18.428  39.314 0.0000000000
65506  -47.259  -16.080  36.376 0.0000000000
67909  -46.035  -14.778  35.941 0.0000000000
69159  -45.211  -13.171  35.685 0.0000000000
144921  -42.931  -13.280  35.187 0.0000000000
70315  -43.435  -12.392  35.230 0.0000000000
71347  -43.966  -11.645  35.286 0.0000000000
73502  -44.070  -9.478  35.396 0.0000000000
74557  -44.371  -8.386  35.996 0.0000000000
49736  -27.609  -30.730  49.371 0.0000000000
49716  -28.044  -30.782  51.346 0.0000000000
53065  -28.582  -27.398  49.882 0.0000000000
41616  -12.141  -37.509  55.334 0.0000000000
44091  -13.732  -35.037  54.035 0.0000000000
41630  -13.270  -37.258  54.102 0.0000000000
39033  -12.700  -38.578  54.785 0.0000000000
37727  -14.039  -40.174  55.679 0.0000000000
146597  -17.257  -34.178  51.172 0.0000000000
42910  -16.817  -36.271  52.425 0.0000000000
41649  -17.094  -36.959  53.283 0.0000000000
28819  -6.444  -47.331  61.158 0.0000000000
30011  -6.142  -45.409  61.653 0.0000000000
32473  -5.988  -44.348  62.295 0.0000000000
152037  -25.244  -31.893  49.259 0.0000000000
48663  -26.211  -31.777  49.627 0.0000000000
160565  -25.981  -31.493  48.963 0.0000000000
54149  -40.632  -26.488  48.240 0.0000000000
49743  -24.832  -30.706  48.320 0.0000000000
75570  -45.834  -7.801  35.694 0.0000000000
164471  -45.746  -7.914  34.915 0.0000000000
165840  -53.095  -4.383  33.076 0.0000000000
141804  -54.463  -5.006  32.569 0.0000000000
159986  -31.330  -25.251  47.602 0.0000000000
54165  -32.152  -25.777  47.649 0.0000000000
47600  -16.495  -32.161  51.913 0.0000000000
47615  -17.126  -32.137  51.212 0.0000000000
84300  -57.772  0.331  28.316 0.0000000000
83231  -58.590  0.008  27.866 0.0000000000
84307  -58.194  0.853  27.761 0.0000000000
57322  -43.795  -23.962  47.004 0.0000000000
57336  -44.221  -23.326  46.679 0.0000000000
57335  -43.530  -23.577  46.334 0.0000000000
53081  -35.534  -27.469  47.995 0.0000000000
49733  -21.886  -30.865  49.524 0.0000000000
48662  -21.191  -31.162  49.774 0.0000000000
49722  -20.639  -30.425  50.353 0.0000000000
47644  -21.257  -32.176  49.750 0.0000000000
155309  -37.586  -26.507  44.584 0.0000000000
55325  -37.306  -25.535  43.928 0.0000000000
57297  -25.211  -23.571  48.419 0.0000000000
59673  -29.614  -20.761  47.059 0.0000000000
59688  -29.213  -21.246  46.227 0.0000000000
59689  -30.235  -20.882  46.096 0.0000000000
59704  -30.526  -21.505  45.150 0.0000000000
57352  -33.791  -24.156  45.306 0.0000000000
139126  -33.575  -24.386  44.924 0.0000000000
70299  -45.989  -12.849  36.119 0.0000000000
69142  -46.522  -13.392  36.519 0.0000000000
72424  -48.726  -10.563  34.911 0.0000000000
72441  -49.908  -9.880  34.665 0.0000000000
77748  -49.478  -5.569  35.640 0.0000000000
77756  -49.535  -5.472  34.505 0.0000000000
74578  -52.738  -7.574  34.606 0.0000000000
82102  -55.573  -1.053  30.790 0.0000000000
40311  -11.483  -38.771  55.734 0.0000000000
39005  -11.257  -39.276  55.927 0.0000000000
56397  -39.982  -24.571  43.404 0.0000000000
56408  -38.981  -24.318  42.256 0.0000000000
59751  -39.142  -21.172  40.697 0.0000000000
59740  -40.123  -21.680  41.655 0.0000000000
59752  -39.791  -21.089  41.205 0.0000000000
59741  -40.917  -21.108  42.118 0.0000000000
60913  -40.427  -20.649  41.563 0.0000000000
63178  -41.043  -18.468  38.134 0.0000000000
161638  -41.846  -18.770  39.410 0.0000000000
63160  -42.537  -18.692  39.121 0.0000000000
161574  -43.021  -16.179  35.623 0.0000000000
64393  -43.784  -17.074  36.351 0.0000000000
163227  -43.657  -16.590  35.861 0.0000000000
65503  -44.501  -16.642  35.946 0.0000000000
65511  -43.960  -16.117  35.519 0.0000000000
65512  -44.813  -15.964  35.549 0.0000000000
54163  -27.791  -27.092  46.711 0.0000000000
53097  -28.262  -27.250  47.589 0.0000000000
41647  -15.529  -37.436  53.336 0.0000000000
41646  -14.552  -37.396  53.504 0.0000000000
40332  -15.592  -38.547  54.349 0.0000000000
44115  -19.362  -35.077  52.783 0.0000000000
44102  -18.767  -35.554  52.862 0.0000000000
37667  -10.096  -40.470  59.248 0.0000000000
36374  -9.884  -40.986  59.914 0.0000000000
55270  -42.931  -25.099  47.863 0.0000000000
47583  -24.726  -33.050  52.935 0.0000000000
47560  -24.762  -33.182  53.804 0.0000000000
155114  -25.301  -32.775  52.607 0.0000000000
48644  -26.863  -31.870  51.467 0.0000000000
47603  -26.374  -32.151  52.119 0.0000000000
48625  -26.986  -31.788  52.214 0.0000000000
48626  -27.404  -31.440  52.666 0.0000000000
146841  -37.970  -26.997  47.909 0.0000000000
53084  -38.176  -27.067  48.574 0.0000000000
54103  -23.838  -26.628  50.124 0.0000000000
49735  -23.330  -30.442  48.831 0.0000000000
50823  -23.146  -29.383  49.084 0.0000000000
49734  -22.591  -30.690  49.217 0.0000000000
47646  -22.865  -32.409  49.543 0.0000000000
47647  -23.719  -32.376  49.519 0.0000000000
47617  -24.399  -32.820  51.014 0.0000000000
46406  -24.147  -33.151  52.496 0.0000000000
56380  -37.191  -25.125  44.375 0.0000000000
56327  -35.695  -24.937  46.153 0.0000000000
56328  -36.615  -24.808  46.215 0.0000000000
72420  -44.429  -10.203  35.199 0.0000000000
74574  -46.150  -8.655  33.940 0.0000000000
73509  -46.104  -9.438  34.088 0.0000000000
73521  -46.648  -9.165  33.694 0.0000000000
73522  -47.483  -9.319  33.570 0.0000000000
74581  -46.936  -8.607  33.586 0.0000000000
78924  -50.805  -4.494  34.069 0.0000000000
78925  -51.583  -4.595  33.561 0.0000000000
78937  -52.921  -4.896  32.950 0.0000000000
77786  -52.630  -5.608  32.962 0.0000000000
76645  -53.199  -6.195  32.985 0.0000000000
76646  -54.135  -6.168  32.836 0.0000000000
143530  -55.174  -5.365  32.414 0.0000000000
76647  -55.142  -6.101  32.654 0.0000000000
77789  -55.846  -5.604  32.365 0.0000000000
141796  -55.218  -3.301  32.331 0.0000000000
81047  -55.558  -3.189  32.029 0.0000000000
140619  -36.970  -21.945  41.948 0.0000000000
61995  -36.646  -19.762  41.918 0.0000000000
60912  -36.755  -20.845  41.096 0.0000000000
60923  -36.830  -20.201  40.780 0.0000000000
59750  -38.143  -21.367  40.397 0.0000000000
62018  -36.617  -19.569  40.952 0.0000000000
65480  -39.725  -16.210  37.971 0.0000000000
64368  -40.355  -17.297  37.255 0.0000000000
64390  -40.881  -16.783  36.727 0.0000000000
66615  -40.868  -15.177  36.301 0.0000000000
66616  -41.240  -15.657  36.118 0.0000000000
158030  -41.276  -15.126  35.884 0.0000000000
65510  -41.999  -15.667  35.759 0.0000000000
69155  -41.388  -13.776  35.607 0.0000000000
69139  -40.839  -13.568  35.958 0.0000000000
70284  -40.612  -12.184  36.983 0.0000000000
55266  -29.785  -25.356  47.691 0.0000000000
55227  -31.267  -25.744  49.280 0.0000000000
55226  -30.486  -25.748  49.248 0.0000000000
46410  -15.967  -33.860  51.673 0.0000000000
46401  -15.337  -33.739  52.330 0.0000000000
44111  -15.710  -35.370  52.159 0.0000000000
33751  -8.823  -43.437  59.720 0.0000000000
33733  -8.461  -44.051  60.372 0.0000000000
31232  -7.605  -45.604  61.379 0.0000000000
32482  -7.781  -44.731  61.424 0.0000000000
32476  -7.522  -43.945  62.121 0.0000000000
32481  -7.243  -44.862  61.950 0.0000000000
58487  -44.621  -22.688  46.347 0.0000000000
58488  -45.379  -22.426  46.540 0.0000000000
59694  -44.950  -22.035  45.963 0.0000000000
53098  -33.632  -26.813  47.694 0.0000000000
49721  -19.815  -30.709  50.639 0.0000000000
48643  -18.967  -30.835  50.872 0.0000000000
48659  -18.504  -31.618  50.680 0.0000000000
46424  -20.123  -33.266  50.555 0.0000000000
157129  -19.806  -34.077  51.598 0.0000000000
45290  -20.395  -34.093  52.039 0.0000000000
46427  -22.729  -33.219  50.662 0.0000000000
46426  -21.903  -33.303  50.562 0.0000000000
46415  -22.239  -33.513  51.344 0.0000000000
138056  -21.705  -33.755  52.039 0.0000000000
45272  -21.390  -34.299  53.556 0.0000000000
54183  -39.378  -26.471  46.342 0.0000000000
54200  -39.935  -26.021  45.890 0.0000000000
55326  -38.587  -25.888  43.891 0.0000000000
55337  -39.132  -25.260  43.394 0.0000000000
55344  -37.650  -25.036  42.886 0.0000000000
57368  -37.531  -24.170  44.064 0.0000000000
58513  -37.733  -23.297  43.761 0.0000000000
57387  -37.294  -23.870  43.223 0.0000000000
58524  -37.291  -22.978  42.934 0.0000000000
165632  -25.129  -27.289  47.560 0.0000000000
51957  -25.676  -28.388  47.183 0.0000000000
53094  -25.567  -27.614  47.115 0.0000000000
56293  -25.598  -24.601  46.825 0.0000000000
55290  -26.269  -25.199  46.175 0.0000000000
55291  -26.977  -25.762  45.877 0.0000000000
55304  -26.935  -24.884  45.748 0.0000000000
58493  -27.696  -22.854  45.836 0.0000000000
151633  -28.143  -23.224  45.573 0.0000000000
149347  -28.221  -23.869  45.618 0.0000000000
56349  -28.900  -24.113  45.689 0.0000000000
57346  -28.881  -23.238  45.396 0.0000000000
57348  -30.597  -22.850  44.667 0.0000000000
161025  -30.280  -23.389  45.010 0.0000000000
56325  -30.964  -24.510  45.914 0.0000000000
58482  -33.445  -22.616  46.256 0.0000000000
58468  -33.727  -22.338  47.226 0.0000000000
58467  -33.061  -21.715  46.760 0.0000000000
58481  -32.797  -21.994  45.770 0.0000000000
59705  -32.086  -21.630  45.451 0.0000000000
58498  -32.369  -22.347  44.936 0.0000000000
56378  -32.439  -24.092  44.482 0.0000000000
55308  -32.642  -25.426  45.044 0.0000000000
54193  -32.916  -26.067  45.618 0.0000000000
53126  -34.123  -26.846  45.872 0.0000000000
56356  -35.509  -25.637  45.387 0.0000000000
55311  -35.150  -26.121  45.180 0.0000000000
53116  -36.162  -27.367  46.231 0.0000000000
53117  -37.034  -27.267  46.288 0.0000000000
157944  -37.405  -27.247  47.308 0.0000000000
54182  -38.533  -26.729  45.927 0.0000000000
54167  -39.609  -26.591  47.248 0.0000000000
152236  -24.794  -25.274  48.334 0.0000000000
54144  -24.545  -26.047  48.761 0.0000000000
54143  -24.704  -26.889  48.133 0.0000000000
53093  -24.959  -27.829  47.745 0.0000000000
65507  -47.940  -15.817  36.658 0.0000000000
69126  -47.735  -13.740  37.134 0.0000000000
67897  -48.462  -14.228  37.506 0.0000000000
71350  -47.409  -11.215  35.658 0.0000000000
75572  -47.199  -7.357  35.255 0.0000000000
75573  -47.790  -7.093  34.645 0.0000000000
76628  -48.930  -6.902  33.691 0.0000000000
75584  -48.022  -7.361  33.798 0.0000000000
74583  -48.764  -8.338  33.381 0.0000000000
74584  -49.369  -8.108  33.428 0.0000000000
156376  -50.880  -6.049  33.412 0.0000000000
144759  -51.004  -6.741  33.490 0.0000000000
74585  -50.563  -8.039  33.880 0.0000000000
74575  -50.634  -8.641  34.252 0.0000000000
73525  -49.954  -8.622  33.812 0.0000000000
73513  -51.031  -8.976  34.791 0.0000000000
163349  -55.110  -6.831  33.490 0.0000000000
80015  -57.019  -3.486  31.755 0.0000000000
81060  -56.723  -1.964  31.151 0.0000000000
83197  -56.012  -0.645  30.180 0.0000000000
83210  -56.469  -0.233  29.598 0.0000000000
38992  -10.646  -39.579  57.133 0.0000000000
38993  -10.953  -39.092  57.598 0.0000000000
37681  -10.071  -40.300  58.206 0.0000000000
36396  -10.020  -41.029  57.631 0.0000000000
36398  -11.464  -41.749  56.855 0.0000000000
35091  -10.099  -42.452  57.910 0.0000000000
33770  -9.428  -43.327  58.794 0.0000000000
32544  -10.030  -43.906  58.445 0.0000000000
31271  -9.816  -45.599  59.223 0.0000000000
55314  -40.465  -25.528  45.477 0.0000000000
56382  -41.043  -24.543  44.648 0.0000000000
56361  -42.201  -24.323  45.736 0.0000000000
57428  -38.993  -23.316  41.330 0.0000000000
57408  -39.398  -23.699  41.968 0.0000000000
57429  -39.655  -23.112  41.742 0.0000000000
58540  -41.136  -22.321  42.879 0.0000000000
57410  -40.836  -23.034  43.011 0.0000000000
57390  -41.826  -23.106  44.058 0.0000000000
58516  -42.428  -22.768  44.478 0.0000000000
58527  -42.103  -22.333  43.901 0.0000000000
59733  -42.084  -21.041  43.054 0.0000000000
60891  -42.879  -20.658  43.322 0.0000000000
64304  -37.482  -17.345  40.289 0.0000000000
64290  -37.187  -17.431  41.099 0.0000000000
63139  -37.498  -18.622  40.022 0.0000000000
65463  -38.514  -16.735  39.287 0.0000000000
64343  -38.700  -17.291  38.832 0.0000000000
62037  -40.449  -19.101  40.054 0.0000000000
142707  -38.884  -18.534  39.391 0.0000000000
60927  -40.725  -19.841  41.295 0.0000000000
62009  -42.135  -19.649  41.527 0.0000000000
60904  -43.203  -19.993  42.888 0.0000000000
60905  -44.146  -19.894  42.830 0.0000000000
148376  -44.495  -19.111  40.678 0.0000000000
63195  -42.701  -18.281  37.615 0.0000000000
63196  -43.365  -18.077  37.555 0.0000000000
64345  -44.741  -17.855  38.158 0.0000000000
63181  -44.369  -18.233  38.618 0.0000000000
64374  -46.206  -17.331  37.212 0.0000000000
138803  -46.920  -17.363  37.410 0.0000000000
64375  -47.587  -17.186  37.334 0.0000000000
65492  -46.921  -16.863  36.719 0.0000000000
66628  -44.906  -15.269  35.494 0.0000000000
67921  -45.339  -14.693  35.644 0.0000000000
144780  -45.065  -13.983  35.602 0.0000000000
69158  -44.465  -13.542  35.345 0.0000000000
147913  -41.934  -13.093  35.415 0.0000000000
141250  -42.995  -14.158  35.220 0.0000000000
71346  -42.981  -11.453  35.389 0.0000000000
147824  -43.710  -10.858  35.414 0.0000000000
72419  -43.561  -10.106  35.536 0.0000000000
143299  -43.773  -8.531  36.654 0.0000000000
50839  -27.000  -29.440  47.521 0.0000000000
49746  -27.219  -30.540  48.535 0.0000000000
50831  -27.483  -29.866  48.114 0.0000000000
51943  -28.348  -28.844  49.325 0.0000000000
50825  -28.211  -29.558  49.362 0.0000000000
50819  -28.383  -29.261  50.182 0.0000000000
159129  -28.184  -30.316  52.017 0.0000000000
54126  -29.228  -26.367  48.998 0.0000000000
54125  -28.820  -26.747  49.560 0.0000000000
54105  -28.866  -26.766  50.374 0.0000000000
146996  -32.403  -26.201  49.388 0.0000000000
42861  -12.391  -36.685  55.799 0.0000000000
42874  -12.501  -36.821  55.077 0.0000000000
46380  -14.523  -33.885  53.773 0.0000000000
45260  -14.225  -34.254  54.522 0.0000000000
40348  -13.841  -37.755  53.905 0.0000000000
42888  -13.414  -36.465  53.921 0.0000000000
40330  -13.132  -38.079  54.351 0.0000000000
39034  -13.322  -38.862  54.635 0.0000000000
39021  -13.601  -39.568  55.071 0.0000000000
45298  -17.915  -33.732  50.859 0.0000000000
44101  -17.856  -36.151  52.828 0.0000000000
44113  -17.279  -35.576  51.995 0.0000000000
144744  -5.649  -46.813  60.379 0.0000000000
30040  -5.678  -46.528  60.756 0.0000000000
31230  -5.789  -45.204  61.532 0.0000000000
31221  -6.029  -44.764  62.041 0.0000000000
47618  -25.236  -32.583  51.116 0.0000000000
47602  -25.625  -32.535  51.978 0.0000000000
139356  -26.591  -31.887  50.537 0.0000000000
48664  -27.120  -31.398  49.809 0.0000000000
54148  -39.373  -26.753  48.031 0.0000000000
153301  -24.141  -28.900  48.298 0.0000000000
51949  -23.714  -28.183  48.839 0.0000000000
49742  -24.062  -30.433  48.475 0.0000000000
48697  -24.103  -31.172  48.631 0.0000000000
48679  -24.276  -31.879  49.030 0.0000000000
157772  -24.827  -32.509  50.320 0.0000000000
56329  -37.472  -24.609  46.167 0.0000000000
74572  -44.998  -8.816  34.736 0.0000000000
75582  -46.158  -7.949  34.301 0.0000000000
78926  -52.543  -4.292  33.365 0.0000000000
78938  -55.238  -4.585  32.323 0.0000000000
60901  -37.075  -20.266  42.378 0.0000000000
61996  -37.083  -19.352  42.428 0.0000000000
63105  -36.673  -18.950  41.802 0.0000000000
66606  -40.611  -15.449  36.947 0.0000000000
67894  -40.644  -14.585  36.671 0.0000000000
69124  -40.571  -13.753  36.556 0.0000000000
55267  -30.499  -25.163  47.779 0.0000000000
46402  -15.964  -32.991  51.860 0.0000000000
82125  -58.688  -0.906  28.933 0.0000000000
32521  -8.605  -44.882  59.924 0.0000000000
31253  -8.250  -45.505  60.527 0.0000000000
161661  -34.212  -27.038  48.101 0.0000000000
158057  -34.776  -27.310  48.040 0.0000000000
149880  -35.112  -27.407  48.824 0.0000000000
140384  -36.289  -27.432  49.746 0.0000000000
50816  -22.333  -29.034  50.200 0.0000000000
50815  -21.752  -29.189  50.595 0.0000000000
49715  -21.042  -29.434  50.942 0.0000000000
46425  -21.043  -33.306  50.549 0.0000000000
46404  -22.569  -33.651  52.267 0.0000000000
45273  -22.153  -34.090  53.894 0.0000000000
54210  -38.216  -26.290  44.333 0.0000000000
55335  -37.577  -25.431  43.403 0.0000000000
151288  -25.344  -26.009  47.142 0.0000000000
57316  -25.558  -23.726  47.450 0.0000000000
57329  -26.036  -23.770  46.703 0.0000000000
59671  -27.883  -21.701  46.849 0.0000000000
59672  -28.685  -21.193  47.046 0.0000000000
59687  -28.806  -21.867  45.740 0.0000000000
58495  -29.243  -22.363  45.296 0.0000000000
58496  -30.023  -22.172  44.896 0.0000000000
58511  -31.201  -22.569  44.546 0.0000000000
57318  -33.987  -23.388  46.757 0.0000000000
57351  -33.345  -23.736  44.929 0.0000000000
55309  -33.350  -25.500  44.987 0.0000000000
157887  -33.130  -25.838  45.179 0.0000000000
54195  -34.575  -26.465  45.415 0.0000000000
54207  -35.993  -26.337  44.967 0.0000000000
67910  -46.558  -14.320  36.380 0.0000000000
67911  -47.328  -14.634  36.660 0.0000000000
69143  -47.184  -13.034  36.904 0.0000000000
72423  -47.795  -10.620  34.836 0.0000000000
76611  -48.312  -6.593  35.223 0.0000000000
76631  -51.899  -6.822  33.579 0.0000000000
75585  -51.916  -7.505  34.184 0.0000000000
74566  -51.714  -8.562  35.110 0.0000000000
74567  -52.456  -8.158  35.339 0.0000000000
81054  -56.139  -2.316  31.512 0.0000000000
82104  -57.163  -1.473  30.441 0.0000000000
40295  -11.218  -38.717  56.350 0.0000000000
39004  -10.953  -39.466  56.450 0.0000000000
37710  -10.753  -40.178  56.678 0.0000000000
55338  -39.876  -25.097  43.944 0.0000000000
58578  -38.824  -22.031  40.683 0.0000000000
58557  -39.415  -22.506  41.267 0.0000000000
58558  -40.130  -22.572  41.960 0.0000000000
58541  -41.774  -21.922  43.280 0.0000000000
59732  -41.367  -21.508  42.708 0.0000000000
60902  -41.641  -20.596  42.475 0.0000000000
63192  -39.728  -17.843  38.126 0.0000000000
63176  -39.198  -18.025  38.670 0.0000000000
62023  -41.472  -19.506  41.050 0.0000000000
62038  -41.466  -19.082  40.180 0.0000000000
62010  -44.157  -19.445  41.359 0.0000000000
62025  -43.132  -19.058  40.418 0.0000000000
145170  -43.895  -18.885  40.130 0.0000000000
64392  -42.500  -17.336  36.521 0.0000000000
64371  -43.778  -17.614  37.076 0.0000000000
64372  -44.668  -17.621  37.461 0.0000000000
64346  -45.498  -17.615  37.946 0.0000000000
64373  -45.362  -17.319  36.986 0.0000000000
65504  -45.444  -16.393  35.976 0.0000000000
72408  -41.616  -11.066  36.210 0.0000000000
71345  -42.025  -11.581  35.640 0.0000000000
72409  -41.895  -10.275  36.480 0.0000000000
73500  -42.735  -9.934  35.955 0.0000000000
51950  -27.687  -29.068  47.868 0.0000000000
51960  -27.933  -28.210  47.705 0.0000000000
51951  -28.207  -28.568  48.506 0.0000000000
157699  -28.444  -28.012  49.246 0.0000000000
42907  -14.650  -36.067  52.796 0.0000000000
44100  -14.112  -35.422  53.143 0.0000000000
42889  -14.104  -36.446  53.297 0.0000000000
161267  -14.410  -38.050  53.888 0.0000000000
39035  -14.189  -39.055  54.651 0.0000000000
145913  -14.717  -38.566  54.238 0.0000000000
44127  -18.360  -34.788  51.698 0.0000000000
56303  -43.254  -24.609  47.295 0.0000000000
46385  -24.113  -33.528  54.298 0.0000000000
47535  -24.831  -33.219  54.723 0.0000000000
47561  -25.488  -32.847  54.179 0.0000000000
150219  -25.937  -32.482  52.780 0.0000000000
47585  -26.095  -32.457  53.623 0.0000000000
51934  -22.941  -28.158  50.511 0.0000000000
51941  -23.203  -28.556  49.448 0.0000000000
50817  -22.779  -28.833  49.853 0.0000000000
47645  -22.053  -32.409  49.635 0.0000000000
47616  -23.552  -33.019  50.840 0.0000000000
46405  -23.434  -33.433  52.442 0.0000000000
56326  -34.836  -25.027  45.704 0.0000000000
147474  -36.221  -25.167  45.615 0.0000000000
71348  -44.838  -11.609  35.461 0.0000000000
147231  -45.691  -11.467  35.567 0.0000000000
155149  -45.986  -10.761  35.081 0.0000000000
72437  -46.367  -10.192  34.457 0.0000000000
73508  -45.447  -9.081  34.372 0.0000000000
148891  -47.117  -10.304  34.410 0.0000000000
72438  -47.668  -10.074  34.043 0.0000000000
77766  -50.198  -4.932  34.232 0.0000000000
77774  -50.814  -5.230  33.588 0.0000000000
76632  -52.859  -6.641  33.388 0.0000000000
75586  -54.235  -7.278  34.425 0.0000000000
155690  -54.390  -6.913  33.639 0.0000000000
143300  -55.534  -6.578  33.075 0.0000000000
80014  -56.390  -3.495  31.778 0.0000000000
80004  -55.855  -3.914  31.963 0.0000000000
37725  -12.097  -40.079  55.570 0.0000000000
152689  -11.789  -40.583  56.057 0.0000000000
37712  -12.541  -40.700  55.978 0.0000000000
56418  -37.862  -24.050  41.686 0.0000000000
56419  -38.617  -23.908  41.689 0.0000000000
57446  -37.735  -22.764  40.872 0.0000000000
59739  -36.812  -21.431  41.534 0.0000000000
58576  -37.476  -21.948  40.665 0.0000000000
58577  -38.126  -22.253  40.564 0.0000000000
60925  -38.696  -20.372  40.405 0.0000000000
65479  -39.129  -16.672  38.494 0.0000000000
64367  -39.807  -17.442  37.756 0.0000000000
63193  -40.342  -18.007  37.777 0.0000000000
63209  -41.977  -17.913  37.010 0.0000000000
64391  -41.678  -17.136  36.508 0.0000000000
140509  -42.272  -16.613  36.088 0.0000000000
66625  -42.805  -15.379  35.414 0.0000000000
163192  -42.300  -15.119  35.515 0.0000000000
70298  -40.950  -12.219  36.145 0.0000000000
70283  -40.674  -12.929  36.396 0.0000000000
71329  -41.024  -11.509  36.597 0.0000000000
72392  -41.259  -10.747  37.023 0.0000000000
72381  -41.752  -10.116  38.678 0.0000000000
55265  -29.095  -25.753  47.342 0.0000000000
55225  -29.802  -25.937  49.212 0.0000000000
55242  -30.186  -25.609  48.480 0.0000000000
45269  -14.680  -34.119  52.986 0.0000000000
164939  -14.509  -34.826  52.832 0.0000000000
44110  -14.886  -35.432  52.584 0.0000000000
42908  -15.377  -36.105  52.535 0.0000000000
161910  -16.035  -36.814  52.752 0.0000000000
44093  -19.567  -35.681  54.375 0.0000000000
36360  -9.365  -41.706  59.962 0.0000000000
33725  -8.383  -42.856  61.725 0.0000000000
141237  -8.029  -43.006  62.155 0.0000000000
160776  -7.665  -43.169  62.468 0.0000000000
162841  -48.386  -6.878  36.188 0.0000000000
76601  -48.997  -6.349  36.130 0.0000000000
59709  -45.308  -21.366  45.374 0.0000000000
54147  -33.065  -26.492  48.542 0.0000000000
49700  -19.239  -29.876  52.514 0.0000000000
49712  -18.716  -30.448  51.773 0.0000000000
48641  -17.780  -31.469  51.216 0.0000000000
47628  -17.945  -32.361  50.667 0.0000000000
46422  -18.282  -33.133  50.581 0.0000000000
145400  -19.191  -33.201  50.539 0.0000000000
46423  -18.680  -33.777  50.910 0.0000000000
45289  -19.027  -34.378  51.493 0.0000000000
45270  -19.964  -34.857  53.094 0.0000000000
47632  -21.579  -32.921  50.037 0.0000000000
46414  -21.003  -33.841  51.814 0.0000000000
45280  -20.372  -34.457  52.675 0.0000000000
44094  -20.190  -35.010  54.010 0.0000000000
54168  -40.424  -26.329  47.499 0.0000000000
54185  -40.915  -25.880  47.046 0.0000000000
56395  -37.257  -25.091  43.274 0.0000000000
56407  -37.748  -24.518  42.254 0.0000000000
56417  -37.372  -24.097  42.006 0.0000000000
58538  -37.090  -22.721  42.092 0.0000000000
58525  -38.052  -22.403  43.463 0.0000000000
50837  -25.411  -29.987  47.840 0.0000000000
49753  -26.120  -30.357  47.880 0.0000000000
50838  -26.276  -29.703  47.560 0.0000000000
51958  -26.469  -28.781  47.134 0.0000000000
53110  -26.083  -27.190  46.663 0.0000000000
51966  -26.946  -28.042  46.719 0.0000000000
53112  -27.216  -27.301  46.497 0.0000000000
54178  -27.560  -26.394  46.253 0.0000000000
58452  -26.299  -22.133  48.196 0.0000000000
58465  -26.426  -22.562  47.283 0.0000000000
58478  -26.510  -23.130  46.618 0.0000000000
57330  -27.030  -23.258  46.019 0.0000000000
56347  -26.989  -24.052  45.813 0.0000000000
56348  -27.577  -24.406  45.690 0.0000000000
55305  -27.581  -25.190  45.729 0.0000000000
54179  -28.360  -25.534  46.200 0.0000000000
56322  -28.900  -24.777  46.085 0.0000000000
56350  -29.684  -23.739  45.519 0.0000000000
56324  -30.199  -24.360  46.229 0.0000000000
55293  -31.446  -25.087  46.446 0.0000000000
59675  -31.585  -20.727  46.782 0.0000000000
59690  -31.314  -21.069  45.770 0.0000000000
58497  -31.466  -21.916  44.859 0.0000000000
57367  -31.397  -23.196  44.493 0.0000000000
57350  -32.591  -23.380  44.644 0.0000000000
158657  -32.005  -23.481  44.448 0.0000000000
56377  -31.754  -23.887  44.548 0.0000000000
55307  -31.792  -24.981  45.399 0.0000000000
54180  -32.667  -26.154  46.636 0.0000000000
54166  -33.259  -26.657  46.937 0.0000000000
53113  -33.851  -26.968  46.702 0.0000000000
53101  -35.858  -27.471  47.096 0.0000000000
53118  -37.944  -27.034  46.497 0.0000000000
53103  -38.960  -26.796  47.471 0.0000000000
54124  -24.243  -25.970  49.711 0.0000000000
54123  -24.113  -26.686  49.080 0.0000000000
155487  -24.471  -28.364  48.130 0.0000000000
51956  -24.854  -29.172  47.852 0.0000000000
67896  -47.966  -14.595  37.037 0.0000000000
71349  -46.203  -11.994  36.084 0.0000000000
70301  -47.394  -12.204  36.893 0.0000000000
143392  -47.938  -11.658  36.506 0.0000000000
75571  -46.733  -7.597  35.949 0.0000000000
75594  -47.349  -7.997  33.642 0.0000000000
74582  -47.643  -8.581  33.441 0.0000000000
73523  -48.371  -8.949  33.398 0.0000000000
73524  -48.942  -9.455  33.697 0.0000000000
76629  -49.568  -6.531  33.600 0.0000000000
75596  -49.580  -7.257  33.501 0.0000000000
75597  -50.409  -7.346  33.555 0.0000000000
73511  -49.588  -9.395  34.007 0.0000000000
157764  -50.689  -9.725  35.223 0.0000000000
82116  -58.404  -1.204  29.618 0.0000000000
82115  -57.565  -1.131  29.743 0.0000000000
83211  -57.913  -0.832  29.071 0.0000000000
83221  -57.590  -0.281  28.776 0.0000000000
85367  -57.326  1.119  28.648 0.0000000000
85366  -56.637  1.010  29.324 0.0000000000
37682  -10.641  -39.779  58.832 0.0000000000
36411  -11.191  -40.884  56.526 0.0000000000
36410  -10.566  -40.781  57.025 0.0000000000
35092  -10.870  -42.319  57.349 0.0000000000
35090  -9.672  -41.712  58.268 0.0000000000
147329  -9.320  -41.957  59.006 0.0000000000
32522  -9.234  -44.936  59.228 0.0000000000
55329  -40.910  -25.059  45.198 0.0000000000
55316  -41.796  -24.873  46.166 0.0000000000
56362  -42.851  -23.902  46.043 0.0000000000
57388  -40.425  -23.745  43.193 0.0000000000
57371  -42.135  -23.439  44.680 0.0000000000
57355  -42.477  -23.671  45.334 0.0000000000
57356  -43.196  -23.190  45.562 0.0000000000
58503  -43.730  -22.416  45.428 0.0000000000
58528  -42.797  -21.992  44.314 0.0000000000
59715  -43.646  -21.689  44.758 0.0000000000
59716  -44.495  -21.104  44.839 0.0000000000
159583  -37.237  -17.610  41.866 0.0000000000
63121  -36.808  -18.176  41.431 0.0000000000
63120  -36.596  -18.894  41.060 0.0000000000
62019  -36.961  -19.288  40.514 0.0000000000
64320  -37.991  -17.382  39.502 0.0000000000
63157  -38.019  -18.177  39.547 0.0000000000
62035  -38.499  -18.957  39.850 0.0000000000
62021  -39.190  -19.656  40.270 0.0000000000
60915  -41.887  -19.947  42.141 0.0000000000
60892  -43.802  -20.391  43.581 0.0000000000
60881  -44.713  -20.510  44.126 0.0000000000
61999  -44.637  -19.669  42.072 0.0000000000
63179  -42.607  -18.542  38.359 0.0000000000
63161  -43.170  -18.630  38.910 0.0000000000
62041  -43.961  -18.588  39.269 0.0000000000
65493  -47.787  -16.536  36.866 0.0000000000
65505  -46.368  -16.220  36.164 0.0000000000
66618  -46.689  -15.332  36.193 0.0000000000
67919  -43.469  -14.837  35.259 0.0000000000
69157  -43.684  -13.942  35.204 0.0000000000
70314  -42.459  -12.336  35.345 0.0000000000
149934  -43.804  -13.132  35.216 0.0000000000
70316  -44.470  -12.533  35.367 0.0000000000
161307  -44.392  -11.014  35.346 0.0000000000
73501  -43.412  -9.479  35.781 0.0000000000
74556  -43.771  -8.884  35.837 0.0000000000
74564  -44.457  -8.843  35.278 0.0000000000
74558  -45.154  -7.955  36.482 0.0000000000
49745  -26.358  -30.918  48.447 0.0000000000
50824  -27.841  -30.077  48.929 0.0000000000
148194  -27.905  -30.862  50.283 0.0000000000
49704  -27.912  -30.896  52.282 0.0000000000
154187  -28.692  -26.937  48.669 0.0000000000
158873  -28.582  -27.346  49.190 0.0000000000
51936  -28.468  -28.243  50.073 0.0000000000
53045  -28.652  -27.560  50.697 0.0000000000
51925  -28.541  -28.520  51.020 0.0000000000
153655  -28.526  -29.132  51.673 0.0000000000
159400  -31.878  -25.835  49.072 0.0000000000
41603  -11.929  -37.301  56.252 0.0000000000
155190  -12.013  -38.530  55.196 0.0000000000
44090  -13.262  -35.720  54.537 0.0000000000
44099  -13.605  -35.751  53.752 0.0000000000
42875  -12.890  -36.574  54.561 0.0000000000
41629  -12.677  -37.383  54.631 0.0000000000
40329  -12.478  -38.036  54.775 0.0000000000
39020  -12.598  -39.347  55.088 0.0000000000
39022  -14.566  -39.631  55.224 0.0000000000
46411  -16.590  -33.596  51.321 0.0000000000
45287  -16.444  -34.382  51.507 0.0000000000
44126  -17.642  -34.867  51.578 0.0000000000
44125  -16.871  -34.958  51.588 0.0000000000
44124  -16.256  -34.992  51.764 0.0000000000
44112  -16.507  -35.570  51.997 0.0000000000
41648  -16.331  -37.433  53.380 0.0000000000
40334  -17.259  -37.910  54.610 0.0000000000
41632  -16.850  -37.700  53.962 0.0000000000
30020  -6.987  -46.419  61.569 0.0000000000
28818  -5.953  -46.943  61.014 0.0000000000
30019  -6.391  -46.434  61.383 0.0000000000
30012  -6.640  -45.512  61.745 0.0000000000
31223  -6.755  -44.901  62.120 0.0000000000
32474  -6.385  -44.472  62.351 0.0000000000
31269  -5.283  -45.687  60.050 0.0000000000
32496  -5.406  -44.695  61.109 0.0000000000
31229  -5.610  -45.037  61.421 0.0000000000
31220  -5.808  -44.607  61.924 0.0000000000
28830  -5.922  -47.192  60.479 0.0000000000
30018  -5.822  -46.054  61.197 0.0000000000
30039  -5.483  -46.232  60.557 0.0000000000
31222  -6.367  -44.923  62.050 0.0000000000
31252  -5.408  -45.463  60.821 0.0000000000
40276  -10.893  -39.039  56.908 0.0000000000
44083  -13.375  -35.488  55.533 0.0000000000
47648  -24.521  -32.287  49.645 0.0000000000
49717  -28.353  -29.907  51.497 0.0000000000
49725  -28.300  -30.097  50.677 0.0000000000
49744  -25.634  -30.663  48.156 0.0000000000
50818  -28.152  -30.146  49.778 0.0000000000
51948  -23.619  -29.088  48.689 0.0000000000
53111  -26.696  -27.475  46.545 0.0000000000
54162  -25.318  -26.785  47.254 0.0000000000
54176  -25.872  -26.376  46.630 0.0000000000
55264  -25.153  -25.315  47.398 0.0000000000
57317  -26.040  -23.209  47.181 0.0000000000
57370  -41.467  -23.792  44.322 0.0000000000
60911  -36.563  -20.080  41.283 0.0000000000
61998  -43.652  -19.716  42.103 0.0000000000
64348  -47.295  -17.566  38.065 0.0000000000
67918  -42.606  -14.700  35.358 0.0000000000
71344  -41.371  -11.697  35.964 0.0000000000
144689  -27.490  -31.413  51.808 0.0000000000
145130  -6.902  -47.343  61.386 0.0000000000
150569  -43.193  -17.389  36.592 0.0000000000
154662  -28.518  -21.617  46.353 0.0000000000
154819  -10.592  -43.597  58.167 0.0000000000
156329  -37.005  -21.539  41.003 0.0000000000
158347  -26.999  -31.031  49.040 0.0000000000
159599  -26.303  -25.941  46.260 0.0000000000
160490  -25.126  -28.622  47.635 0.0000000000
163569  -26.563  -23.705  46.235 0.0000000000
164242  -25.058  -32.267  49.832 0.0000000000
