#!ascii label  , from subject sub-LJ001 vox2ras=TkReg
1108
146157  -14.552  -35.461  59.805 0.0000000000
56299  -38.083  -24.971  47.461 0.0000000000
61985  -38.824  -18.984  44.010 0.0000000000
59564  -31.467  -20.469  52.884 0.0000000000
75557  -46.186  -7.709  36.697 0.0000000000
67878  -41.192  -14.424  38.239 0.0000000000
164223  -40.035  -23.140  52.720 0.0000000000
57254  -35.559  -22.680  51.026 0.0000000000
75520  -51.478  -7.004  40.143 0.0000000000
148425  -54.374  -4.065  37.856 0.0000000000
154872  -55.483  -0.871  36.113 0.0000000000
64247  -43.711  -15.785  43.983 0.0000000000
65448  -39.429  -16.135  40.369 0.0000000000
165927  -45.419  -15.283  40.378 0.0000000000
72342  -45.541  -10.243  42.255 0.0000000000
56204  -24.381  -24.222  53.194 0.0000000000
40204  -12.734  -38.081  64.203 0.0000000000
58501  -39.653  -22.831  45.210 0.0000000000
61931  -41.819  -18.939  48.098 0.0000000000
157621  -25.883  -22.006  49.659 0.0000000000
163886  -30.953  -20.702  46.419 0.0000000000
82093  -55.182  -1.401  31.394 0.0000000000
86434  -57.284  2.519  34.038 0.0000000000
73464  -42.379  -9.410  38.822 0.0000000000
75495  -47.525  -7.761  42.388 0.0000000000
46368  -15.435  -33.000  55.966 0.0000000000
33714  -7.579  -42.924  62.734 0.0000000000
77723  -53.129  -6.071  38.798 0.0000000000
65419  -44.674  -16.655  42.152 0.0000000000
51934  -22.941  -28.158  50.511 0.0000000000
144864  -14.052  -36.628  61.800 0.0000000000
57368  -37.531  -24.170  44.064 0.0000000000
57333  -39.232  -24.025  46.004 0.0000000000
59600  -28.257  -20.516  51.200 0.0000000000
59657  -27.940  -21.166  47.824 0.0000000000
146953  -31.103  -20.763  50.371 0.0000000000
56262  -36.918  -24.704  49.237 0.0000000000
57300  -35.240  -23.533  48.143 0.0000000000
56297  -35.792  -24.580  47.103 0.0000000000
61865  -30.394  -19.161  54.766 0.0000000000
140415  -27.423  -19.798  53.153 0.0000000000
78915  -52.035  -3.868  33.993 0.0000000000
81046  -55.163  -2.682  32.251 0.0000000000
149099  -56.593  1.730  35.057 0.0000000000
66584  -41.042  -15.659  38.935 0.0000000000
71300  -41.669  -11.169  38.838 0.0000000000
154707  -46.000  -8.829  43.080 0.0000000000
49685  -19.893  -29.441  53.256 0.0000000000
48583  -18.539  -29.873  55.114 0.0000000000
48531  -17.363  -30.725  57.183 0.0000000000
47581  -15.926  -32.117  53.477 0.0000000000
35038  -8.842  -42.296  61.501 0.0000000000
56251  -39.094  -24.924  50.251 0.0000000000
57302  -40.450  -24.396  48.158 0.0000000000
57255  -41.519  -23.517  51.166 0.0000000000
59541  -33.729  -20.733  54.892 0.0000000000
58405  -33.222  -21.692  51.985 0.0000000000
58370  -35.530  -22.246  53.633 0.0000000000
56222  -37.264  -23.041  51.901 0.0000000000
75541  -49.162  -7.410  38.768 0.0000000000
76594  -50.487  -6.403  37.648 0.0000000000
78884  -52.002  -4.550  37.457 0.0000000000
79962  -53.984  -2.962  36.072 0.0000000000
81027  -54.209  -2.656  34.217 0.0000000000
81017  -55.164  -2.384  36.835 0.0000000000
64244  -40.495  -16.922  45.053 0.0000000000
65414  -38.459  -16.743  42.418 0.0000000000
65417  -41.586  -16.068  42.272 0.0000000000
65451  -42.590  -16.448  40.741 0.0000000000
67868  -43.418  -15.021  39.350 0.0000000000
139146  -43.897  -12.341  39.748 0.0000000000
70254  -45.937  -13.067  40.785 0.0000000000
54052  -23.689  -26.159  54.363 0.0000000000
50806  -21.618  -28.778  51.714 0.0000000000
86473  -58.072  3.283  29.260 0.0000000000
157964  -11.230  -38.605  66.284 0.0000000000
58524  -37.291  -22.978  42.934 0.0000000000
60878  -39.328  -20.602  44.685 0.0000000000
58485  -41.264  -22.858  46.766 0.0000000000
143434  -41.000  -21.242  46.635 0.0000000000
63060  -40.354  -18.689  46.562 0.0000000000
151143  -43.212  -16.630  46.448 0.0000000000
58439  -33.164  -21.208  48.755 0.0000000000
59540  -25.546  -20.629  54.912 0.0000000000
57252  -24.740  -23.120  51.205 0.0000000000
83171  -54.595  -0.419  34.177 0.0000000000
85340  -55.454  1.362  32.073 0.0000000000
86451  -56.677  2.321  31.070 0.0000000000
87508  -58.404  3.810  32.596 0.0000000000
41587  -12.313  -37.433  57.261 0.0000000000
38982  -12.020  -38.882  58.927 0.0000000000
74546  -44.055  -8.200  37.642 0.0000000000
73451  -43.915  -9.613  40.624 0.0000000000
74499  -45.018  -8.392  40.709 0.0000000000
75517  -47.168  -7.775  39.885 0.0000000000
75507  -49.970  -7.090  41.486 0.0000000000
44069  -14.676  -34.437  57.527 0.0000000000
37633  -11.823  -39.836  61.734 0.0000000000
150254  -10.087  -41.030  63.719 0.0000000000
36330  -8.175  -41.168  64.018 0.0000000000
42791  -14.447  -35.821  60.941 0.0000000000
56329  -37.472  -24.609  46.167 0.0000000000
56359  -38.262  -24.331  45.920 0.0000000000
56300  -38.814  -24.736  47.109 0.0000000000
60784  -29.712  -20.497  51.630 0.0000000000
59620  -29.593  -20.687  50.533 0.0000000000
59602  -30.902  -20.654  51.448 0.0000000000
161888  -37.294  -25.017  48.545 0.0000000000
56276  -36.079  -24.414  47.892 0.0000000000
141370  -37.300  -24.956  47.842 0.0000000000
56328  -36.615  -24.808  46.215 0.0000000000
60743  -32.081  -19.568  54.904 0.0000000000
61856  -31.437  -19.034  55.474 0.0000000000
60754  -31.136  -19.642  54.153 0.0000000000
60762  -29.798  -19.722  53.047 0.0000000000
79993  -54.808  -3.472  32.563 0.0000000000
61983  -37.645  -19.913  42.943 0.0000000000
63085  -37.731  -19.003  42.953 0.0000000000
66597  -40.839  -15.229  38.191 0.0000000000
67877  -40.656  -14.881  37.451 0.0000000000
70270  -41.552  -12.911  38.627 0.0000000000
49699  -18.421  -30.306  52.734 0.0000000000
140654  -19.696  -29.402  54.094 0.0000000000
49670  -17.931  -30.388  53.670 0.0000000000
48581  -17.190  -30.975  54.336 0.0000000000
48601  -16.513  -31.691  52.862 0.0000000000
56239  -39.594  -24.224  51.722 0.0000000000
56253  -40.618  -24.431  50.562 0.0000000000
56227  -40.918  -23.608  51.812 0.0000000000
59532  -34.884  -20.798  55.801 0.0000000000
58330  -35.141  -21.554  54.759 0.0000000000
58331  -36.095  -21.758  55.122 0.0000000000
56195  -39.171  -22.530  54.103 0.0000000000
57228  -37.646  -22.500  53.438 0.0000000000
56224  -38.640  -23.363  52.254 0.0000000000
143138  -38.277  -24.075  51.570 0.0000000000
75530  -50.019  -7.374  39.252 0.0000000000
75551  -49.875  -6.883  37.831 0.0000000000
76584  -51.318  -6.877  38.673 0.0000000000
77734  -53.455  -5.581  38.676 0.0000000000
77742  -52.404  -5.135  38.066 0.0000000000
138152  -52.876  -4.202  37.547 0.0000000000
157993  -52.931  -3.533  36.700 0.0000000000
78896  -54.055  -3.454  36.935 0.0000000000
79963  -54.209  -2.862  36.202 0.0000000000
157438  -54.731  -3.633  37.745 0.0000000000
147128  -42.198  -15.927  44.412 0.0000000000
65397  -41.592  -15.847  43.260 0.0000000000
64263  -42.428  -15.806  43.303 0.0000000000
66560  -45.026  -16.427  41.198 0.0000000000
65452  -43.419  -16.496  40.882 0.0000000000
144319  -43.974  -16.261  40.356 0.0000000000
66586  -42.949  -15.725  39.513 0.0000000000
67859  -44.903  -15.087  39.871 0.0000000000
67870  -44.990  -14.149  39.737 0.0000000000
67860  -45.509  -14.492  40.204 0.0000000000
58329  -24.367  -22.165  54.778 0.0000000000
57189  -24.000  -23.092  55.444 0.0000000000
138698  -24.164  -24.912  53.645 0.0000000000
50807  -22.120  -28.553  51.053 0.0000000000
88555  -58.585  4.478  30.301 0.0000000000
88559  -58.747  4.989  29.679 0.0000000000
144651  -12.171  -37.927  65.573 0.0000000000
58500  -38.950  -23.185  44.895 0.0000000000
58513  -37.733  -23.297  43.761 0.0000000000
58514  -38.494  -22.792  44.231 0.0000000000
59713  -38.811  -21.962  43.951 0.0000000000
59706  -39.958  -22.009  44.955 0.0000000000
57285  -41.864  -23.570  49.039 0.0000000000
143773  -40.829  -23.975  47.646 0.0000000000
58470  -42.050  -22.682  48.038 0.0000000000
61932  -42.137  -19.278  48.541 0.0000000000
60835  -41.236  -21.039  47.285 0.0000000000
60854  -41.112  -19.736  47.613 0.0000000000
60868  -40.254  -20.043  46.487 0.0000000000
61944  -40.688  -19.188  47.134 0.0000000000
63049  -41.104  -17.903  46.791 0.0000000000
64221  -42.686  -17.386  47.360 0.0000000000
59673  -29.614  -20.761  47.059 0.0000000000
58406  -33.915  -22.061  51.718 0.0000000000
58422  -32.816  -21.222  50.788 0.0000000000
57282  -34.485  -22.093  49.784 0.0000000000
57318  -33.987  -23.388  46.757 0.0000000000
60741  -27.020  -19.660  55.406 0.0000000000
59598  -26.265  -20.795  51.267 0.0000000000
58385  -25.684  -21.237  51.828 0.0000000000
57264  -25.329  -22.591  49.978 0.0000000000
161720  -24.614  -24.533  49.705 0.0000000000
82061  -54.877  -1.615  35.622 0.0000000000
82068  -54.503  -1.609  34.293 0.0000000000
83159  -54.817  -0.645  35.023 0.0000000000
85327  -56.668  2.069  34.201 0.0000000000
84263  -55.869  1.435  34.303 0.0000000000
160008  -56.222  1.897  33.509 0.0000000000
85341  -56.090  1.841  31.546 0.0000000000
153329  -57.189  2.715  32.465 0.0000000000
86452  -57.232  2.790  31.630 0.0000000000
86443  -57.971  3.278  33.064 0.0000000000
163651  -39.108  -16.133  41.249 0.0000000000
65413  -37.711  -16.967  41.762 0.0000000000
73493  -43.064  -9.096  36.486 0.0000000000
74529  -43.368  -8.497  38.373 0.0000000000
71282  -45.261  -11.929  40.665 0.0000000000
71291  -43.826  -11.425  40.191 0.0000000000
72356  -44.560  -10.019  41.173 0.0000000000
75479  -46.809  -8.015  43.034 0.0000000000
74486  -45.232  -8.613  41.519 0.0000000000
161053  -46.396  -8.151  41.472 0.0000000000
75516  -46.381  -7.864  39.876 0.0000000000
162738  -47.536  -7.876  40.540 0.0000000000
138623  -48.159  -7.674  39.960 0.0000000000
75496  -49.200  -7.288  42.015 0.0000000000
47508  -16.376  -31.870  56.641 0.0000000000
46326  -15.814  -32.671  57.811 0.0000000000
46317  -15.885  -32.535  58.672 0.0000000000
45243  -15.007  -33.841  57.137 0.0000000000
44076  -14.249  -35.171  56.817 0.0000000000
45251  -14.331  -34.463  55.567 0.0000000000
37682  -10.641  -39.779  58.832 0.0000000000
37669  -11.622  -39.636  60.354 0.0000000000
37650  -10.702  -40.382  60.416 0.0000000000
141237  -8.029  -43.006  62.155 0.0000000000
35031  -9.515  -41.533  62.712 0.0000000000
154637  -8.611  -41.969  63.160 0.0000000000
36331  -8.933  -41.091  64.100 0.0000000000
35014  -7.804  -41.979  63.492 0.0000000000
58317  -37.638  -21.679  56.026 0.0000000000
76562  -52.416  -6.391  40.772 0.0000000000
150494  -52.219  -6.732  38.967 0.0000000000
76570  -53.181  -6.463  39.620 0.0000000000
64264  -43.997  -16.542  43.069 0.0000000000
54104  -24.112  -25.952  50.647 0.0000000000
53018  -23.657  -26.748  51.935 0.0000000000
45166  -14.440  -34.745  64.033 0.0000000000
155639  -13.641  -37.110  63.213 0.0000000000
57353  -37.791  -24.374  45.047 0.0000000000
57354  -38.604  -23.798  45.357 0.0000000000
164165  -39.288  -23.467  45.461 0.0000000000
63036  -43.340  -17.564  47.983 0.0000000000
156363  -27.099  -20.892  49.933 0.0000000000
58453  -26.875  -21.420  48.466 0.0000000000
59638  -27.837  -20.686  49.432 0.0000000000
59659  -29.720  -20.658  48.961 0.0000000000
159422  -30.924  -20.541  48.135 0.0000000000
57267  -35.822  -23.127  49.957 0.0000000000
57283  -35.307  -22.805  49.267 0.0000000000
57284  -35.876  -23.699  48.940 0.0000000000
56275  -35.446  -24.250  47.506 0.0000000000
56327  -35.695  -24.937  46.153 0.0000000000
61854  -29.576  -18.847  55.647 0.0000000000
61862  -27.843  -19.378  54.969 0.0000000000
60752  -29.080  -19.464  53.934 0.0000000000
60782  -27.681  -20.313  51.793 0.0000000000
78913  -50.616  -4.294  34.925 0.0000000000
82092  -54.834  -1.781  32.000 0.0000000000
160817  -56.631  0.699  36.734 0.0000000000
84242  -56.050  0.710  35.800 0.0000000000
166031  -40.172  -16.033  39.440 0.0000000000
71316  -40.925  -11.442  37.468 0.0000000000
72381  -41.752  -10.116  38.678 0.0000000000
73405  -46.535  -9.334  44.124 0.0000000000
73431  -45.409  -9.437  42.397 0.0000000000
74443  -46.605  -8.635  44.170 0.0000000000
49674  -21.435  -28.460  54.265 0.0000000000
49660  -20.966  -28.880  54.923 0.0000000000
49632  -19.565  -29.030  56.379 0.0000000000
48565  -18.220  -29.833  55.856 0.0000000000
47533  -16.461  -31.724  55.816 0.0000000000
145957  -15.432  -32.822  55.040 0.0000000000
46381  -14.882  -33.432  54.560 0.0000000000
46392  -14.993  -33.372  53.410 0.0000000000
139175  -38.470  -25.130  48.778 0.0000000000
56280  -39.709  -24.710  48.083 0.0000000000
56264  -40.059  -24.746  49.715 0.0000000000
159405  -40.832  -24.405  49.745 0.0000000000
59551  -32.545  -20.442  54.013 0.0000000000
59584  -32.496  -21.094  52.796 0.0000000000
59553  -33.660  -21.315  53.753 0.0000000000
140032  -34.192  -22.028  53.081 0.0000000000
139077  -35.264  -22.397  52.044 0.0000000000
57209  -37.037  -22.284  54.547 0.0000000000
57227  -36.945  -22.387  53.234 0.0000000000
56221  -36.592  -22.953  51.708 0.0000000000
56237  -37.088  -23.535  51.139 0.0000000000
56250  -37.568  -24.831  50.033 0.0000000000
60733  -33.659  -20.207  55.916 0.0000000000
157377  -47.575  -7.486  37.744 0.0000000000
75559  -47.533  -7.417  36.225 0.0000000000
75560  -48.149  -7.216  36.586 0.0000000000
76593  -49.596  -6.543  37.123 0.0000000000
76602  -49.854  -5.945  36.754 0.0000000000
76585  -51.793  -6.435  38.446 0.0000000000
77741  -51.479  -5.283  37.608 0.0000000000
78892  -50.627  -4.508  36.011 0.0000000000
78903  -51.419  -3.782  35.713 0.0000000000
79972  -53.191  -3.228  34.921 0.0000000000
79983  -53.812  -3.173  33.871 0.0000000000
81026  -54.378  -2.844  33.173 0.0000000000
79974  -54.131  -2.732  35.070 0.0000000000
81016  -54.645  -2.240  35.911 0.0000000000
82053  -55.253  -1.636  36.308 0.0000000000
79957  -55.306  -2.744  37.645 0.0000000000
82054  -56.118  -0.724  37.063 0.0000000000
64243  -39.182  -17.845  44.166 0.0000000000
64259  -38.684  -17.379  43.225 0.0000000000
64260  -39.652  -16.759  43.638 0.0000000000
150962  -39.798  -16.177  42.900 0.0000000000
65432  -41.052  -16.197  41.433 0.0000000000
143539  -43.120  -16.516  42.068 0.0000000000
65433  -42.041  -16.390  41.441 0.0000000000
65449  -40.604  -16.157  40.513 0.0000000000
66572  -41.330  -16.083  39.739 0.0000000000
67867  -42.497  -15.139  39.162 0.0000000000
67880  -42.815  -14.416  39.139 0.0000000000
70271  -42.500  -12.895  39.233 0.0000000000
69103  -43.656  -14.138  39.300 0.0000000000
70262  -44.922  -13.259  39.884 0.0000000000
71274  -46.201  -11.885  41.536 0.0000000000
71275  -46.585  -12.201  42.044 0.0000000000
72330  -46.643  -10.316  43.280 0.0000000000
52958  -23.280  -26.710  54.904 0.0000000000
53001  -23.235  -27.122  52.708 0.0000000000
50784  -22.414  -27.700  53.184 0.0000000000
50783  -22.113  -27.867  53.726 0.0000000000
49686  -20.710  -29.090  53.050 0.0000000000
59723  -38.213  -21.460  43.398 0.0000000000
61968  -38.808  -20.068  44.046 0.0000000000
57320  -40.105  -24.297  47.326 0.0000000000
57334  -40.009  -23.858  46.499 0.0000000000
58484  -40.551  -23.119  46.309 0.0000000000
59693  -41.373  -21.922  46.752 0.0000000000
59707  -40.290  -21.463  45.585 0.0000000000
60867  -39.937  -20.607  45.709 0.0000000000
60879  -39.449  -19.872  45.260 0.0000000000
61969  -39.223  -18.833  44.806 0.0000000000
64233  -40.859  -17.138  45.752 0.0000000000
159110  -42.098  -16.377  45.253 0.0000000000
139108  -43.459  -16.066  45.241 0.0000000000
64207  -43.508  -16.979  47.234 0.0000000000
64222  -44.118  -16.491  46.710 0.0000000000
59623  -32.114  -21.175  51.275 0.0000000000
154067  -32.270  -20.790  49.276 0.0000000000
59662  -32.466  -20.770  48.273 0.0000000000
58455  -33.969  -21.874  48.166 0.0000000000
58467  -33.061  -21.715  46.760 0.0000000000
59539  -24.751  -21.104  55.190 0.0000000000
58348  -24.684  -21.653  54.045 0.0000000000
60750  -26.804  -19.953  53.952 0.0000000000
58384  -24.862  -22.043  52.260 0.0000000000
143456  -24.576  -23.923  51.572 0.0000000000
55213  -24.418  -25.144  50.298 0.0000000000
82079  -54.366  -2.700  33.420 0.0000000000
82086  -54.670  -2.151  32.717 0.0000000000
83178  -54.448  -1.087  32.503 0.0000000000
84252  -55.220  0.465  34.778 0.0000000000
84262  -54.940  0.697  33.788 0.0000000000
84268  -54.490  -0.140  32.104 0.0000000000
152216  -55.307  0.395  30.632 0.0000000000
84283  -55.919  0.921  29.987 0.0000000000
85361  -57.077  1.818  29.283 0.0000000000
86472  -57.432  2.644  29.721 0.0000000000
150859  -58.324  3.893  30.776 0.0000000000
42827  -13.981  -36.272  58.537 0.0000000000
40266  -13.507  -37.206  59.249 0.0000000000
40279  -12.829  -37.694  58.126 0.0000000000
159583  -37.237  -17.610  41.866 0.0000000000
75548  -45.603  -7.720  37.603 0.0000000000
159173  -43.170  -12.413  39.590 0.0000000000
72372  -42.936  -10.668  39.906 0.0000000000
73459  -42.908  -9.563  39.603 0.0000000000
73443  -44.893  -9.182  41.656 0.0000000000
74498  -44.212  -8.709  40.335 0.0000000000
74513  -43.475  -8.714  39.291 0.0000000000
74531  -44.870  -7.956  39.027 0.0000000000
75538  -45.558  -7.705  38.550 0.0000000000
75539  -46.799  -7.565  38.450 0.0000000000
75528  -47.609  -7.573  38.980 0.0000000000
75529  -49.077  -7.516  39.669 0.0000000000
75508  -50.720  -6.997  40.810 0.0000000000
46307  -15.163  -33.836  60.309 0.0000000000
47452  -15.706  -32.726  59.522 0.0000000000
142963  -14.669  -34.864  58.801 0.0000000000
44067  -14.257  -35.403  57.590 0.0000000000
42850  -13.091  -35.994  56.330 0.0000000000
40239  -13.035  -37.850  60.431 0.0000000000
38949  -12.674  -38.568  61.314 0.0000000000
38917  -12.665  -38.859  62.711 0.0000000000
36351  -10.120  -41.145  61.721 0.0000000000
153427  -11.205  -40.539  62.531 0.0000000000
37594  -11.608  -39.638  64.121 0.0000000000
37584  -11.021  -39.662  65.079 0.0000000000
37582  -9.808  -40.025  65.361 0.0000000000
161332  -6.080  -43.644  62.587 0.0000000000
36339  -6.631  -42.106  63.264 0.0000000000
45201  -14.794  -34.614  60.713 0.0000000000
42804  -14.378  -35.933  60.376 0.0000000000
142521  -38.130  -24.660  46.681 0.0000000000
60775  -30.656  -20.235  52.497 0.0000000000
60785  -30.427  -20.524  51.794 0.0000000000
59582  -31.224  -20.584  52.051 0.0000000000
56278  -37.986  -25.154  48.242 0.0000000000
56298  -37.193  -24.767  47.002 0.0000000000
60755  -31.936  -19.862  54.316 0.0000000000
60763  -30.887  -19.976  53.392 0.0000000000
61984  -38.270  -19.533  43.464 0.0000000000
160586  -38.319  -18.781  43.390 0.0000000000
69111  -40.987  -13.415  38.109 0.0000000000
48624  -17.990  -30.811  51.984 0.0000000000
150113  -17.691  -30.684  52.891 0.0000000000
48602  -17.220  -31.018  53.350 0.0000000000
56225  -39.442  -23.418  52.383 0.0000000000
56226  -40.197  -23.691  52.096 0.0000000000
59533  -35.697  -21.076  56.076 0.0000000000
59543  -35.402  -21.292  55.477 0.0000000000
58315  -36.123  -21.480  55.736 0.0000000000
56208  -39.650  -22.832  53.299 0.0000000000
56207  -38.914  -22.851  53.078 0.0000000000
139264  -38.964  -24.115  51.926 0.0000000000
59522  -36.075  -20.759  56.653 0.0000000000
75531  -50.899  -7.191  39.172 0.0000000000
76576  -51.544  -7.095  39.415 0.0000000000
158662  -53.857  -4.843  38.392 0.0000000000
148955  -53.207  -4.970  38.323 0.0000000000
138841  -53.747  -4.183  37.764 0.0000000000
78897  -54.549  -3.332  37.167 0.0000000000
137985  -43.129  -15.811  43.502 0.0000000000
66576  -45.668  -15.853  40.981 0.0000000000
65453  -44.238  -16.495  41.005 0.0000000000
66575  -44.839  -15.989  40.374 0.0000000000
66587  -43.993  -15.656  39.738 0.0000000000
150994  -24.294  -23.723  53.721 0.0000000000
138079  -24.131  -23.393  54.503 0.0000000000
88556  -58.891  5.206  30.712 0.0000000000
41498  -13.510  -36.727  64.660 0.0000000000
41475  -13.192  -36.666  65.382 0.0000000000
40166  -12.688  -37.305  65.473 0.0000000000
40180  -12.575  -37.861  64.926 0.0000000000
58515  -39.252  -22.391  44.609 0.0000000000
57304  -41.889  -23.324  48.343 0.0000000000
58456  -42.166  -22.843  48.964 0.0000000000
160792  -41.595  -18.234  47.516 0.0000000000
63035  -42.378  -18.035  47.957 0.0000000000
57297  -25.211  -23.571  48.419 0.0000000000
57298  -25.769  -22.908  47.881 0.0000000000
57253  -34.735  -22.284  51.370 0.0000000000
57265  -34.204  -21.997  50.819 0.0000000000
57266  -35.022  -22.479  50.383 0.0000000000
58421  -25.780  -21.762  50.296 0.0000000000
58404  -25.612  -21.410  51.013 0.0000000000
57280  -24.890  -23.557  49.548 0.0000000000
83187  -55.031  -0.802  31.085 0.0000000000
82060  -54.641  -1.659  34.956 0.0000000000
83152  -55.139  -0.790  35.597 0.0000000000
85334  -56.800  2.357  33.182 0.0000000000
86442  -57.480  2.822  33.157 0.0000000000
139186  -38.511  -16.303  40.671 0.0000000000
73476  -42.118  -9.376  37.893 0.0000000000
72409  -41.895  -10.275  36.480 0.0000000000
73477  -42.637  -9.036  37.340 0.0000000000
74528  -42.695  -8.865  38.154 0.0000000000
71273  -45.647  -11.533  41.162 0.0000000000
72364  -44.972  -11.090  40.875 0.0000000000
158214  -45.259  -10.659  41.501 0.0000000000
75494  -46.626  -8.092  42.187 0.0000000000
75505  -47.348  -7.959  41.396 0.0000000000
140395  -48.389  -7.669  41.734 0.0000000000
46353  -15.857  -32.461  56.305 0.0000000000
47486  -16.284  -31.981  57.392 0.0000000000
46352  -15.428  -33.206  56.742 0.0000000000
46336  -15.389  -33.333  57.448 0.0000000000
45253  -15.110  -33.690  56.433 0.0000000000
45252  -14.840  -34.096  56.081 0.0000000000
37668  -10.890  -39.887  59.691 0.0000000000
160776  -7.665  -43.169  62.468 0.0000000000
33719  -8.238  -42.468  62.706 0.0000000000
143543  -8.047  -42.306  63.122 0.0000000000
35022  -7.432  -42.631  63.037 0.0000000000
64265  -44.858  -16.588  43.138 0.0000000000
155105  -23.555  -27.246  50.235 0.0000000000
160918  -14.426  -35.815  62.451 0.0000000000
45176  -14.604  -34.698  63.132 0.0000000000
44028  -14.335  -35.971  63.126 0.0000000000
140106  -14.158  -36.065  63.916 0.0000000000
154954  -13.859  -36.890  62.587 0.0000000000
162660  -37.647  -24.510  45.657 0.0000000000
56330  -38.801  -24.447  46.476 0.0000000000
59618  -27.764  -20.627  50.448 0.0000000000
59619  -28.722  -20.618  50.701 0.0000000000
59621  -30.564  -20.705  50.803 0.0000000000
59640  -29.443  -20.693  49.709 0.0000000000
59641  -30.328  -20.735  49.860 0.0000000000
59660  -30.647  -20.596  48.906 0.0000000000
56248  -36.381  -24.004  49.590 0.0000000000
56261  -36.301  -24.288  48.680 0.0000000000
56296  -35.071  -24.624  46.664 0.0000000000
147474  -36.221  -25.167  45.615 0.0000000000
61855  -30.601  -18.879  55.475 0.0000000000
61844  -31.437  -18.702  56.325 0.0000000000
139872  -30.078  -18.663  56.317 0.0000000000
61863  -28.570  -19.268  54.578 0.0000000000
61864  -29.414  -19.115  54.674 0.0000000000
60783  -28.852  -20.307  51.830 0.0000000000
165537  -29.045  -19.928  52.497 0.0000000000
59599  -27.184  -20.542  51.176 0.0000000000
78914  -51.339  -3.937  34.467 0.0000000000
66583  -40.242  -15.807  38.466 0.0000000000
70269  -40.886  -12.334  37.999 0.0000000000
71299  -41.208  -11.511  38.235 0.0000000000
72380  -41.303  -10.756  37.966 0.0000000000
73390  -46.718  -9.003  44.532 0.0000000000
158855  -46.331  -9.004  44.093 0.0000000000
75463  -47.595  -7.608  44.276 0.0000000000
141941  -20.515  -29.026  53.919 0.0000000000
49673  -21.036  -28.762  54.447 0.0000000000
49671  -18.750  -29.839  54.329 0.0000000000
137977  -19.510  -29.442  54.784 0.0000000000
49658  -19.203  -29.440  55.417 0.0000000000
49645  -18.893  -29.427  56.101 0.0000000000
47582  -16.522  -31.545  53.929 0.0000000000
48563  -17.131  -31.041  55.273 0.0000000000
47559  -16.480  -31.571  54.911 0.0000000000
47532  -15.883  -32.261  55.451 0.0000000000
47558  -15.876  -32.100  54.495 0.0000000000
46382  -15.383  -32.701  54.004 0.0000000000
138520  -38.371  -25.086  49.677 0.0000000000
138964  -39.243  -24.943  49.023 0.0000000000
56241  -41.080  -24.075  51.161 0.0000000000
57268  -41.422  -24.046  50.336 0.0000000000
59552  -33.046  -20.360  54.655 0.0000000000
153308  -33.336  -20.839  54.188 0.0000000000
58350  -34.893  -21.953  54.021 0.0000000000
58349  -34.229  -21.762  53.591 0.0000000000
58369  -34.756  -22.164  53.344 0.0000000000
58388  -34.589  -22.237  52.729 0.0000000000
57225  -35.369  -22.351  52.905 0.0000000000
58333  -38.021  -22.034  55.560 0.0000000000
137842  -37.394  -21.967  55.491 0.0000000000
56205  -37.458  -22.700  52.640 0.0000000000
57240  -36.756  -22.615  52.477 0.0000000000
139263  -38.247  -24.808  50.713 0.0000000000
56263  -37.742  -25.081  49.091 0.0000000000
60734  -34.407  -20.397  56.163 0.0000000000
60745  -33.384  -20.290  55.291 0.0000000000
75540  -48.410  -7.437  38.295 0.0000000000
157737  -48.388  -7.320  37.336 0.0000000000
158102  -52.826  -6.421  38.953 0.0000000000
76586  -52.508  -6.222  38.669 0.0000000000
163165  -50.805  -5.012  36.865 0.0000000000
78893  -51.338  -4.430  36.806 0.0000000000
78894  -52.111  -3.837  36.795 0.0000000000
78905  -53.471  -3.168  35.953 0.0000000000
78904  -52.543  -3.402  35.853 0.0000000000
79973  -53.772  -3.026  35.008 0.0000000000
79984  -54.195  -2.794  34.053 0.0000000000
79964  -54.514  -2.776  36.482 0.0000000000
79975  -54.232  -2.603  35.379 0.0000000000
81018  -55.702  -1.568  36.927 0.0000000000
158762  -39.821  -17.092  44.470 0.0000000000
64261  -40.561  -16.379  44.046 0.0000000000
65396  -40.605  -15.968  43.171 0.0000000000
65416  -40.399  -16.015  42.244 0.0000000000
64280  -43.959  -16.636  42.232 0.0000000000
65434  -42.864  -16.560  41.474 0.0000000000
65450  -41.659  -16.296  40.646 0.0000000000
66573  -42.339  -16.193  39.908 0.0000000000
69098  -45.506  -13.610  40.227 0.0000000000
70253  -45.415  -12.719  40.402 0.0000000000
71283  -45.848  -12.262  40.952 0.0000000000
71262  -46.986  -11.781  42.721 0.0000000000
71250  -47.385  -11.418  43.394 0.0000000000
72344  -47.036  -11.073  42.855 0.0000000000
72313  -46.948  -9.996  43.935 0.0000000000
56187  -23.870  -24.136  55.136 0.0000000000
139234  -23.721  -24.647  55.707 0.0000000000
55146  -23.623  -25.279  56.008 0.0000000000
160355  -23.441  -26.574  54.514 0.0000000000
51935  -23.236  -27.551  50.844 0.0000000000
53017  -23.268  -27.332  51.804 0.0000000000
51924  -22.892  -27.802  51.576 0.0000000000
143707  -22.132  -28.368  52.007 0.0000000000
50794  -22.471  -27.976  52.300 0.0000000000
165040  -21.805  -28.476  52.415 0.0000000000
143354  -21.924  -28.162  53.018 0.0000000000
49703  -21.406  -28.666  52.827 0.0000000000
49702  -20.910  -29.224  52.042 0.0000000000
139425  -10.302  -38.852  66.451 0.0000000000
57387  -37.294  -23.870  43.223 0.0000000000
60877  -38.883  -21.039  43.963 0.0000000000
60890  -38.245  -20.482  43.453 0.0000000000
56301  -39.403  -24.654  47.437 0.0000000000
58469  -41.501  -23.317  47.567 0.0000000000
57321  -40.729  -23.620  46.980 0.0000000000
59677  -41.616  -21.745  47.328 0.0000000000
59692  -40.854  -21.725  46.141 0.0000000000
60852  -40.504  -20.971  46.255 0.0000000000
61955  -39.790  -19.409  46.059 0.0000000000
61970  -39.555  -18.784  45.484 0.0000000000
63073  -39.659  -17.865  45.053 0.0000000000
63059  -40.102  -18.005  45.889 0.0000000000
64220  -42.065  -17.147  46.745 0.0000000000
64234  -41.529  -16.940  46.032 0.0000000000
64235  -42.528  -16.489  45.774 0.0000000000
63037  -44.374  -17.319  48.370 0.0000000000
64208  -44.224  -16.867  47.553 0.0000000000
64236  -44.151  -16.097  45.748 0.0000000000
164320  -27.357  -21.337  48.135 0.0000000000
58466  -27.106  -21.807  47.581 0.0000000000
59604  -32.447  -21.248  52.054 0.0000000000
141790  -33.017  -21.038  49.811 0.0000000000
57299  -34.652  -22.407  48.674 0.0000000000
143447  -34.455  -22.961  47.654 0.0000000000
60739  -25.379  -20.420  55.655 0.0000000000
164940  -24.687  -21.468  54.596 0.0000000000
59549  -24.997  -20.991  54.380 0.0000000000
60751  -27.907  -19.576  54.063 0.0000000000
157920  -27.173  -19.751  54.651 0.0000000000
60760  -26.375  -20.145  53.106 0.0000000000
58403  -25.036  -22.196  51.496 0.0000000000
58368  -25.409  -21.271  52.518 0.0000000000
57238  -24.613  -23.067  51.957 0.0000000000
56235  -24.558  -24.577  51.060 0.0000000000
140367  -24.630  -23.822  50.949 0.0000000000
82078  -54.446  -2.407  33.461 0.0000000000
83170  -54.394  -1.347  33.426 0.0000000000
84261  -54.453  -0.220  33.130 0.0000000000
84253  -55.952  1.073  35.271 0.0000000000
83160  -55.465  0.179  35.509 0.0000000000
85326  -55.545  1.446  33.184 0.0000000000
84269  -54.795  0.729  32.654 0.0000000000
84275  -54.927  0.633  31.554 0.0000000000
85351  -56.225  1.678  30.550 0.0000000000
85360  -56.486  1.532  29.801 0.0000000000
86464  -56.812  2.178  30.149 0.0000000000
86465  -57.305  2.761  30.655 0.0000000000
87507  -57.739  3.257  32.263 0.0000000000
87519  -57.783  3.339  31.196 0.0000000000
87520  -58.340  3.888  31.697 0.0000000000
88546  -58.703  4.599  31.235 0.0000000000
88533  -58.853  4.554  32.150 0.0000000000
41588  -13.130  -37.040  57.761 0.0000000000
41570  -13.374  -37.227  58.487 0.0000000000
40278  -12.016  -38.084  57.672 0.0000000000
64279  -37.835  -17.491  42.482 0.0000000000
143299  -43.773  -8.531  36.654 0.0000000000
144515  -44.411  -8.177  36.810 0.0000000000
74547  -44.805  -7.949  37.359 0.0000000000
70260  -43.637  -13.169  39.447 0.0000000000
72363  -44.142  -10.696  40.669 0.0000000000
72362  -43.417  -10.209  40.273 0.0000000000
145015  -45.838  -9.112  43.062 0.0000000000
74472  -45.527  -8.836  42.400 0.0000000000
74485  -44.736  -8.794  41.027 0.0000000000
162036  -43.774  -8.703  39.796 0.0000000000
74514  -44.156  -8.335  39.513 0.0000000000
74515  -44.878  -8.146  39.886 0.0000000000
75526  -45.730  -7.799  39.386 0.0000000000
157597  -46.181  -7.616  38.789 0.0000000000
166179  -46.150  -7.591  38.221 0.0000000000
75506  -49.278  -7.495  41.116 0.0000000000
161787  -48.925  -7.591  40.415 0.0000000000
75518  -49.725  -7.449  40.250 0.0000000000
141575  -50.128  -7.286  40.761 0.0000000000
46325  -15.394  -33.378  58.187 0.0000000000
46316  -15.388  -33.419  58.972 0.0000000000
45222  -14.919  -34.106  58.501 0.0000000000
45212  -14.972  -34.247  59.272 0.0000000000
44060  -14.601  -34.655  58.164 0.0000000000
42840  -14.268  -35.671  58.282 0.0000000000
44068  -14.404  -35.030  57.928 0.0000000000
44083  -13.375  -35.488  55.533 0.0000000000
44075  -13.754  -35.453  56.358 0.0000000000
42862  -12.761  -36.118  55.252 0.0000000000
40265  -13.054  -37.802  58.879 0.0000000000
40253  -13.416  -37.343  60.102 0.0000000000
40252  -13.056  -37.801  59.671 0.0000000000
37652  -11.911  -39.598  61.112 0.0000000000
137935  -12.321  -38.982  60.727 0.0000000000
37634  -12.260  -39.262  61.615 0.0000000000
38932  -12.673  -38.751  62.006 0.0000000000
159628  -12.058  -39.632  62.058 0.0000000000
35050  -9.419  -41.702  61.114 0.0000000000
36340  -10.175  -41.153  63.070 0.0000000000
36346  -10.161  -41.174  62.461 0.0000000000
36341  -10.705  -40.738  63.408 0.0000000000
37605  -11.788  -39.914  63.394 0.0000000000
37604  -11.182  -40.167  63.747 0.0000000000
37593  -11.074  -39.873  64.443 0.0000000000
36333  -10.650  -40.418  64.068 0.0000000000
166182  -8.730  -40.725  64.530 0.0000000000
36322  -9.376  -40.563  64.678 0.0000000000
147769  -8.982  -40.188  65.004 0.0000000000
38869  -9.204  -39.545  65.570 0.0000000000
33710  -5.916  -43.423  62.497 0.0000000000
35020  -6.191  -42.972  62.809 0.0000000000
42781  -14.381  -35.977  61.714 0.0000000000
60795  -29.229  -20.556  51.197 0.0000000000
59601  -30.092  -20.612  51.257 0.0000000000
56277  -36.695  -24.677  48.310 0.0000000000
151100  -36.529  -24.690  47.527 0.0000000000
146636  -36.308  -24.727  46.827 0.0000000000
164792  -32.743  -19.484  55.969 0.0000000000
60731  -32.301  -19.331  55.624 0.0000000000
60742  -31.294  -19.358  54.813 0.0000000000
60753  -30.154  -19.494  54.009 0.0000000000
60774  -29.769  -20.257  52.188 0.0000000000
79982  -52.828  -3.555  34.017 0.0000000000
141796  -55.218  -3.301  32.331 0.0000000000
60889  -37.637  -20.869  42.834 0.0000000000
66596  -40.357  -15.687  37.668 0.0000000000
157896  -41.650  -12.107  38.788 0.0000000000
49700  -19.239  -29.876  52.514 0.0000000000
49684  -18.981  -29.824  53.460 0.0000000000
48582  -17.858  -30.385  54.731 0.0000000000
154814  -16.052  -32.325  52.558 0.0000000000
138521  -38.959  -24.618  51.282 0.0000000000
56252  -39.787  -24.660  50.886 0.0000000000
56240  -40.411  -24.222  51.446 0.0000000000
59542  -34.539  -21.051  55.175 0.0000000000
58351  -35.753  -22.023  54.358 0.0000000000
57210  -37.786  -22.366  54.341 0.0000000000
56194  -38.363  -22.543  53.713 0.0000000000
56206  -38.159  -22.816  52.847 0.0000000000
56223  -37.943  -23.190  52.066 0.0000000000
160184  -37.655  -23.595  51.502 0.0000000000
60735  -35.218  -20.561  56.431 0.0000000000
75550  -49.141  -7.267  37.865 0.0000000000
75542  -49.775  -7.210  38.405 0.0000000000
144635  -50.728  -6.786  38.168 0.0000000000
77733  -52.830  -5.705  38.539 0.0000000000
78895  -53.611  -3.503  36.942 0.0000000000
79956  -54.868  -3.145  37.324 0.0000000000
64262  -41.430  -16.089  44.272 0.0000000000
65418  -42.512  -16.146  42.485 0.0000000000
65436  -44.454  -16.643  41.664 0.0000000000
65435  -43.659  -16.627  41.580 0.0000000000
66574  -43.250  -16.266  40.071 0.0000000000
67869  -44.295  -14.676  39.459 0.0000000000
58314  -24.235  -21.906  55.981 0.0000000000
56193  -24.061  -24.471  54.278 0.0000000000
55169  -23.909  -25.437  54.295 0.0000000000
160373  -22.544  -28.496  50.590 0.0000000000
87531  -58.313  3.835  29.985 0.0000000000
88558  -58.546  4.178  29.375 0.0000000000
88563  -58.843  4.656  28.680 0.0000000000
40165  -11.504  -38.446  66.121 0.0000000000
57369  -38.176  -23.610  44.573 0.0000000000
58525  -38.052  -22.403  43.463 0.0000000000
59714  -39.383  -21.528  44.528 0.0000000000
57303  -41.269  -23.955  48.392 0.0000000000
143212  -41.484  -21.230  47.824 0.0000000000
60836  -41.530  -20.156  48.153 0.0000000000
60853  -40.745  -20.487  46.920 0.0000000000
154532  -40.775  -17.667  46.277 0.0000000000
64209  -45.165  -16.723  47.868 0.0000000000
59658  -28.998  -20.832  48.082 0.0000000000
58387  -33.830  -21.998  52.536 0.0000000000
150446  -32.782  -21.384  51.503 0.0000000000
146747  -33.437  -21.606  51.222 0.0000000000
58423  -33.661  -21.533  50.297 0.0000000000
58440  -33.859  -21.638  49.241 0.0000000000
57319  -34.674  -24.003  47.210 0.0000000000
148857  -26.337  -20.141  54.869 0.0000000000
59581  -26.640  -20.533  51.795 0.0000000000
59580  -26.102  -20.642  52.420 0.0000000000
58420  -25.197  -22.406  50.761 0.0000000000
57263  -24.819  -23.267  50.484 0.0000000000
56247  -24.604  -24.162  50.361 0.0000000000
56260  -24.851  -24.457  48.887 0.0000000000
81023  -54.572  -2.074  34.962 0.0000000000
82069  -54.406  -2.233  33.989 0.0000000000
85333  -56.129  1.921  32.603 0.0000000000
86441  -56.656  2.369  32.084 0.0000000000
41603  -11.929  -37.301  56.252 0.0000000000
41586  -11.604  -37.975  56.716 0.0000000000
65431  -38.421  -16.403  41.556 0.0000000000
155346  -37.767  -16.742  40.884 0.0000000000
74545  -43.222  -8.626  37.426 0.0000000000
71292  -44.659  -12.337  40.125 0.0000000000
71281  -44.612  -11.546  40.504 0.0000000000
74473  -46.145  -8.450  42.717 0.0000000000
75493  -45.863  -8.368  41.955 0.0000000000
75504  -45.732  -8.246  41.123 0.0000000000
75515  -45.698  -8.086  40.264 0.0000000000
154630  -46.612  -8.047  40.636 0.0000000000
138943  -48.300  -7.760  40.871 0.0000000000
47509  -16.916  -31.320  56.948 0.0000000000
47468  -16.702  -31.413  57.694 0.0000000000
140084  -14.514  -34.811  57.233 0.0000000000
45242  -14.780  -34.254  56.847 0.0000000000
140246  -14.058  -35.041  55.951 0.0000000000
44084  -13.729  -34.938  54.994 0.0000000000
38966  -11.487  -39.403  59.376 0.0000000000
38967  -12.205  -38.995  59.801 0.0000000000
37651  -11.433  -40.098  61.151 0.0000000000
33725  -8.383  -42.856  61.725 0.0000000000
35039  -9.462  -41.642  62.035 0.0000000000
35030  -8.759  -42.207  62.322 0.0000000000
146349  -9.007  -41.866  62.972 0.0000000000
35023  -9.604  -41.396  63.198 0.0000000000
36332  -9.702  -40.908  64.209 0.0000000000
35016  -9.208  -41.412  63.521 0.0000000000
35015  -8.462  -41.668  63.557 0.0000000000
147439  -37.524  -21.232  56.740 0.0000000000
57212  -39.695  -22.390  54.890 0.0000000000
76568  -52.032  -6.740  40.372 0.0000000000
139054  -52.211  -6.937  39.672 0.0000000000
76569  -52.699  -6.673  39.974 0.0000000000
76577  -52.795  -6.642  39.337 0.0000000000
76578  -53.268  -6.338  39.145 0.0000000000
78872  -54.028  -5.312  38.883 0.0000000000
156523  -54.349  -4.635  38.473 0.0000000000
78885  -54.693  -4.055  38.275 0.0000000000
158385  -44.459  -15.941  43.508 0.0000000000
64281  -44.564  -16.612  42.559 0.0000000000
65437  -45.120  -16.570  41.858 0.0000000000
66561  -45.529  -16.320  41.547 0.0000000000
67861  -45.867  -14.856  40.824 0.0000000000
138161  -24.488  -24.795  51.874 0.0000000000
55189  -24.300  -25.617  52.142 0.0000000000
54090  -24.075  -26.097  51.561 0.0000000000
53043  -23.531  -26.984  50.994 0.0000000000
41499  -13.837  -36.544  64.113 0.0000000000
40205  -13.255  -37.691  63.484 0.0000000000
150025  -26.389  -21.351  49.815 0.0000000000
58438  -26.262  -21.666  49.058 0.0000000000
59637  -26.909  -20.969  49.214 0.0000000000
139839  -28.207  -20.814  48.622 0.0000000000
139873  -28.696  -20.627  50.015 0.0000000000
59639  -28.807  -20.642  49.133 0.0000000000
138692  -30.082  -20.668  48.056 0.0000000000
59674  -30.706  -20.550  47.169 0.0000000000
57301  -35.817  -24.065  48.217 0.0000000000
61841  -28.579  -18.947  56.286 0.0000000000
61853  -28.624  -19.063  55.329 0.0000000000
60761  -28.562  -19.649  53.174 0.0000000000
60772  -27.012  -20.109  52.391 0.0000000000
59617  -26.517  -20.900  50.552 0.0000000000
77766  -50.198  -4.932  34.232 0.0000000000
83146  -56.075  -0.120  36.584 0.0000000000
83153  -55.750  -0.001  36.024 0.0000000000
84234  -56.362  0.746  36.250 0.0000000000
86435  -57.853  3.013  33.842 0.0000000000
65464  -39.152  -16.235  39.334 0.0000000000
72329  -45.972  -9.736  43.007 0.0000000000
73420  -46.165  -9.204  43.619 0.0000000000
74458  -46.154  -8.896  43.638 0.0000000000
74459  -46.400  -8.516  43.458 0.0000000000
75480  -47.660  -7.539  43.349 0.0000000000
142499  -48.446  -7.409  42.559 0.0000000000
49672  -20.391  -29.086  54.596 0.0000000000
138869  -20.766  -28.842  55.362 0.0000000000
48548  -17.521  -30.558  56.417 0.0000000000
48564  -17.685  -30.426  55.597 0.0000000000
47534  -17.049  -31.188  56.147 0.0000000000
46367  -15.097  -33.497  55.612 0.0000000000
32468  -7.200  -43.669  62.566 0.0000000000
56279  -38.878  -25.074  47.967 0.0000000000
56281  -40.036  -24.679  48.751 0.0000000000
56265  -40.683  -24.466  48.961 0.0000000000
56266  -41.362  -24.116  49.330 0.0000000000
159045  -40.973  -22.875  52.394 0.0000000000
60764  -31.741  -20.231  53.703 0.0000000000
59565  -32.190  -20.742  53.252 0.0000000000
59566  -32.983  -21.060  53.419 0.0000000000
58386  -33.092  -21.464  52.663 0.0000000000
59554  -34.192  -21.322  54.356 0.0000000000
59567  -33.659  -21.630  53.173 0.0000000000
164043  -34.426  -22.234  52.125 0.0000000000
58316  -36.813  -21.739  55.628 0.0000000000
58352  -36.452  -22.110  54.646 0.0000000000
57208  -36.423  -22.308  53.943 0.0000000000
139313  -37.165  -22.374  53.907 0.0000000000
57226  -36.176  -22.351  53.092 0.0000000000
57239  -36.035  -22.577  52.334 0.0000000000
148865  -35.972  -22.801  51.601 0.0000000000
56236  -36.382  -23.282  50.725 0.0000000000
56249  -36.961  -24.212  50.251 0.0000000000
56238  -37.586  -24.300  50.922 0.0000000000
61846  -33.251  -19.562  56.283 0.0000000000
60744  -32.774  -19.890  55.058 0.0000000000
60756  -32.501  -20.031  54.549 0.0000000000
75558  -47.142  -7.564  36.824 0.0000000000
75571  -46.733  -7.597  35.949 0.0000000000
162402  -47.823  -7.417  36.905 0.0000000000
75561  -48.918  -6.969  37.016 0.0000000000
162841  -48.386  -6.878  36.188 0.0000000000
138033  -51.176  -6.575  38.160 0.0000000000
76595  -51.292  -6.107  37.951 0.0000000000
77732  -52.055  -5.856  38.280 0.0000000000
77740  -50.662  -5.689  37.261 0.0000000000
77749  -50.195  -5.257  36.325 0.0000000000
77757  -50.001  -4.903  35.247 0.0000000000
79971  -52.167  -3.453  34.824 0.0000000000
164016  -54.335  -3.014  33.169 0.0000000000
78886  -55.089  -3.430  38.104 0.0000000000
163127  -55.728  -0.985  36.589 0.0000000000
63087  -38.615  -18.208  43.594 0.0000000000
65395  -39.152  -16.596  42.920 0.0000000000
65415  -39.303  -16.157  42.150 0.0000000000
143540  -39.978  -16.072  41.352 0.0000000000
144402  -43.272  -16.270  42.653 0.0000000000
141415  -42.455  -16.388  41.947 0.0000000000
66585  -42.029  -15.758  39.218 0.0000000000
66598  -41.615  -15.133  38.802 0.0000000000
67879  -42.067  -14.576  38.827 0.0000000000
69112  -42.038  -13.797  38.782 0.0000000000
69113  -42.967  -13.713  39.234 0.0000000000
69104  -44.399  -13.724  39.463 0.0000000000
70261  -44.379  -12.957  39.653 0.0000000000
72357  -45.987  -11.103  41.806 0.0000000000
67852  -46.204  -14.267  41.394 0.0000000000
69099  -45.901  -13.953  40.753 0.0000000000
70246  -46.250  -12.601  41.392 0.0000000000
70230  -46.919  -12.516  42.653 0.0000000000
71261  -46.582  -11.492  42.214 0.0000000000
72343  -46.300  -10.673  42.559 0.0000000000
73406  -47.183  -9.601  44.666 0.0000000000
138233  -24.057  -25.852  52.863 0.0000000000
54064  -23.724  -26.400  53.234 0.0000000000
52987  -23.308  -26.919  53.557 0.0000000000
50808  -22.535  -28.196  51.355 0.0000000000
51914  -22.849  -27.545  52.525 0.0000000000
51907  -23.019  -27.193  54.133 0.0000000000
50776  -22.506  -27.580  54.043 0.0000000000
50782  -21.767  -28.153  53.959 0.0000000000
49687  -21.132  -28.678  53.746 0.0000000000
49701  -20.078  -29.525  52.282 0.0000000000
89593  -58.842  5.818  30.114 0.0000000000
159255  -58.874  5.486  28.890 0.0000000000
145354  -39.416  -24.367  46.784 0.0000000000
58483  -39.885  -23.355  45.825 0.0000000000
58502  -40.357  -22.433  45.704 0.0000000000
145318  -41.742  -22.402  47.315 0.0000000000
143244  -40.952  -22.402  46.283 0.0000000000
60866  -39.872  -21.148  45.025 0.0000000000
165309  -39.668  -20.603  45.201 0.0000000000
155060  -39.098  -19.701  44.607 0.0000000000
64245  -41.436  -16.520  45.187 0.0000000000
64246  -42.841  -15.964  44.729 0.0000000000
64248  -44.336  -15.838  44.603 0.0000000000
59583  -31.915  -20.862  52.453 0.0000000000
59603  -31.653  -20.890  51.718 0.0000000000
59622  -31.363  -20.866  51.043 0.0000000000
59643  -31.969  -20.942  50.352 0.0000000000
59642  -31.314  -20.685  49.607 0.0000000000
59661  -31.565  -20.591  48.679 0.0000000000
153878  -31.645  -20.586  47.739 0.0000000000
58468  -33.727  -22.338  47.226 0.0000000000
58454  -33.231  -21.410  47.739 0.0000000000
59676  -32.461  -20.942  47.274 0.0000000000
59531  -24.755  -20.819  56.214 0.0000000000
57207  -24.404  -22.633  53.821 0.0000000000
61852  -27.794  -19.288  55.850 0.0000000000
59550  -25.800  -20.512  53.982 0.0000000000
59563  -25.557  -20.814  53.097 0.0000000000
59562  -25.123  -21.082  53.698 0.0000000000
58367  -24.795  -21.715  53.134 0.0000000000
57224  -24.494  -23.064  52.903 0.0000000000
56220  -24.505  -24.050  52.391 0.0000000000
55201  -24.375  -25.397  51.251 0.0000000000
55224  -24.554  -25.268  49.299 0.0000000000
81036  -54.768  -2.937  32.712 0.0000000000
83186  -54.667  -0.903  31.674 0.0000000000
84274  -54.810  -0.195  31.207 0.0000000000
83209  -55.792  0.059  29.965 0.0000000000
85350  -55.520  1.224  30.965 0.0000000000
87530  -57.833  3.332  30.241 0.0000000000
88547  -59.225  5.353  31.748 0.0000000000
42828  -14.170  -35.938  59.017 0.0000000000
41556  -13.998  -36.364  59.603 0.0000000000
41571  -13.698  -36.778  58.722 0.0000000000
40264  -12.442  -38.279  58.516 0.0000000000
40263  -11.658  -38.676  58.079 0.0000000000
38981  -11.183  -39.237  58.457 0.0000000000
63086  -38.032  -18.168  43.025 0.0000000000
63106  -37.203  -18.335  42.354 0.0000000000
149013  -38.657  -16.333  39.916 0.0000000000
71301  -42.402  -11.873  39.376 0.0000000000
152962  -43.117  -11.658  39.822 0.0000000000
71290  -42.322  -10.918  39.444 0.0000000000
72371  -42.364  -10.082  39.397 0.0000000000
73444  -45.029  -9.865  41.849 0.0000000000
152392  -44.424  -9.197  40.944 0.0000000000
73450  -43.506  -9.192  40.023 0.0000000000
73465  -42.896  -8.920  38.901 0.0000000000
74530  -44.097  -8.175  38.678 0.0000000000
141971  -44.816  -7.856  38.156 0.0000000000
75549  -46.590  -7.591  37.597 0.0000000000
138517  -48.475  -7.514  39.159 0.0000000000
75519  -50.723  -7.279  39.974 0.0000000000
166194  -49.090  -7.078  42.661 0.0000000000
148811  -14.887  -34.676  59.943 0.0000000000
156784  -15.339  -33.512  59.684 0.0000000000
44051  -14.452  -35.478  59.180 0.0000000000
42839  -14.037  -36.061  57.872 0.0000000000
42838  -13.486  -36.385  57.400 0.0000000000
42851  -13.862  -35.739  57.107 0.0000000000
41604  -12.653  -36.745  56.811 0.0000000000
45261  -14.660  -33.899  55.306 0.0000000000
41555  -13.722  -36.821  59.814 0.0000000000
41544  -13.657  -37.028  60.544 0.0000000000
41534  -13.587  -37.279  61.270 0.0000000000
38968  -12.679  -38.387  60.117 0.0000000000
38950  -12.944  -38.069  60.989 0.0000000000
40228  -13.306  -37.699  61.359 0.0000000000
41525  -13.558  -37.379  62.660 0.0000000000
38904  -13.001  -38.343  63.069 0.0000000000
161584  -12.815  -38.337  63.645 0.0000000000
36361  -10.048  -41.086  60.781 0.0000000000
36362  -10.758  -40.630  61.399 0.0000000000
36352  -10.753  -40.794  62.196 0.0000000000
37632  -11.334  -40.342  61.936 0.0000000000
37619  -11.809  -39.997  62.521 0.0000000000
38902  -12.141  -39.331  63.760 0.0000000000
151943  -12.438  -38.723  64.052 0.0000000000
38871  -11.768  -38.849  65.056 0.0000000000
145169  -11.386  -39.157  65.394 0.0000000000
38870  -10.909  -39.427  65.697 0.0000000000
36323  -10.097  -40.393  64.782 0.0000000000
37583  -10.519  -39.916  65.257 0.0000000000
38857  -10.519  -39.354  66.073 0.0000000000
38856  -9.938  -39.475  66.011 0.0000000000
32467  -6.665  -43.983  62.622 0.0000000000
32466  -6.299  -44.009  62.560 0.0000000000
33713  -7.026  -43.352  62.820 0.0000000000
35021  -6.814  -42.860  62.989 0.0000000000
35013  -7.233  -42.266  63.304 0.0000000000
36329  -7.410  -41.570  63.644 0.0000000000
33712  -6.446  -43.551  62.730 0.0000000000
36347  -10.770  -40.877  62.808 0.0000000000
37576  -10.368  -39.671  65.717 0.0000000000
37585  -11.450  -39.373  64.785 0.0000000000
37592  -10.637  -40.149  64.688 0.0000000000
37606  -12.281  -39.459  63.034 0.0000000000
37618  -11.283  -40.459  63.066 0.0000000000
37620  -12.309  -39.359  62.332 0.0000000000
38858  -11.334  -38.936  65.919 0.0000000000
38872  -12.063  -38.370  65.192 0.0000000000
38886  -11.928  -39.087  64.452 0.0000000000
38887  -12.240  -38.507  64.684 0.0000000000
38903  -12.591  -38.867  63.390 0.0000000000
38918  -13.036  -38.278  62.365 0.0000000000
38933  -13.033  -38.155  61.677 0.0000000000
40164  -10.872  -38.440  66.588 0.0000000000
40181  -13.030  -37.204  64.936 0.0000000000
40193  -13.135  -37.423  64.348 0.0000000000
40216  -13.410  -37.679  61.990 0.0000000000
40240  -13.367  -37.508  60.808 0.0000000000
40251  -12.637  -38.383  59.317 0.0000000000
41510  -13.581  -37.018  63.872 0.0000000000
41511  -13.971  -36.609  63.358 0.0000000000
41535  -13.893  -36.768  61.022 0.0000000000
41545  -13.930  -36.561  60.198 0.0000000000
41572  -13.854  -36.545  59.167 0.0000000000
41589  -13.684  -36.662  58.145 0.0000000000
42751  -13.877  -36.072  64.673 0.0000000000
42790  -14.231  -36.308  61.035 0.0000000000
42803  -14.138  -36.353  60.457 0.0000000000
42814  -14.246  -36.034  59.779 0.0000000000
44018  -14.417  -35.407  63.590 0.0000000000
44019  -14.562  -35.328  62.783 0.0000000000
44041  -14.600  -35.333  60.467 0.0000000000
44059  -14.428  -35.302  58.561 0.0000000000
44077  -14.532  -34.637  56.460 0.0000000000
45233  -14.943  -33.985  57.801 0.0000000000
46337  -15.831  -32.616  57.067 0.0000000000
49659  -20.186  -29.120  55.101 0.0000000000
49661  -21.401  -28.564  54.780 0.0000000000
51900  -22.722  -27.395  54.571 0.0000000000
51906  -22.863  -27.337  53.398 0.0000000000
52970  -23.304  -26.826  54.336 0.0000000000
53002  -23.538  -26.717  52.806 0.0000000000
53044  -23.806  -26.453  51.029 0.0000000000
54039  -23.472  -26.335  54.903 0.0000000000
54077  -23.915  -26.274  52.444 0.0000000000
55158  -23.747  -25.150  55.078 0.0000000000
55180  -23.972  -25.814  53.616 0.0000000000
57281  -25.571  -22.570  48.957 0.0000000000
58332  -36.888  -22.075  55.134 0.0000000000
60732  -33.043  -19.838  55.660 0.0000000000
60746  -34.064  -20.609  55.570 0.0000000000
60773  -28.096  -19.979  52.446 0.0000000000
69090  -46.240  -13.417  41.339 0.0000000000
73391  -47.258  -8.943  45.057 0.0000000000
73421  -46.410  -9.654  43.610 0.0000000000
75527  -46.650  -7.661  39.242 0.0000000000
75543  -50.493  -7.064  38.565 0.0000000000
138484  -30.787  -18.686  56.057 0.0000000000
138536  -24.256  -25.045  52.813 0.0000000000
138931  -23.563  -25.896  55.373 0.0000000000
140719  -23.594  -26.523  53.971 0.0000000000
141679  -27.497  -20.974  48.617 0.0000000000
144016  -11.707  -38.551  65.637 0.0000000000
146614  -13.810  -37.027  61.969 0.0000000000
148530  -13.292  -37.871  62.722 0.0000000000
149107  -14.721  -35.012  59.357 0.0000000000
149295  -15.456  -32.928  60.179 0.0000000000
153882  -10.426  -38.179  66.808 0.0000000000
155237  -10.920  -39.014  66.226 0.0000000000
157788  -10.273  -40.605  64.314 0.0000000000
157976  -24.247  -24.353  53.700 0.0000000000
159062  -23.655  -25.849  54.807 0.0000000000
160482  -14.192  -36.367  62.525 0.0000000000
160602  -21.528  -28.403  53.607 0.0000000000
160943  -12.749  -38.336  60.746 0.0000000000
164696  -17.608  -30.664  53.342 0.0000000000
165098  -25.880  -20.315  55.333 0.0000000000
165736  -15.136  -34.061  59.805 0.0000000000
