#!ascii label  , from subject sub-LJ001 vox2ras=TkReg
1210
36365  -20.554  -41.422  60.490 0.0000000000
56166  -49.802  -25.216  58.220 0.0000000000
60778  -55.526  -20.892  52.321 0.0000000000
65358  -61.102  -16.794  48.139 0.0000000000
52907  -44.455  -27.771  58.436 0.0000000000
60802  -59.771  -21.320  49.984 0.0000000000
74445  -57.560  -8.386  44.312 0.0000000000
79900  -61.877  -2.702  43.360 0.0000000000
50754  -52.619  -29.819  57.005 0.0000000000
51912  -55.512  -27.562  53.746 0.0000000000
58325  -52.844  -23.744  55.582 0.0000000000
37579  -18.699  -40.452  66.344 0.0000000000
43984  -20.496  -35.105  66.959 0.0000000000
158659  -25.270  -31.262  67.014 0.0000000000
53888  -30.191  -26.997  64.940 0.0000000000
140156  -36.193  -26.289  64.003 0.0000000000
52827  -42.299  -27.275  63.231 0.0000000000
148886  -47.135  -29.790  59.949 0.0000000000
55236  -58.468  -25.290  49.013 0.0000000000
80962  -63.922  -2.032  41.798 0.0000000000
52911  -50.860  -27.517  57.791 0.0000000000
54025  -53.293  -26.268  56.751 0.0000000000
57166  -51.165  -24.469  57.054 0.0000000000
41512  -19.341  -37.990  64.174 0.0000000000
41466  -19.029  -37.319  66.925 0.0000000000
156360  -37.590  -26.703  60.715 0.0000000000
55017  -39.134  -26.444  63.838 0.0000000000
53956  -40.469  -26.488  61.453 0.0000000000
54009  -47.247  -26.375  58.128 0.0000000000
53959  -46.548  -26.543  61.066 0.0000000000
52880  -49.133  -26.690  59.597 0.0000000000
50741  -49.150  -29.754  58.240 0.0000000000
139543  -56.280  -25.350  53.286 0.0000000000
53060  -56.881  -26.323  51.388 0.0000000000
140310  -58.706  -24.163  51.529 0.0000000000
61926  -61.417  -19.889  47.859 0.0000000000
58475  -62.822  -22.153  47.821 0.0000000000
61965  -63.295  -19.501  45.428 0.0000000000
65387  -62.505  -16.627  44.344 0.0000000000
77611  -59.178  -6.130  47.762 0.0000000000
73345  -57.437  -9.157  48.140 0.0000000000
52904  -41.290  -27.982  58.617 0.0000000000
64240  -58.543  -18.028  45.539 0.0000000000
76527  -59.593  -5.966  43.922 0.0000000000
78778  -61.618  -4.835  45.983 0.0000000000
77720  -63.928  -5.631  40.485 0.0000000000
49692  -51.205  -30.289  54.111 0.0000000000
50771  -54.123  -28.895  55.570 0.0000000000
55156  -55.025  -25.861  55.393 0.0000000000
36343  -20.208  -41.536  63.808 0.0000000000
151698  -23.115  -35.771  66.386 0.0000000000
46250  -23.085  -33.566  66.748 0.0000000000
43989  -25.133  -35.747  67.077 0.0000000000
153154  -26.830  -32.927  67.166 0.0000000000
48429  -28.237  -31.402  66.168 0.0000000000
50606  -30.932  -28.682  66.305 0.0000000000
55029  -33.083  -25.846  63.676 0.0000000000
51797  -36.994  -28.352  64.222 0.0000000000
55082  -43.755  -26.146  61.627 0.0000000000
50672  -44.902  -29.069  61.829 0.0000000000
48498  -45.032  -31.428  60.732 0.0000000000
47464  -47.683  -32.033  58.542 0.0000000000
47523  -50.411  -32.272  56.620 0.0000000000
56245  -60.783  -23.845  50.151 0.0000000000
70172  -56.476  -12.396  46.578 0.0000000000
68962  -60.648  -14.374  48.041 0.0000000000
35042  -19.373  -42.352  61.608 0.0000000000
53998  -50.514  -25.806  58.541 0.0000000000
55131  -51.417  -25.211  57.660 0.0000000000
158411  -50.503  -24.896  57.536 0.0000000000
138015  -37.903  -27.284  59.194 0.0000000000
53955  -39.071  -26.703  61.197 0.0000000000
52886  -39.318  -27.540  59.475 0.0000000000
55129  -48.635  -25.442  58.565 0.0000000000
55102  -48.105  -25.951  59.915 0.0000000000
55116  -49.461  -25.753  59.221 0.0000000000
52894  -49.758  -26.853  58.962 0.0000000000
56216  -56.898  -24.894  52.521 0.0000000000
58394  -57.415  -22.280  52.078 0.0000000000
63031  -61.374  -18.421  47.823 0.0000000000
61929  -63.190  -19.460  47.518 0.0000000000
64218  -63.142  -18.070  47.052 0.0000000000
63069  -63.228  -18.186  45.006 0.0000000000
65367  -62.598  -16.520  46.765 0.0000000000
75444  -60.453  -7.468  46.659 0.0000000000
74399  -59.448  -7.916  48.060 0.0000000000
156533  -59.687  -8.845  45.481 0.0000000000
148647  -60.212  -5.901  42.510 0.0000000000
78811  -60.426  -4.344  44.497 0.0000000000
79855  -60.236  -4.374  45.817 0.0000000000
79868  -61.309  -3.842  45.296 0.0000000000
78812  -62.715  -4.767  44.354 0.0000000000
80939  -62.705  -3.080  43.708 0.0000000000
79928  -63.852  -3.512  41.010 0.0000000000
48594  -52.039  -31.098  55.420 0.0000000000
49678  -53.143  -29.803  55.132 0.0000000000
49642  -53.417  -29.162  56.395 0.0000000000
56182  -53.284  -24.779  56.269 0.0000000000
165291  -53.994  -26.377  56.491 0.0000000000
57184  -53.552  -24.358  55.638 0.0000000000
57202  -54.216  -24.035  54.548 0.0000000000
58341  -53.709  -23.590  54.548 0.0000000000
37608  -20.628  -40.838  63.958 0.0000000000
37587  -19.910  -39.995  65.574 0.0000000000
42727  -19.406  -36.609  66.886 0.0000000000
161713  -24.479  -31.974  66.243 0.0000000000
48420  -24.221  -32.501  66.523 0.0000000000
149841  -24.106  -34.170  67.146 0.0000000000
160441  -24.948  -33.109  67.185 0.0000000000
45135  -26.048  -34.240  67.123 0.0000000000
47392  -26.078  -32.073  67.393 0.0000000000
51761  -29.050  -28.701  66.206 0.0000000000
146625  -29.883  -29.408  66.101 0.0000000000
52795  -30.599  -27.551  66.315 0.0000000000
166070  -35.020  -25.693  62.004 0.0000000000
138701  -33.868  -25.572  62.127 0.0000000000
55012  -34.507  -26.032  64.296 0.0000000000
155107  -33.433  -26.597  65.419 0.0000000000
53893  -35.226  -26.653  65.023 0.0000000000
153518  -35.364  -27.742  65.119 0.0000000000
53906  -36.786  -26.708  64.518 0.0000000000
53911  -40.742  -26.813  63.706 0.0000000000
51801  -40.081  -27.772  64.362 0.0000000000
50643  -41.189  -28.964  63.560 0.0000000000
50656  -42.542  -29.276  62.779 0.0000000000
53990  -42.246  -27.162  60.073 0.0000000000
53992  -43.911  -26.843  59.963 0.0000000000
51832  -46.914  -27.812  61.103 0.0000000000
52854  -45.612  -27.428  61.676 0.0000000000
50687  -46.323  -28.804  61.092 0.0000000000
49584  -45.213  -30.115  61.116 0.0000000000
49600  -46.579  -30.421  60.285 0.0000000000
49613  -47.341  -30.618  59.564 0.0000000000
49629  -51.250  -30.170  57.516 0.0000000000
48527  -50.256  -31.316  57.601 0.0000000000
47524  -51.246  -31.785  56.745 0.0000000000
48593  -51.278  -31.549  55.042 0.0000000000
38873  -18.167  -39.817  65.684 0.0000000000
36320  -18.189  -41.232  66.338 0.0000000000
35019  -18.801  -42.058  65.468 0.0000000000
51920  -54.474  -27.996  53.285 0.0000000000
145834  -55.031  -27.276  51.996 0.0000000000
54140  -57.903  -25.644  49.942 0.0000000000
60791  -59.139  -20.982  50.634 0.0000000000
58412  -59.667  -21.967  51.231 0.0000000000
59612  -60.833  -22.231  50.349 0.0000000000
159419  -62.019  -22.687  45.951 0.0000000000
56343  -61.659  -23.524  47.178 0.0000000000
72253  -58.221  -10.078  48.320 0.0000000000
158027  -56.656  -11.189  47.225 0.0000000000
71189  -58.187  -11.708  48.143 0.0000000000
68980  -58.638  -13.291  48.192 0.0000000000
70142  -60.049  -13.198  47.690 0.0000000000
69039  -61.679  -14.577  45.766 0.0000000000
149665  -61.814  -3.376  41.520 0.0000000000
81987  -62.847  -2.043  43.202 0.0000000000
143377  -62.728  -1.145  41.487 0.0000000000
84179  -64.125  0.010  40.836 0.0000000000
51878  -52.054  -28.791  57.329 0.0000000000
51880  -53.361  -28.633  57.024 0.0000000000
142686  -52.148  -26.975  57.284 0.0000000000
163999  -52.407  -24.963  57.013 0.0000000000
57182  -52.375  -23.996  56.192 0.0000000000
38874  -18.608  -38.942  65.683 0.0000000000
38854  -18.944  -38.594  66.775 0.0000000000
45153  -19.997  -34.788  66.662 0.0000000000
55056  -36.398  -25.991  62.463 0.0000000000
55034  -37.802  -26.306  63.603 0.0000000000
138873  -38.029  -26.234  62.123 0.0000000000
55059  -39.960  -26.009  62.907 0.0000000000
55061  -41.737  -26.077  62.655 0.0000000000
54007  -45.851  -26.836  58.774 0.0000000000
53994  -45.579  -26.401  59.656 0.0000000000
55113  -46.877  -25.769  59.945 0.0000000000
52868  -47.784  -26.575  60.501 0.0000000000
51845  -48.105  -28.044  60.055 0.0000000000
148165  -48.431  -29.991  58.723 0.0000000000
51856  -49.078  -28.177  58.763 0.0000000000
51867  -50.211  -28.457  57.761 0.0000000000
147295  -18.936  -38.813  63.884 0.0000000000
52984  -56.279  -26.436  53.576 0.0000000000
53014  -56.142  -26.960  52.745 0.0000000000
54073  -56.762  -26.049  52.862 0.0000000000
55197  -58.014  -25.328  51.526 0.0000000000
54120  -58.746  -25.248  50.633 0.0000000000
60814  -60.797  -21.415  48.981 0.0000000000
59633  -61.726  -21.990  49.341 0.0000000000
60817  -62.620  -20.866  48.298 0.0000000000
59699  -63.398  -20.956  46.988 0.0000000000
76497  -58.020  -7.031  46.584 0.0000000000
149538  -57.010  -8.638  46.011 0.0000000000
75422  -58.034  -7.826  48.600 0.0000000000
74385  -58.649  -8.671  48.594 0.0000000000
55153  -48.549  -25.582  56.906 0.0000000000
54022  -47.533  -26.479  57.290 0.0000000000
139613  -56.878  -20.584  52.048 0.0000000000
60828  -58.725  -20.861  48.066 0.0000000000
60847  -59.987  -20.595  47.599 0.0000000000
63045  -60.209  -18.574  47.041 0.0000000000
64215  -60.055  -17.422  47.377 0.0000000000
75466  -58.574  -7.268  44.096 0.0000000000
78793  -59.249  -5.398  46.415 0.0000000000
77631  -60.538  -5.668  46.954 0.0000000000
75446  -61.865  -6.918  45.123 0.0000000000
79902  -63.430  -3.604  42.723 0.0000000000
149419  -63.644  -5.431  41.768 0.0000000000
50788  -52.262  -29.362  53.776 0.0000000000
50789  -53.542  -28.887  53.904 0.0000000000
50780  -54.674  -28.344  54.470 0.0000000000
52932  -54.182  -27.746  56.565 0.0000000000
140079  -55.146  -27.249  55.547 0.0000000000
52968  -55.662  -26.905  54.670 0.0000000000
55166  -55.549  -25.680  54.572 0.0000000000
57219  -54.726  -23.836  53.817 0.0000000000
56189  -49.921  -24.329  55.853 0.0000000000
57198  -51.039  -23.759  55.554 0.0000000000
58375  -52.751  -22.516  53.865 0.0000000000
35043  -20.067  -41.825  61.961 0.0000000000
36350  -20.974  -40.768  62.589 0.0000000000
41479  -24.062  -36.409  66.356 0.0000000000
46270  -21.122  -33.846  65.066 0.0000000000
46258  -20.613  -34.233  66.520 0.0000000000
46248  -21.528  -33.887  66.878 0.0000000000
42731  -23.839  -36.069  66.954 0.0000000000
45149  -27.766  -34.801  66.339 0.0000000000
46260  -28.108  -33.375  65.829 0.0000000000
164107  -30.728  -26.707  62.530 0.0000000000
55051  -32.211  -25.893  62.179 0.0000000000
147190  -31.395  -26.433  64.185 0.0000000000
53873  -31.905  -27.187  65.983 0.0000000000
51774  -32.415  -28.277  65.832 0.0000000000
52816  -38.225  -27.228  64.640 0.0000000000
161519  -40.659  -27.506  59.944 0.0000000000
53958  -42.153  -26.257  61.482 0.0000000000
55040  -42.993  -26.401  62.343 0.0000000000
55084  -45.187  -25.984  61.226 0.0000000000
52839  -44.335  -27.221  62.303 0.0000000000
51812  -43.910  -28.337  62.553 0.0000000000
159949  -44.139  -29.650  61.932 0.0000000000
148779  -44.495  -31.118  61.218 0.0000000000
46343  -48.080  -32.465  57.237 0.0000000000
49626  -48.720  -30.860  58.366 0.0000000000
47501  -48.938  -32.288  57.497 0.0000000000
46375  -48.667  -32.656  55.541 0.0000000000
47574  -49.251  -32.375  54.561 0.0000000000
35027  -19.599  -42.126  63.566 0.0000000000
58395  -58.314  -22.483  51.826 0.0000000000
56232  -59.448  -24.053  51.155 0.0000000000
55221  -59.724  -24.695  49.954 0.0000000000
57289  -62.004  -22.899  48.978 0.0000000000
56285  -60.633  -24.250  48.162 0.0000000000
55281  -59.096  -24.715  48.077 0.0000000000
66515  -58.418  -16.040  45.849 0.0000000000
65365  -59.161  -16.134  47.307 0.0000000000
72304  -56.412  -9.896  46.394 0.0000000000
71228  -55.720  -11.579  45.755 0.0000000000
69020  -57.478  -13.549  46.731 0.0000000000
67784  -58.605  -14.494  47.821 0.0000000000
66488  -61.069  -15.699  48.244 0.0000000000
67798  -62.209  -15.344  46.473 0.0000000000
36364  -19.846  -41.928  60.094 0.0000000000
56161  -49.879  -25.451  58.645 0.0000000000
56167  -50.384  -25.190  58.039 0.0000000000
56173  -49.962  -24.871  57.341 0.0000000000
54004  -37.380  -27.216  58.476 0.0000000000
53987  -38.509  -27.270  59.770 0.0000000000
156952  -38.601  -27.503  59.113 0.0000000000
56165  -48.851  -25.278  58.605 0.0000000000
56160  -49.307  -25.490  58.976 0.0000000000
55117  -50.202  -25.909  58.821 0.0000000000
58377  -55.705  -22.104  52.681 0.0000000000
57246  -56.690  -23.051  52.258 0.0000000000
58393  -56.549  -22.132  52.350 0.0000000000
64203  -61.552  -17.658  48.001 0.0000000000
64193  -62.210  -17.891  47.869 0.0000000000
65352  -61.989  -17.223  47.899 0.0000000000
138969  -62.732  -17.330  47.141 0.0000000000
65359  -61.969  -16.507  47.717 0.0000000000
74423  -60.779  -7.671  45.774 0.0000000000
74422  -59.985  -8.110  46.342 0.0000000000
148061  -61.538  -3.398  42.931 0.0000000000
152876  -60.908  -3.791  43.981 0.0000000000
79883  -60.836  -3.733  44.800 0.0000000000
80937  -61.823  -3.007  44.191 0.0000000000
79884  -62.234  -3.460  44.475 0.0000000000
80938  -62.183  -2.898  44.083 0.0000000000
48576  -52.569  -30.388  56.334 0.0000000000
49641  -52.889  -29.504  56.662 0.0000000000
57183  -52.870  -24.086  56.123 0.0000000000
57200  -53.248  -23.839  55.300 0.0000000000
57201  -53.798  -24.033  55.081 0.0000000000
58340  -53.236  -23.472  54.812 0.0000000000
37586  -19.374  -40.669  66.018 0.0000000000
37580  -19.242  -39.981  66.100 0.0000000000
151787  -19.925  -35.918  66.944 0.0000000000
42728  -20.091  -36.414  66.789 0.0000000000
49507  -25.166  -31.266  66.623 0.0000000000
48421  -24.801  -31.760  66.798 0.0000000000
47391  -24.657  -32.518  67.015 0.0000000000
47381  -25.479  -32.628  67.175 0.0000000000
139525  -25.391  -31.983  67.083 0.0000000000
52812  -29.475  -27.575  65.231 0.0000000000
51773  -28.850  -28.397  65.983 0.0000000000
52803  -29.538  -27.787  65.983 0.0000000000
51762  -29.781  -28.539  66.485 0.0000000000
53878  -30.072  -27.181  65.741 0.0000000000
55055  -35.502  -25.832  62.701 0.0000000000
55054  -34.640  -25.649  62.488 0.0000000000
55013  -35.361  -26.177  64.155 0.0000000000
55001  -34.949  -26.349  64.749 0.0000000000
53894  -36.079  -26.764  64.812 0.0000000000
53912  -41.596  -27.058  63.526 0.0000000000
52825  -41.078  -27.562  63.804 0.0000000000
51803  -42.020  -28.367  63.320 0.0000000000
149583  -41.843  -28.940  63.166 0.0000000000
51810  -42.545  -28.651  62.967 0.0000000000
52890  -43.383  -27.525  59.452 0.0000000000
52891  -44.197  -27.367  59.252 0.0000000000
50688  -47.036  -28.566  60.779 0.0000000000
50707  -46.768  -29.344  60.542 0.0000000000
142489  -46.157  -29.603  60.767 0.0000000000
48512  -46.899  -31.384  59.665 0.0000000000
49640  -51.983  -30.226  57.348 0.0000000000
48528  -51.250  -30.953  57.388 0.0000000000
48544  -52.089  -30.727  57.135 0.0000000000
48575  -52.155  -31.130  56.158 0.0000000000
38859  -18.242  -39.908  66.249 0.0000000000
37577  -17.825  -40.639  66.055 0.0000000000
37578  -18.133  -40.575  66.292 0.0000000000
36321  -18.800  -41.215  66.225 0.0000000000
51921  -55.132  -27.724  53.333 0.0000000000
51930  -54.631  -27.664  52.608 0.0000000000
160214  -55.738  -27.381  53.179 0.0000000000
54158  -57.949  -25.515  49.432 0.0000000000
54157  -57.217  -25.546  49.310 0.0000000000
55256  -57.862  -25.250  48.703 0.0000000000
155621  -58.575  -25.015  48.562 0.0000000000
61901  -58.896  -20.732  50.562 0.0000000000
59611  -60.255  -21.892  50.653 0.0000000000
60792  -60.145  -21.638  50.276 0.0000000000
74444  -56.999  -8.917  44.566 0.0000000000
71190  -58.899  -11.395  47.426 0.0000000000
71174  -58.174  -10.952  48.158 0.0000000000
70128  -59.181  -12.708  48.147 0.0000000000
52929  -51.661  -27.773  57.392 0.0000000000
54023  -51.333  -26.791  57.702 0.0000000000
56174  -51.315  -24.683  57.370 0.0000000000
56175  -52.024  -24.628  57.115 0.0000000000
57168  -52.291  -24.253  56.570 0.0000000000
57181  -51.846  -24.095  56.367 0.0000000000
40194  -18.872  -38.483  64.890 0.0000000000
154106  -19.836  -34.997  66.050 0.0000000000
159682  -37.088  -26.755  60.166 0.0000000000
55095  -36.833  -26.437  60.790 0.0000000000
55094  -36.082  -26.077  60.779 0.0000000000
55076  -36.596  -26.116  61.579 0.0000000000
138896  -37.232  -26.143  62.306 0.0000000000
53953  -37.394  -26.367  61.483 0.0000000000
155838  -39.775  -26.506  61.496 0.0000000000
155555  -39.415  -26.359  61.852 0.0000000000
55078  -40.098  -26.180  62.198 0.0000000000
55060  -40.694  -25.839  62.790 0.0000000000
55079  -40.979  -26.121  62.160 0.0000000000
54008  -46.637  -26.610  58.484 0.0000000000
53995  -46.430  -26.117  59.447 0.0000000000
55127  -47.327  -26.053  59.047 0.0000000000
53978  -48.338  -26.183  60.056 0.0000000000
53977  -47.771  -26.124  60.371 0.0000000000
141982  -48.492  -26.616  60.061 0.0000000000
52879  -48.039  -27.267  60.375 0.0000000000
52892  -48.626  -27.322  59.871 0.0000000000
51855  -48.597  -28.097  59.392 0.0000000000
52893  -49.154  -27.443  59.268 0.0000000000
54010  -50.539  -26.615  58.352 0.0000000000
52910  -50.102  -27.576  58.166 0.0000000000
166089  -50.527  -27.980  57.745 0.0000000000
51868  -51.057  -28.498  57.528 0.0000000000
38889  -18.611  -39.298  64.785 0.0000000000
55179  -56.509  -25.993  53.359 0.0000000000
151427  -56.821  -25.583  52.775 0.0000000000
56230  -57.720  -24.289  51.915 0.0000000000
55187  -57.549  -25.493  52.012 0.0000000000
56231  -58.034  -24.935  51.689 0.0000000000
155376  -58.142  -25.474  51.179 0.0000000000
55198  -58.802  -24.747  51.273 0.0000000000
60831  -61.476  -20.786  48.404 0.0000000000
159423  -62.219  -20.995  48.520 0.0000000000
61912  -62.223  -20.243  48.133 0.0000000000
61941  -63.428  -19.790  47.141 0.0000000000
60848  -63.373  -20.532  47.314 0.0000000000
60863  -63.357  -20.646  46.309 0.0000000000
59712  -63.097  -21.051  45.928 0.0000000000
61981  -63.023  -19.209  44.819 0.0000000000
157214  -58.753  -6.346  47.708 0.0000000000
75433  -57.718  -7.619  47.096 0.0000000000
76476  -58.338  -7.138  48.209 0.0000000000
73346  -58.923  -9.290  47.906 0.0000000000
55152  -47.999  -26.105  56.615 0.0000000000
60846  -59.182  -20.607  47.390 0.0000000000
63055  -59.092  -18.663  46.061 0.0000000000
64229  -59.630  -18.007  46.666 0.0000000000
64228  -59.045  -17.531  46.191 0.0000000000
77690  -60.141  -5.589  43.317 0.0000000000
76543  -59.182  -6.693  43.621 0.0000000000
160960  -58.833  -7.235  43.249 0.0000000000
76526  -58.970  -6.383  44.605 0.0000000000
165686  -58.741  -6.458  45.283 0.0000000000
77665  -58.983  -5.883  45.581 0.0000000000
78777  -61.007  -4.627  46.247 0.0000000000
78775  -60.054  -4.773  46.479 0.0000000000
77649  -61.156  -5.311  46.476 0.0000000000
76489  -61.154  -6.205  46.500 0.0000000000
76499  -61.732  -6.426  45.702 0.0000000000
77667  -62.190  -5.825  45.196 0.0000000000
152777  -62.911  -5.340  43.851 0.0000000000
80961  -63.439  -1.839  42.466 0.0000000000
80953  -63.095  -2.311  43.144 0.0000000000
80954  -63.521  -2.638  42.446 0.0000000000
78869  -63.720  -4.592  40.685 0.0000000000
152929  -63.652  -4.479  41.443 0.0000000000
50786  -50.722  -29.807  53.549 0.0000000000
164381  -51.118  -29.212  53.247 0.0000000000
50787  -51.549  -29.579  53.709 0.0000000000
49679  -53.697  -29.340  55.098 0.0000000000
50778  -53.661  -29.229  54.633 0.0000000000
50779  -54.189  -28.983  54.969 0.0000000000
50790  -54.154  -28.691  54.264 0.0000000000
50772  -54.664  -28.431  55.054 0.0000000000
147800  -53.543  -27.867  56.996 0.0000000000
51881  -53.891  -28.534  56.692 0.0000000000
157961  -53.757  -27.043  56.749 0.0000000000
55155  -54.531  -26.098  55.943 0.0000000000
163267  -54.882  -26.895  55.909 0.0000000000
54036  -55.233  -26.530  55.385 0.0000000000
52953  -55.309  -27.381  55.129 0.0000000000
52954  -55.496  -26.941  55.119 0.0000000000
54048  -55.663  -26.406  54.733 0.0000000000
54047  -55.412  -25.956  55.084 0.0000000000
58342  -54.126  -23.521  54.016 0.0000000000
35036  -20.123  -41.696  62.876 0.0000000000
36349  -20.634  -41.264  62.289 0.0000000000
161979  -20.621  -41.117  63.121 0.0000000000
37597  -20.913  -39.924  64.028 0.0000000000
40159  -18.909  -37.943  66.978 0.0000000000
40160  -19.175  -37.919  66.959 0.0000000000
42743  -22.272  -35.783  65.758 0.0000000000
139791  -23.119  -35.936  65.511 0.0000000000
42756  -23.966  -36.235  65.107 0.0000000000
45161  -20.559  -34.201  65.724 0.0000000000
46249  -22.298  -33.733  66.871 0.0000000000
45142  -21.905  -34.227  67.075 0.0000000000
45143  -22.731  -34.004  67.192 0.0000000000
45145  -24.763  -34.751  67.055 0.0000000000
147755  -23.926  -34.877  67.061 0.0000000000
43988  -24.278  -35.584  67.018 0.0000000000
42744  -24.455  -36.800  66.641 0.0000000000
42732  -24.592  -36.515  66.980 0.0000000000
41481  -25.463  -37.557  66.802 0.0000000000
46252  -26.460  -33.492  67.174 0.0000000000
151458  -26.383  -34.933  67.071 0.0000000000
45147  -26.828  -34.177  67.016 0.0000000000
43992  -27.487  -35.558  66.558 0.0000000000
153897  -27.410  -34.116  66.581 0.0000000000
49518  -27.951  -30.794  66.236 0.0000000000
49511  -27.661  -31.224  66.831 0.0000000000
47394  -27.879  -32.675  66.191 0.0000000000
47395  -28.363  -32.068  66.020 0.0000000000
48430  -28.996  -31.337  65.838 0.0000000000
149715  -30.566  -29.377  66.002 0.0000000000
143170  -29.786  -30.143  65.960 0.0000000000
49520  -30.343  -29.966  65.497 0.0000000000
49521  -31.120  -29.448  65.426 0.0000000000
50616  -31.386  -28.976  65.912 0.0000000000
55053  -33.448  -25.722  62.884 0.0000000000
138385  -32.992  -25.690  62.141 0.0000000000
55052  -32.646  -25.880  62.894 0.0000000000
149509  -31.978  -26.047  62.845 0.0000000000
55009  -32.077  -26.146  64.521 0.0000000000
54997  -31.710  -26.450  65.029 0.0000000000
54998  -32.428  -26.219  65.047 0.0000000000
52806  -34.158  -27.413  65.552 0.0000000000
52805  -33.262  -27.554  65.778 0.0000000000
51775  -33.133  -28.165  65.693 0.0000000000
50618  -32.850  -28.611  65.526 0.0000000000
51785  -36.202  -27.901  64.767 0.0000000000
51796  -36.022  -28.500  64.294 0.0000000000
55016  -38.369  -26.421  63.962 0.0000000000
53908  -38.132  -26.539  64.190 0.0000000000
53909  -38.745  -26.569  64.162 0.0000000000
52887  -40.193  -27.661  59.420 0.0000000000
52888  -40.982  -27.764  59.363 0.0000000000
55096  -43.478  -26.219  61.299 0.0000000000
53973  -42.763  -26.608  60.924 0.0000000000
55081  -42.886  -26.031  61.772 0.0000000000
55063  -43.341  -26.114  62.039 0.0000000000
55100  -46.387  -26.043  60.517 0.0000000000
55099  -45.608  -25.970  60.807 0.0000000000
55085  -45.961  -26.175  61.076 0.0000000000
51820  -45.317  -28.227  61.822 0.0000000000
53942  -45.036  -26.918  61.801 0.0000000000
52853  -44.873  -27.648  62.080 0.0000000000
52852  -44.337  -27.822  62.413 0.0000000000
51819  -44.586  -28.346  62.214 0.0000000000
50671  -44.050  -29.016  62.254 0.0000000000
48485  -45.425  -30.740  60.763 0.0000000000
48484  -44.883  -30.591  61.208 0.0000000000
154535  -47.066  -31.961  59.101 0.0000000000
47500  -48.231  -32.276  57.644 0.0000000000
49627  -49.687  -30.695  57.966 0.0000000000
47502  -50.077  -32.196  57.184 0.0000000000
142734  -49.516  -32.203  57.423 0.0000000000
46346  -49.800  -32.466  56.781 0.0000000000
46361  -49.310  -32.576  56.605 0.0000000000
46362  -49.750  -32.564  56.245 0.0000000000
46390  -49.282  -32.520  54.949 0.0000000000
47575  -49.890  -32.414  55.026 0.0000000000
48618  -50.822  -31.106  54.399 0.0000000000
36336  -19.573  -41.833  64.568 0.0000000000
145505  -18.952  -42.457  64.360 0.0000000000
35035  -19.484  -42.259  62.573 0.0000000000
53039  -56.748  -26.427  52.193 0.0000000000
53038  -56.210  -26.706  51.981 0.0000000000
53059  -56.240  -26.498  51.169 0.0000000000
61880  -57.413  -20.131  51.611 0.0000000000
59592  -58.130  -21.443  51.899 0.0000000000
57260  -60.432  -23.042  50.800 0.0000000000
58397  -59.884  -22.787  51.214 0.0000000000
56233  -60.176  -23.816  50.674 0.0000000000
55222  -59.995  -24.373  50.292 0.0000000000
157282  -60.510  -24.275  49.788 0.0000000000
59652  -62.362  -21.874  48.709 0.0000000000
58430  -61.740  -22.302  49.374 0.0000000000
57290  -62.337  -22.531  48.610 0.0000000000
56316  -61.119  -23.899  47.704 0.0000000000
56315  -60.454  -24.189  47.485 0.0000000000
55282  -59.908  -24.540  48.289 0.0000000000
56314  -59.699  -24.392  47.330 0.0000000000
66509  -58.686  -15.662  46.674 0.0000000000
74419  -56.814  -9.015  46.680 0.0000000000
159506  -56.651  -9.265  45.983 0.0000000000
73362  -56.865  -9.459  47.305 0.0000000000
71201  -56.874  -11.917  47.341 0.0000000000
71214  -56.245  -11.524  46.568 0.0000000000
70171  -55.974  -12.159  46.102 0.0000000000
70187  -55.660  -12.331  45.490 0.0000000000
70188  -56.117  -12.784  45.933 0.0000000000
69035  -56.496  -13.417  45.556 0.0000000000
69019  -56.791  -13.122  46.304 0.0000000000
68981  -59.230  -13.825  48.415 0.0000000000
67768  -58.908  -14.144  48.295 0.0000000000
67769  -59.441  -14.557  48.442 0.0000000000
66494  -59.658  -15.291  48.394 0.0000000000
67745  -60.859  -15.004  48.202 0.0000000000
66504  -61.895  -15.287  47.080 0.0000000000
67785  -61.844  -14.927  46.659 0.0000000000
54011  -51.093  -25.914  58.082 0.0000000000
55130  -50.819  -25.410  58.167 0.0000000000
56168  -50.839  -25.077  57.894 0.0000000000
57165  -50.635  -24.537  57.002 0.0000000000
53968  -37.743  -26.984  59.949 0.0000000000
53954  -38.193  -26.545  61.334 0.0000000000
53969  -38.372  -26.923  60.548 0.0000000000
140446  -39.176  -27.167  60.342 0.0000000000
53970  -39.867  -26.877  60.864 0.0000000000
55128  -47.966  -25.887  58.206 0.0000000000
55114  -47.734  -25.825  59.636 0.0000000000
55115  -48.558  -25.629  59.220 0.0000000000
55103  -48.823  -25.858  59.550 0.0000000000
53979  -48.991  -26.165  59.669 0.0000000000
53996  -49.597  -26.157  59.281 0.0000000000
53997  -50.085  -26.178  58.849 0.0000000000
57233  -55.963  -23.747  52.724 0.0000000000
56215  -56.307  -24.558  52.773 0.0000000000
57234  -56.853  -23.981  52.290 0.0000000000
57247  -57.593  -23.256  51.987 0.0000000000
63032  -61.859  -18.777  47.916 0.0000000000
61928  -62.087  -19.374  47.919 0.0000000000
63018  -62.022  -18.497  47.925 0.0000000000
63033  -63.099  -18.740  47.394 0.0000000000
63057  -63.494  -18.829  46.216 0.0000000000
63070  -63.410  -18.828  45.525 0.0000000000
64242  -63.386  -18.122  45.701 0.0000000000
64230  -63.206  -17.375  45.908 0.0000000000
65382  -62.915  -16.820  45.413 0.0000000000
76479  -59.696  -6.486  47.669 0.0000000000
75423  -59.353  -7.191  48.133 0.0000000000
75434  -59.971  -7.171  47.455 0.0000000000
74411  -59.764  -7.957  47.255 0.0000000000
78831  -60.624  -4.732  43.485 0.0000000000
77679  -59.987  -5.144  44.158 0.0000000000
77666  -59.898  -4.760  45.027 0.0000000000
79882  -60.345  -4.184  45.318 0.0000000000
79867  -60.750  -4.062  45.467 0.0000000000
79858  -61.396  -4.224  45.679 0.0000000000
78796  -62.321  -5.001  44.984 0.0000000000
79870  -62.381  -4.127  44.857 0.0000000000
79885  -62.763  -3.898  44.164 0.0000000000
79901  -63.155  -3.758  43.456 0.0000000000
153260  -64.256  -1.760  41.216 0.0000000000
151005  -64.020  -2.513  41.273 0.0000000000
80972  -64.230  -2.629  40.527 0.0000000000
79940  -63.882  -3.634  40.160 0.0000000000
78876  -63.734  -4.853  39.763 0.0000000000
49676  -51.731  -30.821  54.676 0.0000000000
49693  -52.158  -30.015  54.295 0.0000000000
49665  -52.618  -30.486  55.716 0.0000000000
49666  -53.037  -29.892  55.799 0.0000000000
49655  -53.529  -29.268  56.024 0.0000000000
152741  -52.845  -25.368  56.742 0.0000000000
55154  -53.710  -25.633  56.376 0.0000000000
56183  -54.022  -25.125  55.854 0.0000000000
56184  -54.616  -25.400  55.490 0.0000000000
56191  -55.126  -25.257  55.065 0.0000000000
56190  -54.319  -24.652  55.185 0.0000000000
58358  -53.667  -23.097  54.085 0.0000000000
36337  -20.097  -41.180  64.684 0.0000000000
37596  -20.380  -40.407  64.758 0.0000000000
161005  -20.539  -39.566  64.884 0.0000000000
161692  -22.265  -35.520  66.507 0.0000000000
46251  -23.504  -33.774  67.050 0.0000000000
160872  -23.666  -33.277  66.826 0.0000000000
46242  -24.244  -33.336  67.001 0.0000000000
45133  -24.822  -33.826  67.214 0.0000000000
45146  -25.717  -34.982  67.114 0.0000000000
46243  -25.612  -33.455  67.286 0.0000000000
47382  -26.216  -32.801  67.327 0.0000000000
50603  -28.870  -29.245  66.087 0.0000000000
49519  -28.810  -30.567  65.947 0.0000000000
50604  -29.521  -29.053  66.343 0.0000000000
50605  -30.208  -28.941  66.548 0.0000000000
51763  -30.544  -28.220  66.476 0.0000000000
155643  -34.819  -25.774  61.330 0.0000000000
138535  -34.087  -25.661  61.298 0.0000000000
138700  -34.481  -25.614  61.847 0.0000000000
138702  -34.152  -25.667  62.888 0.0000000000
55030  -33.944  -25.818  63.614 0.0000000000
151837  -32.899  -25.958  64.814 0.0000000000
52807  -34.962  -27.261  65.332 0.0000000000
52813  -35.798  -27.218  65.123 0.0000000000
52814  -36.766  -27.193  64.847 0.0000000000
55018  -40.012  -26.462  63.644 0.0000000000
52818  -39.679  -27.083  64.394 0.0000000000
52824  -40.332  -27.330  64.149 0.0000000000
143603  -40.542  -28.572  64.026 0.0000000000
49554  -42.177  -29.633  62.752 0.0000000000
49570  -42.849  -30.127  62.427 0.0000000000
52905  -42.771  -27.927  58.944 0.0000000000
153879  -41.922  -27.820  59.330 0.0000000000
52889  -42.683  -27.584  59.600 0.0000000000
53991  -43.090  -27.000  60.080 0.0000000000
53974  -43.646  -26.472  60.677 0.0000000000
52867  -47.072  -26.895  60.946 0.0000000000
52866  -46.400  -27.161  61.356 0.0000000000
51821  -46.088  -28.044  61.481 0.0000000000
50673  -45.661  -28.747  61.512 0.0000000000
50686  -45.515  -29.458  61.250 0.0000000000
49585  -45.780  -30.161  60.748 0.0000000000
48499  -45.996  -30.827  60.490 0.0000000000
48500  -46.399  -31.303  60.169 0.0000000000
48513  -47.655  -31.510  59.017 0.0000000000
49628  -50.523  -30.456  57.647 0.0000000000
48542  -50.627  -31.672  57.291 0.0000000000
47503  -50.793  -31.936  57.032 0.0000000000
47576  -50.747  -32.103  55.444 0.0000000000
48574  -51.502  -31.656  55.816 0.0000000000
37595  -17.746  -40.704  65.234 0.0000000000
36319  -17.680  -41.349  66.187 0.0000000000
35008  -17.716  -41.926  66.299 0.0000000000
160723  -18.862  -41.622  66.031 0.0000000000
54118  -57.470  -25.937  50.758 0.0000000000
157452  -56.860  -26.189  50.746 0.0000000000
54139  -57.245  -25.845  50.064 0.0000000000
60790  -58.749  -20.573  51.066 0.0000000000
59610  -58.885  -21.230  51.348 0.0000000000
148875  -59.485  -21.328  50.840 0.0000000000
58413  -60.396  -22.391  50.820 0.0000000000
58414  -60.923  -22.645  50.384 0.0000000000
57342  -62.621  -22.595  47.069 0.0000000000
57325  -62.295  -23.112  47.431 0.0000000000
72264  -57.649  -9.949  48.348 0.0000000000
73344  -56.984  -9.964  47.859 0.0000000000
144222  -57.726  -10.890  48.157 0.0000000000
71202  -57.562  -11.758  47.952 0.0000000000
70156  -57.470  -12.423  47.683 0.0000000000
68999  -57.855  -13.189  47.656 0.0000000000
70141  -58.668  -12.521  48.169 0.0000000000
68960  -59.578  -13.486  48.309 0.0000000000
68982  -60.412  -13.777  47.848 0.0000000000
69002  -61.401  -14.576  47.073 0.0000000000
79914  -61.807  -3.030  42.387 0.0000000000
81986  -62.477  -2.211  43.298 0.0000000000
80960  -62.111  -2.352  42.533 0.0000000000
82007  -62.498  -1.745  42.114 0.0000000000
83076  -62.982  -0.978  41.939 0.0000000000
83097  -63.050  -0.553  41.247 0.0000000000
83086  -63.995  -0.569  41.392 0.0000000000
83087  -64.397  -0.683  40.946 0.0000000000
50753  -52.327  -29.600  57.284 0.0000000000
51879  -52.851  -29.117  57.129 0.0000000000
52930  -52.693  -28.050  57.228 0.0000000000
52931  -53.019  -27.058  57.099 0.0000000000
54012  -51.808  -26.036  57.542 0.0000000000
54024  -52.550  -26.163  57.126 0.0000000000
56176  -52.586  -24.584  56.646 0.0000000000
58324  -52.459  -23.737  55.747 0.0000000000
149218  -18.522  -39.931  66.344 0.0000000000
38861  -18.944  -39.457  66.487 0.0000000000
38860  -18.695  -39.285  66.404 0.0000000000
40168  -18.783  -38.436  66.489 0.0000000000
42726  -18.987  -36.739  66.985 0.0000000000
43982  -19.477  -36.084  66.802 0.0000000000
43997  -19.661  -35.525  66.601 0.0000000000
43983  -19.930  -35.306  66.823 0.0000000000
52823  -29.689  -27.346  64.486 0.0000000000
55075  -35.675  -25.878  61.648 0.0000000000
55033  -36.307  -26.080  63.300 0.0000000000
143004  -36.992  -26.317  63.782 0.0000000000
139811  -37.106  -26.132  63.105 0.0000000000
55057  -37.926  -26.184  62.918 0.0000000000
55035  -38.707  -26.272  63.410 0.0000000000
55077  -38.787  -26.322  61.939 0.0000000000
151815  -39.377  -26.189  62.477 0.0000000000
55036  -39.605  -26.239  63.314 0.0000000000
55037  -40.432  -25.994  63.169 0.0000000000
53926  -41.402  -26.461  63.371 0.0000000000
53927  -41.992  -26.621  63.178 0.0000000000
52908  -45.302  -27.551  58.172 0.0000000000
54006  -45.021  -27.103  59.011 0.0000000000
55112  -46.045  -25.977  60.210 0.0000000000
55086  -46.673  -26.267  60.726 0.0000000000
55101  -47.257  -25.942  60.301 0.0000000000
53960  -47.201  -26.355  60.678 0.0000000000
52878  -47.474  -27.269  60.737 0.0000000000
51844  -47.520  -27.963  60.589 0.0000000000
50708  -47.456  -28.850  60.118 0.0000000000
50726  -47.837  -29.668  59.362 0.0000000000
50709  -48.105  -28.726  59.556 0.0000000000
50727  -48.584  -29.011  58.862 0.0000000000
50728  -49.192  -28.838  58.349 0.0000000000
52909  -49.552  -27.633  58.719 0.0000000000
51866  -49.599  -28.262  58.226 0.0000000000
50742  -49.730  -29.089  57.917 0.0000000000
50743  -50.591  -29.437  57.606 0.0000000000
50744  -51.592  -29.505  57.453 0.0000000000
153747  -56.058  -26.844  53.666 0.0000000000
52998  -55.958  -27.128  53.416 0.0000000000
52999  -56.430  -26.544  52.998 0.0000000000
54086  -57.124  -26.090  52.307 0.0000000000
55186  -57.049  -25.750  52.562 0.0000000000
54087  -57.357  -25.761  52.190 0.0000000000
54101  -57.490  -25.954  51.498 0.0000000000
54119  -58.150  -25.589  50.734 0.0000000000
54141  -58.726  -25.340  50.142 0.0000000000
60803  -61.087  -21.838  49.659 0.0000000000
60804  -61.747  -21.738  49.124 0.0000000000
59651  -62.212  -21.607  48.772 0.0000000000
58446  -62.695  -21.849  48.304 0.0000000000
61914  -62.874  -20.018  47.907 0.0000000000
59685  -63.220  -21.202  47.590 0.0000000000
59684  -63.111  -21.683  47.341 0.0000000000
58507  -62.844  -21.763  46.170 0.0000000000
75452  -57.969  -7.724  44.893 0.0000000000
74434  -57.365  -8.459  45.179 0.0000000000
75443  -57.654  -7.876  46.024 0.0000000000
148038  -57.501  -8.088  47.522 0.0000000000
139432  -57.666  -8.300  48.142 0.0000000000
75413  -58.983  -7.927  48.566 0.0000000000
153611  -58.529  -8.276  48.691 0.0000000000
156423  -57.914  -9.194  48.670 0.0000000000
73326  -58.362  -9.324  48.486 0.0000000000
72265  -58.652  -10.004  47.693 0.0000000000
56180  -49.147  -25.065  57.207 0.0000000000
146489  -48.930  -25.211  56.324 0.0000000000
52926  -44.686  -28.040  57.560 0.0000000000
54020  -46.097  -27.259  57.889 0.0000000000
54021  -46.810  -26.914  57.612 0.0000000000
55142  -48.135  -25.914  57.346 0.0000000000
55143  -48.636  -25.494  57.739 0.0000000000
156695  -56.004  -20.329  51.964 0.0000000000
153771  -56.066  -20.599  52.223 0.0000000000
139132  -57.044  -19.923  51.412 0.0000000000
61889  -57.439  -19.829  51.273 0.0000000000
61900  -58.387  -20.185  50.578 0.0000000000
61911  -59.041  -20.829  49.920 0.0000000000
60813  -59.835  -21.267  49.010 0.0000000000
60829  -59.584  -20.970  48.130 0.0000000000
60830  -60.606  -20.850  48.188 0.0000000000
61940  -60.569  -20.199  47.569 0.0000000000
61939  -59.904  -19.858  46.960 0.0000000000
63046  -60.765  -19.250  47.439 0.0000000000
64216  -60.677  -17.909  47.651 0.0000000000
64201  -60.341  -16.831  47.933 0.0000000000
75482  -58.293  -7.791  43.216 0.0000000000
156785  -58.126  -7.231  45.692 0.0000000000
75453  -58.520  -6.559  45.935 0.0000000000
77648  -58.979  -5.740  47.095 0.0000000000
78794  -59.754  -4.815  46.258 0.0000000000
78757  -59.526  -5.290  46.904 0.0000000000
77612  -59.590  -5.997  47.551 0.0000000000
76488  -60.344  -6.355  47.164 0.0000000000
75445  -61.241  -7.018  46.005 0.0000000000
75454  -61.507  -7.356  45.127 0.0000000000
77668  -62.615  -5.751  44.387 0.0000000000
80952  -62.579  -2.512  43.515 0.0000000000
145747  -63.226  -3.023  43.142 0.0000000000
79915  -63.652  -3.394  41.840 0.0000000000
78850  -63.501  -4.488  42.230 0.0000000000
49694  -52.925  -29.469  54.255 0.0000000000
50799  -52.791  -28.815  53.442 0.0000000000
50800  -53.519  -28.472  53.373 0.0000000000
51909  -54.044  -28.393  53.606 0.0000000000
51910  -54.628  -28.192  53.849 0.0000000000
51911  -55.106  -27.974  53.991 0.0000000000
144894  -53.314  -29.028  56.772 0.0000000000
50755  -53.955  -28.823  56.363 0.0000000000
158478  -54.389  -28.547  55.989 0.0000000000
54035  -54.407  -26.951  56.350 0.0000000000
52952  -54.733  -27.557  56.092 0.0000000000
50765  -54.517  -28.442  55.591 0.0000000000
51896  -55.023  -27.903  55.101 0.0000000000
51897  -55.477  -27.341  54.603 0.0000000000
51903  -55.700  -27.265  54.017 0.0000000000
52983  -55.869  -26.870  54.126 0.0000000000
55178  -56.023  -25.909  54.045 0.0000000000
141463  -55.787  -25.199  54.006 0.0000000000
160996  -55.289  -25.088  54.420 0.0000000000
56201  -55.264  -24.588  53.917 0.0000000000
56202  -55.806  -24.602  53.365 0.0000000000
59575  -55.354  -21.384  52.659 0.0000000000
56181  -49.619  -24.745  56.520 0.0000000000
57197  -50.532  -24.077  55.963 0.0000000000
57217  -50.303  -24.014  55.226 0.0000000000
57180  -51.068  -24.087  56.407 0.0000000000
57199  -51.822  -23.730  55.775 0.0000000000
58338  -52.439  -23.386  55.143 0.0000000000
58339  -52.924  -23.476  55.028 0.0000000000
145687  -53.380  -23.077  54.327 0.0000000000
149584  -55.394  -20.967  52.285 0.0000000000
35055  -19.946  -41.858  61.035 0.0000000000
36354  -20.631  -41.343  61.409 0.0000000000
36355  -21.198  -40.691  61.804 0.0000000000
38862  -19.542  -39.269  66.063 0.0000000000
45160  -20.145  -34.549  66.219 0.0000000000
45140  -20.466  -34.640  66.757 0.0000000000
45141  -21.075  -34.426  66.910 0.0000000000
42730  -22.983  -35.580  66.890 0.0000000000
45144  -23.354  -34.512  67.043 0.0000000000
43990  -25.963  -35.752  67.085 0.0000000000
48423  -26.672  -31.528  67.135 0.0000000000
47393  -26.788  -32.281  67.285 0.0000000000
152956  -27.367  -32.619  66.887 0.0000000000
46254  -27.609  -33.378  66.405 0.0000000000
164927  -29.411  -30.745  65.931 0.0000000000
48431  -29.648  -30.703  65.594 0.0000000000
144436  -30.103  -27.094  63.204 0.0000000000
53923  -30.136  -27.008  64.050 0.0000000000
55074  -32.519  -25.826  61.417 0.0000000000
53940  -31.510  -26.203  62.295 0.0000000000
53925  -31.420  -26.358  63.180 0.0000000000
53905  -30.691  -26.781  64.333 0.0000000000
53879  -30.728  -27.087  66.022 0.0000000000
53872  -31.202  -27.301  66.201 0.0000000000
52796  -31.634  -27.595  66.205 0.0000000000
159003  -32.831  -26.964  65.745 0.0000000000
52797  -32.372  -27.513  65.969 0.0000000000
50607  -31.676  -28.433  66.061 0.0000000000
50617  -32.091  -28.713  65.682 0.0000000000
55014  -36.861  -26.535  64.262 0.0000000000
53895  -37.542  -26.885  64.625 0.0000000000
52815  -37.573  -27.383  64.727 0.0000000000
52817  -38.968  -27.136  64.508 0.0000000000
51799  -38.663  -28.506  64.218 0.0000000000
51798  -37.856  -28.353  64.216 0.0000000000
52902  -39.768  -27.758  58.862 0.0000000000
53988  -39.988  -27.342  60.128 0.0000000000
53971  -40.777  -27.014  60.667 0.0000000000
53972  -41.771  -26.822  60.774 0.0000000000
53957  -41.348  -26.404  61.458 0.0000000000
55080  -41.890  -25.973  62.118 0.0000000000
55039  -42.223  -26.358  62.701 0.0000000000
53928  -42.654  -26.851  62.762 0.0000000000
53993  -44.754  -26.687  59.845 0.0000000000
55098  -44.868  -25.830  60.968 0.0000000000
55083  -44.460  -26.135  61.364 0.0000000000
53943  -45.857  -26.668  61.431 0.0000000000
55065  -44.712  -26.358  61.589 0.0000000000
55064  -44.027  -26.250  61.845 0.0000000000
55041  -43.650  -26.360  62.164 0.0000000000
52838  -43.750  -27.665  62.602 0.0000000000
51811  -43.179  -28.197  62.801 0.0000000000
50657  -43.276  -28.972  62.636 0.0000000000
50670  -43.536  -29.578  62.401 0.0000000000
49571  -43.544  -30.004  62.203 0.0000000000
49572  -44.829  -29.886  61.554 0.0000000000
157523  -44.180  -30.408  61.623 0.0000000000
49614  -48.050  -30.727  59.014 0.0000000000
163746  -48.195  -31.293  58.690 0.0000000000
48525  -48.393  -31.718  58.276 0.0000000000
48526  -49.367  -31.557  57.918 0.0000000000
47483  -49.106  -32.050  57.764 0.0000000000
47482  -48.311  -32.094  57.946 0.0000000000
48616  -49.160  -31.809  53.682 0.0000000000
48592  -50.412  -31.885  54.678 0.0000000000
48617  -49.960  -31.466  54.059 0.0000000000
51931  -55.545  -27.271  52.523 0.0000000000
59591  -57.166  -21.359  52.152 0.0000000000
57248  -58.522  -23.378  51.708 0.0000000000
59593  -58.892  -21.923  51.642 0.0000000000
57249  -59.332  -23.411  51.435 0.0000000000
55210  -59.456  -24.543  50.821 0.0000000000
157232  -59.168  -25.049  50.178 0.0000000000
55237  -59.328  -24.971  49.607 0.0000000000
59632  -61.030  -21.869  49.932 0.0000000000
57262  -61.377  -22.726  49.861 0.0000000000
57274  -61.340  -23.225  49.819 0.0000000000
56287  -61.557  -23.635  48.674 0.0000000000
56270  -60.972  -24.055  49.143 0.0000000000
55257  -60.449  -24.402  48.771 0.0000000000
152145  -59.791  -24.708  49.023 0.0000000000
155625  -59.120  -24.973  48.903 0.0000000000
65381  -58.520  -16.993  45.668 0.0000000000
65373  -58.890  -16.560  46.436 0.0000000000
65366  -59.733  -16.497  47.747 0.0000000000
65357  -60.518  -16.403  48.194 0.0000000000
74433  -56.800  -9.074  45.324 0.0000000000
73394  -56.351  -9.688  45.495 0.0000000000
159985  -55.676  -10.487  45.051 0.0000000000
72289  -56.390  -10.665  46.834 0.0000000000
72288  -55.945  -10.781  46.066 0.0000000000
140110  -55.473  -10.947  45.241 0.0000000000
69036  -57.210  -13.794  45.875 0.0000000000
67795  -57.861  -14.345  46.221 0.0000000000
67783  -58.097  -14.021  47.226 0.0000000000
67796  -58.413  -14.814  46.912 0.0000000000
150425  -58.873  -15.302  47.580 0.0000000000
66495  -60.190  -15.666  48.386 0.0000000000
65349  -60.747  -16.061  48.314 0.0000000000
66497  -62.211  -16.013  47.261 0.0000000000
66510  -62.515  -15.959  46.264 0.0000000000
66524  -62.629  -16.344  44.977 0.0000000000
67797  -62.062  -14.924  46.138 0.0000000000
67815  -62.067  -15.355  44.927 0.0000000000
66523  -62.282  -15.921  44.628 0.0000000000
40167  -18.528  -39.311  66.159 0.0000000000
41468  -25.140  -36.991  67.017 0.0000000000
45134  -25.419  -34.240  67.123 0.0000000000
45148  -27.173  -34.875  66.835 0.0000000000
46253  -27.120  -33.442  66.924 0.0000000000
46345  -49.439  -32.425  57.123 0.0000000000
46376  -49.190  -32.651  55.919 0.0000000000
46377  -49.552  -32.581  55.533 0.0000000000
47484  -49.857  -31.936  57.548 0.0000000000
47525  -52.077  -31.149  56.759 0.0000000000
47550  -50.239  -32.456  55.860 0.0000000000
47551  -50.990  -32.063  56.199 0.0000000000
47599  -49.574  -32.103  54.330 0.0000000000
48543  -51.428  -31.449  57.125 0.0000000000
48545  -52.513  -30.177  56.748 0.0000000000
49555  -42.997  -29.727  62.564 0.0000000000
49654  -52.941  -29.655  56.382 0.0000000000
49667  -53.624  -29.328  55.484 0.0000000000
49677  -52.484  -30.444  54.988 0.0000000000
50615  -29.157  -29.717  66.043 0.0000000000
50644  -41.964  -29.310  62.905 0.0000000000
50764  -54.030  -28.886  56.040 0.0000000000
51764  -31.311  -28.094  66.347 0.0000000000
51765  -32.011  -27.946  66.119 0.0000000000
51766  -32.643  -27.868  65.894 0.0000000000
51786  -37.249  -27.833  64.581 0.0000000000
51787  -38.064  -27.870  64.532 0.0000000000
51788  -38.845  -27.803  64.502 0.0000000000
51789  -39.483  -27.596  64.468 0.0000000000
51802  -40.668  -27.921  64.097 0.0000000000
51889  -54.404  -28.286  56.243 0.0000000000
51890  -54.828  -27.955  55.669 0.0000000000
51902  -55.181  -27.820  54.445 0.0000000000
52793  -29.429  -28.264  66.251 0.0000000000
52794  -29.972  -27.916  66.389 0.0000000000
52804  -30.165  -27.424  66.119 0.0000000000
52811  -29.011  -28.045  65.639 0.0000000000
52826  -41.828  -27.772  63.493 0.0000000000
52836  -42.509  -27.970  63.171 0.0000000000
52837  -42.970  -27.507  62.784 0.0000000000
53880  -31.426  -27.023  65.957 0.0000000000
53881  -33.849  -27.125  65.677 0.0000000000
53889  -31.267  -26.808  65.571 0.0000000000
53890  -32.088  -26.727  65.580 0.0000000000
53891  -32.914  -26.436  65.340 0.0000000000
53892  -33.982  -26.487  65.261 0.0000000000
53896  -38.323  -26.732  64.411 0.0000000000
53897  -39.064  -26.776  64.326 0.0000000000
53907  -37.552  -26.624  64.339 0.0000000000
53910  -40.004  -26.853  64.125 0.0000000000
53924  -30.747  -26.735  63.571 0.0000000000
53929  -43.533  -26.910  62.453 0.0000000000
53941  -44.230  -26.582  62.073 0.0000000000
53975  -44.449  -26.152  60.556 0.0000000000
53976  -45.243  -26.034  60.424 0.0000000000
53989  -41.383  -27.402  60.035 0.0000000000
54061  -56.002  -26.456  54.092 0.0000000000
54999  -33.548  -26.240  65.147 0.0000000000
55002  -35.914  -26.496  64.548 0.0000000000
55010  -32.720  -25.967  64.443 0.0000000000
55011  -33.592  -25.948  64.513 0.0000000000
55015  -37.645  -26.476  64.091 0.0000000000
55019  -40.914  -26.148  63.343 0.0000000000
55028  -32.171  -26.042  63.684 0.0000000000
55031  -34.832  -25.845  63.388 0.0000000000
55032  -35.649  -26.025  63.531 0.0000000000
55038  -41.595  -26.140  63.096 0.0000000000
55058  -38.688  -26.207  62.697 0.0000000000
55062  -42.514  -26.128  62.243 0.0000000000
55066  -45.378  -26.345  61.428 0.0000000000
55097  -44.117  -26.060  61.103 0.0000000000
55118  -50.391  -25.396  58.387 0.0000000000
55144  -52.207  -25.321  57.268 0.0000000000
55209  -58.866  -24.925  51.105 0.0000000000
55238  -60.129  -24.539  49.402 0.0000000000
56172  -49.242  -25.212  57.991 0.0000000000
56217  -57.370  -25.249  52.226 0.0000000000
56257  -61.182  -23.703  49.602 0.0000000000
56258  -61.630  -23.170  49.370 0.0000000000
56271  -61.630  -23.432  49.078 0.0000000000
56286  -61.098  -23.979  48.436 0.0000000000
57167  -51.842  -24.330  56.791 0.0000000000
57250  -59.893  -23.420  51.065 0.0000000000
57261  -60.914  -23.234  50.333 0.0000000000
57275  -61.964  -22.901  49.118 0.0000000000
57276  -62.112  -22.455  48.918 0.0000000000
57309  -62.651  -22.656  47.938 0.0000000000
57326  -62.657  -22.605  47.693 0.0000000000
58357  -52.932  -22.958  54.529 0.0000000000
58396  -59.173  -22.638  51.596 0.0000000000
58429  -61.314  -22.311  49.865 0.0000000000
58431  -61.928  -22.134  49.193 0.0000000000
58445  -62.381  -22.124  48.681 0.0000000000
58461  -62.651  -22.170  48.252 0.0000000000
58476  -62.927  -21.744  47.902 0.0000000000
58489  -62.518  -22.404  46.384 0.0000000000
58490  -62.953  -22.033  46.839 0.0000000000
58506  -62.329  -22.172  45.714 0.0000000000
59590  -56.284  -21.290  52.360 0.0000000000
59631  -60.747  -21.963  50.204 0.0000000000
59653  -62.646  -21.381  48.379 0.0000000000
59669  -63.013  -21.310  48.056 0.0000000000
59698  -63.202  -21.369  46.611 0.0000000000
60779  -57.611  -20.713  51.944 0.0000000000
60815  -61.692  -21.230  48.763 0.0000000000
60816  -62.520  -20.323  48.102 0.0000000000
60818  -63.007  -20.756  48.117 0.0000000000
60832  -63.205  -20.812  47.788 0.0000000000
60864  -63.485  -20.134  46.636 0.0000000000
60875  -63.433  -20.028  46.010 0.0000000000
60886  -62.968  -19.876  45.066 0.0000000000
60898  -62.702  -19.440  44.384 0.0000000000
61888  -56.618  -19.985  51.433 0.0000000000
61913  -62.367  -19.447  47.858 0.0000000000
61927  -61.955  -20.097  48.115 0.0000000000
61953  -63.493  -19.476  46.066 0.0000000000
62999  -57.061  -19.718  51.099 0.0000000000
63017  -61.743  -17.929  47.983 0.0000000000
63019  -62.360  -18.616  47.771 0.0000000000
63047  -63.394  -18.918  46.950 0.0000000000
64191  -61.533  -17.198  47.994 0.0000000000
64192  -61.860  -17.589  47.970 0.0000000000
64202  -60.956  -17.249  48.016 0.0000000000
64204  -62.692  -18.146  47.548 0.0000000000
64217  -63.017  -17.319  46.566 0.0000000000
64231  -63.343  -18.087  46.424 0.0000000000
64241  -63.144  -17.514  45.181 0.0000000000
65350  -61.266  -16.421  48.133 0.0000000000
65351  -61.645  -16.828  47.957 0.0000000000
65356  -59.947  -16.047  48.241 0.0000000000
65360  -62.328  -17.296  47.611 0.0000000000
65374  -59.441  -17.013  46.972 0.0000000000
65375  -62.843  -16.667  46.094 0.0000000000
66486  -59.929  -14.943  48.542 0.0000000000
66487  -60.483  -15.347  48.371 0.0000000000
66489  -61.320  -15.339  47.950 0.0000000000
66496  -61.719  -15.665  47.616 0.0000000000
66502  -59.139  -14.912  48.229 0.0000000000
66503  -59.395  -15.702  48.049 0.0000000000
66505  -62.316  -15.782  46.781 0.0000000000
66516  -62.619  -16.136  45.640 0.0000000000
66539  -62.119  -16.227  44.041 0.0000000000
67743  -59.733  -14.242  48.489 0.0000000000
67744  -60.270  -14.630  48.399 0.0000000000
67770  -61.422  -14.963  47.539 0.0000000000
67805  -62.095  -15.088  45.477 0.0000000000
67806  -62.378  -15.464  45.866 0.0000000000
68961  -60.152  -13.940  48.287 0.0000000000
68983  -60.911  -14.299  47.567 0.0000000000
69000  -58.386  -13.817  47.973 0.0000000000
69021  -61.156  -14.101  46.158 0.0000000000
69022  -61.569  -14.534  46.448 0.0000000000
70129  -59.756  -13.202  48.178 0.0000000000
70140  -58.077  -12.461  48.062 0.0000000000
70143  -60.478  -13.660  47.472 0.0000000000
70173  -57.090  -12.792  47.106 0.0000000000
71175  -58.663  -11.735  48.001 0.0000000000
71177  -59.691  -12.798  47.709 0.0000000000
71188  -57.086  -11.169  47.798 0.0000000000
72252  -57.961  -10.253  48.402 0.0000000000
72254  -58.445  -10.009  48.114 0.0000000000
72263  -57.209  -10.528  48.013 0.0000000000
72276  -56.819  -10.610  47.499 0.0000000000
72277  -58.742  -10.154  47.468 0.0000000000
72303  -55.920  -10.303  45.538 0.0000000000
73325  -58.106  -9.569  48.585 0.0000000000
73327  -58.685  -9.223  48.248 0.0000000000
73397  -59.806  -8.863  44.964 0.0000000000
74384  -58.263  -8.812  48.771 0.0000000000
74397  -57.930  -8.544  48.699 0.0000000000
74409  -57.180  -8.696  47.462 0.0000000000
74420  -57.263  -8.309  46.807 0.0000000000
75411  -58.233  -8.213  48.750 0.0000000000
75412  -58.561  -7.652  48.516 0.0000000000
75435  -60.680  -6.865  46.792 0.0000000000
75465  -58.008  -7.883  43.993 0.0000000000
76470  -59.003  -7.196  48.416 0.0000000000
76477  -58.863  -6.812  48.197 0.0000000000
76478  -59.246  -6.600  48.027 0.0000000000
76487  -58.119  -6.921  47.540 0.0000000000
76498  -58.522  -6.393  46.947 0.0000000000
76512  -62.079  -6.450  45.097 0.0000000000
77628  -59.192  -5.797  47.358 0.0000000000
77629  -59.532  -5.608  47.245 0.0000000000
77630  -59.998  -5.393  47.151 0.0000000000
77650  -61.782  -5.705  45.917 0.0000000000
77678  -59.492  -5.559  44.815 0.0000000000
78758  -59.833  -5.117  46.965 0.0000000000
78759  -60.116  -4.958  46.803 0.0000000000
78760  -60.527  -5.149  46.750 0.0000000000
78776  -60.442  -4.663  46.324 0.0000000000
78795  -62.021  -5.150  45.563 0.0000000000
78832  -63.046  -4.603  43.704 0.0000000000
79856  -60.429  -4.398  45.968 0.0000000000
79857  -60.859  -4.217  45.859 0.0000000000
79869  -61.829  -3.838  45.115 0.0000000000
79899  -61.387  -3.383  43.564 0.0000000000
80922  -61.337  -3.561  44.788 0.0000000000
80923  -61.761  -3.367  44.693 0.0000000000
80936  -61.367  -3.275  44.197 0.0000000000
81988  -63.095  -1.798  42.855 0.0000000000
81997  -62.329  -2.088  42.849 0.0000000000
81998  -63.243  -1.379  42.323 0.0000000000
81999  -63.708  -1.247  41.940 0.0000000000
82008  -64.183  -1.223  41.399 0.0000000000
82009  -64.528  -1.207  40.831 0.0000000000
83085  -63.558  -0.416  41.456 0.0000000000
140426  -58.833  -5.966  46.428 0.0000000000
140923  -24.042  -32.888  66.791 0.0000000000
141842  -59.303  -24.860  50.474 0.0000000000
142022  -62.787  -1.702  42.722 0.0000000000
142476  -39.443  -26.693  64.139 0.0000000000
142486  -54.799  -24.594  54.510 0.0000000000
142507  -39.298  -26.157  63.020 0.0000000000
142861  -57.593  -25.699  51.737 0.0000000000
143726  -61.058  -7.834  44.919 0.0000000000
144825  -49.012  -32.611  55.186 0.0000000000
145707  -30.975  -26.704  64.944 0.0000000000
145734  -41.161  -25.826  63.028 0.0000000000
146143  -61.146  -3.989  43.113 0.0000000000
146637  -61.501  -16.055  47.999 0.0000000000
147208  -58.687  -11.101  47.709 0.0000000000
147611  -57.840  -7.573  47.976 0.0000000000
147671  -63.209  -20.225  47.671 0.0000000000
147882  -45.817  -31.462  60.372 0.0000000000
147922  -58.418  -10.735  48.033 0.0000000000
148607  -62.397  -23.045  47.954 0.0000000000
149377  -48.430  -25.731  56.200 0.0000000000
149383  -51.617  -31.603  56.400 0.0000000000
150075  -58.640  -25.325  49.527 0.0000000000
150908  -48.057  -25.619  59.026 0.0000000000
151067  -49.926  -29.887  57.855 0.0000000000
151484  -62.383  -15.678  45.244 0.0000000000
151561  -60.020  -5.904  47.393 0.0000000000
151640  -63.158  -18.753  44.897 0.0000000000
152639  -62.779  -19.071  47.709 0.0000000000
153620  -61.949  -4.457  45.428 0.0000000000
154753  -60.057  -13.431  48.074 0.0000000000
154780  -62.871  -22.199  47.405 0.0000000000
155331  -41.298  -25.916  62.639 0.0000000000
155893  -47.656  -32.195  58.202 0.0000000000
156967  -60.867  -14.046  47.229 0.0000000000
157924  -59.529  -5.137  45.651 0.0000000000
158106  -63.514  -0.886  41.839 0.0000000000
158189  -62.383  -6.356  44.632 0.0000000000
158948  -30.628  -26.916  65.501 0.0000000000
159134  -63.001  -18.215  44.504 0.0000000000
159887  -62.397  -16.701  47.316 0.0000000000
160230  -41.321  -28.351  63.683 0.0000000000
160416  -52.723  -29.972  54.667 0.0000000000
160465  -31.055  -27.706  66.376 0.0000000000
160570  -47.215  -32.175  58.675 0.0000000000
160856  -56.656  -10.104  47.184 0.0000000000
161373  -62.043  -21.970  49.024 0.0000000000
161919  -58.487  -6.949  45.068 0.0000000000
162666  -59.069  -13.162  48.337 0.0000000000
163327  -50.853  -24.879  57.580 0.0000000000
163395  -28.611  -28.733  66.031 0.0000000000
163837  -63.770  -2.605  41.829 0.0000000000
164106  -59.930  -4.549  45.674 0.0000000000
164465  -61.977  -6.130  45.495 0.0000000000
164561  -63.493  -19.446  46.607 0.0000000000
165080  -61.097  -14.764  47.864 0.0000000000
165260  -43.104  -29.462  62.607 0.0000000000
165437  -47.950  -32.577  56.556 0.0000000000
165667  -62.204  -2.543  43.770 0.0000000000
165971  -60.751  -21.649  49.534 0.0000000000
