#!ascii label  , from subject sub-LJ001 vox2ras=TkReg
1913
50811  -49.976  -28.747  52.253 0.0000000000
49535  -31.957  -29.429  64.314 0.0000000000
66621  -53.350  -15.622  36.693 0.0000000000
55349  -44.121  -25.499  41.165 0.0000000000
57398  -55.263  -22.986  43.695 0.0000000000
141477  -42.517  -31.982  60.033 0.0000000000
45265  -32.355  -34.152  54.541 0.0000000000
48747  -39.451  -31.041  46.497 0.0000000000
41505  -25.449  -37.098  64.475 0.0000000000
74446  -60.626  -8.381  44.588 0.0000000000
37658  -35.481  -39.442  60.170 0.0000000000
53121  -46.995  -27.233  46.784 0.0000000000
57393  -49.537  -23.042  43.629 0.0000000000
55274  -52.805  -24.748  48.364 0.0000000000
46387  -47.491  -32.528  54.965 0.0000000000
48613  -41.541  -31.542  53.426 0.0000000000
48727  -44.919  -31.351  47.882 0.0000000000
50885  -41.369  -29.704  42.634 0.0000000000
74508  -64.702  -7.648  40.245 0.0000000000
43999  -28.675  -35.560  65.650 0.0000000000
151153  -30.767  -38.684  60.903 0.0000000000
42766  -33.626  -36.238  63.855 0.0000000000
60932  -55.792  -21.170  39.358 0.0000000000
50669  -37.383  -29.444  62.651 0.0000000000
49607  -31.472  -30.667  59.199 0.0000000000
48538  -36.861  -31.072  56.996 0.0000000000
143018  -35.617  -31.571  50.809 0.0000000000
40231  -22.311  -38.386  61.821 0.0000000000
58535  -60.937  -22.113  44.023 0.0000000000
65444  -60.456  -17.044  42.154 0.0000000000
71204  -59.332  -12.107  46.943 0.0000000000
70257  -57.460  -12.222  40.703 0.0000000000
72399  -59.621  -9.945  37.195 0.0000000000
142751  -27.194  -36.567  57.847 0.0000000000
44055  -35.831  -36.522  60.064 0.0000000000
53073  -48.455  -27.660  49.246 0.0000000000
55247  -49.898  -25.640  48.035 0.0000000000
54112  -50.980  -26.379  50.074 0.0000000000
48638  -48.703  -31.452  53.011 0.0000000000
47609  -46.757  -32.320  51.851 0.0000000000
49740  -47.246  -30.248  49.956 0.0000000000
50840  -46.095  -29.717  47.630 0.0000000000
66653  -52.152  -14.746  31.970 0.0000000000
159925  -53.701  -13.343  35.041 0.0000000000
47407  -29.021  -32.575  64.817 0.0000000000
143561  -31.408  -36.508  64.721 0.0000000000
47420  -29.817  -33.075  62.677 0.0000000000
57465  -44.521  -23.528  39.428 0.0000000000
147709  -51.927  -22.596  43.307 0.0000000000
153805  -50.345  -22.205  40.686 0.0000000000
57451  -53.870  -23.381  40.053 0.0000000000
58647  -53.885  -22.940  37.842 0.0000000000
57454  -56.207  -23.555  40.533 0.0000000000
48478  -39.993  -30.732  61.116 0.0000000000
49611  -37.361  -30.408  59.667 0.0000000000
47473  -39.950  -31.534  58.106 0.0000000000
48684  -40.874  -30.759  50.020 0.0000000000
48631  -38.449  -31.610  52.507 0.0000000000
49747  -38.026  -30.863  48.912 0.0000000000
52001  -42.933  -28.221  41.966 0.0000000000
60918  -60.980  -19.517  42.050 0.0000000000
70205  -58.615  -12.264  43.755 0.0000000000
72348  -58.847  -10.125  42.469 0.0000000000
72377  -58.150  -9.882  39.596 0.0000000000
73456  -60.293  -8.735  40.726 0.0000000000
72404  -64.245  -10.282  38.038 0.0000000000
42772  -23.622  -36.318  63.555 0.0000000000
41548  -24.046  -37.045  59.870 0.0000000000
153697  -26.544  -36.809  61.220 0.0000000000
38942  -32.951  -39.435  60.938 0.0000000000
40271  -31.283  -38.676  58.338 0.0000000000
38987  -33.601  -39.648  58.225 0.0000000000
47513  -31.737  -32.347  56.654 0.0000000000
45216  -32.358  -34.727  58.925 0.0000000000
44080  -33.336  -35.674  56.780 0.0000000000
54218  -45.322  -26.447  43.531 0.0000000000
56411  -46.573  -24.347  42.551 0.0000000000
56363  -48.651  -24.927  45.263 0.0000000000
56365  -51.366  -23.984  45.933 0.0000000000
57338  -53.880  -23.743  46.238 0.0000000000
47498  -45.751  -32.291  57.991 0.0000000000
47519  -42.275  -31.869  56.306 0.0000000000
47571  -44.793  -31.837  54.472 0.0000000000
48672  -43.742  -31.441  50.432 0.0000000000
157295  -42.250  -31.448  47.256 0.0000000000
48797  -40.590  -31.199  44.777 0.0000000000
49771  -43.662  -30.478  45.177 0.0000000000
51974  -44.517  -28.848  44.384 0.0000000000
74478  -62.939  -8.086  42.714 0.0000000000
78833  -63.340  -4.557  43.012 0.0000000000
40173  -26.811  -38.052  65.998 0.0000000000
40221  -27.824  -38.477  62.498 0.0000000000
37599  -29.723  -39.165  64.097 0.0000000000
37613  -32.444  -39.216  63.045 0.0000000000
38914  -34.735  -38.460  62.708 0.0000000000
58580  -47.343  -22.562  40.022 0.0000000000
62066  -53.099  -19.595  36.445 0.0000000000
64377  -54.759  -18.071  37.308 0.0000000000
50651  -34.674  -29.225  63.171 0.0000000000
49578  -30.923  -30.018  61.726 0.0000000000
140231  -34.869  -29.543  60.860 0.0000000000
165267  -34.615  -29.977  57.836 0.0000000000
166172  -33.594  -31.289  54.830 0.0000000000
47566  -39.117  -32.424  54.919 0.0000000000
48589  -36.666  -32.044  54.002 0.0000000000
47605  -33.048  -32.728  52.238 0.0000000000
51918  -53.188  -28.179  52.887 0.0000000000
51776  -33.874  -28.045  65.590 0.0000000000
50655  -39.944  -29.408  63.575 0.0000000000
48469  -42.553  -30.648  62.073 0.0000000000
54116  -53.900  -26.363  50.549 0.0000000000
55254  -56.079  -25.150  48.805 0.0000000000
56339  -57.142  -24.327  46.502 0.0000000000
144399  -60.215  -24.022  46.512 0.0000000000
57401  -58.213  -23.438  42.868 0.0000000000
59742  -58.493  -22.309  41.636 0.0000000000
62044  -58.426  -19.164  40.090 0.0000000000
65468  -56.441  -16.649  39.795 0.0000000000
69064  -60.644  -14.443  44.347 0.0000000000
67857  -58.370  -14.633  42.106 0.0000000000
148518  -55.501  -13.650  39.248 0.0000000000
71333  -55.889  -11.820  37.043 0.0000000000
74537  -61.989  -8.298  37.962 0.0000000000
40256  -22.843  -38.792  59.445 0.0000000000
42879  -27.586  -36.510  55.021 0.0000000000
41563  -28.481  -37.733  59.439 0.0000000000
156816  -29.861  -37.606  56.620 0.0000000000
139631  -31.308  -34.135  60.767 0.0000000000
44031  -35.225  -35.887  62.329 0.0000000000
40214  -36.953  -37.821  62.412 0.0000000000
41543  -39.086  -37.883  60.733 0.0000000000
51938  -49.249  -28.072  50.897 0.0000000000
53075  -50.098  -26.867  50.096 0.0000000000
53032  -50.806  -27.512  51.440 0.0000000000
49706  -49.029  -30.563  52.819 0.0000000000
146444  -47.956  -30.693  51.478 0.0000000000
50810  -48.415  -29.487  51.230 0.0000000000
51945  -47.940  -28.568  49.659 0.0000000000
65513  -52.672  -16.580  35.651 0.0000000000
67922  -52.551  -14.672  35.206 0.0000000000
69166  -52.923  -13.860  33.817 0.0000000000
67923  -53.166  -14.049  35.752 0.0000000000
147825  -30.363  -30.356  64.761 0.0000000000
47414  -29.284  -32.489  64.203 0.0000000000
48455  -29.768  -31.232  63.301 0.0000000000
55369  -43.051  -25.332  39.809 0.0000000000
56439  -44.124  -24.214  39.882 0.0000000000
58532  -53.742  -22.698  43.700 0.0000000000
58566  -53.477  -22.665  41.705 0.0000000000
58567  -54.405  -22.951  41.844 0.0000000000
154736  -55.110  -23.700  40.417 0.0000000000
57416  -56.195  -23.516  41.860 0.0000000000
48495  -41.408  -31.184  60.834 0.0000000000
48510  -40.429  -31.235  59.744 0.0000000000
47457  -41.055  -31.613  59.278 0.0000000000
49755  -40.057  -30.667  48.016 0.0000000000
49738  -39.460  -30.725  49.415 0.0000000000
149520  -38.374  -30.747  48.129 0.0000000000
48720  -37.430  -31.367  47.235 0.0000000000
54241  -43.100  -26.753  40.922 0.0000000000
53168  -41.670  -27.863  40.070 0.0000000000
54252  -42.221  -26.394  39.545 0.0000000000
72319  -58.717  -10.120  44.148 0.0000000000
73434  -59.456  -9.524  42.904 0.0000000000
140922  -59.437  -9.548  42.129 0.0000000000
73435  -60.299  -9.002  42.536 0.0000000000
42765  -24.251  -36.319  64.240 0.0000000000
42785  -25.299  -36.411  61.980 0.0000000000
41528  -25.844  -36.747  62.719 0.0000000000
37656  -33.749  -39.506  60.676 0.0000000000
38975  -33.443  -39.481  59.163 0.0000000000
38976  -34.311  -39.722  58.822 0.0000000000
37675  -35.125  -40.055  58.439 0.0000000000
144081  -35.953  -39.799  59.386 0.0000000000
46372  -31.982  -33.293  55.564 0.0000000000
45247  -32.280  -34.439  56.642 0.0000000000
44087  -33.319  -35.639  55.747 0.0000000000
54201  -46.505  -26.687  45.380 0.0000000000
55330  -46.651  -25.639  44.336 0.0000000000
54203  -47.857  -25.932  46.081 0.0000000000
55249  -51.233  -25.208  48.761 0.0000000000
55300  -50.178  -24.823  46.702 0.0000000000
56306  -51.643  -24.505  47.243 0.0000000000
56366  -52.147  -23.865  46.056 0.0000000000
56335  -53.360  -24.204  47.029 0.0000000000
47522  -46.430  -32.252  57.188 0.0000000000
47520  -44.936  -31.857  56.528 0.0000000000
47572  -46.166  -32.073  55.110 0.0000000000
47652  -45.895  -31.855  49.721 0.0000000000
47622  -45.187  -31.970  51.215 0.0000000000
48687  -44.688  -31.704  49.221 0.0000000000
48703  -43.181  -31.373  48.852 0.0000000000
48726  -44.069  -31.494  47.560 0.0000000000
48750  -42.900  -31.314  46.003 0.0000000000
48752  -44.510  -31.228  47.008 0.0000000000
51968  -46.566  -28.000  47.135 0.0000000000
50852  -45.547  -29.056  46.239 0.0000000000
157573  -45.657  -27.777  45.301 0.0000000000
53142  -45.018  -27.312  43.860 0.0000000000
41484  -28.107  -37.447  66.049 0.0000000000
38879  -28.364  -39.033  65.249 0.0000000000
38866  -29.035  -38.281  65.928 0.0000000000
42757  -32.323  -36.670  64.510 0.0000000000
38883  -31.835  -38.375  64.611 0.0000000000
40198  -33.155  -38.295  64.077 0.0000000000
37615  -33.607  -39.173  62.450 0.0000000000
145378  -34.558  -37.746  63.712 0.0000000000
57391  -47.951  -23.610  43.168 0.0000000000
57432  -47.546  -23.050  41.537 0.0000000000
57433  -48.217  -22.875  41.989 0.0000000000
139608  -51.206  -22.557  38.652 0.0000000000
142475  -50.322  -22.100  39.211 0.0000000000
58644  -50.026  -22.642  37.110 0.0000000000
59777  -54.420  -22.309  38.355 0.0000000000
59793  -53.187  -21.345  37.362 0.0000000000
164312  -54.421  -20.115  37.924 0.0000000000
62068  -54.183  -18.925  36.802 0.0000000000
62050  -55.740  -19.528  38.459 0.0000000000
141554  -35.724  -29.178  63.012 0.0000000000
143436  -34.216  -29.329  62.462 0.0000000000
50684  -35.485  -29.554  61.489 0.0000000000
48521  -37.701  -30.960  58.184 0.0000000000
145190  -36.028  -30.170  58.480 0.0000000000
49638  -35.480  -30.448  57.191 0.0000000000
49652  -34.216  -30.581  56.320 0.0000000000
48556  -35.802  -31.100  55.930 0.0000000000
47568  -41.470  -31.983  55.026 0.0000000000
141795  -40.699  -32.147  55.569 0.0000000000
163975  -40.361  -32.073  54.042 0.0000000000
139476  -36.936  -31.534  51.985 0.0000000000
48609  -37.915  -31.963  53.220 0.0000000000
48629  -36.098  -31.704  52.351 0.0000000000
48607  -35.197  -31.750  53.489 0.0000000000
49809  -40.400  -30.615  43.593 0.0000000000
49553  -41.366  -29.659  62.933 0.0000000000
47450  -46.378  -31.927  59.726 0.0000000000
53035  -53.476  -27.260  51.715 0.0000000000
54138  -56.669  -25.755  49.774 0.0000000000
55255  -56.937  -25.230  48.715 0.0000000000
56310  -55.920  -24.520  47.526 0.0000000000
55280  -58.280  -24.773  47.878 0.0000000000
57363  -60.606  -23.341  45.289 0.0000000000
56391  -59.480  -23.646  44.769 0.0000000000
57403  -59.459  -23.226  43.573 0.0000000000
58549  -58.717  -23.052  42.308 0.0000000000
58551  -59.917  -22.269  43.038 0.0000000000
151445  -60.785  -18.082  41.786 0.0000000000
62014  -59.872  -19.506  41.209 0.0000000000
64311  -59.529  -17.881  41.000 0.0000000000
143037  -57.608  -17.743  39.800 0.0000000000
65458  -58.478  -16.876  41.050 0.0000000000
70191  -60.631  -13.650  45.891 0.0000000000
70235  -58.482  -12.598  42.506 0.0000000000
70236  -58.779  -13.201  43.053 0.0000000000
69095  -57.673  -13.387  41.404 0.0000000000
67864  -56.804  -14.268  40.779 0.0000000000
70256  -56.825  -12.723  40.286 0.0000000000
70274  -55.504  -12.558  38.168 0.0000000000
71295  -56.653  -11.533  39.203 0.0000000000
73481  -58.327  -9.700  37.824 0.0000000000
72397  -57.426  -10.516  37.330 0.0000000000
71337  -58.856  -11.165  36.404 0.0000000000
74494  -63.894  -7.520  41.841 0.0000000000
142831  -62.648  -8.053  40.985 0.0000000000
74523  -64.005  -7.986  39.356 0.0000000000
42830  -25.164  -36.649  58.710 0.0000000000
41576  -24.440  -37.155  58.477 0.0000000000
42853  -25.819  -36.672  56.972 0.0000000000
42865  -25.979  -36.742  56.073 0.0000000000
42855  -27.421  -36.546  56.427 0.0000000000
40234  -28.807  -38.587  61.727 0.0000000000
40233  -27.950  -37.948  60.951 0.0000000000
40245  -29.523  -38.422  60.207 0.0000000000
40286  -30.121  -37.932  57.569 0.0000000000
39028  -32.388  -39.706  55.692 0.0000000000
50703  -31.615  -29.799  60.498 0.0000000000
150633  -30.249  -31.517  60.869 0.0000000000
47456  -30.679  -32.182  59.782 0.0000000000
44053  -34.518  -36.017  59.518 0.0000000000
45205  -33.878  -35.346  60.657 0.0000000000
44037  -35.898  -36.317  61.201 0.0000000000
44025  -36.360  -36.559  62.305 0.0000000000
159024  -37.154  -36.852  61.418 0.0000000000
163519  -38.075  -38.833  61.042 0.0000000000
53088  -48.092  -27.334  48.354 0.0000000000
158835  -48.653  -26.321  47.421 0.0000000000
53089  -48.958  -26.930  48.842 0.0000000000
54133  -50.433  -26.285  49.555 0.0000000000
55233  -51.770  -25.466  49.358 0.0000000000
147576  -48.298  -32.532  54.209 0.0000000000
47595  -47.113  -32.393  53.332 0.0000000000
47626  -47.601  -31.941  51.875 0.0000000000
48674  -46.802  -31.608  50.329 0.0000000000
48708  -46.386  -31.106  49.069 0.0000000000
49756  -45.476  -30.616  47.455 0.0000000000
50834  -46.665  -29.918  48.781 0.0000000000
51952  -47.117  -28.603  48.527 0.0000000000
69175  -54.789  -13.232  33.552 0.0000000000
46261  -28.612  -33.260  65.221 0.0000000000
149647  -29.904  -36.276  65.203 0.0000000000
46267  -29.575  -34.078  64.230 0.0000000000
45169  -30.364  -34.556  63.837 0.0000000000
46284  -31.447  -34.473  62.929 0.0000000000
58530  -51.023  -22.624  43.142 0.0000000000
58543  -49.846  -22.532  42.143 0.0000000000
58545  -51.702  -22.460  42.432 0.0000000000
145788  -52.312  -22.489  40.735 0.0000000000
153619  -52.903  -23.267  39.095 0.0000000000
156325  -52.767  -23.681  37.538 0.0000000000
153438  -53.886  -23.714  38.612 0.0000000000
58603  -54.671  -23.626  38.894 0.0000000000
58605  -56.077  -23.116  39.840 0.0000000000
49582  -38.610  -30.169  61.449 0.0000000000
158270  -37.130  -29.899  60.996 0.0000000000
48492  -38.964  -30.770  60.020 0.0000000000
48508  -38.782  -30.917  59.191 0.0000000000
48540  -38.327  -31.408  57.569 0.0000000000
48652  -40.773  -30.943  51.755 0.0000000000
145486  -40.233  -31.561  52.928 0.0000000000
48651  -39.851  -31.051  51.732 0.0000000000
48668  -38.502  -31.148  51.018 0.0000000000
140613  -36.977  -31.108  50.051 0.0000000000
47649  -35.626  -32.333  49.565 0.0000000000
48700  -36.730  -31.678  48.595 0.0000000000
51986  -42.635  -28.819  42.490 0.0000000000
51999  -41.387  -28.821  41.112 0.0000000000
59719  -62.311  -21.145  44.823 0.0000000000
59736  -60.931  -20.835  43.075 0.0000000000
60897  -62.255  -19.860  43.872 0.0000000000
64284  -62.125  -17.933  43.034 0.0000000000
65425  -61.462  -16.944  42.982 0.0000000000
71203  -58.934  -10.994  47.112 0.0000000000
70189  -59.219  -12.615  45.230 0.0000000000
72305  -58.630  -10.580  45.387 0.0000000000
71254  -58.454  -11.585  43.201 0.0000000000
71279  -58.276  -11.359  41.577 0.0000000000
72368  -57.771  -10.623  40.085 0.0000000000
72369  -58.339  -10.194  40.489 0.0000000000
73462  -58.783  -9.531  40.047 0.0000000000
74519  -59.941  -8.598  38.832 0.0000000000
162254  -65.555  -7.686  39.518 0.0000000000
74540  -64.916  -8.702  38.188 0.0000000000
73471  -65.682  -9.450  37.967 0.0000000000
41515  -22.280  -37.141  63.413 0.0000000000
40232  -23.073  -37.737  60.799 0.0000000000
42783  -23.694  -36.616  61.881 0.0000000000
42809  -25.131  -36.427  60.516 0.0000000000
42818  -26.476  -36.543  59.764 0.0000000000
38956  -31.574  -38.920  60.667 0.0000000000
38972  -30.920  -38.679  59.947 0.0000000000
38973  -31.813  -38.966  59.770 0.0000000000
38986  -32.775  -39.337  58.535 0.0000000000
38998  -32.940  -39.472  57.484 0.0000000000
39013  -33.380  -39.935  56.819 0.0000000000
38999  -33.685  -39.875  57.495 0.0000000000
48535  -31.642  -31.337  57.873 0.0000000000
158376  -31.130  -33.072  58.766 0.0000000000
46331  -31.717  -33.888  57.710 0.0000000000
45238  -32.746  -35.093  57.969 0.0000000000
44064  -35.011  -36.436  58.827 0.0000000000
54223  -44.969  -25.952  42.618 0.0000000000
56420  -44.886  -24.903  41.390 0.0000000000
55347  -46.148  -24.957  42.949 0.0000000000
56400  -47.517  -24.291  43.583 0.0000000000
57373  -49.030  -23.619  44.188 0.0000000000
55299  -49.348  -25.281  46.486 0.0000000000
145766  -49.790  -24.267  45.389 0.0000000000
57374  -49.872  -23.408  44.360 0.0000000000
57376  -51.545  -23.198  44.708 0.0000000000
143309  -53.026  -23.164  45.015 0.0000000000
57379  -54.815  -23.060  44.634 0.0000000000
47477  -43.826  -32.090  58.653 0.0000000000
142955  -42.214  -31.949  57.982 0.0000000000
165169  -43.342  -31.815  57.313 0.0000000000
47569  -43.368  -31.710  55.065 0.0000000000
48591  -42.957  -31.639  54.260 0.0000000000
155295  -45.410  -31.934  52.993 0.0000000000
48615  -44.183  -31.627  52.713 0.0000000000
48653  -42.677  -31.152  51.823 0.0000000000
141122  -42.420  -31.024  50.404 0.0000000000
145176  -41.286  -30.837  49.086 0.0000000000
48748  -40.456  -31.138  46.740 0.0000000000
48771  -39.564  -31.283  45.601 0.0000000000
48773  -41.555  -31.325  45.601 0.0000000000
48798  -41.507  -31.066  44.882 0.0000000000
49811  -42.721  -30.104  44.126 0.0000000000
49760  -44.890  -30.135  46.153 0.0000000000
50857  -44.327  -29.536  44.721 0.0000000000
50868  -43.248  -29.468  43.762 0.0000000000
51988  -43.832  -28.148  43.062 0.0000000000
53148  -44.083  -27.385  42.773 0.0000000000
74463  -61.950  -8.230  43.646 0.0000000000
75456  -62.356  -6.938  44.403 0.0000000000
75469  -63.207  -7.151  43.238 0.0000000000
164840  -64.035  -6.664  42.107 0.0000000000
77713  -64.523  -6.586  41.026 0.0000000000
76580  -65.328  -6.791  39.941 0.0000000000
38876  -26.450  -38.170  65.013 0.0000000000
144959  -26.835  -37.854  63.078 0.0000000000
38908  -27.336  -38.576  63.890 0.0000000000
38924  -28.464  -38.810  62.840 0.0000000000
38926  -30.263  -38.873  62.290 0.0000000000
40186  -30.624  -38.484  65.024 0.0000000000
37612  -31.380  -39.247  63.148 0.0000000000
147873  -31.806  -39.250  62.029 0.0000000000
37639  -32.672  -39.376  61.694 0.0000000000
37640  -33.472  -39.458  61.383 0.0000000000
37630  -34.818  -39.163  61.487 0.0000000000
57430  -45.966  -23.861  41.129 0.0000000000
58579  -46.017  -23.028  39.921 0.0000000000
151097  -49.176  -22.208  40.441 0.0000000000
64397  -53.777  -17.735  36.465 0.0000000000
65497  -54.491  -16.885  37.683 0.0000000000
49548  -32.924  -29.317  63.964 0.0000000000
49564  -31.592  -29.577  62.856 0.0000000000
50666  -33.248  -29.291  62.404 0.0000000000
50682  -32.871  -29.270  61.547 0.0000000000
50723  -32.464  -29.658  59.780 0.0000000000
49596  -35.965  -29.866  59.859 0.0000000000
50725  -34.797  -29.698  59.064 0.0000000000
49621  -32.976  -29.988  58.192 0.0000000000
49650  -32.844  -30.532  56.726 0.0000000000
140549  -32.378  -31.599  55.777 0.0000000000
47563  -32.523  -32.513  54.275 0.0000000000
158044  -41.034  -31.799  57.123 0.0000000000
47517  -39.457  -31.985  56.510 0.0000000000
47515  -37.875  -31.965  55.972 0.0000000000
47590  -39.026  -32.291  54.115 0.0000000000
149745  -37.757  -32.235  54.610 0.0000000000
48572  -36.384  -31.550  55.410 0.0000000000
48587  -35.122  -31.579  54.300 0.0000000000
48605  -33.629  -31.881  53.630 0.0000000000
48795  -38.726  -31.228  44.480 0.0000000000
50797  -50.370  -29.310  52.955 0.0000000000
51916  -51.122  -28.567  52.706 0.0000000000
41503  -22.092  -36.810  64.232 0.0000000000
41480  -24.783  -37.244  66.802 0.0000000000
41469  -25.875  -37.051  67.032 0.0000000000
43991  -26.819  -35.686  66.965 0.0000000000
48430  -28.996  -31.337  65.838 0.0000000000
49520  -30.343  -29.966  65.497 0.0000000000
49522  -31.772  -29.116  65.465 0.0000000000
50626  -33.235  -28.938  65.172 0.0000000000
50636  -34.445  -28.944  64.424 0.0000000000
138232  -35.899  -28.895  63.779 0.0000000000
146023  -37.597  -29.156  63.274 0.0000000000
50640  -38.643  -28.982  63.817 0.0000000000
49550  -39.025  -29.699  62.959 0.0000000000
49569  -40.396  -30.157  62.563 0.0000000000
48480  -41.610  -30.952  61.563 0.0000000000
47437  -42.630  -31.291  61.211 0.0000000000
154232  -43.941  -32.145  60.082 0.0000000000
47479  -45.455  -32.324  58.900 0.0000000000
155716  -46.746  -32.406  57.952 0.0000000000
49691  -50.332  -30.621  53.824 0.0000000000
141273  -51.687  -27.716  52.053 0.0000000000
53055  -52.417  -26.706  50.874 0.0000000000
55235  -53.362  -25.544  49.701 0.0000000000
53058  -55.509  -26.544  50.921 0.0000000000
149408  -55.009  -25.676  49.658 0.0000000000
55275  -53.678  -24.759  48.480 0.0000000000
56309  -54.996  -24.492  47.659 0.0000000000
56367  -55.753  -23.856  46.000 0.0000000000
57362  -56.184  -23.625  45.143 0.0000000000
150631  -58.729  -24.310  46.326 0.0000000000
56389  -57.941  -23.793  44.790 0.0000000000
57400  -57.017  -23.532  43.144 0.0000000000
142451  -57.370  -23.484  41.890 0.0000000000
58589  -57.180  -23.032  40.879 0.0000000000
59765  -57.029  -21.316  40.266 0.0000000000
59744  -59.923  -20.924  42.026 0.0000000000
62028  -58.633  -19.822  40.568 0.0000000000
62042  -56.925  -19.685  39.371 0.0000000000
63184  -56.538  -18.576  38.727 0.0000000000
64352  -55.720  -17.349  38.575 0.0000000000
65484  -54.699  -16.278  38.310 0.0000000000
67830  -61.762  -15.491  44.386 0.0000000000
66556  -60.549  -15.834  43.066 0.0000000000
70223  -59.592  -13.586  44.164 0.0000000000
67846  -59.421  -14.663  43.042 0.0000000000
66569  -59.356  -15.939  42.311 0.0000000000
66579  -57.426  -15.654  41.093 0.0000000000
66591  -56.071  -15.595  40.073 0.0000000000
67883  -54.605  -14.546  38.334 0.0000000000
69130  -54.316  -13.588  37.140 0.0000000000
70303  -54.842  -12.603  36.079 0.0000000000
160973  -55.780  -12.404  35.198 0.0000000000
71307  -56.967  -10.775  38.690 0.0000000000
71334  -56.546  -11.490  36.636 0.0000000000
140107  -56.981  -13.174  34.229 0.0000000000
74491  -61.942  -8.352  41.618 0.0000000000
151101  -61.538  -8.070  39.542 0.0000000000
74551  -60.745  -8.745  37.731 0.0000000000
74554  -63.423  -8.733  37.785 0.0000000000
73485  -62.017  -9.386  37.507 0.0000000000
71322  -60.939  -11.031  37.149 0.0000000000
40257  -23.379  -37.863  59.839 0.0000000000
41540  -26.948  -37.361  61.890 0.0000000000
41550  -27.519  -37.384  60.517 0.0000000000
41577  -28.286  -37.295  58.631 0.0000000000
40269  -29.898  -38.087  58.512 0.0000000000
40285  -29.443  -37.720  58.060 0.0000000000
41596  -28.600  -36.961  57.171 0.0000000000
42857  -28.910  -36.833  55.793 0.0000000000
48465  -29.833  -31.318  62.455 0.0000000000
46292  -30.248  -33.351  61.816 0.0000000000
140695  -32.806  -34.880  62.577 0.0000000000
46311  -31.410  -34.053  60.018 0.0000000000
46296  -33.390  -35.033  61.661 0.0000000000
143063  -34.685  -36.160  63.294 0.0000000000
41521  -35.643  -37.070  63.077 0.0000000000
40212  -35.609  -38.079  62.419 0.0000000000
38944  -36.214  -38.998  60.903 0.0000000000
42847  -35.238  -37.038  57.484 0.0000000000
42821  -36.428  -37.092  59.290 0.0000000000
42812  -37.687  -37.374  60.384 0.0000000000
41531  -38.008  -37.644  61.896 0.0000000000
38945  -37.277  -39.097  60.878 0.0000000000
152129  -36.094  -39.312  60.344 0.0000000000
157251  -49.255  -28.685  51.527 0.0000000000
51926  -49.978  -28.025  51.558 0.0000000000
50796  -49.492  -29.667  52.575 0.0000000000
49718  -48.660  -30.117  52.096 0.0000000000
164785  -49.160  -29.333  51.945 0.0000000000
160614  -48.834  -28.689  51.081 0.0000000000
66630  -52.873  -15.876  36.063 0.0000000000
66629  -52.446  -15.591  35.461 0.0000000000
66620  -52.825  -15.035  36.037 0.0000000000
67912  -53.384  -14.606  36.564 0.0000000000
49534  -31.123  -29.842  64.562 0.0000000000
48447  -29.853  -30.978  64.220 0.0000000000
49545  -30.289  -30.457  63.565 0.0000000000
56425  -43.736  -25.016  40.281 0.0000000000
58548  -54.661  -22.826  42.928 0.0000000000
57415  -55.297  -23.284  41.878 0.0000000000
138875  -55.662  -23.233  42.727 0.0000000000
47445  -41.931  -31.658  60.404 0.0000000000
47458  -41.811  -31.867  59.675 0.0000000000
47459  -42.427  -32.001  59.378 0.0000000000
48722  -39.807  -30.784  47.356 0.0000000000
49754  -39.285  -30.629  48.050 0.0000000000
54227  -43.643  -26.460  41.351 0.0000000000
54240  -42.635  -26.742  40.292 0.0000000000
55357  -43.299  -25.981  40.530 0.0000000000
162048  -42.715  -26.005  39.929 0.0000000000
74436  -60.189  -8.336  45.437 0.0000000000
73411  -60.011  -8.850  44.148 0.0000000000
73425  -60.259  -8.947  43.341 0.0000000000
74462  -60.988  -8.482  43.831 0.0000000000
41517  -24.937  -36.584  64.146 0.0000000000
41518  -25.486  -36.786  63.586 0.0000000000
37657  -34.551  -39.488  60.416 0.0000000000
38959  -34.083  -39.540  59.794 0.0000000000
158636  -35.095  -39.662  59.403 0.0000000000
152950  -32.147  -33.515  54.902 0.0000000000
45257  -32.236  -34.160  55.479 0.0000000000
45266  -32.734  -34.930  55.121 0.0000000000
53133  -46.720  -26.964  46.083 0.0000000000
54202  -47.163  -26.290  45.727 0.0000000000
54186  -47.420  -26.587  46.435 0.0000000000
150680  -51.913  -24.754  48.156 0.0000000000
55273  -51.065  -24.871  47.901 0.0000000000
56307  -52.572  -24.491  47.557 0.0000000000
47549  -46.883  -32.349  55.528 0.0000000000
47573  -46.884  -32.328  54.776 0.0000000000
159383  -45.423  -31.734  49.316 0.0000000000
47651  -45.338  -31.883  49.795 0.0000000000
48705  -45.166  -31.574  48.716 0.0000000000
48704  -43.955  -31.574  48.830 0.0000000000
53120  -46.333  -27.728  46.379 0.0000000000
53132  -46.133  -27.420  45.686 0.0000000000
164848  -28.466  -36.042  65.997 0.0000000000
165009  -28.568  -37.837  65.999 0.0000000000
154087  -29.124  -36.360  65.655 0.0000000000
44008  -32.781  -36.166  64.039 0.0000000000
41495  -32.678  -37.381  64.576 0.0000000000
156880  -33.492  -37.288  64.289 0.0000000000
40199  -33.911  -38.077  63.972 0.0000000000
42759  -34.116  -36.852  64.057 0.0000000000
57392  -48.717  -23.299  43.422 0.0000000000
57413  -48.453  -23.045  42.660 0.0000000000
57414  -49.256  -22.805  42.825 0.0000000000
57483  -51.898  -23.167  38.177 0.0000000000
59778  -55.070  -21.719  38.876 0.0000000000
60948  -54.484  -20.882  38.331 0.0000000000
145005  -55.342  -20.474  38.777 0.0000000000
156987  -54.924  -19.857  38.189 0.0000000000
50668  -36.597  -29.354  62.573 0.0000000000
50685  -36.070  -29.464  62.090 0.0000000000
49565  -37.071  -29.671  61.845 0.0000000000
48520  -37.081  -30.873  57.682 0.0000000000
49639  -36.275  -30.556  57.617 0.0000000000
48537  -36.088  -30.796  56.712 0.0000000000
48557  -36.634  -31.303  56.201 0.0000000000
48590  -41.998  -31.723  54.204 0.0000000000
47592  -41.079  -31.875  54.149 0.0000000000
48648  -36.171  -31.468  51.360 0.0000000000
48647  -35.316  -31.699  51.590 0.0000000000
49833  -41.350  -30.235  43.439 0.0000000000
49832  -40.573  -30.129  42.842 0.0000000000
55279  -57.368  -24.865  48.059 0.0000000000
58520  -61.290  -22.362  44.657 0.0000000000
57364  -61.369  -23.124  45.779 0.0000000000
57384  -60.945  -22.894  44.961 0.0000000000
57383  -60.328  -23.174  44.559 0.0000000000
57404  -60.045  -23.059  43.891 0.0000000000
58533  -59.703  -22.908  43.270 0.0000000000
58534  -60.281  -22.555  43.651 0.0000000000
64295  -60.648  -17.685  41.866 0.0000000000
63149  -60.247  -18.148  41.352 0.0000000000
64294  -60.023  -17.475  41.569 0.0000000000
64310  -58.787  -17.595  40.709 0.0000000000
65459  -59.262  -17.202  41.318 0.0000000000
71176  -59.203  -12.277  47.733 0.0000000000
70157  -60.032  -13.099  47.325 0.0000000000
70176  -60.589  -13.581  46.558 0.0000000000
151536  -60.064  -13.098  46.366 0.0000000000
70250  -58.255  -12.338  41.829 0.0000000000
151823  -58.123  -13.041  41.795 0.0000000000
70249  -57.823  -12.590  41.304 0.0000000000
141858  -57.400  -12.855  40.912 0.0000000000
157736  -56.527  -12.220  39.577 0.0000000000
70267  -57.041  -11.866  40.010 0.0000000000
73482  -59.191  -9.333  37.728 0.0000000000
72398  -58.780  -9.983  37.262 0.0000000000
72414  -59.246  -10.549  36.811 0.0000000000
147774  -59.691  -11.203  36.580 0.0000000000
140370  -63.942  -7.703  41.089 0.0000000000
74507  -64.144  -7.796  40.284 0.0000000000
151651  -26.044  -36.411  58.904 0.0000000000
42842  -25.712  -36.553  57.944 0.0000000000
42843  -26.505  -36.522  57.466 0.0000000000
42854  -26.601  -36.557  56.626 0.0000000000
42844  -27.271  -36.559  57.190 0.0000000000
38954  -29.959  -38.604  61.025 0.0000000000
40235  -29.145  -38.549  61.036 0.0000000000
38955  -30.251  -38.568  60.389 0.0000000000
39027  -31.723  -39.323  55.213 0.0000000000
49608  -31.730  -30.129  59.661 0.0000000000
49595  -31.123  -30.559  59.987 0.0000000000
48506  -31.012  -31.307  59.489 0.0000000000
44045  -35.124  -36.165  60.155 0.0000000000
161428  -34.991  -35.905  60.654 0.0000000000
44046  -35.566  -36.247  60.639 0.0000000000
44038  -36.628  -36.618  61.302 0.0000000000
44047  -36.375  -36.660  60.589 0.0000000000
54154  -51.074  -25.825  49.448 0.0000000000
54113  -51.865  -25.939  49.954 0.0000000000
47598  -48.898  -32.229  53.991 0.0000000000
47597  -48.290  -32.350  53.631 0.0000000000
48637  -48.087  -31.780  52.446 0.0000000000
49731  -47.590  -30.395  50.656 0.0000000000
48675  -47.378  -31.285  50.865 0.0000000000
49730  -47.051  -30.998  50.098 0.0000000000
48690  -46.551  -31.291  49.624 0.0000000000
49751  -46.744  -30.606  49.369 0.0000000000
49750  -46.346  -30.630  48.651 0.0000000000
51944  -47.395  -28.828  49.051 0.0000000000
51953  -47.733  -28.133  48.858 0.0000000000
53087  -47.407  -27.958  48.246 0.0000000000
67936  -51.892  -14.725  32.895 0.0000000000
69167  -53.738  -13.418  33.901 0.0000000000
69168  -54.618  -12.908  34.523 0.0000000000
45155  -29.095  -34.311  64.856 0.0000000000
46266  -29.091  -33.512  64.661 0.0000000000
46282  -29.494  -32.874  63.505 0.0000000000
46274  -29.885  -33.816  63.573 0.0000000000
164560  -29.846  -33.412  63.172 0.0000000000
46275  -30.845  -34.422  63.354 0.0000000000
46283  -30.419  -33.892  62.924 0.0000000000
57464  -43.768  -23.802  39.132 0.0000000000
58586  -53.284  -22.789  40.787 0.0000000000
58565  -52.482  -22.458  41.632 0.0000000000
58585  -53.112  -22.936  39.920 0.0000000000
58584  -52.145  -22.582  39.839 0.0000000000
57467  -53.420  -23.601  38.604 0.0000000000
57468  -53.810  -23.626  39.234 0.0000000000
57453  -55.486  -23.769  40.055 0.0000000000
57470  -55.069  -23.733  39.454 0.0000000000
58587  -55.771  -23.627  39.920 0.0000000000
58604  -55.339  -23.457  39.379 0.0000000000
49583  -39.405  -30.317  61.678 0.0000000000
48477  -39.187  -30.557  60.858 0.0000000000
48524  -40.187  -31.436  58.942 0.0000000000
48509  -39.590  -31.067  59.446 0.0000000000
48523  -39.365  -31.276  58.655 0.0000000000
48522  -38.553  -31.159  58.410 0.0000000000
48541  -39.134  -31.487  57.830 0.0000000000
48671  -41.456  -30.870  50.851 0.0000000000
48670  -40.374  -30.890  50.892 0.0000000000
49737  -38.652  -30.811  49.532 0.0000000000
49727  -38.551  -30.986  50.290 0.0000000000
49726  -37.838  -30.995  49.741 0.0000000000
48667  -37.776  -31.112  50.610 0.0000000000
48683  -37.195  -31.228  49.162 0.0000000000
52000  -42.167  -28.661  41.690 0.0000000000
52014  -41.929  -28.243  40.789 0.0000000000
59720  -62.833  -20.679  45.288 0.0000000000
60885  -62.548  -20.287  44.597 0.0000000000
64253  -62.952  -17.690  44.541 0.0000000000
64270  -62.798  -17.913  44.044 0.0000000000
64269  -62.463  -17.585  43.605 0.0000000000
65426  -62.000  -17.281  43.248 0.0000000000
65403  -62.351  -16.923  43.763 0.0000000000
74421  -59.375  -8.680  46.859 0.0000000000
74398  -59.041  -8.606  48.327 0.0000000000
73363  -58.962  -9.563  47.239 0.0000000000
72290  -58.826  -10.245  46.532 0.0000000000
71215  -58.706  -10.676  45.964 0.0000000000
73395  -58.785  -9.979  45.781 0.0000000000
72336  -58.778  -10.145  43.272 0.0000000000
72318  -58.405  -10.837  43.653 0.0000000000
72335  -58.505  -10.852  42.792 0.0000000000
71265  -58.429  -11.704  42.355 0.0000000000
72347  -58.550  -10.763  42.018 0.0000000000
142309  -58.560  -10.407  41.304 0.0000000000
160451  -58.874  -10.077  41.854 0.0000000000
73448  -60.099  -8.985  41.563 0.0000000000
73455  -59.510  -9.181  40.588 0.0000000000
73463  -59.336  -9.000  39.514 0.0000000000
74503  -60.073  -8.650  39.878 0.0000000000
74526  -66.085  -8.085  38.959 0.0000000000
74541  -65.667  -8.491  38.588 0.0000000000
41516  -22.914  -36.696  62.976 0.0000000000
41527  -23.081  -36.907  62.145 0.0000000000
140031  -23.841  -36.388  62.668 0.0000000000
42795  -24.776  -36.381  61.245 0.0000000000
42796  -25.658  -36.449  61.231 0.0000000000
42810  -26.037  -36.468  60.480 0.0000000000
38957  -32.396  -39.237  60.380 0.0000000000
38997  -32.112  -39.069  57.968 0.0000000000
37689  -35.093  -40.433  57.837 0.0000000000
48552  -31.835  -31.601  56.980 0.0000000000
47490  -31.454  -32.215  57.453 0.0000000000
46341  -31.558  -33.058  57.145 0.0000000000
45248  -32.735  -35.085  57.122 0.0000000000
45237  -32.217  -34.528  57.428 0.0000000000
44062  -33.379  -35.585  57.748 0.0000000000
44063  -34.077  -36.009  58.493 0.0000000000
44072  -33.968  -36.211  57.444 0.0000000000
55346  -45.597  -25.272  42.628 0.0000000000
55339  -45.722  -25.643  43.225 0.0000000000
55331  -47.342  -25.307  44.661 0.0000000000
55341  -47.087  -24.963  43.965 0.0000000000
56384  -47.794  -24.646  44.308 0.0000000000
56401  -48.226  -23.924  43.934 0.0000000000
56385  -48.609  -24.372  44.710 0.0000000000
54171  -49.226  -26.017  47.706 0.0000000000
54188  -48.952  -25.848  46.994 0.0000000000
55271  -49.656  -25.454  47.249 0.0000000000
56333  -51.016  -24.376  46.586 0.0000000000
159937  -50.462  -24.246  45.824 0.0000000000
56387  -50.202  -23.796  45.044 0.0000000000
57357  -51.017  -23.673  45.241 0.0000000000
57375  -50.713  -23.289  44.531 0.0000000000
57337  -52.966  -23.819  46.190 0.0000000000
57359  -52.617  -23.488  45.518 0.0000000000
57360  -53.430  -23.409  45.533 0.0000000000
57378  -53.820  -22.976  44.698 0.0000000000
154524  -54.324  -23.373  45.457 0.0000000000
141156  -44.777  -32.135  58.360 0.0000000000
47496  -43.996  -31.870  57.814 0.0000000000
47497  -44.872  -31.933  57.491 0.0000000000
47547  -45.080  -31.880  55.411 0.0000000000
47546  -43.944  -31.702  55.926 0.0000000000
140280  -44.202  -31.770  55.050 0.0000000000
47570  -43.901  -31.686  54.334 0.0000000000
157798  -46.710  -32.327  52.627 0.0000000000
141602  -46.222  -32.169  53.200 0.0000000000
47608  -46.042  -32.204  52.364 0.0000000000
48655  -44.472  -31.686  50.824 0.0000000000
48636  -44.361  -31.625  51.730 0.0000000000
48654  -43.606  -31.403  51.303 0.0000000000
48635  -43.477  -31.418  52.186 0.0000000000
141934  -42.958  -31.216  50.874 0.0000000000
140393  -42.238  -30.986  51.166 0.0000000000
48724  -42.670  -31.379  48.099 0.0000000000
140985  -42.264  -31.092  48.906 0.0000000000
143770  -41.635  -31.001  48.028 0.0000000000
48723  -40.682  -30.903  47.579 0.0000000000
142901  -41.343  -31.330  47.007 0.0000000000
145953  -41.085  -31.373  46.161 0.0000000000
48749  -42.017  -31.451  46.292 0.0000000000
48774  -43.011  -30.894  45.293 0.0000000000
139202  -42.240  -31.175  45.441 0.0000000000
48799  -42.412  -30.726  44.755 0.0000000000
49770  -43.102  -30.445  44.742 0.0000000000
49762  -45.610  -30.079  47.228 0.0000000000
49761  -45.202  -30.424  46.854 0.0000000000
50845  -45.353  -29.773  46.527 0.0000000000
50858  -44.907  -29.091  45.104 0.0000000000
50851  -45.106  -29.474  45.833 0.0000000000
50869  -43.951  -29.246  44.032 0.0000000000
51978  -43.559  -28.836  43.407 0.0000000000
51979  -44.191  -28.527  43.714 0.0000000000
54212  -45.608  -26.821  44.306 0.0000000000
54217  -44.656  -26.904  43.160 0.0000000000
54222  -44.352  -26.656  42.509 0.0000000000
77680  -63.008  -6.157  43.564 0.0000000000
77692  -63.343  -6.097  42.961 0.0000000000
76546  -63.893  -6.879  42.464 0.0000000000
146938  -63.475  -5.553  42.518 0.0000000000
150765  -64.008  -6.157  41.392 0.0000000000
163563  -64.174  -6.138  40.891 0.0000000000
77721  -64.632  -6.420  40.388 0.0000000000
162112  -64.200  -5.881  39.924 0.0000000000
40185  -26.553  -38.233  65.607 0.0000000000
38891  -26.860  -38.410  64.496 0.0000000000
38892  -27.407  -38.790  64.630 0.0000000000
37598  -29.151  -39.172  63.879 0.0000000000
38909  -28.492  -39.024  63.558 0.0000000000
38910  -29.215  -38.976  63.053 0.0000000000
38925  -29.631  -38.827  62.494 0.0000000000
37624  -30.053  -38.953  62.835 0.0000000000
42747  -30.663  -36.831  65.191 0.0000000000
156851  -30.389  -37.444  65.369 0.0000000000
40177  -31.137  -37.527  65.138 0.0000000000
38911  -32.432  -38.983  63.643 0.0000000000
38897  -31.678  -38.917  64.131 0.0000000000
148883  -31.869  -39.290  62.849 0.0000000000
37626  -31.323  -39.217  62.607 0.0000000000
166190  -31.827  -39.296  62.452 0.0000000000
37627  -32.396  -39.321  62.404 0.0000000000
38913  -33.965  -38.761  62.935 0.0000000000
38927  -34.385  -39.023  62.214 0.0000000000
155127  -34.114  -39.477  61.081 0.0000000000
56410  -45.901  -24.705  42.285 0.0000000000
56427  -45.250  -24.236  40.884 0.0000000000
56422  -46.298  -24.110  41.833 0.0000000000
57450  -47.047  -22.961  40.762 0.0000000000
163430  -46.657  -22.865  40.160 0.0000000000
58563  -50.517  -22.332  41.459 0.0000000000
58562  -49.558  -22.374  41.248 0.0000000000
166249  -49.744  -22.211  40.652 0.0000000000
152828  -49.357  -22.075  38.009 0.0000000000
58624  -53.358  -23.585  37.776 0.0000000000
147416  -53.312  -22.528  37.402 0.0000000000
60957  -53.163  -20.373  36.965 0.0000000000
62078  -53.057  -18.783  36.005 0.0000000000
63198  -54.766  -18.701  37.294 0.0000000000
63210  -53.731  -18.439  36.389 0.0000000000
63211  -54.289  -18.219  36.843 0.0000000000
65508  -53.691  -17.101  36.601 0.0000000000
64398  -54.257  -17.454  37.093 0.0000000000
162886  -33.619  -29.227  63.934 0.0000000000
50650  -32.638  -29.339  63.092 0.0000000000
164773  -33.669  -29.259  63.317 0.0000000000
159789  -34.627  -29.468  61.679 0.0000000000
50683  -33.770  -29.349  61.694 0.0000000000
148312  -33.425  -29.323  60.921 0.0000000000
50704  -33.152  -29.381  60.237 0.0000000000
50705  -34.045  -29.505  60.315 0.0000000000
49598  -37.597  -30.233  60.414 0.0000000000
49597  -36.698  -29.981  60.283 0.0000000000
157576  -35.299  -29.912  58.588 0.0000000000
49622  -34.638  -29.846  58.351 0.0000000000
50740  -33.831  -29.701  58.807 0.0000000000
144105  -33.974  -29.849  57.923 0.0000000000
49635  -32.676  -30.363  57.487 0.0000000000
49636  -33.393  -30.120  57.347 0.0000000000
49664  -33.715  -30.889  55.547 0.0000000000
48554  -32.846  -30.917  55.941 0.0000000000
48569  -32.921  -31.365  55.213 0.0000000000
48568  -32.459  -32.079  55.047 0.0000000000
47564  -33.077  -31.806  54.393 0.0000000000
139261  -42.482  -31.810  57.189 0.0000000000
164461  -41.737  -31.802  57.384 0.0000000000
47518  -41.630  -31.832  56.722 0.0000000000
47567  -39.894  -32.336  55.239 0.0000000000
47543  -40.036  -32.149  56.072 0.0000000000
47542  -39.234  -32.271  55.741 0.0000000000
47516  -38.656  -32.028  56.212 0.0000000000
48632  -39.476  -31.517  52.600 0.0000000000
48611  -39.766  -31.989  53.534 0.0000000000
48610  -38.814  -31.980  53.318 0.0000000000
159875  -37.440  -32.158  53.886 0.0000000000
163674  -37.220  -32.112  54.331 0.0000000000
47540  -37.639  -32.060  55.299 0.0000000000
47539  -37.007  -31.936  54.840 0.0000000000
48588  -36.114  -31.765  54.612 0.0000000000
141844  -35.857  -31.884  53.957 0.0000000000
48606  -34.288  -31.837  52.930 0.0000000000
149765  -34.454  -31.649  53.705 0.0000000000
47588  -33.335  -32.252  52.906 0.0000000000
47604  -32.768  -32.763  52.986 0.0000000000
162801  -40.220  -31.348  45.261 0.0000000000
48796  -39.676  -31.253  44.762 0.0000000000
41514  -21.793  -37.549  63.835 0.0000000000
42733  -25.505  -36.532  67.044 0.0000000000
47400  -28.299  -32.699  65.713 0.0000000000
50619  -33.583  -28.529  65.407 0.0000000000
50627  -33.995  -28.828  65.014 0.0000000000
51783  -34.305  -28.417  65.210 0.0000000000
50638  -36.827  -28.788  63.759 0.0000000000
50642  -40.042  -29.021  63.989 0.0000000000
51800  -39.600  -28.380  64.319 0.0000000000
50641  -39.358  -29.026  63.967 0.0000000000
50653  -38.455  -29.272  63.368 0.0000000000
50654  -39.209  -29.382  63.488 0.0000000000
49568  -39.607  -30.065  62.450 0.0000000000
49551  -39.780  -29.779  63.076 0.0000000000
48457  -42.009  -30.208  62.539 0.0000000000
48468  -41.781  -30.721  62.141 0.0000000000
48481  -42.260  -31.027  61.642 0.0000000000
48482  -42.971  -31.042  61.526 0.0000000000
48497  -44.377  -31.686  60.913 0.0000000000
47448  -44.647  -32.029  60.324 0.0000000000
166235  -44.482  -32.234  59.736 0.0000000000
47449  -45.556  -32.031  60.084 0.0000000000
47463  -46.676  -32.174  59.008 0.0000000000
47481  -47.048  -32.301  58.448 0.0000000000
46359  -47.319  -32.410  57.241 0.0000000000
51917  -52.242  -28.309  52.775 0.0000000000
51928  -52.822  -27.726  52.231 0.0000000000
53057  -54.099  -26.886  51.191 0.0000000000
53056  -53.250  -26.797  51.050 0.0000000000
54134  -52.763  -25.876  50.092 0.0000000000
54155  -55.736  -25.437  49.282 0.0000000000
54137  -55.929  -25.741  49.795 0.0000000000
55252  -54.165  -25.224  49.225 0.0000000000
55253  -55.191  -25.227  48.938 0.0000000000
55276  -54.614  -24.808  48.433 0.0000000000
55277  -55.570  -24.800  48.320 0.0000000000
56311  -56.810  -24.568  47.369 0.0000000000
56338  -56.258  -24.264  46.651 0.0000000000
56368  -56.646  -24.023  45.806 0.0000000000
56342  -60.959  -23.797  46.902 0.0000000000
56313  -58.942  -24.494  47.179 0.0000000000
56341  -59.443  -24.227  46.444 0.0000000000
56402  -59.150  -23.463  44.031 0.0000000000
56390  -58.787  -23.762  44.726 0.0000000000
57381  -58.348  -23.545  43.814 0.0000000000
57380  -57.470  -23.639  44.005 0.0000000000
139345  -57.763  -23.532  43.226 0.0000000000
57417  -56.958  -23.565  42.147 0.0000000000
141875  -57.585  -23.496  42.515 0.0000000000
58570  -58.929  -22.512  42.071 0.0000000000
58569  -58.295  -22.942  41.779 0.0000000000
58590  -57.887  -22.625  41.305 0.0000000000
59754  -57.492  -22.030  40.797 0.0000000000
59755  -58.262  -21.631  41.225 0.0000000000
60907  -61.298  -19.904  42.738 0.0000000000
60906  -60.615  -20.400  42.361 0.0000000000
60917  -60.282  -19.946  41.731 0.0000000000
62029  -59.299  -19.181  40.676 0.0000000000
60929  -59.240  -19.834  40.988 0.0000000000
60934  -58.003  -19.786  40.161 0.0000000000
62043  -57.645  -19.395  39.668 0.0000000000
62052  -57.144  -18.988  39.170 0.0000000000
63167  -57.817  -18.766  39.592 0.0000000000
65469  -57.230  -17.033  40.148 0.0000000000
64327  -56.805  -17.480  39.473 0.0000000000
65486  -56.062  -17.096  39.113 0.0000000000
65485  -55.409  -16.722  38.742 0.0000000000
65467  -55.711  -16.289  39.364 0.0000000000
69038  -61.133  -14.212  45.445 0.0000000000
67804  -61.624  -14.795  44.987 0.0000000000
67829  -61.179  -14.867  44.388 0.0000000000
66538  -61.270  -15.417  43.903 0.0000000000
66537  -60.809  -15.441  43.524 0.0000000000
70206  -59.079  -12.872  44.361 0.0000000000
70207  -59.795  -13.391  44.854 0.0000000000
67845  -58.736  -14.190  42.605 0.0000000000
69080  -59.071  -13.899  43.083 0.0000000000
66555  -59.801  -15.465  42.832 0.0000000000
67858  -59.002  -15.076  42.576 0.0000000000
66568  -58.595  -15.548  42.005 0.0000000000
66567  -57.927  -15.140  41.611 0.0000000000
69107  -56.250  -13.697  40.191 0.0000000000
67874  -56.251  -14.645  40.376 0.0000000000
67873  -55.653  -14.567  39.807 0.0000000000
66590  -55.367  -15.416  39.344 0.0000000000
67884  -55.083  -14.549  39.036 0.0000000000
67899  -54.190  -14.405  37.623 0.0000000000
150666  -54.952  -13.924  38.638 0.0000000000
70290  -55.435  -12.349  37.426 0.0000000000
161265  -55.129  -12.626  37.146 0.0000000000
70304  -55.370  -12.329  36.655 0.0000000000
153311  -55.541  -12.298  35.843 0.0000000000
71353  -56.043  -11.950  36.260 0.0000000000
71296  -57.181  -11.030  39.655 0.0000000000
72376  -57.575  -10.306  39.115 0.0000000000
72413  -57.858  -10.795  36.674 0.0000000000
71321  -57.009  -10.952  36.982 0.0000000000
71335  -57.288  -11.354  36.320 0.0000000000
70320  -57.054  -12.246  35.334 0.0000000000
74464  -62.665  -7.959  43.418 0.0000000000
152443  -62.306  -8.316  43.102 0.0000000000
74477  -62.157  -8.423  42.469 0.0000000000
140895  -62.461  -7.956  39.852 0.0000000000
74505  -61.725  -8.176  40.619 0.0000000000
148450  -61.378  -8.182  38.552 0.0000000000
74536  -60.620  -8.438  38.303 0.0000000000
161329  -61.262  -8.424  37.933 0.0000000000
73470  -64.708  -9.418  37.923 0.0000000000
164946  -64.193  -8.821  37.860 0.0000000000
73487  -63.834  -9.358  37.758 0.0000000000
72402  -62.509  -10.315  37.639 0.0000000000
72401  -61.549  -10.386  37.417 0.0000000000
42807  -23.651  -37.102  60.608 0.0000000000
41594  -25.078  -36.981  57.310 0.0000000000
146936  -24.423  -37.368  57.688 0.0000000000
41620  -25.364  -37.210  55.554 0.0000000000
42866  -26.849  -36.570  55.671 0.0000000000
42878  -26.855  -36.624  54.667 0.0000000000
141120  -27.519  -36.483  54.261 0.0000000000
42880  -28.376  -36.485  54.363 0.0000000000
40211  -27.292  -38.322  63.167 0.0000000000
160616  -27.187  -37.933  62.510 0.0000000000
40220  -27.554  -37.985  61.780 0.0000000000
40244  -28.641  -38.175  60.333 0.0000000000
41551  -27.974  -37.605  60.067 0.0000000000
41562  -27.789  -37.163  59.260 0.0000000000
40259  -31.309  -38.745  59.193 0.0000000000
40258  -30.532  -38.461  59.032 0.0000000000
143492  -29.317  -37.458  57.331 0.0000000000
139626  -28.792  -37.347  57.980 0.0000000000
41609  -29.122  -37.099  56.509 0.0000000000
37720  -33.621  -40.581  56.478 0.0000000000
37719  -33.042  -40.127  56.078 0.0000000000
49563  -30.964  -29.890  62.310 0.0000000000
149932  -30.700  -30.094  62.914 0.0000000000
156336  -30.378  -30.480  62.106 0.0000000000
47436  -30.568  -33.309  60.952 0.0000000000
47435  -30.070  -32.347  61.246 0.0000000000
46302  -31.128  -34.145  61.482 0.0000000000
46293  -31.067  -34.191  62.266 0.0000000000
156662  -31.808  -34.497  61.887 0.0000000000
46322  -31.652  -34.058  58.653 0.0000000000
163357  -31.385  -33.858  59.322 0.0000000000
45203  -32.168  -34.586  59.631 0.0000000000
45197  -34.619  -35.537  61.485 0.0000000000
45195  -33.276  -34.985  61.066 0.0000000000
45185  -33.926  -35.276  61.807 0.0000000000
143907  -33.859  -35.317  62.285 0.0000000000
44023  -35.088  -36.046  62.798 0.0000000000
42775  -35.293  -36.519  63.021 0.0000000000
44024  -35.650  -36.347  62.484 0.0000000000
40213  -36.366  -37.694  62.636 0.0000000000
40223  -36.469  -38.139  62.074 0.0000000000
38929  -35.890  -38.559  61.624 0.0000000000
38930  -36.718  -38.621  61.371 0.0000000000
42848  -35.976  -37.435  57.782 0.0000000000
42833  -35.491  -36.905  58.311 0.0000000000
42835  -37.010  -37.526  58.911 0.0000000000
42824  -38.423  -37.673  60.021 0.0000000000
42823  -37.759  -37.527  59.795 0.0000000000
42799  -38.408  -37.576  60.735 0.0000000000
154540  -38.025  -37.469  61.360 0.0000000000
41542  -38.428  -37.917  61.139 0.0000000000
159333  -38.178  -39.247  60.984 0.0000000000
148260  -37.591  -38.581  61.139 0.0000000000
37643  -36.948  -39.366  60.202 0.0000000000
51946  -48.808  -27.917  50.068 0.0000000000
53074  -49.240  -27.197  49.666 0.0000000000
53052  -49.472  -27.455  50.354 0.0000000000
53031  -50.059  -27.441  50.878 0.0000000000
53053  -50.855  -26.935  50.739 0.0000000000
157444  -48.317  -31.095  52.253 0.0000000000
50827  -47.776  -29.489  50.252 0.0000000000
51937  -48.479  -28.671  50.549 0.0000000000
65519  -52.024  -16.155  34.947 0.0000000000
66637  -52.048  -15.207  34.700 0.0000000000
67930  -52.404  -14.441  34.303 0.0000000000
67945  -52.612  -14.279  32.569 0.0000000000
67931  -52.991  -13.886  34.695 0.0000000000
48438  -29.731  -30.925  64.991 0.0000000000
48454  -29.421  -31.915  63.791 0.0000000000
47428  -29.510  -32.117  62.933 0.0000000000
57447  -44.878  -23.890  40.164 0.0000000000
58531  -52.844  -22.609  43.480 0.0000000000
58546  -52.672  -22.500  42.552 0.0000000000
58547  -53.645  -22.607  42.704 0.0000000000
57434  -54.285  -23.289  40.771 0.0000000000
57435  -55.003  -23.400  41.129 0.0000000000
57436  -55.796  -23.632  40.909 0.0000000000
48494  -40.626  -31.036  60.551 0.0000000000
48493  -39.805  -30.856  60.268 0.0000000000
48511  -41.218  -31.497  60.085 0.0000000000
47474  -40.805  -31.660  58.416 0.0000000000
49739  -40.330  -30.730  49.300 0.0000000000
49729  -39.929  -30.757  50.100 0.0000000000
49749  -39.784  -30.671  48.680 0.0000000000
49748  -38.910  -30.665  48.791 0.0000000000
48701  -37.474  -31.194  48.181 0.0000000000
166088  -38.031  -30.975  47.518 0.0000000000
53158  -43.200  -27.361  41.538 0.0000000000
53157  -42.566  -27.904  41.223 0.0000000000
53170  -42.745  -27.252  40.895 0.0000000000
53181  -42.001  -27.176  39.783 0.0000000000
73396  -59.239  -9.346  45.468 0.0000000000
73409  -58.736  -10.013  45.002 0.0000000000
73410  -59.268  -9.444  44.590 0.0000000000
73424  -59.372  -9.482  43.724 0.0000000000
42774  -24.918  -36.387  62.748 0.0000000000
41539  -26.199  -36.751  61.961 0.0000000000
38958  -33.217  -39.427  60.093 0.0000000000
37676  -35.878  -40.153  58.753 0.0000000000
47538  -32.027  -32.425  55.788 0.0000000000
46357  -31.759  -33.116  56.331 0.0000000000
46358  -32.015  -33.851  56.146 0.0000000000
45258  -32.667  -34.932  56.136 0.0000000000
54213  -46.242  -26.365  44.696 0.0000000000
54219  -45.961  -26.013  43.986 0.0000000000
54214  -46.896  -25.960  45.043 0.0000000000
55317  -47.594  -25.638  45.354 0.0000000000
55318  -48.297  -25.382  45.627 0.0000000000
55248  -50.554  -25.322  48.239 0.0000000000
55272  -50.344  -25.111  47.572 0.0000000000
56305  -50.824  -24.690  47.225 0.0000000000
155036  -51.715  -24.184  46.516 0.0000000000
56334  -52.400  -24.183  46.763 0.0000000000
47521  -45.623  -32.022  57.112 0.0000000000
47548  -46.017  -32.141  56.195 0.0000000000
165857  -45.591  -31.948  54.592 0.0000000000
47624  -46.434  -32.181  50.898 0.0000000000
47623  -45.779  -32.199  50.805 0.0000000000
47639  -45.248  -31.991  50.438 0.0000000000
48673  -44.562  -31.735  50.012 0.0000000000
48686  -43.731  -31.477  49.567 0.0000000000
158283  -43.131  -31.257  50.159 0.0000000000
148083  -43.575  -31.537  48.185 0.0000000000
48725  -43.155  -31.519  47.407 0.0000000000
162641  -42.785  -31.479  46.706 0.0000000000
48751  -43.624  -31.364  46.662 0.0000000000
48776  -44.219  -31.023  46.323 0.0000000000
51961  -46.296  -28.885  47.385 0.0000000000
50846  -45.793  -29.338  46.947 0.0000000000
51967  -46.018  -28.547  46.664 0.0000000000
51971  -45.733  -28.258  45.888 0.0000000000
51970  -45.315  -28.383  45.202 0.0000000000
51980  -44.731  -28.118  44.121 0.0000000000
53131  -45.307  -27.723  44.644 0.0000000000
53137  -45.896  -27.125  45.018 0.0000000000
41483  -27.249  -37.696  66.129 0.0000000000
38878  -27.582  -38.886  65.294 0.0000000000
40174  -28.113  -38.243  66.047 0.0000000000
38880  -29.108  -38.865  65.443 0.0000000000
152595  -29.729  -38.950  65.041 0.0000000000
146459  -31.933  -37.812  64.928 0.0000000000
40197  -32.448  -38.559  64.138 0.0000000000
163893  -32.954  -38.698  63.742 0.0000000000
37614  -32.958  -39.247  62.638 0.0000000000
38898  -33.578  -38.505  63.574 0.0000000000
38899  -34.323  -38.248  63.402 0.0000000000
56412  -47.262  -23.977  42.858 0.0000000000
57411  -46.990  -23.674  42.126 0.0000000000
57412  -47.728  -23.355  42.405 0.0000000000
58561  -48.475  -22.564  41.202 0.0000000000
58583  -51.069  -22.301  39.740 0.0000000000
58582  -50.023  -22.053  40.117 0.0000000000
141447  -50.438  -22.428  38.079 0.0000000000
59794  -53.827  -21.738  37.868 0.0000000000
60947  -53.860  -20.446  37.609 0.0000000000
62067  -53.748  -19.595  36.942 0.0000000000
154226  -53.621  -19.056  36.453 0.0000000000
60949  -54.490  -19.491  37.463 0.0000000000
62060  -55.303  -19.121  37.800 0.0000000000
50667  -35.140  -29.402  62.340 0.0000000000
49625  -37.395  -30.621  58.981 0.0000000000
49610  -36.590  -30.211  59.266 0.0000000000
49624  -36.871  -30.559  58.372 0.0000000000
49623  -35.281  -30.141  57.893 0.0000000000
49637  -34.484  -30.191  57.197 0.0000000000
49653  -35.175  -30.650  56.499 0.0000000000
48555  -34.849  -30.916  55.703 0.0000000000
166043  -42.095  -31.907  55.612 0.0000000000
47544  -41.489  -31.990  55.930 0.0000000000
155178  -40.543  -32.186  54.734 0.0000000000
47591  -39.781  -32.297  54.418 0.0000000000
48649  -37.883  -31.351  51.624 0.0000000000
48630  -37.627  -31.687  52.486 0.0000000000
139124  -36.948  -31.946  53.059 0.0000000000
48608  -36.020  -31.893  53.291 0.0000000000
48628  -35.247  -31.792  52.631 0.0000000000
48627  -34.565  -31.925  52.020 0.0000000000
49785  -40.992  -30.783  44.189 0.0000000000
51777  -34.650  -27.903  65.342 0.0000000000
52813  -35.798  -27.218  65.123 0.0000000000
49537  -40.731  -29.282  63.533 0.0000000000
49552  -40.568  -29.734  63.085 0.0000000000
49538  -41.521  -29.308  63.119 0.0000000000
51919  -53.955  -28.087  53.016 0.0000000000
51929  -53.755  -27.712  52.386 0.0000000000
53036  -54.331  -27.309  51.868 0.0000000000
145829  -54.883  -26.933  51.377 0.0000000000
54156  -56.449  -25.475  49.272 0.0000000000
55278  -56.475  -24.820  48.189 0.0000000000
56312  -57.659  -24.574  47.202 0.0000000000
57341  -62.059  -23.060  46.587 0.0000000000
57340  -61.397  -23.449  46.494 0.0000000000
56372  -60.202  -23.697  45.637 0.0000000000
148463  -59.764  -23.954  45.882 0.0000000000
56392  -60.035  -23.508  44.930 0.0000000000
57382  -59.781  -23.354  44.247 0.0000000000
57402  -58.839  -23.368  43.246 0.0000000000
57419  -58.490  -23.280  42.570 0.0000000000
57420  -59.120  -23.164  42.902 0.0000000000
58550  -59.329  -22.731  42.640 0.0000000000
59734  -59.560  -21.925  42.381 0.0000000000
62016  -61.157  -18.737  41.981 0.0000000000
62015  -60.569  -19.155  41.543 0.0000000000
63130  -60.688  -18.492  41.624 0.0000000000
63148  -59.553  -18.496  40.823 0.0000000000
62045  -58.933  -18.717  40.430 0.0000000000
165553  -57.886  -18.251  39.714 0.0000000000
64328  -58.313  -17.946  40.122 0.0000000000
64309  -58.024  -17.324  40.428 0.0000000000
65457  -57.690  -16.540  40.788 0.0000000000
69001  -61.047  -14.072  46.789 0.0000000000
69037  -60.513  -13.814  45.183 0.0000000000
70221  -58.580  -12.437  43.032 0.0000000000
69079  -58.499  -13.272  42.432 0.0000000000
69096  -58.214  -13.761  42.012 0.0000000000
67856  -57.786  -14.253  41.642 0.0000000000
165904  -57.298  -13.996  41.210 0.0000000000
69101  -57.052  -13.463  40.806 0.0000000000
69116  -55.186  -13.273  38.424 0.0000000000
142531  -56.118  -12.865  39.508 0.0000000000
70266  -56.058  -12.146  38.802 0.0000000000
71305  -55.862  -11.849  37.883 0.0000000000
73468  -58.107  -9.707  38.619 0.0000000000
72385  -57.536  -10.159  38.045 0.0000000000
147351  -58.039  -10.214  37.298 0.0000000000
71336  -58.101  -11.497  36.096 0.0000000000
74479  -63.452  -7.633  42.511 0.0000000000
74492  -62.816  -8.177  41.907 0.0000000000
139963  -63.419  -7.873  41.185 0.0000000000
74506  -63.363  -7.891  40.173 0.0000000000
74522  -63.204  -7.959  38.998 0.0000000000
71309  -63.914  -12.067  38.575 0.0000000000
161612  -63.789  -11.086  38.249 0.0000000000
41560  -24.564  -36.852  59.274 0.0000000000
156384  -24.932  -36.836  58.018 0.0000000000
42867  -27.682  -36.531  55.771 0.0000000000
146943  -28.160  -38.381  61.717 0.0000000000
145782  -28.523  -38.369  61.144 0.0000000000
157297  -29.053  -38.123  59.595 0.0000000000
40270  -30.552  -38.329  58.202 0.0000000000
40287  -30.962  -38.397  57.522 0.0000000000
40338  -30.811  -38.231  54.830 0.0000000000
40339  -31.133  -38.899  54.647 0.0000000000
37731  -31.981  -40.102  55.015 0.0000000000
50680  -31.300  -29.808  61.299 0.0000000000
49594  -30.660  -30.511  60.993 0.0000000000
48491  -30.596  -31.329  60.228 0.0000000000
46310  -30.763  -33.234  60.213 0.0000000000
45217  -33.019  -35.200  59.326 0.0000000000
45204  -33.081  -35.100  60.265 0.0000000000
45218  -33.805  -35.518  59.910 0.0000000000
45206  -34.546  -35.570  60.923 0.0000000000
45187  -35.409  -35.928  61.727 0.0000000000
44032  -35.791  -36.250  62.095 0.0000000000
141423  -36.198  -36.411  61.780 0.0000000000
42797  -36.897  -36.664  61.941 0.0000000000
41530  -37.206  -37.416  62.184 0.0000000000
147410  -38.983  -38.436  61.041 0.0000000000
53104  -47.360  -27.464  47.580 0.0000000000
53122  -47.615  -26.860  47.038 0.0000000000
53105  -48.096  -26.786  47.556 0.0000000000
54151  -48.743  -26.601  48.059 0.0000000000
54152  -49.476  -26.263  48.465 0.0000000000
54132  -49.754  -26.567  49.248 0.0000000000
54153  -50.329  -25.863  48.835 0.0000000000
55250  -52.221  -25.023  48.945 0.0000000000
46388  -47.973  -32.616  54.484 0.0000000000
46397  -47.328  -32.461  54.220 0.0000000000
46398  -47.844  -32.502  53.785 0.0000000000
47596  -47.704  -32.328  53.015 0.0000000000
47625  -47.131  -32.127  51.352 0.0000000000
48657  -47.715  -31.547  51.656 0.0000000000
48656  -47.248  -31.812  51.101 0.0000000000
47642  -46.823  -31.953  50.741 0.0000000000
47641  -46.383  -31.929  50.244 0.0000000000
48689  -46.283  -31.647  49.700 0.0000000000
48706  -45.489  -31.297  48.355 0.0000000000
165433  -45.335  -31.140  47.857 0.0000000000
48707  -45.999  -31.132  48.597 0.0000000000
49757  -45.926  -30.511  47.946 0.0000000000
50833  -46.339  -30.062  48.211 0.0000000000
50826  -47.216  -29.569  49.420 0.0000000000
148453  -46.961  -29.229  48.811 0.0000000000
50841  -46.569  -29.250  48.182 0.0000000000
51962  -46.826  -28.335  47.867 0.0000000000
67946  -53.389  -14.024  32.441 0.0000000000
45154  -28.458  -34.139  65.504 0.0000000000
44000  -29.315  -35.658  65.227 0.0000000000
45156  -29.420  -35.119  64.901 0.0000000000
44005  -29.936  -35.612  64.818 0.0000000000
156513  -30.494  -35.506  64.491 0.0000000000
46273  -29.341  -33.241  64.173 0.0000000000
45163  -30.824  -35.151  64.095 0.0000000000
45164  -31.608  -35.375  63.911 0.0000000000
45171  -31.987  -35.064  63.428 0.0000000000
45172  -32.715  -35.227  63.227 0.0000000000
57394  -50.408  -22.896  43.799 0.0000000000
58529  -50.126  -22.665  42.988 0.0000000000
58544  -50.765  -22.463  42.301 0.0000000000
58564  -51.487  -22.358  41.559 0.0000000000
148080  -51.297  -22.303  40.688 0.0000000000
58602  -52.026  -22.843  38.930 0.0000000000
57484  -52.690  -23.504  38.218 0.0000000000
57485  -53.416  -23.674  38.146 0.0000000000
57486  -54.008  -23.662  38.374 0.0000000000
57452  -54.654  -23.758  39.754 0.0000000000
57469  -54.413  -23.753  38.990 0.0000000000
58625  -54.305  -23.334  38.342 0.0000000000
58626  -54.946  -23.015  38.805 0.0000000000
59763  -55.584  -22.484  39.365 0.0000000000
49566  -38.008  -29.786  62.047 0.0000000000
49581  -37.825  -30.001  61.220 0.0000000000
49599  -38.389  -30.403  60.612 0.0000000000
49612  -38.120  -30.621  59.742 0.0000000000
48507  -38.044  -30.838  58.979 0.0000000000
48539  -37.564  -31.269  57.282 0.0000000000
48633  -41.012  -31.260  52.663 0.0000000000
48612  -40.651  -31.725  53.453 0.0000000000
140628  -40.268  -31.220  52.369 0.0000000000
48650  -38.922  -31.235  51.739 0.0000000000
48669  -39.337  -31.010  50.833 0.0000000000
141539  -36.957  -31.219  50.995 0.0000000000
48666  -36.221  -31.376  50.447 0.0000000000
48681  -35.546  -31.755  50.120 0.0000000000
48682  -36.301  -31.594  49.519 0.0000000000
47663  -36.532  -32.335  48.110 0.0000000000
48719  -36.846  -31.721  47.720 0.0000000000
50904  -42.037  -29.240  42.436 0.0000000000
50884  -40.679  -29.646  42.132 0.0000000000
50903  -41.412  -29.215  41.909 0.0000000000
50902  -40.716  -29.275  41.401 0.0000000000
51998  -40.649  -28.892  40.674 0.0000000000
154468  -40.619  -28.534  40.080 0.0000000000
58521  -62.011  -21.937  45.040 0.0000000000
59718  -61.636  -21.623  44.410 0.0000000000
59727  -61.295  -21.270  43.746 0.0000000000
59728  -61.968  -20.757  44.149 0.0000000000
60896  -61.648  -20.340  43.439 0.0000000000
60908  -61.970  -19.442  43.141 0.0000000000
63082  -62.825  -18.635  44.256 0.0000000000
61993  -62.481  -18.998  43.647 0.0000000000
62005  -62.131  -18.625  43.000 0.0000000000
63114  -61.660  -18.336  42.481 0.0000000000
64283  -61.540  -17.694  42.588 0.0000000000
65445  -61.041  -17.327  42.399 0.0000000000
71217  -59.377  -12.141  46.846 0.0000000000
71216  -58.910  -11.331  46.481 0.0000000000
71229  -58.725  -11.514  45.539 0.0000000000
71241  -58.628  -11.967  44.579 0.0000000000
158884  -58.401  -10.914  44.627 0.0000000000
162094  -58.406  -11.505  43.942 0.0000000000
70258  -57.914  -11.841  41.140 0.0000000000
71286  -57.566  -11.443  40.456 0.0000000000
71287  -58.046  -10.993  40.887 0.0000000000
73447  -59.190  -9.632  41.395 0.0000000000
73454  -58.848  -9.760  40.801 0.0000000000
143341  -58.698  -9.384  39.103 0.0000000000
73469  -59.250  -8.981  38.508 0.0000000000
74535  -59.913  -8.745  37.979 0.0000000000
74509  -65.082  -7.435  40.216 0.0000000000
74524  -64.847  -8.140  39.199 0.0000000000
74525  -65.328  -8.029  39.377 0.0000000000
72387  -65.214  -10.488  38.125 0.0000000000
41537  -22.779  -37.643  61.622 0.0000000000
41538  -23.342  -37.067  61.382 0.0000000000
42808  -24.344  -36.605  60.568 0.0000000000
42784  -24.398  -36.399  61.964 0.0000000000
138453  -24.682  -36.632  59.968 0.0000000000
42817  -25.421  -36.482  59.651 0.0000000000
42819  -27.000  -36.600  59.107 0.0000000000
38985  -31.982  -39.007  58.885 0.0000000000
38974  -32.608  -39.253  59.479 0.0000000000
38988  -34.405  -40.039  57.875 0.0000000000
37704  -34.723  -40.642  57.360 0.0000000000
49619  -31.725  -30.793  58.532 0.0000000000
48519  -31.334  -31.352  58.735 0.0000000000
47472  -31.218  -32.137  58.283 0.0000000000
46330  -31.371  -33.066  57.991 0.0000000000
46342  -31.849  -33.821  56.883 0.0000000000
45226  -32.195  -34.600  58.226 0.0000000000
164894  -32.725  -35.042  58.627 0.0000000000
45228  -33.757  -35.637  59.178 0.0000000000
44054  -35.395  -36.433  59.535 0.0000000000
55350  -44.709  -25.536  41.829 0.0000000000
55340  -46.406  -25.306  43.619 0.0000000000
56399  -46.824  -24.626  43.266 0.0000000000
54187  -48.194  -26.299  46.828 0.0000000000
55298  -48.618  -25.652  46.299 0.0000000000
55319  -48.980  -25.118  45.795 0.0000000000
56332  -49.663  -24.729  45.911 0.0000000000
56364  -49.194  -24.582  45.310 0.0000000000
56386  -49.424  -23.966  44.866 0.0000000000
57395  -51.277  -22.831  43.968 0.0000000000
57396  -52.138  -22.800  44.146 0.0000000000
57358  -51.834  -23.547  45.397 0.0000000000
57377  -52.345  -23.146  44.878 0.0000000000
58518  -52.977  -22.847  44.346 0.0000000000
57397  -54.468  -22.815  43.950 0.0000000000
165630  -43.465  -32.114  59.088 0.0000000000
47476  -42.861  -32.015  58.767 0.0000000000
47495  -43.097  -31.961  57.957 0.0000000000
138726  -43.148  -31.787  56.583 0.0000000000
138725  -44.036  -31.799  56.951 0.0000000000
47545  -42.862  -31.822  55.753 0.0000000000
157435  -42.443  -31.763  54.997 0.0000000000
48614  -42.577  -31.494  53.384 0.0000000000
140284  -46.423  -32.189  54.140 0.0000000000
47594  -45.507  -31.947  53.832 0.0000000000
47593  -44.591  -31.761  53.549 0.0000000000
47607  -45.157  -31.876  52.183 0.0000000000
162874  -44.846  -31.786  52.859 0.0000000000
157099  -43.301  -31.471  52.906 0.0000000000
48634  -42.792  -31.316  52.615 0.0000000000
142875  -42.032  -31.191  52.664 0.0000000000
159988  -41.690  -30.954  51.851 0.0000000000
141933  -42.788  -31.171  49.606 0.0000000000
48685  -41.864  -30.901  49.812 0.0000000000
48702  -40.651  -30.751  48.449 0.0000000000
48772  -40.283  -31.334  45.935 0.0000000000
147798  -40.886  -31.358  45.402 0.0000000000
49786  -41.857  -30.514  44.162 0.0000000000
49810  -42.113  -30.024  43.646 0.0000000000
48753  -45.142  -30.945  47.339 0.0000000000
148921  -44.739  -30.726  46.558 0.0000000000
49772  -44.301  -30.482  45.775 0.0000000000
50850  -44.621  -29.807  45.433 0.0000000000
49787  -44.156  -30.076  45.078 0.0000000000
50856  -43.618  -29.914  44.498 0.0000000000
50867  -42.593  -29.593  43.442 0.0000000000
50887  -42.934  -29.049  43.147 0.0000000000
51987  -43.238  -28.486  42.726 0.0000000000
53141  -44.418  -27.753  43.444 0.0000000000
53147  -43.526  -27.796  42.341 0.0000000000
53159  -43.816  -26.978  42.087 0.0000000000
54228  -44.279  -26.180  41.913 0.0000000000
74447  -61.531  -8.058  44.262 0.0000000000
74437  -61.757  -7.622  44.520 0.0000000000
75467  -62.487  -7.376  43.983 0.0000000000
74449  -62.767  -7.573  43.564 0.0000000000
75468  -62.801  -7.195  43.685 0.0000000000
75483  -63.133  -7.396  43.215 0.0000000000
75484  -63.545  -7.038  42.895 0.0000000000
75485  -64.009  -7.070  42.299 0.0000000000
75502  -64.281  -7.040  41.840 0.0000000000
78850  -63.501  -4.488  42.230 0.0000000000
77704  -63.834  -6.216  41.976 0.0000000000
77705  -64.252  -6.625  41.623 0.0000000000
76566  -64.612  -6.902  41.232 0.0000000000
75513  -65.106  -7.104  40.456 0.0000000000
76574  -65.431  -7.025  40.045 0.0000000000
76581  -65.632  -7.033  39.423 0.0000000000
76589  -65.508  -6.790  39.201 0.0000000000
76590  -65.979  -7.293  38.685 0.0000000000
40196  -25.954  -37.693  64.794 0.0000000000
40210  -26.084  -37.518  64.078 0.0000000000
162443  -26.426  -38.003  64.444 0.0000000000
38923  -27.866  -38.760  63.315 0.0000000000
141336  -27.899  -38.960  64.086 0.0000000000
40222  -28.445  -38.620  62.242 0.0000000000
38937  -29.028  -38.766  62.381 0.0000000000
38938  -29.619  -38.702  61.831 0.0000000000
38939  -30.504  -38.779  61.671 0.0000000000
42746  -29.846  -37.019  65.638 0.0000000000
40175  -29.854  -38.463  65.296 0.0000000000
38895  -30.038  -39.069  64.508 0.0000000000
38882  -31.105  -38.668  64.708 0.0000000000
38896  -30.800  -39.018  64.327 0.0000000000
37600  -30.377  -39.142  63.876 0.0000000000
37625  -30.680  -39.063  62.597 0.0000000000
151295  -31.004  -39.038  62.154 0.0000000000
38940  -31.325  -38.946  61.500 0.0000000000
38941  -32.126  -39.226  61.236 0.0000000000
37628  -33.200  -39.363  62.056 0.0000000000
37641  -34.721  -39.376  60.988 0.0000000000
45275  -32.809  -34.907  54.156 0.0000000000
56426  -44.487  -24.614  40.646 0.0000000000
57448  -45.620  -23.583  40.408 0.0000000000
57431  -46.696  -23.488  41.347 0.0000000000
57449  -46.341  -23.299  40.626 0.0000000000
57466  -45.280  -23.265  39.679 0.0000000000
58597  -45.709  -22.769  39.179 0.0000000000
58542  -48.961  -22.659  42.021 0.0000000000
58581  -48.236  -22.380  40.274 0.0000000000
58601  -49.552  -21.997  39.706 0.0000000000
58600  -48.811  -22.066  39.640 0.0000000000
58599  -47.974  -22.222  39.444 0.0000000000
59811  -52.722  -22.145  36.907 0.0000000000
63223  -53.283  -17.973  35.952 0.0000000000
64404  -52.720  -17.507  35.581 0.0000000000
64405  -53.269  -17.241  36.072 0.0000000000
65514  -53.281  -16.508  36.359 0.0000000000
65496  -53.835  -16.517  37.077 0.0000000000
49546  -31.169  -29.818  63.766 0.0000000000
49547  -32.050  -29.419  63.627 0.0000000000
50665  -32.284  -29.334  62.213 0.0000000000
50681  -31.982  -29.407  61.363 0.0000000000
49620  -32.189  -30.212  58.913 0.0000000000
49580  -36.382  -29.686  61.223 0.0000000000
49579  -35.760  -29.675  60.609 0.0000000000
49609  -35.652  -29.858  59.195 0.0000000000
50706  -35.061  -29.634  59.920 0.0000000000
166021  -34.229  -29.608  59.546 0.0000000000
50724  -33.409  -29.552  59.603 0.0000000000
50739  -32.931  -29.779  59.043 0.0000000000
49634  -32.193  -30.557  58.025 0.0000000000
48536  -32.198  -30.892  57.240 0.0000000000
48553  -32.310  -31.192  56.476 0.0000000000
49651  -33.653  -30.344  56.744 0.0000000000
47514  -32.027  -31.817  56.326 0.0000000000
152554  -32.183  -32.842  54.933 0.0000000000
46386  -32.326  -33.300  54.140 0.0000000000
47475  -41.796  -31.877  58.775 0.0000000000
47494  -41.354  -31.785  57.866 0.0000000000
47493  -40.510  -31.720  57.577 0.0000000000
139763  -40.828  -31.956  56.391 0.0000000000
142312  -40.242  -31.911  56.821 0.0000000000
47492  -39.703  -31.751  57.282 0.0000000000
47491  -38.908  -31.736  57.003 0.0000000000
48559  -38.115  -31.652  56.737 0.0000000000
48558  -37.367  -31.512  56.479 0.0000000000
47565  -38.485  -32.375  54.593 0.0000000000
47541  -38.376  -32.279  55.342 0.0000000000
48573  -37.163  -31.719  55.698 0.0000000000
48571  -35.493  -31.384  55.156 0.0000000000
48570  -34.491  -31.214  54.944 0.0000000000
48586  -34.004  -31.450  54.246 0.0000000000
47587  -32.922  -32.332  53.625 0.0000000000
47586  -32.552  -32.820  53.628 0.0000000000
45274  -32.504  -34.123  53.647 0.0000000000
49831  -39.899  -29.989  42.279 0.0000000000
164381  -51.118  -29.212  53.247 0.0000000000
50798  -51.845  -28.947  53.281 0.0000000000
50799  -52.791  -28.815  53.442 0.0000000000
42771  -22.821  -36.494  63.800 0.0000000000
42763  -22.924  -36.123  64.584 0.0000000000
42764  -23.525  -36.208  64.246 0.0000000000
41504  -24.809  -36.710  64.872 0.0000000000
41492  -24.782  -36.856  65.840 0.0000000000
41493  -25.389  -37.307  65.278 0.0000000000
40172  -26.007  -37.764  66.001 0.0000000000
41482  -26.304  -37.516  66.286 0.0000000000
42734  -26.210  -36.545  67.020 0.0000000000
41470  -26.664  -37.097  66.896 0.0000000000
42745  -27.520  -36.884  66.160 0.0000000000
42736  -27.828  -36.151  66.230 0.0000000000
154842  -28.324  -34.825  65.865 0.0000000000
154966  -27.955  -34.097  66.096 0.0000000000
46260  -28.108  -33.375  65.829 0.0000000000
47401  -28.697  -32.207  65.486 0.0000000000
48437  -29.200  -31.552  65.278 0.0000000000
49526  -30.196  -30.364  65.203 0.0000000000
49527  -30.839  -29.897  65.050 0.0000000000
49528  -31.739  -29.427  64.975 0.0000000000
50625  -32.430  -29.020  65.291 0.0000000000
49536  -32.678  -29.224  64.748 0.0000000000
50635  -33.605  -29.121  64.478 0.0000000000
149987  -34.182  -29.158  63.883 0.0000000000
51784  -35.183  -28.306  64.877 0.0000000000
50637  -35.194  -28.753  64.355 0.0000000000
140459  -35.024  -29.061  63.808 0.0000000000
50652  -36.679  -29.089  63.191 0.0000000000
50639  -37.832  -28.819  63.791 0.0000000000
49549  -38.233  -29.557  62.793 0.0000000000
49567  -38.831  -29.906  62.247 0.0000000000
48466  -40.209  -30.450  61.880 0.0000000000
48456  -41.196  -30.199  62.574 0.0000000000
48467  -41.017  -30.595  62.049 0.0000000000
48479  -40.833  -30.800  61.329 0.0000000000
48496  -42.094  -31.251  61.074 0.0000000000
47446  -42.614  -31.628  60.673 0.0000000000
48470  -43.357  -30.486  61.875 0.0000000000
48483  -43.813  -31.246  61.339 0.0000000000
47439  -43.938  -31.930  60.802 0.0000000000
148084  -43.940  -32.197  59.385 0.0000000000
47478  -44.621  -32.294  59.140 0.0000000000
47462  -45.978  -32.253  59.396 0.0000000000
47480  -46.299  -32.316  58.651 0.0000000000
155819  -47.047  -32.392  56.422 0.0000000000
46373  -47.633  -32.566  55.749 0.0000000000
46344  -48.779  -32.525  57.078 0.0000000000
46360  -48.694  -32.641  56.361 0.0000000000
46374  -48.105  -32.657  55.208 0.0000000000
46389  -48.504  -32.606  54.808 0.0000000000
46399  -48.779  -32.468  54.469 0.0000000000
49690  -49.473  -31.017  53.472 0.0000000000
49707  -49.865  -30.119  53.246 0.0000000000
51927  -50.690  -28.050  52.060 0.0000000000
53033  -51.651  -27.084  51.213 0.0000000000
53034  -52.546  -27.191  51.539 0.0000000000
53054  -51.674  -26.548  50.551 0.0000000000
54114  -52.349  -26.283  50.409 0.0000000000
55234  -52.524  -25.466  49.544 0.0000000000
55251  -53.136  -25.055  49.110 0.0000000000
53037  -55.575  -26.873  51.668 0.0000000000
54117  -54.727  -26.517  50.746 0.0000000000
144421  -56.291  -26.120  50.408 0.0000000000
156277  -55.351  -26.128  50.298 0.0000000000
165107  -54.614  -26.099  50.248 0.0000000000
54136  -54.087  -25.804  49.943 0.0000000000
155605  -53.291  -24.540  47.819 0.0000000000
56308  -54.048  -24.485  47.722 0.0000000000
56336  -54.404  -24.120  46.950 0.0000000000
56337  -55.355  -24.140  46.831 0.0000000000
57339  -54.824  -23.721  46.167 0.0000000000
57361  -55.264  -23.460  45.333 0.0000000000
141526  -55.720  -23.272  44.435 0.0000000000
161619  -58.325  -24.504  46.992 0.0000000000
56340  -57.968  -24.340  46.360 0.0000000000
56371  -59.208  -24.002  45.557 0.0000000000
56370  -58.380  -24.071  45.560 0.0000000000
56369  -57.524  -24.084  45.653 0.0000000000
56388  -57.058  -23.803  44.938 0.0000000000
149457  -56.600  -23.543  44.195 0.0000000000
57399  -56.120  -23.317  43.468 0.0000000000
139136  -56.414  -23.436  42.635 0.0000000000
57437  -56.749  -23.537  41.322 0.0000000000
57439  -58.069  -23.267  41.974 0.0000000000
57438  -57.434  -23.373  41.618 0.0000000000
58588  -56.458  -23.351  40.424 0.0000000000
59753  -56.752  -22.591  40.355 0.0000000000
59764  -56.293  -21.913  39.850 0.0000000000
60933  -56.584  -20.656  39.682 0.0000000000
59735  -60.245  -21.374  42.706 0.0000000000
59743  -59.056  -21.467  41.742 0.0000000000
60916  -59.542  -20.339  41.469 0.0000000000
59756  -58.766  -20.586  41.123 0.0000000000
60928  -57.908  -20.710  40.624 0.0000000000
155211  -57.363  -20.186  39.943 0.0000000000
60940  -56.149  -20.040  39.105 0.0000000000
62051  -56.462  -19.242  38.797 0.0000000000
62061  -55.969  -18.838  38.241 0.0000000000
63200  -56.005  -18.281  38.286 0.0000000000
63185  -57.185  -18.259  39.275 0.0000000000
64353  -56.332  -17.845  38.730 0.0000000000
64378  -55.624  -17.784  38.167 0.0000000000
65498  -55.134  -17.138  38.204 0.0000000000
141773  -54.194  -16.178  37.670 0.0000000000
66558  -61.871  -16.559  43.513 0.0000000000
66557  -61.286  -16.082  43.341 0.0000000000
66570  -60.151  -16.283  42.524 0.0000000000
70190  -59.963  -13.195  45.645 0.0000000000
69050  -60.284  -14.001  44.571 0.0000000000
69062  -59.353  -13.750  43.602 0.0000000000
67827  -59.775  -14.399  43.537 0.0000000000
67828  -60.602  -14.806  43.883 0.0000000000
67847  -60.189  -15.081  43.325 0.0000000000
65443  -59.713  -16.749  41.930 0.0000000000
65442  -58.916  -16.420  41.700 0.0000000000
66580  -58.131  -16.057  41.435 0.0000000000
65456  -56.892  -16.150  40.491 0.0000000000
67865  -57.305  -14.743  41.209 0.0000000000
148967  -56.762  -15.189  40.711 0.0000000000
142304  -55.150  -16.041  38.921 0.0000000000
66602  -54.803  -15.388  38.679 0.0000000000
66601  -54.241  -15.376  37.915 0.0000000000
69129  -53.828  -14.253  37.026 0.0000000000
69144  -53.749  -13.831  36.467 0.0000000000
161015  -53.785  -13.438  35.853 0.0000000000
69131  -54.957  -12.973  37.616 0.0000000000
70289  -54.792  -12.863  36.841 0.0000000000
69160  -54.342  -12.940  35.513 0.0000000000
70318  -55.086  -12.568  35.285 0.0000000000
70329  -55.573  -12.676  34.610 0.0000000000
71306  -56.413  -11.348  38.307 0.0000000000
72384  -56.890  -10.766  37.783 0.0000000000
71320  -56.404  -11.332  37.431 0.0000000000
70319  -56.267  -12.179  35.545 0.0000000000
70330  -56.467  -12.590  34.790 0.0000000000
140098  -61.365  -8.584  43.021 0.0000000000
74476  -61.157  -8.612  42.117 0.0000000000
74490  -60.996  -8.510  41.192 0.0000000000
74504  -60.859  -8.362  40.233 0.0000000000
74520  -60.697  -8.296  39.216 0.0000000000
73483  -60.116  -9.256  37.523 0.0000000000
74539  -63.979  -8.342  38.345 0.0000000000
74538  -62.907  -8.280  38.111 0.0000000000
72403  -63.378  -10.276  37.861 0.0000000000
73486  -62.950  -9.364  37.595 0.0000000000
73484  -61.067  -9.347  37.464 0.0000000000
72400  -60.519  -10.066  37.224 0.0000000000
72415  -60.096  -10.723  36.870 0.0000000000
40268  -23.327  -38.298  58.858 0.0000000000
41559  -23.920  -37.525  59.069 0.0000000000
41634  -25.428  -37.232  54.643 0.0000000000
42877  -26.113  -36.900  55.132 0.0000000000
41519  -26.293  -37.399  63.316 0.0000000000
41529  -26.574  -37.334  62.596 0.0000000000
41541  -27.276  -37.399  61.151 0.0000000000
41549  -26.911  -36.864  60.514 0.0000000000
41561  -27.326  -36.956  59.882 0.0000000000
42832  -27.509  -36.758  58.494 0.0000000000
40246  -30.171  -38.470  59.755 0.0000000000
147615  -29.688  -38.243  59.312 0.0000000000
41578  -29.074  -37.829  58.795 0.0000000000
41595  -27.978  -36.784  57.776 0.0000000000
42845  -27.929  -36.673  56.988 0.0000000000
42856  -28.295  -36.699  56.310 0.0000000000
42868  -28.331  -36.582  55.388 0.0000000000
42869  -29.102  -36.746  54.999 0.0000000000
163821  -30.137  -30.676  62.860 0.0000000000
47429  -29.753  -32.270  62.071 0.0000000000
48476  -30.034  -31.351  61.589 0.0000000000
162210  -30.327  -33.651  62.417 0.0000000000
46285  -32.313  -34.833  62.967 0.0000000000
45179  -33.016  -35.070  62.813 0.0000000000
151598  -31.024  -32.122  59.077 0.0000000000
46321  -30.907  -33.123  59.484 0.0000000000
46312  -32.326  -34.653  60.687 0.0000000000
46303  -32.000  -34.562  61.373 0.0000000000
46295  -32.972  -34.847  62.097 0.0000000000
46286  -33.272  -35.072  62.417 0.0000000000
44015  -33.952  -35.784  63.329 0.0000000000
42767  -34.808  -36.652  63.730 0.0000000000
41507  -35.062  -37.493  63.318 0.0000000000
40200  -35.054  -37.948  63.201 0.0000000000
42776  -36.217  -36.762  62.786 0.0000000000
40201  -35.804  -37.569  62.997 0.0000000000
38928  -35.119  -38.730  61.948 0.0000000000
38943  -35.439  -38.950  61.330 0.0000000000
37642  -35.414  -39.217  60.872 0.0000000000
44081  -34.002  -36.377  56.390 0.0000000000
146244  -35.036  -37.080  56.814 0.0000000000
42846  -34.595  -36.684  57.102 0.0000000000
44073  -34.727  -36.548  57.963 0.0000000000
42820  -35.788  -36.761  59.035 0.0000000000
161682  -35.998  -36.727  59.567 0.0000000000
42822  -37.072  -37.372  59.571 0.0000000000
44056  -36.454  -36.930  59.887 0.0000000000
44048  -37.070  -36.963  60.812 0.0000000000
42786  -37.488  -37.025  61.836 0.0000000000
40225  -37.558  -38.068  61.973 0.0000000000
40236  -38.197  -38.274  61.182 0.0000000000
37601  -31.139  -39.176  63.691 0.0000000000
37602  -31.835  -39.180  63.437 0.0000000000
37610  -29.849  -39.083  63.455 0.0000000000
37611  -30.687  -39.148  63.146 0.0000000000
37629  -34.043  -39.365  61.677 0.0000000000
38863  -27.163  -38.616  65.719 0.0000000000
38864  -27.833  -38.809  65.793 0.0000000000
38865  -28.484  -38.746  65.781 0.0000000000
38877  -26.971  -38.589  65.178 0.0000000000
38881  -30.369  -38.816  64.859 0.0000000000
38893  -28.497  -39.142  64.389 0.0000000000
38894  -29.234  -39.130  64.710 0.0000000000
38912  -33.147  -39.006  63.181 0.0000000000
40176  -30.511  -38.026  65.270 0.0000000000
40184  -25.963  -37.765  65.438 0.0000000000
40187  -31.231  -38.212  65.023 0.0000000000
40188  -32.570  -38.031  64.483 0.0000000000
40189  -33.320  -37.781  64.248 0.0000000000
40190  -34.082  -37.543  64.064 0.0000000000
40224  -37.101  -38.250  61.752 0.0000000000
41485  -29.019  -37.354  66.030 0.0000000000
41486  -29.792  -37.772  65.638 0.0000000000
41494  -31.866  -37.154  64.987 0.0000000000
41506  -34.782  -37.196  63.936 0.0000000000
41520  -35.080  -36.974  63.333 0.0000000000
41522  -36.587  -37.237  62.858 0.0000000000
42735  -27.133  -36.342  66.716 0.0000000000
42758  -33.177  -36.772  64.221 0.0000000000
42773  -24.529  -36.378  63.496 0.0000000000
42777  -36.906  -36.843  62.432 0.0000000000
42794  -23.978  -36.589  61.258 0.0000000000
42798  -37.567  -37.216  60.966 0.0000000000
42811  -37.044  -37.197  60.188 0.0000000000
42831  -26.655  -36.489  58.289 0.0000000000
42834  -36.241  -37.253  58.613 0.0000000000
42858  -34.642  -36.847  56.455 0.0000000000
43998  -28.132  -35.463  66.135 0.0000000000
44006  -30.588  -36.092  64.782 0.0000000000
44007  -31.958  -36.007  64.235 0.0000000000
44013  -32.376  -35.587  63.717 0.0000000000
44014  -33.157  -35.720  63.563 0.0000000000
44016  -34.324  -36.320  63.700 0.0000000000
44022  -34.474  -35.679  62.731 0.0000000000
44044  -34.494  -35.743  60.337 0.0000000000
45162  -29.903  -34.954  64.371 0.0000000000
45170  -31.244  -34.861  63.635 0.0000000000
45173  -33.312  -35.393  63.121 0.0000000000
45180  -33.643  -35.360  62.750 0.0000000000
45186  -34.609  -35.545  62.069 0.0000000000
45196  -33.919  -35.265  61.291 0.0000000000
45207  -35.194  -35.883  61.109 0.0000000000
45227  -33.302  -35.436  58.566 0.0000000000
46276  -31.616  -34.720  63.271 0.0000000000
46294  -32.178  -34.666  62.419 0.0000000000
46304  -32.808  -34.783  61.497 0.0000000000
47438  -43.226  -31.574  61.008 0.0000000000
47444  -30.365  -32.290  60.491 0.0000000000
47447  -43.262  -31.941  60.377 0.0000000000
47460  -43.206  -32.085  59.586 0.0000000000
47461  -45.167  -32.257  59.648 0.0000000000
47499  -47.533  -32.331  57.842 0.0000000000
47589  -38.229  -32.258  53.956 0.0000000000
47606  -33.770  -32.243  52.171 0.0000000000
47610  -47.464  -32.203  52.177 0.0000000000
47611  -47.959  -32.139  52.705 0.0000000000
47612  -48.503  -32.042  53.234 0.0000000000
47640  -45.908  -32.090  50.261 0.0000000000
48446  -29.362  -31.743  64.596 0.0000000000
48688  -45.832  -31.563  49.090 0.0000000000
48728  -45.573  -30.960  47.928 0.0000000000
48775  -43.653  -30.980  45.831 0.0000000000
49533  -30.521  -30.249  64.222 0.0000000000
49728  -39.188  -30.827  50.042 0.0000000000
50628  -34.614  -28.671  64.809 0.0000000000
50664  -31.488  -29.615  61.959 0.0000000000
50866  -42.017  -29.702  43.061 0.0000000000
50886  -42.464  -29.273  42.910 0.0000000000
51799  -38.663  -28.506  64.218 0.0000000000
51975  -44.950  -28.448  44.692 0.0000000000
52013  -41.250  -28.445  40.380 0.0000000000
53169  -42.282  -27.554  40.483 0.0000000000
54115  -53.026  -26.334  50.536 0.0000000000
54135  -53.439  -25.963  50.186 0.0000000000
55332  -48.035  -25.023  45.000 0.0000000000
56373  -60.809  -23.600  46.069 0.0000000000
56421  -45.600  -24.498  41.599 0.0000000000
57418  -57.889  -23.402  42.188 0.0000000000
57455  -56.932  -23.421  40.996 0.0000000000
57501  -52.846  -23.717  37.115 0.0000000000
58505  -61.660  -22.555  45.329 0.0000000000
58519  -60.595  -22.725  44.288 0.0000000000
58560  -47.724  -22.676  40.775 0.0000000000
58568  -57.604  -23.184  41.445 0.0000000000
58623  -49.525  -21.963  38.921 0.0000000000
58646  -53.335  -23.354  37.505 0.0000000000
59711  -62.614  -21.473  45.504 0.0000000000
59726  -60.588  -21.786  43.388 0.0000000000
60874  -63.221  -20.298  45.686 0.0000000000
62004  -61.610  -19.060  42.484 0.0000000000
62030  -60.100  -18.796  41.130 0.0000000000
63097  -62.523  -18.238  43.563 0.0000000000
63131  -61.159  -18.183  42.077 0.0000000000
63168  -58.390  -18.512  40.045 0.0000000000
63169  -58.938  -18.209  40.514 0.0000000000
63199  -55.385  -18.357  37.768 0.0000000000
64296  -61.052  -17.834  42.132 0.0000000000
65388  -62.832  -17.045  44.720 0.0000000000
65404  -62.675  -17.304  44.127 0.0000000000
65424  -60.876  -16.590  42.733 0.0000000000
66610  -53.844  -15.746  37.328 0.0000000000
66644  -51.847  -14.889  33.834 0.0000000000
67898  -53.739  -14.999  37.232 0.0000000000
67937  -52.404  -14.305  33.430 0.0000000000
67938  -52.993  -13.855  33.101 0.0000000000
69051  -60.945  -14.348  44.798 0.0000000000
69063  -60.050  -14.183  44.044 0.0000000000
69115  -54.645  -13.747  37.990 0.0000000000
69145  -54.273  -13.194  36.333 0.0000000000
69169  -55.375  -12.939  33.953 0.0000000000
70158  -60.519  -13.573  47.092 0.0000000000
70174  -59.405  -12.395  46.189 0.0000000000
70175  -59.980  -12.950  46.896 0.0000000000
70222  -58.942  -13.082  43.643 0.0000000000
70265  -55.671  -12.889  38.828 0.0000000000
71191  -59.572  -12.603  47.500 0.0000000000
71354  -56.765  -11.781  35.931 0.0000000000
74410  -59.276  -8.638  47.768 0.0000000000
74435  -59.574  -8.786  45.997 0.0000000000
74448  -62.279  -7.738  43.990 0.0000000000
74465  -63.106  -7.687  43.108 0.0000000000
74466  -63.416  -7.419  42.830 0.0000000000
74480  -63.846  -7.303  42.298 0.0000000000
74493  -63.362  -7.886  41.801 0.0000000000
74495  -64.216  -7.278  41.689 0.0000000000
74521  -62.253  -8.012  38.743 0.0000000000
74552  -61.601  -8.750  37.668 0.0000000000
74553  -62.492  -8.723  37.694 0.0000000000
75455  -62.092  -7.309  44.475 0.0000000000
75512  -64.615  -7.174  41.112 0.0000000000
75523  -65.548  -7.435  39.636 0.0000000000
76528  -62.695  -6.602  44.029 0.0000000000
76529  -63.036  -6.848  43.506 0.0000000000
76545  -63.431  -6.751  43.013 0.0000000000
76558  -63.674  -6.431  42.485 0.0000000000
76559  -64.225  -6.898  41.940 0.0000000000
76573  -65.010  -6.840  40.529 0.0000000000
77691  -63.200  -5.397  43.274 0.0000000000
77720  -63.928  -5.631  40.485 0.0000000000
77730  -64.851  -6.358  39.623 0.0000000000
139480  -45.282  -25.151  42.053 0.0000000000
140510  -43.569  -31.590  53.535 0.0000000000
140543  -64.412  -7.410  41.092 0.0000000000
142608  -46.207  -31.385  49.223 0.0000000000
142705  -59.746  -23.752  45.326 0.0000000000
143007  -47.215  -32.341  52.560 0.0000000000
143190  -45.325  -28.880  45.637 0.0000000000
144826  -48.234  -32.658  55.877 0.0000000000
145544  -27.914  -39.079  64.758 0.0000000000
147604  -22.604  -38.402  61.098 0.0000000000
149946  -44.424  -31.548  48.406 0.0000000000
152085  -28.857  -34.945  65.306 0.0000000000
152274  -31.169  -35.747  64.396 0.0000000000
154136  -32.565  -29.364  60.704 0.0000000000
154779  -45.916  -32.240  51.504 0.0000000000
155137  -54.944  -17.627  37.702 0.0000000000
155152  -27.395  -38.479  66.028 0.0000000000
155217  -58.678  -9.356  38.296 0.0000000000
155876  -61.710  -15.931  43.819 0.0000000000
158949  -53.809  -23.516  37.930 0.0000000000
159870  -58.530  -10.499  36.860 0.0000000000
161981  -32.292  -34.347  56.096 0.0000000000
162106  -33.457  -35.094  62.051 0.0000000000
162165  -59.739  -12.652  46.668 0.0000000000
162619  -26.722  -38.057  63.781 0.0000000000
163285  -32.426  -34.684  61.874 0.0000000000
163610  -38.262  -28.706  64.003 0.0000000000
164294  -37.729  -30.637  59.342 0.0000000000
164366  -31.266  -36.978  65.051 0.0000000000
164469  -28.336  -36.732  65.978 0.0000000000
165093  -34.159  -29.423  61.097 0.0000000000
165304  -48.422  -32.580  56.838 0.0000000000
165669  -33.419  -30.616  56.240 0.0000000000
