#!ascii label  , from subject sub-LJ001 vox2ras=TkReg
1814
96113  -41.841  12.078  25.867 0.0000000000
96266  -53.531  12.018  11.089 0.0000000000
104818  -50.068  20.892  30.131 0.0000000000
99296  -50.714  14.276  21.679 0.0000000000
94980  -52.808  10.367  32.816 0.0000000000
102320  -45.882  18.038  15.836 0.0000000000
108341  -55.214  24.742  15.280 0.0000000000
138597  -48.944  25.997  22.992 0.0000000000
94941  -44.295  10.329  36.426 0.0000000000
97201  -46.092  12.250  23.047 0.0000000000
97273  -46.936  12.734  17.780 0.0000000000
102268  -42.979  16.972  21.467 0.0000000000
107339  -55.566  23.882  31.579 0.0000000000
107407  -53.294  23.411  22.955 0.0000000000
109978  -58.434  26.007  22.704 0.0000000000
110015  -51.533  26.605  19.274 0.0000000000
109908  -53.615  26.649  26.420 0.0000000000
95205  -49.440  10.890  9.219 0.0000000000
161609  -42.741  14.277  30.493 0.0000000000
102222  -45.366  17.525  27.675 0.0000000000
146253  -56.584  15.781  25.096 0.0000000000
96106  -52.908  11.096  26.742 0.0000000000
91676  -48.082  7.537  27.476 0.0000000000
147308  -46.832  5.721  33.564 0.0000000000
97340  -49.098  12.797  12.692 0.0000000000
144180  -48.615  16.772  9.895 0.0000000000
162135  -47.329  21.603  22.366 0.0000000000
139871  -50.170  22.351  15.588 0.0000000000
106616  -48.651  22.248  8.801 0.0000000000
108357  -47.041  24.881  12.705 0.0000000000
108300  -45.037  24.635  16.810 0.0000000000
96137  -42.703  12.067  23.735 0.0000000000
98291  -43.037  13.986  21.692 0.0000000000
100236  -41.393  15.858  24.018 0.0000000000
109034  -56.920  25.679  31.831 0.0000000000
108227  -57.157  24.688  27.615 0.0000000000
109902  -57.870  26.769  27.378 0.0000000000
150599  -56.342  26.819  24.705 0.0000000000
95183  -51.484  10.768  10.532 0.0000000000
101142  -40.042  16.742  32.378 0.0000000000
100168  -44.500  16.191  32.454 0.0000000000
95022  -53.306  10.817  29.228 0.0000000000
92806  -50.066  9.000  26.873 0.0000000000
155521  -50.778  7.967  30.143 0.0000000000
91574  -45.948  8.003  35.204 0.0000000000
90609  -40.443  6.577  30.227 0.0000000000
95016  -38.765  10.588  29.210 0.0000000000
93916  -36.317  9.718  29.621 0.0000000000
98319  -52.076  14.213  19.084 0.0000000000
100308  -45.932  15.846  16.551 0.0000000000
97305  -48.545  12.697  15.298 0.0000000000
100327  -47.383  15.641  14.495 0.0000000000
99398  -48.577  14.790  12.042 0.0000000000
102349  -47.544  17.712  13.280 0.0000000000
103187  -47.897  19.058  29.234 0.0000000000
104831  -45.975  20.844  25.330 0.0000000000
105621  -49.282  21.869  26.074 0.0000000000
107449  -55.142  23.977  18.511 0.0000000000
106520  -52.294  22.838  18.810 0.0000000000
106562  -53.237  22.826  14.467 0.0000000000
106585  -50.766  22.744  11.419 0.0000000000
107503  -52.195  23.809  11.281 0.0000000000
107501  -48.360  24.020  10.473 0.0000000000
108347  -51.555  24.588  13.618 0.0000000000
138578  -50.242  26.619  20.741 0.0000000000
161718  -48.822  26.029  18.289 0.0000000000
110011  -47.483  26.885  19.221 0.0000000000
163002  -43.915  25.976  18.547 0.0000000000
161489  -46.449  26.089  21.098 0.0000000000
97203  -48.168  12.734  22.656 0.0000000000
142274  -48.631  12.421  20.002 0.0000000000
97225  -45.685  12.557  20.548 0.0000000000
100287  -44.577  15.373  18.835 0.0000000000
152124  -44.726  18.120  19.209 0.0000000000
106444  -52.606  22.370  31.085 0.0000000000
106472  -51.575  22.927  26.715 0.0000000000
107381  -54.464  23.734  26.885 0.0000000000
107404  -56.233  24.144  22.750 0.0000000000
143657  -57.178  25.542  18.707 0.0000000000
109185  -53.056  25.451  17.214 0.0000000000
138573  -55.366  26.505  20.534 0.0000000000
109959  -53.108  26.302  23.193 0.0000000000
109928  -51.041  26.417  24.846 0.0000000000
97364  -47.818  12.206  9.341 0.0000000000
97150  -44.334  12.162  28.978 0.0000000000
100211  -43.185  15.463  27.140 0.0000000000
99237  -45.920  14.023  30.018 0.0000000000
101172  -47.373  16.312  31.432 0.0000000000
103157  -48.966  18.217  32.638 0.0000000000
160977  -47.167  21.138  32.725 0.0000000000
104776  -50.657  20.519  34.111 0.0000000000
99277  -53.395  14.593  23.357 0.0000000000
98259  -54.334  13.735  25.708 0.0000000000
164154  -51.258  12.899  24.077 0.0000000000
95064  -48.994  10.858  24.685 0.0000000000
93961  -47.106  9.373  25.167 0.0000000000
94964  -52.590  10.441  35.670 0.0000000000
94932  -48.082  11.183  37.160 0.0000000000
92693  -49.174  8.241  35.642 0.0000000000
91618  -50.248  7.430  33.373 0.0000000000
90605  -48.158  6.208  30.677 0.0000000000
159846  -42.711  9.261  27.817 0.0000000000
98394  -53.150  13.225  13.143 0.0000000000
142210  -50.028  12.237  17.261 0.0000000000
97307  -50.856  11.773  14.791 0.0000000000
96250  -51.872  11.753  11.088 0.0000000000
165866  -49.758  12.060  9.772 0.0000000000
98439  -48.993  13.592  8.889 0.0000000000
100398  -47.831  15.939  7.425 0.0000000000
103216  -42.951  19.033  24.785 0.0000000000
104841  -44.919  20.238  21.828 0.0000000000
104867  -46.443  20.634  19.268 0.0000000000
106492  -51.000  22.657  22.569 0.0000000000
105671  -49.211  21.753  19.295 0.0000000000
104894  -47.027  21.177  15.781 0.0000000000
104913  -47.894  20.758  12.168 0.0000000000
104157  -48.709  19.841  8.718 0.0000000000
103356  -46.715  18.267  8.033 0.0000000000
165947  -49.907  24.463  16.259 0.0000000000
108333  -46.736  24.557  15.347 0.0000000000
107480  -43.109  24.365  14.253 0.0000000000
108312  -42.457  24.565  15.638 0.0000000000
109174  -41.453  25.574  17.676 0.0000000000
96126  -41.804  12.196  24.709 0.0000000000
97185  -41.760  13.161  23.705 0.0000000000
98257  -41.488  13.436  25.160 0.0000000000
141865  -57.785  26.065  29.080 0.0000000000
144513  -57.195  27.646  28.053 0.0000000000
95185  -52.888  11.579  10.842 0.0000000000
95001  -52.802  10.391  31.058 0.0000000000
93923  -51.784  8.983  29.531 0.0000000000
93901  -51.993  9.175  31.211 0.0000000000
90592  -39.430  6.508  31.305 0.0000000000
91653  -38.218  7.894  29.915 0.0000000000
99297  -51.400  14.648  21.524 0.0000000000
98309  -51.210  14.103  20.346 0.0000000000
101292  -46.060  16.475  16.159 0.0000000000
100318  -46.865  15.471  15.261 0.0000000000
101313  -46.761  17.114  14.772 0.0000000000
164215  -47.558  17.086  13.504 0.0000000000
103317  -46.759  18.024  14.411 0.0000000000
104029  -48.901  20.279  29.304 0.0000000000
104823  -48.414  20.714  27.664 0.0000000000
105611  -49.641  21.689  27.850 0.0000000000
107458  -55.490  23.979  16.789 0.0000000000
107457  -54.467  23.476  16.691 0.0000000000
107474  -54.632  23.857  14.479 0.0000000000
106579  -53.401  23.502  12.586 0.0000000000
108362  -54.025  24.179  13.134 0.0000000000
108360  -52.327  24.447  12.508 0.0000000000
108349  -53.664  24.527  13.767 0.0000000000
138596  -49.781  26.165  22.631 0.0000000000
138579  -48.833  26.718  20.360 0.0000000000
158036  -48.504  26.258  21.203 0.0000000000
138581  -47.095  26.307  20.744 0.0000000000
109973  -47.426  25.954  22.568 0.0000000000
97189  -46.896  12.247  23.055 0.0000000000
97215  -47.204  12.491  21.518 0.0000000000
97213  -45.579  12.580  21.544 0.0000000000
101240  -42.889  15.980  21.245 0.0000000000
99306  -43.957  14.740  20.026 0.0000000000
101251  -43.597  16.470  20.528 0.0000000000
153732  -44.550  16.864  18.924 0.0000000000
102281  -44.109  17.396  20.220 0.0000000000
107352  -53.828  23.314  30.609 0.0000000000
107370  -53.402  23.363  29.298 0.0000000000
141846  -54.311  23.750  28.793 0.0000000000
108237  -58.327  25.436  25.201 0.0000000000
141417  -57.096  24.491  24.750 0.0000000000
163900  -57.941  24.775  22.685 0.0000000000
108266  -57.444  24.749  20.708 0.0000000000
109987  -57.908  25.928  20.927 0.0000000000
140332  -56.613  26.367  20.215 0.0000000000
109976  -57.484  26.298  21.727 0.0000000000
157061  -54.443  26.591  25.907 0.0000000000
109931  -54.278  26.454  24.363 0.0000000000
156419  -53.505  26.410  24.958 0.0000000000
139946  -52.558  26.319  23.817 0.0000000000
109916  -52.055  26.469  25.447 0.0000000000
96276  -48.854  10.925  9.268 0.0000000000
98232  -43.638  12.706  29.743 0.0000000000
98239  -44.858  12.927  29.226 0.0000000000
99231  -44.376  13.845  30.426 0.0000000000
102155  -44.791  17.561  33.404 0.0000000000
101170  -46.154  16.033  32.041 0.0000000000
102171  -46.998  17.211  33.062 0.0000000000
102191  -48.059  16.975  31.954 0.0000000000
154613  -47.735  18.181  33.929 0.0000000000
106419  -46.628  22.338  31.414 0.0000000000
105568  -48.786  21.280  33.540 0.0000000000
106410  -49.590  22.275  33.293 0.0000000000
106403  -51.926  21.953  34.268 0.0000000000
148834  -50.330  23.324  32.804 0.0000000000
100248  -55.359  15.388  22.348 0.0000000000
99279  -55.106  14.830  23.652 0.0000000000
98246  -54.613  13.598  27.624 0.0000000000
97171  -53.529  12.706  25.727 0.0000000000
97180  -53.120  12.981  25.004 0.0000000000
96132  -52.064  11.871  25.181 0.0000000000
96131  -50.523  11.648  24.610 0.0000000000
95053  -50.604  10.937  25.206 0.0000000000
92790  -49.264  8.212  27.405 0.0000000000
93948  -48.676  8.948  26.213 0.0000000000
141606  -47.299  8.283  26.163 0.0000000000
94930  -46.165  10.641  37.263 0.0000000000
92691  -47.459  8.421  35.570 0.0000000000
91603  -48.307  6.967  34.674 0.0000000000
91579  -50.335  7.941  34.980 0.0000000000
90562  -48.661  6.589  33.802 0.0000000000
90584  -49.483  6.894  32.213 0.0000000000
89569  -47.601  5.725  32.240 0.0000000000
95025  -42.811  10.276  28.761 0.0000000000
152579  -41.907  9.716  29.196 0.0000000000
99388  -54.201  14.505  13.034 0.0000000000
97238  -47.651  12.180  19.027 0.0000000000
161952  -49.830  12.456  18.836 0.0000000000
166295  -48.578  12.270  17.833 0.0000000000
97318  -48.799  12.747  14.434 0.0000000000
152370  -49.359  12.287  14.958 0.0000000000
96230  -50.474  11.770  13.672 0.0000000000
97332  -51.978  12.052  12.904 0.0000000000
96241  -50.476  11.692  12.557 0.0000000000
96262  -50.220  11.731  11.017 0.0000000000
97341  -49.575  12.303  11.928 0.0000000000
159035  -48.578  16.611  10.814 0.0000000000
154538  -48.749  14.054  10.293 0.0000000000
100361  -48.648  15.020  9.078 0.0000000000
99441  -48.101  14.183  8.118 0.0000000000
101364  -48.453  16.340  7.997 0.0000000000
101208  -43.870  16.704  27.144 0.0000000000
101207  -43.099  17.048  26.504 0.0000000000
145940  -44.117  18.249  26.494 0.0000000000
157642  -46.859  21.719  23.984 0.0000000000
104839  -45.188  21.100  23.397 0.0000000000
104842  -46.357  21.144  21.934 0.0000000000
104859  -45.811  20.323  20.675 0.0000000000
105658  -47.282  21.159  20.637 0.0000000000
157761  -52.424  23.251  24.899 0.0000000000
165563  -51.287  22.830  24.710 0.0000000000
143807  -52.080  22.989  22.605 0.0000000000
141138  -51.036  22.376  17.731 0.0000000000
106518  -50.735  22.313  19.627 0.0000000000
106536  -49.943  22.119  17.068 0.0000000000
105702  -48.227  21.737  16.864 0.0000000000
105710  -48.425  21.989  15.272 0.0000000000
104907  -47.303  20.691  13.841 0.0000000000
105717  -48.414  22.040  13.915 0.0000000000
105749  -49.625  22.603  9.396 0.0000000000
104925  -49.048  21.187  9.694 0.0000000000
105762  -48.689  21.399  8.354 0.0000000000
104174  -47.677  19.026  7.579 0.0000000000
104163  -47.360  19.698  8.026 0.0000000000
104155  -46.149  19.059  9.310 0.0000000000
105753  -47.246  21.664  9.312 0.0000000000
108369  -47.844  24.621  12.056 0.0000000000
106583  -46.393  23.197  11.616 0.0000000000
109166  -52.532  25.846  18.044 0.0000000000
108306  -51.349  24.850  16.779 0.0000000000
109183  -51.201  25.436  17.620 0.0000000000
109179  -46.733  25.457  17.961 0.0000000000
108303  -47.972  24.812  17.268 0.0000000000
108315  -45.693  24.540  16.264 0.0000000000
150689  -44.162  25.182  13.746 0.0000000000
108314  -44.008  24.657  15.610 0.0000000000
154823  -42.844  24.630  14.990 0.0000000000
108299  -43.829  24.695  16.820 0.0000000000
110007  -43.917  26.480  19.450 0.0000000000
109157  -43.170  25.647  18.059 0.0000000000
152942  -42.509  26.295  18.920 0.0000000000
109155  -40.781  25.982  18.360 0.0000000000
97188  -44.259  12.219  23.178 0.0000000000
97199  -44.304  12.661  22.516 0.0000000000
97197  -42.881  13.234  22.702 0.0000000000
99283  -42.125  14.716  22.319 0.0000000000
101230  -41.823  16.403  22.739 0.0000000000
108220  -55.924  24.430  28.930 0.0000000000
108213  -57.165  24.853  29.536 0.0000000000
109076  -58.132  25.451  26.917 0.0000000000
109921  -58.122  26.488  25.221 0.0000000000
109962  -57.317  26.567  23.484 0.0000000000
159094  -57.401  27.116  25.829 0.0000000000
110771  -56.192  27.210  26.684 0.0000000000
95196  -50.379  10.705  9.874 0.0000000000
158285  -40.912  15.362  31.988 0.0000000000
100188  -43.253  15.378  31.576 0.0000000000
100166  -41.947  16.087  32.695 0.0000000000
164464  -52.765  10.343  27.807 0.0000000000
95032  -51.966  10.032  26.879 0.0000000000
159661  -51.738  9.272  28.065 0.0000000000
92786  -50.840  8.363  28.635 0.0000000000
91665  -49.691  7.548  29.036 0.0000000000
92688  -44.497  9.364  35.464 0.0000000000
90557  -43.820  6.765  34.519 0.0000000000
90610  -41.201  6.933  29.669 0.0000000000
93920  -40.429  9.363  29.239 0.0000000000
162863  -39.778  8.274  29.472 0.0000000000
93918  -38.110  9.283  29.404 0.0000000000
99338  -46.179  14.178  16.963 0.0000000000
97291  -47.835  12.671  16.574 0.0000000000
99354  -46.876  14.164  15.915 0.0000000000
98380  -47.849  13.997  14.511 0.0000000000
99376  -48.290  14.339  13.569 0.0000000000
98405  -48.856  13.354  12.163 0.0000000000
99387  -48.419  15.001  12.879 0.0000000000
101328  -48.296  16.509  12.416 0.0000000000
101327  -48.180  17.372  12.114 0.0000000000
103185  -46.701  18.234  28.429 0.0000000000
103202  -46.068  19.054  27.006 0.0000000000
104040  -47.089  20.002  27.022 0.0000000000
163101  -47.361  21.025  25.866 0.0000000000
161830  -48.617  22.005  23.902 0.0000000000
107417  -54.120  23.565  21.328 0.0000000000
152961  -53.206  23.274  21.162 0.0000000000
107437  -53.037  23.180  19.243 0.0000000000
143201  -52.464  22.606  16.781 0.0000000000
138927  -51.031  22.418  15.370 0.0000000000
106568  -50.006  22.450  14.073 0.0000000000
138611  -52.132  22.670  13.331 0.0000000000
142122  -51.413  23.184  10.989 0.0000000000
107512  -50.351  23.301  9.890 0.0000000000
152044  -48.971  23.524  9.750 0.0000000000
108380  -50.141  24.110  10.676 0.0000000000
155416  -49.968  24.568  12.614 0.0000000000
139949  -48.807  24.613  13.393 0.0000000000
109999  -51.236  26.770  19.877 0.0000000000
110031  -49.980  26.680  18.845 0.0000000000
110013  -49.240  26.897  19.122 0.0000000000
110029  -47.709  26.626  18.792 0.0000000000
109160  -46.398  26.205  18.527 0.0000000000
109177  -44.831  25.294  17.925 0.0000000000
110027  -46.080  26.671  18.930 0.0000000000
109993  -45.331  26.499  20.180 0.0000000000
109983  -44.976  25.949  21.101 0.0000000000
154653  -49.691  13.519  22.410 0.0000000000
98307  -49.665  13.300  21.164 0.0000000000
97217  -48.936  12.927  21.450 0.0000000000
142163  -47.896  12.243  19.880 0.0000000000
97253  -45.978  12.850  18.895 0.0000000000
97224  -44.915  12.874  20.859 0.0000000000
98315  -44.719  13.683  19.576 0.0000000000
98326  -45.583  13.537  18.455 0.0000000000
100288  -45.097  15.314  18.004 0.0000000000
153489  -45.258  17.116  17.336 0.0000000000
161588  -45.312  18.408  17.412 0.0000000000
105605  -51.155  21.788  30.230 0.0000000000
106467  -50.555  22.284  27.900 0.0000000000
106465  -51.794  22.850  28.384 0.0000000000
159584  -53.131  23.419  26.622 0.0000000000
107395  -53.830  23.506  24.760 0.0000000000
162222  -55.672  24.180  27.212 0.0000000000
107392  -55.264  23.804  24.923 0.0000000000
107409  -54.997  23.730  22.913 0.0000000000
107419  -56.346  24.311  20.998 0.0000000000
108282  -56.978  24.955  18.423 0.0000000000
109188  -56.310  25.108  16.692 0.0000000000
109196  -54.689  25.167  15.740 0.0000000000
110036  -55.765  25.839  18.236 0.0000000000
110035  -54.389  25.961  18.370 0.0000000000
110001  -53.100  26.525  19.878 0.0000000000
138591  -55.331  26.466  23.081 0.0000000000
138583  -54.148  26.453  21.770 0.0000000000
158059  -52.284  26.513  21.162 0.0000000000
138585  -51.600  26.464  21.322 0.0000000000
109957  -51.165  26.243  23.183 0.0000000000
159053  -50.072  26.285  24.037 0.0000000000
97155  -42.909  12.332  27.570 0.0000000000
143883  -42.088  14.206  26.402 0.0000000000
142962  -43.560  13.586  27.884 0.0000000000
100213  -44.527  15.279  28.100 0.0000000000
101195  -45.664  16.123  28.661 0.0000000000
99220  -45.383  14.736  31.053 0.0000000000
100196  -46.641  15.213  30.712 0.0000000000
102208  -46.839  16.965  29.411 0.0000000000
103179  -47.856  17.831  30.314 0.0000000000
104024  -48.731  19.181  30.384 0.0000000000
104015  -49.792  19.534  31.740 0.0000000000
104001  -46.073  19.846  33.173 0.0000000000
104773  -48.187  19.927  34.095 0.0000000000
103994  -50.277  19.866  33.754 0.0000000000
104796  -50.814  20.378  32.308 0.0000000000
105581  -51.837  21.277  32.436 0.0000000000
106412  -53.180  22.288  33.574 0.0000000000
107327  -54.353  23.254  33.349 0.0000000000
142427  -53.182  15.147  22.242 0.0000000000
143346  -51.759  14.562  22.671 0.0000000000
99253  -55.439  14.982  27.121 0.0000000000
144702  -55.501  14.964  25.633 0.0000000000
98275  -53.822  14.234  24.085 0.0000000000
141094  -52.173  13.845  23.750 0.0000000000
138462  -50.648  13.722  23.217 0.0000000000
97192  -49.547  12.706  23.492 0.0000000000
144879  -48.806  12.240  23.547 0.0000000000
96128  -47.868  11.366  23.983 0.0000000000
93963  -49.681  9.842  25.708 0.0000000000
93973  -48.224  10.263  24.901 0.0000000000
95073  -46.451  10.977  23.998 0.0000000000
95060  -45.237  10.308  24.321 0.0000000000
96024  -49.287  11.563  37.708 0.0000000000
93832  -46.749  10.113  36.294 0.0000000000
92665  -48.521  9.586  36.281 0.0000000000
94946  -50.474  10.468  36.920 0.0000000000
92667  -50.486  9.024  35.981 0.0000000000
92717  -51.484  8.668  34.582 0.0000000000
144704  -52.049  9.032  32.982 0.0000000000
91642  -50.462  7.617  31.723 0.0000000000
91649  -49.589  7.138  30.731 0.0000000000
90622  -48.030  6.786  28.851 0.0000000000
165962  -42.723  10.644  27.426 0.0000000000
96101  -43.162  10.866  28.540 0.0000000000
97144  -43.102  11.844  29.478 0.0000000000
98231  -42.326  12.821  29.721 0.0000000000
99228  -40.953  14.375  30.566 0.0000000000
100345  -55.409  15.436  12.674 0.0000000000
99399  -54.535  14.171  12.323 0.0000000000
97355  -53.837  12.987  11.244 0.0000000000
97241  -50.250  12.814  19.391 0.0000000000
97259  -51.207  12.882  18.255 0.0000000000
97293  -49.320  12.297  16.744 0.0000000000
140063  -51.044  11.968  15.875 0.0000000000
97309  -52.265  12.482  15.477 0.0000000000
97321  -52.691  12.740  13.747 0.0000000000
163053  -52.694  12.672  12.426 0.0000000000
146599  -52.984  12.001  10.748 0.0000000000
96264  -51.787  11.404  10.675 0.0000000000
96277  -50.508  11.066  9.807 0.0000000000
138268  -50.018  11.257  9.331 0.0000000000
98417  -48.892  13.505  11.016 0.0000000000
98430  -49.505  12.427  9.206 0.0000000000
96298  -49.067  11.958  8.438 0.0000000000
97384  -48.539  12.607  8.345 0.0000000000
160170  -47.785  13.621  8.330 0.0000000000
99429  -46.775  14.788  8.956 0.0000000000
100226  -41.813  15.967  25.636 0.0000000000
158450  -41.717  17.192  24.612 0.0000000000
103222  -42.574  18.531  23.318 0.0000000000
104043  -44.542  19.899  25.512 0.0000000000
104051  -43.535  19.675  23.491 0.0000000000
104056  -43.877  19.270  22.011 0.0000000000
104079  -44.866  19.056  20.126 0.0000000000
143038  -45.581  19.746  19.077 0.0000000000
104108  -45.751  19.803  17.484 0.0000000000
148590  -50.543  22.466  26.071 0.0000000000
106481  -50.034  22.388  24.738 0.0000000000
140301  -49.059  21.988  22.405 0.0000000000
165403  -51.389  22.613  20.964 0.0000000000
105662  -50.082  22.164  21.129 0.0000000000
105660  -48.347  21.498  20.606 0.0000000000
105669  -47.725  21.315  19.138 0.0000000000
105690  -46.753  21.020  16.862 0.0000000000
156828  -46.285  19.284  15.386 0.0000000000
104130  -46.970  19.701  13.913 0.0000000000
150510  -48.277  19.036  11.037 0.0000000000
105733  -48.916  22.104  11.831 0.0000000000
157952  -48.716  20.440  10.052 0.0000000000
103343  -48.573  18.917  9.799 0.0000000000
102397  -48.268  17.732  7.725 0.0000000000
101363  -47.002  16.594  7.664 0.0000000000
105747  -46.797  22.059  10.244 0.0000000000
108321  -52.089  24.778  15.681 0.0000000000
108336  -49.971  24.448  15.409 0.0000000000
138600  -48.204  24.551  14.439 0.0000000000
109182  -49.450  25.387  17.684 0.0000000000
108318  -48.355  24.473  16.421 0.0000000000
138601  -47.058  24.780  14.378 0.0000000000
108345  -44.962  25.189  13.390 0.0000000000
107481  -43.611  24.401  13.688 0.0000000000
105708  -43.827  22.214  15.090 0.0000000000
109176  -43.074  24.992  17.229 0.0000000000
108298  -41.661  24.973  16.757 0.0000000000
157387  -49.255  26.602  24.971 0.0000000000
138143  -47.694  26.582  24.377 0.0000000000
109972  -46.584  25.968  22.758 0.0000000000
109971  -45.740  25.973  22.853 0.0000000000
151470  -43.952  25.600  21.807 0.0000000000
97169  -41.644  12.508  25.241 0.0000000000
97163  -41.704  12.811  25.956 0.0000000000
94994  -53.172  10.995  32.376 0.0000000000
95002  -53.180  11.032  31.475 0.0000000000
94993  -52.763  10.406  31.952 0.0000000000
93902  -52.432  9.742  31.568 0.0000000000
91640  -38.707  6.958  31.880 0.0000000000
99307  -51.072  14.341  21.043 0.0000000000
153385  -46.203  17.216  15.620 0.0000000000
102329  -46.362  17.931  15.139 0.0000000000
104817  -49.507  20.896  29.358 0.0000000000
104821  -49.144  20.904  28.762 0.0000000000
105603  -49.994  21.372  29.323 0.0000000000
107476  -55.554  24.574  15.741 0.0000000000
107466  -55.379  23.989  15.896 0.0000000000
107475  -55.147  24.234  15.121 0.0000000000
107482  -54.342  24.101  13.709 0.0000000000
108350  -54.257  24.366  13.845 0.0000000000
108340  -54.253  24.675  14.448 0.0000000000
138588  -49.166  26.134  21.797 0.0000000000
109974  -48.296  25.975  22.246 0.0000000000
138589  -47.695  26.107  21.487 0.0000000000
158548  -46.511  12.438  22.595 0.0000000000
145223  -45.819  12.475  22.420 0.0000000000
145489  -43.320  15.620  20.755 0.0000000000
102280  -43.614  17.355  20.862 0.0000000000
107353  -54.692  23.600  31.066 0.0000000000
144175  -54.423  23.688  29.908 0.0000000000
107354  -55.322  23.963  30.445 0.0000000000
109093  -58.456  25.826  23.836 0.0000000000
108246  -58.350  25.296  23.579 0.0000000000
109111  -58.529  25.696  23.024 0.0000000000
109126  -58.128  25.484  21.264 0.0000000000
109977  -58.260  25.965  21.872 0.0000000000
141944  -57.847  26.332  22.605 0.0000000000
153541  -54.517  26.758  26.548 0.0000000000
164162  -53.744  26.498  25.639 0.0000000000
109917  -52.837  26.493  25.728 0.0000000000
109907  -52.658  26.693  26.605 0.0000000000
95195  -49.856  10.494  9.818 0.0000000000
95194  -49.299  10.471  9.924 0.0000000000
99230  -43.579  13.648  30.254 0.0000000000
98222  -44.484  13.134  29.995 0.0000000000
99218  -43.417  14.521  30.752 0.0000000000
103132  -45.271  18.318  33.464 0.0000000000
101134  -45.419  17.172  33.274 0.0000000000
103133  -46.145  18.324  33.680 0.0000000000
102158  -47.419  17.709  33.574 0.0000000000
103990  -46.585  18.999  33.777 0.0000000000
107335  -49.528  23.374  32.090 0.0000000000
100232  -56.470  15.572  24.184 0.0000000000
100231  -55.793  15.141  23.879 0.0000000000
100227  -55.878  15.215  24.825 0.0000000000
97170  -52.859  12.225  25.455 0.0000000000
96121  -52.538  11.433  25.934 0.0000000000
95054  -51.653  10.984  25.639 0.0000000000
91677  -48.862  7.761  27.748 0.0000000000
91688  -48.588  8.164  26.938 0.0000000000
91687  -47.710  7.874  26.754 0.0000000000
92803  -46.481  8.048  26.064 0.0000000000
161340  -46.978  7.773  26.566 0.0000000000
140516  -45.618  10.546  36.814 0.0000000000
91602  -47.306  6.880  34.740 0.0000000000
90561  -47.865  6.466  34.167 0.0000000000
89556  -47.728  6.069  33.300 0.0000000000
89557  -48.178  6.107  32.559 0.0000000000
89568  -46.979  5.485  32.852 0.0000000000
92778  -42.104  8.308  28.976 0.0000000000
93928  -42.364  8.947  28.643 0.0000000000
93922  -41.972  9.037  29.051 0.0000000000
98369  -52.880  13.086  15.504 0.0000000000
97255  -47.464  12.383  18.289 0.0000000000
97256  -48.178  12.214  18.410 0.0000000000
97274  -47.779  12.467  17.537 0.0000000000
97330  -48.960  12.787  13.576 0.0000000000
97319  -49.504  12.246  14.064 0.0000000000
97331  -49.694  12.174  12.984 0.0000000000
96240  -50.109  11.797  12.021 0.0000000000
101341  -48.623  15.823  10.264 0.0000000000
141817  -48.612  16.023  8.940 0.0000000000
144662  -48.579  16.988  8.805 0.0000000000
102221  -44.606  17.148  27.390 0.0000000000
102229  -43.990  17.544  26.787 0.0000000000
102230  -44.797  18.082  26.988 0.0000000000
105629  -47.025  21.780  23.259 0.0000000000
105628  -46.115  21.589  23.528 0.0000000000
162595  -46.802  21.387  22.121 0.0000000000
105645  -46.995  21.289  21.587 0.0000000000
105646  -47.833  21.490  21.508 0.0000000000
107400  -53.234  23.404  23.666 0.0000000000
106489  -52.521  23.258  24.053 0.0000000000
106494  -52.624  23.246  23.257 0.0000000000
106548  -50.583  22.331  16.316 0.0000000000
106537  -50.604  22.290  17.170 0.0000000000
106547  -49.685  22.194  16.307 0.0000000000
106546  -48.827  22.065  16.061 0.0000000000
106558  -49.070  22.245  15.325 0.0000000000
161903  -48.210  21.919  14.641 0.0000000000
106567  -48.985  22.278  14.552 0.0000000000
105755  -49.234  22.068  8.808 0.0000000000
104931  -47.945  20.722  8.089 0.0000000000
105754  -48.057  21.633  8.496 0.0000000000
104930  -47.467  21.112  8.640 0.0000000000
108368  -46.963  24.622  12.148 0.0000000000
108367  -46.370  24.537  12.218 0.0000000000
108356  -46.184  24.980  12.609 0.0000000000
110033  -51.980  26.259  18.709 0.0000000000
109165  -51.522  25.953  18.241 0.0000000000
108301  -46.173  24.715  17.242 0.0000000000
143503  -44.896  24.666  15.453 0.0000000000
110024  -43.333  26.269  18.803 0.0000000000
97187  -43.394  12.568  23.101 0.0000000000
97186  -42.428  12.815  23.356 0.0000000000
99275  -41.412  14.521  23.917 0.0000000000
98278  -41.939  14.168  22.789 0.0000000000
99282  -41.618  14.816  23.092 0.0000000000
100244  -41.884  15.546  22.473 0.0000000000
101225  -41.561  16.523  23.563 0.0000000000
143466  -56.831  24.608  31.243 0.0000000000
109043  -57.373  25.271  30.507 0.0000000000
109894  -57.857  26.437  28.192 0.0000000000
109068  -57.867  25.536  28.457 0.0000000000
109069  -58.050  25.912  27.596 0.0000000000
161998  -58.265  25.882  26.303 0.0000000000
110760  -57.873  26.913  26.619 0.0000000000
109910  -57.852  26.898  25.865 0.0000000000
110773  -57.604  27.127  26.431 0.0000000000
110747  -56.626  27.856  28.287 0.0000000000
110758  -56.876  27.546  27.387 0.0000000000
110757  -55.869  27.444  27.671 0.0000000000
95184  -52.439  10.945  10.917 0.0000000000
148717  -50.887  10.869  10.094 0.0000000000
100164  -41.075  15.896  32.558 0.0000000000
100165  -41.534  15.655  32.297 0.0000000000
101144  -41.314  16.550  32.730 0.0000000000
95027  -53.152  10.636  28.338 0.0000000000
95026  -52.666  10.063  28.330 0.0000000000
95021  -52.827  10.129  29.065 0.0000000000
92769  -51.396  8.530  30.240 0.0000000000
92779  -51.163  8.397  29.416 0.0000000000
139900  -50.493  7.922  29.296 0.0000000000
92785  -50.231  8.016  28.611 0.0000000000
141059  -42.131  5.383  30.873 0.0000000000
89587  -41.389  5.755  30.733 0.0000000000
90603  -42.064  5.883  30.134 0.0000000000
165858  -40.423  7.121  29.771 0.0000000000
139341  -39.894  7.641  29.640 0.0000000000
92774  -38.361  8.567  29.597 0.0000000000
93917  -37.202  9.485  29.477 0.0000000000
99352  -46.096  15.048  16.611 0.0000000000
99353  -46.472  14.405  16.379 0.0000000000
99363  -46.567  14.900  15.902 0.0000000000
162149  -47.381  14.803  14.864 0.0000000000
99375  -47.828  14.966  14.136 0.0000000000
99386  -48.139  15.181  13.499 0.0000000000
101321  -47.869  16.502  13.309 0.0000000000
147636  -47.910  17.191  12.888 0.0000000000
102358  -47.841  17.909  12.551 0.0000000000
103186  -47.323  18.617  28.814 0.0000000000
103194  -47.039  18.979  28.076 0.0000000000
104035  -47.384  19.694  27.725 0.0000000000
148783  -48.716  21.236  27.245 0.0000000000
104829  -48.167  20.926  26.904 0.0000000000
105620  -48.494  21.614  25.664 0.0000000000
105625  -48.154  21.718  24.757 0.0000000000
107439  -54.849  23.855  19.659 0.0000000000
107428  -53.930  23.523  20.448 0.0000000000
163570  -54.398  23.694  19.131 0.0000000000
106539  -53.607  23.046  16.132 0.0000000000
107456  -53.278  23.020  17.280 0.0000000000
106550  -52.891  22.657  15.596 0.0000000000
161882  -52.014  22.455  16.071 0.0000000000
106561  -52.079  22.448  15.130 0.0000000000
138612  -51.550  22.498  14.401 0.0000000000
106570  -52.591  22.686  13.963 0.0000000000
106587  -53.058  23.656  12.038 0.0000000000
138610  -52.684  23.091  12.286 0.0000000000
106596  -51.860  23.537  11.078 0.0000000000
106595  -51.217  23.436  10.633 0.0000000000
107502  -51.510  23.709  10.858 0.0000000000
108389  -50.247  23.744  10.151 0.0000000000
108382  -51.704  24.007  11.033 0.0000000000
108371  -51.304  24.409  11.779 0.0000000000
108359  -50.948  24.588  13.027 0.0000000000
156781  -49.887  24.548  13.560 0.0000000000
109998  -50.421  26.885  19.972 0.0000000000
156821  -49.637  26.882  20.115 0.0000000000
109996  -48.151  26.908  19.679 0.0000000000
110012  -48.417  26.872  19.097 0.0000000000
109161  -47.211  26.182  18.422 0.0000000000
110028  -46.893  26.708  18.855 0.0000000000
110010  -46.613  26.827  19.320 0.0000000000
109994  -46.305  26.595  20.151 0.0000000000
138902  -45.770  26.044  21.036 0.0000000000
98281  -48.933  13.056  22.317 0.0000000000
97216  -48.061  12.733  21.790 0.0000000000
141459  -46.436  12.403  21.057 0.0000000000
97227  -47.284  12.326  20.609 0.0000000000
97226  -46.446  12.360  20.161 0.0000000000
142816  -47.081  12.226  19.637 0.0000000000
97236  -45.788  12.659  19.684 0.0000000000
97211  -43.926  13.146  21.856 0.0000000000
97212  -44.675  12.839  21.694 0.0000000000
98293  -44.213  13.302  21.110 0.0000000000
99315  -44.484  14.556  19.326 0.0000000000
98305  -44.257  14.081  19.947 0.0000000000
99316  -44.979  13.976  18.838 0.0000000000
99325  -44.867  14.704  18.610 0.0000000000
99326  -45.316  14.337  18.146 0.0000000000
102294  -44.733  17.637  18.669 0.0000000000
102295  -44.824  16.992  18.099 0.0000000000
149342  -44.970  17.853  17.831 0.0000000000
102305  -45.366  17.794  17.138 0.0000000000
164981  -45.099  18.447  17.914 0.0000000000
106443  -51.845  22.029  30.669 0.0000000000
143394  -51.612  22.537  29.241 0.0000000000
106460  -52.136  22.503  30.042 0.0000000000
107376  -53.524  23.513  28.103 0.0000000000
107379  -52.880  23.365  27.343 0.0000000000
107380  -53.679  23.538  27.171 0.0000000000
107384  -53.093  23.390  25.926 0.0000000000
107390  -53.783  23.508  25.540 0.0000000000
108221  -56.842  24.636  28.685 0.0000000000
108226  -56.005  24.385  27.887 0.0000000000
137946  -56.247  24.330  26.981 0.0000000000
107397  -56.296  24.159  23.697 0.0000000000
108234  -56.141  24.100  25.103 0.0000000000
108239  -55.675  23.922  24.348 0.0000000000
107403  -55.375  23.835  23.622 0.0000000000
153355  -55.645  23.984  21.978 0.0000000000
108253  -56.907  24.391  21.652 0.0000000000
108284  -57.670  25.477  19.806 0.0000000000
108274  -56.986  24.863  19.405 0.0000000000
108283  -57.350  25.385  19.108 0.0000000000
108290  -56.814  24.965  17.549 0.0000000000
109169  -56.939  25.397  18.065 0.0000000000
166161  -56.431  25.443  17.504 0.0000000000
110020  -56.835  25.651  18.343 0.0000000000
142501  -55.821  26.351  19.665 0.0000000000
110002  -54.358  26.501  19.965 0.0000000000
110017  -53.703  26.300  19.191 0.0000000000
109961  -56.154  26.646  23.836 0.0000000000
109960  -54.175  26.393  23.358 0.0000000000
138592  -53.660  26.368  22.448 0.0000000000
138584  -53.175  26.474  21.482 0.0000000000
159743  -52.853  26.338  22.422 0.0000000000
138593  -52.243  26.360  21.942 0.0000000000
139947  -51.704  26.327  24.078 0.0000000000
139948  -50.746  26.305  24.050 0.0000000000
109956  -50.327  26.239  23.324 0.0000000000
96275  -48.216  11.447  9.793 0.0000000000
98428  -47.599  13.080  8.901 0.0000000000
98245  -43.690  12.609  28.261 0.0000000000
98244  -42.991  13.150  27.550 0.0000000000
98238  -44.429  13.055  28.612 0.0000000000
98240  -45.282  13.483  29.445 0.0000000000
99243  -44.972  13.599  28.859 0.0000000000
99244  -45.428  14.085  29.133 0.0000000000
100204  -45.433  15.085  28.798 0.0000000000
100167  -43.540  16.042  32.439 0.0000000000
100189  -44.376  15.494  31.676 0.0000000000
101171  -46.867  16.301  31.906 0.0000000000
142032  -47.105  15.736  30.871 0.0000000000
101187  -46.669  16.226  29.651 0.0000000000
101188  -47.119  16.551  30.068 0.0000000000
102209  -47.346  17.379  29.829 0.0000000000
102202  -47.560  17.000  30.533 0.0000000000
102173  -48.450  17.661  32.800 0.0000000000
102192  -48.530  17.775  31.881 0.0000000000
143407  -48.930  18.392  31.780 0.0000000000
103173  -49.126  18.978  31.252 0.0000000000
103158  -49.413  18.804  32.285 0.0000000000
105579  -47.119  21.796  32.126 0.0000000000
104782  -45.861  20.736  32.536 0.0000000000
104783  -46.728  20.562  32.957 0.0000000000
104772  -47.226  19.725  33.721 0.0000000000
139511  -47.609  20.596  33.389 0.0000000000
105561  -50.181  20.923  34.209 0.0000000000
104775  -49.851  20.078  34.204 0.0000000000
104003  -50.426  19.814  32.711 0.0000000000
104784  -50.875  20.302  33.441 0.0000000000
104797  -51.435  20.703  33.040 0.0000000000
104785  -51.333  20.886  33.905 0.0000000000
151309  -51.973  22.678  34.252 0.0000000000
105563  -52.508  21.907  34.068 0.0000000000
106404  -53.189  22.685  34.144 0.0000000000
106413  -53.704  22.815  33.740 0.0000000000
107318  -53.341  23.305  34.084 0.0000000000
100262  -56.044  15.803  21.830 0.0000000000
100237  -54.800  15.032  22.892 0.0000000000
100247  -54.530  15.353  22.119 0.0000000000
99286  -53.831  15.051  22.696 0.0000000000
99285  -52.454  14.935  22.265 0.0000000000
138350  -53.045  14.900  22.775 0.0000000000
98252  -54.420  13.488  26.569 0.0000000000
99252  -54.929  14.245  26.965 0.0000000000
99259  -54.709  14.136  26.204 0.0000000000
99260  -55.205  14.655  26.314 0.0000000000
99266  -54.807  14.400  25.441 0.0000000000
159785  -55.237  14.765  24.924 0.0000000000
98266  -54.139  13.971  24.908 0.0000000000
98263  -51.926  13.118  24.153 0.0000000000
98264  -52.669  13.392  24.351 0.0000000000
160871  -51.749  14.188  23.249 0.0000000000
98273  -51.327  13.606  23.604 0.0000000000
98272  -49.985  13.451  23.069 0.0000000000
97193  -50.516  13.005  23.718 0.0000000000
149409  -49.783  11.332  24.597 0.0000000000
96130  -49.349  11.892  24.039 0.0000000000
96129  -48.665  11.527  24.084 0.0000000000
96143  -48.118  11.988  23.554 0.0000000000
155710  -48.286  10.936  24.403 0.0000000000
93937  -50.832  9.213  27.045 0.0000000000
93950  -50.379  9.643  26.277 0.0000000000
160795  -47.774  9.658  25.237 0.0000000000
93962  -48.426  9.572  25.526 0.0000000000
93972  -47.379  10.041  24.765 0.0000000000
95062  -46.886  10.525  24.354 0.0000000000
95061  -46.104  10.398  24.302 0.0000000000
93970  -45.745  9.696  24.660 0.0000000000
94971  -52.814  10.346  34.745 0.0000000000
94916  -47.513  10.817  38.293 0.0000000000
94917  -48.387  11.165  38.411 0.0000000000
96014  -49.592  11.739  38.241 0.0000000000
96023  -48.620  11.390  37.556 0.0000000000
92689  -45.581  8.994  35.431 0.0000000000
93859  -46.194  9.590  35.797 0.0000000000
92690  -46.540  8.687  35.493 0.0000000000
92692  -48.333  8.242  35.628 0.0000000000
93861  -47.960  9.053  35.923 0.0000000000
93834  -49.148  10.127  36.592 0.0000000000
93835  -50.053  9.807  36.508 0.0000000000
93836  -51.006  9.717  36.407 0.0000000000
91604  -50.105  7.559  34.271 0.0000000000
92716  -50.856  8.080  34.412 0.0000000000
93879  -52.064  9.046  33.916 0.0000000000
92747  -51.000  7.958  32.935 0.0000000000
92760  -50.995  8.062  32.087 0.0000000000
91629  -50.476  7.567  32.615 0.0000000000
90594  -48.527  6.327  31.403 0.0000000000
90595  -49.201  6.750  31.458 0.0000000000
90606  -48.866  6.662  30.650 0.0000000000
90614  -48.365  6.580  29.780 0.0000000000
90604  -47.709  6.136  30.118 0.0000000000
92798  -42.822  8.762  27.330 0.0000000000
92799  -43.268  8.320  26.873 0.0000000000
93946  -42.656  9.405  27.077 0.0000000000
95041  -42.538  10.181  26.747 0.0000000000
95031  -42.769  9.960  27.936 0.0000000000
95020  -42.467  10.420  29.213 0.0000000000
96095  -43.244  11.092  29.101 0.0000000000
150139  -39.616  9.643  29.255 0.0000000000
95018  -40.454  10.204  29.214 0.0000000000
95017  -39.478  10.421  29.188 0.0000000000
98229  -40.011  13.180  29.676 0.0000000000
98219  -40.510  13.792  30.066 0.0000000000
99227  -40.022  14.339  30.733 0.0000000000
99215  -40.486  14.825  31.378 0.0000000000
100337  -55.380  15.830  12.970 0.0000000000
100328  -54.950  15.892  13.320 0.0000000000
98383  -53.611  13.816  13.672 0.0000000000
98395  -53.744  13.697  12.371 0.0000000000
98407  -54.054  13.428  11.669 0.0000000000
163033  -53.257  13.210  12.272 0.0000000000
97229  -49.159  12.737  20.559 0.0000000000
97230  -49.978  13.038  20.281 0.0000000000
97240  -49.361  12.505  19.557 0.0000000000
140150  -49.903  12.323  18.104 0.0000000000
97258  -50.482  12.633  18.576 0.0000000000
97304  -47.959  12.807  15.831 0.0000000000
97292  -48.566  12.514  16.215 0.0000000000
141219  -50.129  11.962  15.440 0.0000000000
142978  -51.786  12.288  15.846 0.0000000000
97308  -51.740  12.094  14.959 0.0000000000
145367  -52.498  12.563  14.697 0.0000000000
97320  -52.180  12.266  13.838 0.0000000000
96242  -51.377  11.731  12.460 0.0000000000
97342  -52.245  12.091  11.623 0.0000000000
97343  -52.967  12.407  11.027 0.0000000000
96251  -52.455  11.794  10.815 0.0000000000
96263  -50.910  11.292  10.282 0.0000000000
155728  -50.230  11.495  9.819 0.0000000000
161389  -48.719  14.078  11.842 0.0000000000
99407  -48.687  14.447  11.170 0.0000000000
99418  -48.717  14.142  9.333 0.0000000000
98429  -49.079  13.306  9.581 0.0000000000
98440  -49.141  12.786  8.620 0.0000000000
97374  -49.375  12.081  8.637 0.0000000000
97385  -48.970  12.461  8.395 0.0000000000
98448  -48.530  13.199  8.383 0.0000000000
100383  -47.929  15.127  7.649 0.0000000000
99440  -47.854  14.206  8.073 0.0000000000
99430  -47.481  14.258  8.388 0.0000000000
99439  -47.383  14.899  8.062 0.0000000000
152501  -42.593  14.902  26.775 0.0000000000
99257  -41.936  15.111  26.052 0.0000000000
100219  -42.538  15.961  26.437 0.0000000000
102236  -42.695  17.756  25.783 0.0000000000
102235  -42.092  17.461  25.164 0.0000000000
103207  -42.451  18.276  25.045 0.0000000000
102249  -41.982  17.959  23.632 0.0000000000
103215  -42.381  18.541  24.199 0.0000000000
104039  -45.724  19.576  26.417 0.0000000000
104038  -44.962  19.449  26.137 0.0000000000
104044  -45.370  20.131  25.783 0.0000000000
137869  -45.037  20.649  22.509 0.0000000000
104835  -44.634  20.743  24.147 0.0000000000
104052  -44.346  20.043  22.424 0.0000000000
146408  -43.762  19.651  22.772 0.0000000000
104067  -44.557  19.689  21.571 0.0000000000
145402  -44.290  19.147  21.278 0.0000000000
104068  -45.165  20.005  21.138 0.0000000000
104860  -46.483  20.672  20.169 0.0000000000
104866  -45.837  20.104  19.710 0.0000000000
104873  -45.927  20.215  18.839 0.0000000000
104098  -45.611  19.718  18.388 0.0000000000
104879  -45.953  20.218  18.139 0.0000000000
106468  -51.266  22.701  27.634 0.0000000000
141414  -51.213  22.755  26.012 0.0000000000
106487  -50.853  22.675  23.596 0.0000000000
106482  -50.725  22.642  24.394 0.0000000000
106486  -50.106  22.456  23.875 0.0000000000
105635  -49.408  22.212  23.277 0.0000000000
106491  -50.235  22.457  23.054 0.0000000000
106512  -52.256  22.863  19.773 0.0000000000
106503  -52.232  22.899  20.853 0.0000000000
106511  -51.471  22.587  20.178 0.0000000000
105683  -50.015  22.096  18.998 0.0000000000
155818  -50.727  22.357  20.580 0.0000000000
105672  -49.864  22.023  20.090 0.0000000000
105661  -49.270  21.824  20.875 0.0000000000
161960  -49.029  21.701  20.101 0.0000000000
105670  -48.434  21.504  19.610 0.0000000000
105681  -48.507  21.568  18.603 0.0000000000
105701  -47.432  21.472  16.543 0.0000000000
105691  -47.491  21.440  17.360 0.0000000000
104893  -46.476  20.554  16.138 0.0000000000
104899  -46.567  20.254  15.300 0.0000000000
104129  -46.612  19.490  14.666 0.0000000000
153736  -46.829  20.231  14.478 0.0000000000
143013  -47.647  20.909  13.006 0.0000000000
104137  -47.454  19.981  13.006 0.0000000000
104141  -47.925  19.732  11.859 0.0000000000
106577  -50.590  22.590  12.755 0.0000000000
106584  -49.620  22.436  12.250 0.0000000000
143522  -48.940  20.614  9.147 0.0000000000
104150  -48.616  19.801  9.873 0.0000000000
150663  -48.597  18.783  8.785 0.0000000000
102387  -48.515  17.874  8.454 0.0000000000
103357  -48.373  18.714  7.950 0.0000000000
104173  -47.152  18.886  7.812 0.0000000000
155935  -47.474  17.734  7.338 0.0000000000
102386  -46.892  17.472  7.661 0.0000000000
102375  -46.451  16.841  8.256 0.0000000000
143838  -45.753  17.622  9.255 0.0000000000
107509  -47.978  23.481  9.930 0.0000000000
106603  -47.400  22.757  9.914 0.0000000000
106592  -47.128  23.431  10.767 0.0000000000
105731  -46.029  22.451  12.011 0.0000000000
105741  -46.384  22.220  11.266 0.0000000000
109186  -54.287  25.440  16.738 0.0000000000
149412  -53.081  24.984  15.721 0.0000000000
109195  -53.569  25.204  16.209 0.0000000000
108320  -50.696  24.550  16.220 0.0000000000
108335  -48.809  24.377  15.440 0.0000000000
109163  -49.673  26.115  18.308 0.0000000000
109181  -48.444  25.446  17.784 0.0000000000
108317  -47.413  24.485  16.408 0.0000000000
108334  -47.762  24.445  15.427 0.0000000000
138602  -45.931  24.993  14.305 0.0000000000
108344  -43.491  24.974  13.970 0.0000000000
106565  -43.287  23.675  14.148 0.0000000000
106557  -43.675  22.892  14.427 0.0000000000
107473  -42.809  23.826  14.520 0.0000000000
108329  -42.497  24.409  15.077 0.0000000000
107471  -42.022  24.090  15.340 0.0000000000
108328  -41.871  24.284  15.620 0.0000000000
109158  -44.673  26.024  18.592 0.0000000000
147535  -43.921  25.371  17.949 0.0000000000
109156  -42.410  25.868  18.289 0.0000000000
109175  -42.338  25.307  17.432 0.0000000000
108297  -40.845  24.965  16.847 0.0000000000
109954  -47.092  26.209  23.555 0.0000000000
109924  -46.697  26.750  24.237 0.0000000000
109109  -44.620  25.647  21.928 0.0000000000
96127  -42.312  11.568  24.508 0.0000000000
138234  -41.991  12.391  24.033 0.0000000000
97176  -41.596  12.863  24.478 0.0000000000
141681  -41.465  13.695  24.213 0.0000000000
147814  -41.366  15.170  24.419 0.0000000000
109874  -57.240  25.771  30.945 0.0000000000
166332  -57.547  26.633  29.555 0.0000000000
110759  -57.499  27.272  27.185 0.0000000000
153627  -57.320  27.820  28.703 0.0000000000
111479  -57.034  28.292  28.859 0.0000000000
111470  -56.679  29.085  29.640 0.0000000000
102189  -39.975  17.471  31.969 0.0000000000
102167  -40.671  17.069  32.457 0.0000000000
148508  -53.239  10.980  30.611 0.0000000000
95009  -52.950  10.356  30.041 0.0000000000
93924  -52.393  9.606  29.737 0.0000000000
93911  -52.437  9.722  30.672 0.0000000000
93910  -51.937  9.118  30.380 0.0000000000
163141  -51.579  8.714  30.916 0.0000000000
90600  -39.562  6.653  30.537 0.0000000000
90599  -39.004  7.245  30.105 0.0000000000
99298  -52.156  15.082  21.323 0.0000000000
99308  -51.644  14.669  20.742 0.0000000000
99317  -51.847  14.486  19.901 0.0000000000
98318  -51.434  13.821  19.511 0.0000000000
100309  -46.342  15.680  15.984 0.0000000000
101304  -46.536  16.361  15.437 0.0000000000
161319  -46.976  16.242  14.803 0.0000000000
100335  -47.808  15.772  13.772 0.0000000000
147292  -47.367  16.557  14.097 0.0000000000
102339  -47.170  17.449  13.953 0.0000000000
103318  -47.151  18.229  13.697 0.0000000000
148185  -48.298  19.797  28.857 0.0000000000
104032  -48.023  20.090  28.092 0.0000000000
104820  -48.647  20.521  28.463 0.0000000000
104824  -49.080  21.206  27.979 0.0000000000
105610  -49.348  21.708  27.105 0.0000000000
146333  -55.641  24.164  17.525 0.0000000000
141418  -54.765  23.699  17.652 0.0000000000
107465  -54.647  23.591  15.456 0.0000000000
106551  -53.973  23.146  14.931 0.0000000000
106571  -53.513  23.197  13.394 0.0000000000
106563  -54.075  23.517  13.899 0.0000000000
106572  -54.010  23.828  13.019 0.0000000000
108373  -53.030  24.105  12.087 0.0000000000
108372  -52.415  24.098  11.569 0.0000000000
108361  -53.393  24.303  12.757 0.0000000000
108348  -52.571  24.595  13.599 0.0000000000
138587  -50.026  26.321  21.660 0.0000000000
159818  -49.499  26.490  20.912 0.0000000000
138580  -47.931  26.562  20.479 0.0000000000
109995  -47.251  26.812  19.843 0.0000000000
138886  -46.903  25.975  21.769 0.0000000000
97202  -47.276  12.560  22.405 0.0000000000
97214  -46.474  12.532  21.941 0.0000000000
100257  -42.995  15.140  21.207 0.0000000000
99295  -43.266  14.377  21.203 0.0000000000
99305  -43.479  14.898  20.643 0.0000000000
100270  -43.732  15.543  20.215 0.0000000000
100278  -44.173  15.403  19.570 0.0000000000
101270  -44.355  16.103  19.209 0.0000000000
101260  -44.214  16.747  19.706 0.0000000000
102287  -44.482  17.510  19.461 0.0000000000
103256  -44.518  18.239  19.982 0.0000000000
106445  -53.519  22.785  31.616 0.0000000000
107351  -52.950  22.899  30.289 0.0000000000
107377  -54.361  23.749  27.780 0.0000000000
140240  -57.690  24.781  26.070 0.0000000000
108235  -57.045  24.472  25.628 0.0000000000
108236  -57.907  24.868  25.211 0.0000000000
108240  -57.121  24.488  23.925 0.0000000000
108244  -57.177  24.434  23.113 0.0000000000
108267  -57.899  24.871  21.332 0.0000000000
108276  -57.898  25.250  20.467 0.0000000000
109147  -57.519  25.698  19.420 0.0000000000
156750  -57.196  25.801  18.894 0.0000000000
152781  -57.580  26.038  20.081 0.0000000000
109986  -57.139  26.306  20.875 0.0000000000
109985  -56.122  26.485  20.946 0.0000000000
154784  -55.099  26.645  25.478 0.0000000000
109932  -55.327  26.625  24.697 0.0000000000
109918  -54.387  26.510  25.177 0.0000000000
109930  -53.341  26.363  24.076 0.0000000000
109929  -52.527  26.369  24.725 0.0000000000
96261  -48.624  10.727  10.284 0.0000000000
96285  -48.513  11.672  8.891 0.0000000000
97145  -44.468  12.678  29.394 0.0000000000
98233  -45.053  13.234  29.767 0.0000000000
98223  -45.449  13.633  30.090 0.0000000000
164917  -44.254  17.112  33.381 0.0000000000
100169  -45.297  16.275  32.459 0.0000000000
101148  -45.725  16.691  32.810 0.0000000000
101149  -46.557  16.685  32.566 0.0000000000
101150  -47.362  16.753  32.294 0.0000000000
151567  -47.695  16.731  31.155 0.0000000000
102172  -47.808  17.313  32.909 0.0000000000
102159  -48.140  17.883  33.570 0.0000000000
103142  -48.756  18.293  33.523 0.0000000000
106408  -47.890  22.083  32.295 0.0000000000
105567  -47.960  21.382  32.945 0.0000000000
106409  -48.718  21.997  32.866 0.0000000000
105569  -49.471  21.511  33.744 0.0000000000
106402  -50.253  21.765  33.985 0.0000000000
105562  -51.082  21.389  34.158 0.0000000000
106411  -50.417  22.530  33.613 0.0000000000
107325  -51.155  23.073  33.662 0.0000000000
100249  -56.010  15.465  22.620 0.0000000000
100238  -55.580  15.160  23.094 0.0000000000
99278  -54.288  14.667  23.497 0.0000000000
97165  -53.922  12.717  26.459 0.0000000000
164680  -54.044  13.158  25.923 0.0000000000
98258  -53.750  13.381  25.315 0.0000000000
97179  -52.404  12.631  24.739 0.0000000000
97178  -51.647  12.395  24.540 0.0000000000
159796  -50.891  12.292  24.326 0.0000000000
159170  -51.252  11.657  24.885 0.0000000000
145720  -49.857  8.499  27.437 0.0000000000
93949  -49.528  9.271  26.280 0.0000000000
92805  -49.343  8.654  26.829 0.0000000000
92816  -47.741  8.978  25.732 0.0000000000
93960  -46.268  9.159  25.100 0.0000000000
92815  -46.820  8.678  25.586 0.0000000000
91600  -45.370  7.325  34.829 0.0000000000
91575  -46.910  7.745  35.234 0.0000000000
91576  -47.862  7.572  35.254 0.0000000000
91577  -48.781  7.577  35.204 0.0000000000
146754  -50.014  8.353  35.547 0.0000000000
148324  -49.196  7.200  34.485 0.0000000000
90563  -49.553  7.059  33.654 0.0000000000
91617  -49.843  7.119  32.849 0.0000000000
90574  -49.180  6.651  32.996 0.0000000000
89570  -48.218  6.060  31.972 0.0000000000
89584  -47.895  5.893  31.406 0.0000000000
91671  -43.518  7.343  27.995 0.0000000000
91670  -43.064  8.083  27.740 0.0000000000
93936  -42.710  8.792  28.101 0.0000000000
148851  -42.623  9.517  28.406 0.0000000000
143180  -42.358  9.714  28.876 0.0000000000
95019  -41.530  10.307  29.282 0.0000000000
99378  -54.468  15.240  13.598 0.0000000000
97239  -48.470  12.225  19.231 0.0000000000
97257  -49.094  12.261  18.520 0.0000000000
97276  -49.257  12.271  17.605 0.0000000000
98368  -48.290  13.230  14.700 0.0000000000
164978  -50.041  11.914  14.617 0.0000000000
96231  -51.468  11.888  13.851 0.0000000000
96249  -50.959  11.556  11.351 0.0000000000
97353  -49.708  12.139  10.747 0.0000000000
100351  -48.593  15.290  11.278 0.0000000000
148858  -48.627  14.815  10.251 0.0000000000
99431  -48.470  14.165  8.519 0.0000000000
100372  -48.354  15.239  8.049 0.0000000000
100384  -48.102  15.984  7.539 0.0000000000
101200  -43.836  15.862  27.457 0.0000000000
100220  -43.290  16.227  26.936 0.0000000000
103199  -43.431  18.034  26.248 0.0000000000
103209  -43.850  18.774  26.021 0.0000000000
105623  -46.395  21.445  24.549 0.0000000000
104836  -45.470  21.191  24.360 0.0000000000
105632  -45.775  21.181  22.589 0.0000000000
104851  -45.642  20.619  21.674 0.0000000000
104852  -46.424  20.854  21.093 0.0000000000
104868  -47.105  21.030  19.656 0.0000000000
163666  -52.130  23.198  25.400 0.0000000000
106483  -51.666  22.999  25.237 0.0000000000
106488  -51.842  23.076  24.443 0.0000000000
106493  -51.770  22.972  23.540 0.0000000000
106528  -51.621  22.561  18.315 0.0000000000
106519  -51.525  22.569  19.238 0.0000000000
106527  -50.837  22.328  18.646 0.0000000000
105694  -50.173  22.156  17.948 0.0000000000
105682  -49.388  21.850  18.384 0.0000000000
105693  -48.908  21.737  17.799 0.0000000000
105703  -49.113  21.919  17.021 0.0000000000
105709  -47.890  21.733  15.924 0.0000000000
104900  -47.103  20.957  14.777 0.0000000000
153433  -47.699  21.512  14.288 0.0000000000
105723  -47.889  21.538  13.439 0.0000000000
105732  -48.165  21.522  12.536 0.0000000000
106605  -49.949  22.559  9.935 0.0000000000
106593  -49.947  22.447  10.985 0.0000000000
105748  -49.437  21.988  9.367 0.0000000000
140971  -49.120  21.410  8.817 0.0000000000
104932  -48.797  20.837  8.536 0.0000000000
104165  -48.347  19.608  7.996 0.0000000000
104939  -48.425  20.467  8.128 0.0000000000
103350  -46.639  19.026  8.366 0.0000000000
103349  -46.191  18.298  8.819 0.0000000000
104156  -46.653  19.702  8.642 0.0000000000
104149  -46.461  20.017  9.412 0.0000000000
108378  -47.702  24.364  11.382 0.0000000000
107500  -47.477  24.000  10.953 0.0000000000
108377  -47.023  24.335  11.708 0.0000000000
109194  -52.331  25.098  16.744 0.0000000000
109184  -52.089  25.556  17.625 0.0000000000
108305  -50.443  24.980  17.256 0.0000000000
109180  -47.582  25.483  17.894 0.0000000000
108302  -47.086  24.772  17.316 0.0000000000
108316  -46.499  24.512  16.365 0.0000000000
108332  -45.781  24.680  15.313 0.0000000000
139112  -44.907  25.046  14.368 0.0000000000
108331  -44.033  25.037  14.506 0.0000000000
107479  -42.968  24.615  14.552 0.0000000000
108330  -43.344  24.782  14.721 0.0000000000
108313  -43.154  24.678  15.581 0.0000000000
109193  -42.931  24.710  16.336 0.0000000000
110025  -44.349  26.501  18.948 0.0000000000
109146  -41.703  26.116  18.685 0.0000000000
96140  -45.641  11.825  23.375 0.0000000000
97200  -45.162  12.302  22.965 0.0000000000
97198  -43.555  13.009  22.435 0.0000000000
98280  -43.249  13.491  22.044 0.0000000000
98271  -42.160  13.542  23.033 0.0000000000
98279  -42.540  13.933  22.287 0.0000000000
99294  -42.710  14.570  21.724 0.0000000000
100256  -42.438  15.369  21.787 0.0000000000
101239  -42.312  16.235  21.953 0.0000000000
102255  -42.336  17.093  22.350 0.0000000000
108197  -56.165  24.277  30.920 0.0000000000
164720  -56.592  24.585  29.472 0.0000000000
108222  -57.521  24.980  28.597 0.0000000000
109061  -57.556  25.276  29.530 0.0000000000
108232  -57.809  24.896  26.847 0.0000000000
149261  -58.164  25.218  26.041 0.0000000000
109079  -58.393  25.960  24.724 0.0000000000
109935  -58.172  26.281  24.198 0.0000000000
109963  -58.117  26.290  23.384 0.0000000000
142646  -57.775  26.534  24.101 0.0000000000
109933  -57.124  26.764  24.391 0.0000000000
109920  -56.959  27.031  25.192 0.0000000000
110772  -57.127  27.330  26.560 0.0000000000
110779  -56.664  27.110  25.950 0.0000000000
162351  -56.063  26.984  26.056 0.0000000000
109909  -55.352  26.814  26.166 0.0000000000
110770  -55.123  27.051  27.028 0.0000000000
110769  -54.107  26.932  27.210 0.0000000000
99217  -42.343  14.946  31.130 0.0000000000
100187  -42.225  15.563  31.985 0.0000000000
145569  -42.715  15.899  32.448 0.0000000000
101145  -42.794  16.462  32.967 0.0000000000
154125  -41.536  17.504  32.544 0.0000000000
165784  -42.347  17.480  32.910 0.0000000000
101146  -43.757  16.729  33.199 0.0000000000
145901  -53.431  11.199  27.911 0.0000000000
95034  -53.093  10.827  27.513 0.0000000000
95044  -52.239  10.689  26.413 0.0000000000
95033  -52.555  10.447  27.164 0.0000000000
93938  -51.539  9.476  27.351 0.0000000000
92792  -51.093  8.835  27.861 0.0000000000
93930  -52.210  9.490  28.728 0.0000000000
93929  -51.498  8.856  28.694 0.0000000000
159005  -50.474  8.761  27.440 0.0000000000
92791  -50.382  8.382  28.006 0.0000000000
92784  -49.636  7.976  28.090 0.0000000000
91664  -48.430  7.286  28.264 0.0000000000
93857  -44.405  10.169  35.902 0.0000000000
161301  -43.786  9.988  35.733 0.0000000000
92714  -43.978  8.519  35.062 0.0000000000
92715  -44.975  8.300  35.081 0.0000000000
91599  -44.390  7.523  34.785 0.0000000000
90558  -44.758  6.617  34.542 0.0000000000
91655  -41.673  7.656  29.283 0.0000000000
92777  -41.415  8.382  29.191 0.0000000000
91654  -40.844  7.673  29.455 0.0000000000
158208  -39.707  8.845  29.359 0.0000000000
150140  -38.793  9.880  29.246 0.0000000000
92775  -39.101  8.174  29.588 0.0000000000
93919  -38.941  9.067  29.388 0.0000000000
98344  -46.490  13.408  17.319 0.0000000000
98345  -47.128  12.977  16.930 0.0000000000
98356  -46.719  13.719  16.567 0.0000000000
98357  -47.358  13.331  16.037 0.0000000000
98367  -47.856  13.306  15.262 0.0000000000
161749  -46.995  14.675  15.441 0.0000000000
138369  -47.370  14.035  15.332 0.0000000000
98381  -48.475  13.469  14.003 0.0000000000
98393  -48.675  13.492  13.132 0.0000000000
148658  -48.577  14.182  12.631 0.0000000000
100336  -48.215  15.776  13.052 0.0000000000
100344  -48.462  15.597  12.227 0.0000000000
142739  -48.539  16.132  11.466 0.0000000000
101334  -48.458  16.933  11.527 0.0000000000
102362  -48.345  17.574  11.396 0.0000000000
102223  -46.074  17.863  28.030 0.0000000000
103192  -45.664  18.344  27.355 0.0000000000
103193  -46.389  18.628  27.694 0.0000000000
153402  -46.436  19.733  26.723 0.0000000000
104827  -46.783  20.257  26.468 0.0000000000
104036  -47.751  20.349  27.326 0.0000000000
104828  -47.429  20.624  26.518 0.0000000000
157411  -46.780  20.683  25.926 0.0000000000
105624  -47.266  21.565  24.659 0.0000000000
145218  -47.626  21.805  23.943 0.0000000000
140214  -47.906  21.848  23.136 0.0000000000
163636  -53.749  23.509  22.663 0.0000000000
107416  -53.427  23.426  22.146 0.0000000000
107427  -53.053  23.198  20.202 0.0000000000
148589  -53.850  23.378  17.742 0.0000000000
107447  -53.077  23.139  18.287 0.0000000000
106529  -52.385  22.758  17.854 0.0000000000
154649  -51.750  22.513  17.507 0.0000000000
106549  -51.382  22.415  15.942 0.0000000000
106560  -50.571  22.443  14.728 0.0000000000
106569  -51.065  22.569  13.699 0.0000000000
106578  -51.723  22.712  12.704 0.0000000000
141527  -52.984  22.924  13.026 0.0000000000
165908  -51.837  22.978  11.650 0.0000000000
106594  -50.758  22.917  10.448 0.0000000000
106606  -50.245  23.040  9.799 0.0000000000
107518  -49.409  23.091  9.410 0.0000000000
107510  -48.775  22.959  9.326 0.0000000000
107511  -49.800  23.405  9.703 0.0000000000
108388  -49.434  23.887  10.218 0.0000000000
108370  -50.024  24.428  11.554 0.0000000000
108379  -48.877  24.364  11.166 0.0000000000
148085  -48.885  24.629  12.254 0.0000000000
108358  -47.979  24.739  12.780 0.0000000000
110032  -50.993  26.473  18.795 0.0000000000
110014  -50.633  26.806  19.326 0.0000000000
110030  -49.072  26.598  18.742 0.0000000000
109997  -49.013  26.949  19.573 0.0000000000
161750  -48.387  26.502  18.676 0.0000000000
109178  -45.822  25.382  17.977 0.0000000000
109159  -45.549  26.122  18.586 0.0000000000
110026  -45.236  26.598  18.965 0.0000000000
110009  -45.748  26.726  19.412 0.0000000000
110008  -44.851  26.623  19.453 0.0000000000
140099  -44.373  26.280  20.341 0.0000000000
98295  -50.037  13.791  21.761 0.0000000000
98294  -49.427  13.399  21.853 0.0000000000
162984  -47.703  12.503  21.193 0.0000000000
97228  -48.246  12.531  20.794 0.0000000000
97254  -46.794  12.482  18.711 0.0000000000
142443  -45.115  12.583  22.251 0.0000000000
98304  -43.846  14.053  20.630 0.0000000000
161878  -44.472  13.462  20.333 0.0000000000
98306  -45.060  12.952  19.990 0.0000000000
98316  -45.329  13.250  19.219 0.0000000000
98327  -46.237  13.110  18.108 0.0000000000
98343  -45.843  13.842  17.677 0.0000000000
99337  -45.671  14.714  17.408 0.0000000000
100298  -45.594  15.605  17.174 0.0000000000
101271  -44.702  16.159  18.414 0.0000000000
101280  -45.147  16.270  17.627 0.0000000000
101291  -45.604  16.436  16.878 0.0000000000
102319  -45.694  17.335  16.482 0.0000000000
103300  -45.594  18.255  16.630 0.0000000000
105604  -50.525  21.568  29.737 0.0000000000
105608  -50.347  21.928  28.817 0.0000000000
106459  -50.974  22.118  29.407 0.0000000000
106464  -51.048  22.430  28.558 0.0000000000
106469  -52.051  23.104  27.456 0.0000000000
107375  -52.644  23.221  28.291 0.0000000000
106473  -52.418  23.256  26.480 0.0000000000
106478  -52.507  23.277  25.606 0.0000000000
107389  -53.118  23.367  25.168 0.0000000000
107401  -53.869  23.532  24.002 0.0000000000
156489  -55.151  24.058  29.373 0.0000000000
108219  -55.126  24.070  28.359 0.0000000000
108225  -55.146  24.011  27.441 0.0000000000
108230  -56.191  24.214  26.072 0.0000000000
107387  -55.327  23.889  25.642 0.0000000000
107386  -54.528  23.701  26.025 0.0000000000
107391  -54.553  23.652  25.195 0.0000000000
107402  -54.542  23.643  23.622 0.0000000000
139625  -53.975  23.561  23.181 0.0000000000
107408  -54.406  23.638  22.235 0.0000000000
107418  -55.166  23.880  21.240 0.0000000000
107430  -55.903  24.244  20.163 0.0000000000
156616  -56.961  24.674  20.211 0.0000000000
107440  -56.117  24.410  18.984 0.0000000000
107450  -56.314  24.522  17.907 0.0000000000
108324  -56.006  24.836  16.317 0.0000000000
108323  -55.578  24.853  15.805 0.0000000000
109203  -54.879  24.936  14.967 0.0000000000
109187  -55.502  25.240  16.331 0.0000000000
109168  -55.205  25.611  17.352 0.0000000000
110019  -56.400  26.048  18.892 0.0000000000
109167  -53.729  25.734  17.724 0.0000000000
110034  -53.091  26.090  18.565 0.0000000000
110016  -52.535  26.416  19.240 0.0000000000
138590  -56.577  26.524  22.659 0.0000000000
138582  -55.173  26.513  21.507 0.0000000000
140782  -55.037  26.481  23.875 0.0000000000
156316  -54.643  26.436  22.416 0.0000000000
138574  -54.248  26.548  20.965 0.0000000000
159556  -53.474  26.561  20.555 0.0000000000
138575  -52.638  26.573  20.554 0.0000000000
110000  -52.113  26.631  19.855 0.0000000000
138576  -51.802  26.618  20.529 0.0000000000
138586  -50.824  26.398  21.491 0.0000000000
109958  -52.148  26.274  22.986 0.0000000000
138594  -51.431  26.290  22.231 0.0000000000
138595  -50.598  26.246  22.423 0.0000000000
109955  -49.582  26.192  23.594 0.0000000000
97164  -42.218  12.147  26.639 0.0000000000
98251  -42.253  13.190  26.768 0.0000000000
99258  -42.711  13.971  27.188 0.0000000000
99250  -43.305  14.564  27.476 0.0000000000
99251  -44.239  14.213  28.172 0.0000000000
100212  -43.796  15.097  27.668 0.0000000000
101201  -44.500  16.274  27.715 0.0000000000
101194  -45.029  15.911  28.285 0.0000000000
101202  -45.163  16.679  28.010 0.0000000000
99219  -44.324  14.678  30.980 0.0000000000
142189  -45.104  13.996  30.496 0.0000000000
99232  -45.663  14.135  30.381 0.0000000000
142812  -45.342  15.653  31.819 0.0000000000
100195  -46.120  14.589  30.569 0.0000000000
100200  -46.345  14.814  30.083 0.0000000000
100205  -46.216  15.505  29.428 0.0000000000
101196  -46.306  16.522  29.032 0.0000000000
102214  -45.828  17.033  28.369 0.0000000000
102215  -46.475  17.400  28.723 0.0000000000
102216  -47.039  17.809  29.142 0.0000000000
142969  -47.604  18.228  29.548 0.0000000000
155313  -48.075  17.379  31.121 0.0000000000
103180  -48.178  18.682  29.981 0.0000000000
159234  -48.937  19.822  29.992 0.0000000000
104025  -49.289  19.700  30.680 0.0000000000
104810  -49.847  20.230  30.884 0.0000000000
103991  -47.996  19.249  34.266 0.0000000000
103136  -49.116  18.865  34.077 0.0000000000
105559  -48.494  20.655  33.776 0.0000000000
157988  -49.314  19.487  34.217 0.0000000000
103143  -49.374  18.729  33.376 0.0000000000
104002  -49.914  19.272  33.024 0.0000000000
104795  -50.289  20.099  31.714 0.0000000000
104811  -50.490  20.620  31.187 0.0000000000
105580  -51.178  20.916  31.773 0.0000000000
105597  -51.512  21.497  31.212 0.0000000000
106423  -52.251  21.803  31.779 0.0000000000
105570  -51.949  21.261  33.618 0.0000000000
105571  -52.541  21.682  33.116 0.0000000000
106424  -52.991  22.235  32.371 0.0000000000
107337  -54.197  23.035  32.456 0.0000000000
107338  -54.892  23.485  32.339 0.0000000000
108166  -53.876  24.015  33.829 0.0000000000
100246  -53.713  15.387  21.843 0.0000000000
100245  -52.943  15.370  21.580 0.0000000000
140080  -51.758  14.785  22.020 0.0000000000
99284  -51.148  14.514  22.260 0.0000000000
99270  -54.677  14.514  24.389 0.0000000000
98265  -53.418  13.664  24.577 0.0000000000
98274  -52.982  14.057  23.885 0.0000000000
99276  -52.480  14.500  23.169 0.0000000000
98284  -51.127  14.207  22.970 0.0000000000
98283  -50.445  13.999  22.506 0.0000000000
98282  -49.360  13.189  22.875 0.0000000000
97204  -48.821  12.831  23.032 0.0000000000
97177  -50.094  12.153  24.137 0.0000000000
97191  -48.304  12.505  23.189 0.0000000000
97190  -47.674  12.403  23.102 0.0000000000
96142  -47.365  11.818  23.506 0.0000000000
96141  -46.469  11.650  23.525 0.0000000000
95042  -51.001  10.288  25.914 0.0000000000
93964  -50.284  10.230  25.648 0.0000000000
95052  -49.725  10.540  25.192 0.0000000000
143030  -49.077  9.519  25.781 0.0000000000
95051  -49.025  10.093  25.301 0.0000000000
95063  -47.632  10.718  24.397 0.0000000000
95074  -47.118  11.181  23.956 0.0000000000
95072  -45.642  11.085  23.852 0.0000000000
95071  -44.774  10.832  24.034 0.0000000000
95070  -43.962  10.966  24.074 0.0000000000
158111  -43.069  11.108  24.252 0.0000000000
149258  -52.926  10.432  33.751 0.0000000000
96001  -49.846  11.598  38.943 0.0000000000
96015  -50.435  11.952  38.568 0.0000000000
96025  -50.221  11.817  37.876 0.0000000000
93831  -45.876  10.254  36.266 0.0000000000
94943  -47.308  10.774  36.784 0.0000000000
93860  -47.101  9.324  35.848 0.0000000000
93833  -47.648  9.910  36.309 0.0000000000
94944  -48.258  10.531  36.683 0.0000000000
94933  -48.953  11.059  37.090 0.0000000000
94934  -49.867  11.144  37.370 0.0000000000
94935  -50.795  11.137  37.413 0.0000000000
94947  -51.379  10.482  36.837 0.0000000000
94963  -51.865  9.994  36.101 0.0000000000
92694  -50.818  8.463  35.227 0.0000000000
92695  -51.454  9.190  35.518 0.0000000000
93862  -52.273  9.737  35.213 0.0000000000
93872  -52.468  9.719  34.274 0.0000000000
93880  -52.483  9.709  33.350 0.0000000000
93892  -52.449  9.716  32.445 0.0000000000
93891  -52.036  9.101  32.070 0.0000000000
92761  -51.531  8.612  31.646 0.0000000000
92768  -51.037  8.113  31.081 0.0000000000
91628  -50.025  7.279  32.185 0.0000000000
91641  -49.846  7.212  31.529 0.0000000000
91659  -50.033  7.529  29.990 0.0000000000
91658  -49.245  7.083  29.867 0.0000000000
91657  -48.832  7.112  29.031 0.0000000000
91663  -47.645  7.004  28.065 0.0000000000
148912  -46.793  5.315  32.074 0.0000000000
89583  -47.205  5.527  31.433 0.0000000000
89591  -46.749  5.452  30.772 0.0000000000
89590  -46.129  5.433  30.191 0.0000000000
89600  -46.943  5.846  29.965 0.0000000000
90613  -47.519  6.331  29.400 0.0000000000
157666  -47.268  6.551  28.637 0.0000000000
91675  -47.125  7.341  27.275 0.0000000000
96120  -42.257  11.209  26.290 0.0000000000
148631  -42.816  11.409  27.518 0.0000000000
97156  -43.568  11.705  28.466 0.0000000000
96102  -43.765  11.537  28.960 0.0000000000
96096  -43.922  11.918  29.181 0.0000000000
98221  -42.617  13.609  30.095 0.0000000000
93921  -41.253  9.132  29.152 0.0000000000
98230  -41.095  13.035  29.663 0.0000000000
98220  -41.543  13.733  30.016 0.0000000000
99229  -41.900  14.362  30.510 0.0000000000
99216  -41.365  14.873  31.201 0.0000000000
164767  -40.111  15.192  32.050 0.0000000000
101169  -40.283  15.699  32.375 0.0000000000
157253  -38.555  14.882  31.700 0.0000000000
100186  -39.409  15.471  32.181 0.0000000000
140726  -39.293  16.875  32.163 0.0000000000
99400  -55.021  14.705  12.302 0.0000000000
99389  -54.877  15.201  12.739 0.0000000000
98408  -54.618  13.709  11.989 0.0000000000
97356  -54.156  13.165  11.437 0.0000000000
97354  -53.497  12.491  11.171 0.0000000000
98308  -50.491  13.769  20.898 0.0000000000
98317  -50.707  13.476  19.908 0.0000000000
98328  -50.984  13.153  19.071 0.0000000000
98329  -51.662  13.539  18.687 0.0000000000
97275  -48.549  12.398  17.085 0.0000000000
97306  -49.332  12.295  15.848 0.0000000000
97295  -51.587  12.408  16.579 0.0000000000
97296  -52.285  12.697  16.215 0.0000000000
98382  -53.080  13.162  14.329 0.0000000000
97344  -53.486  13.030  11.533 0.0000000000
96265  -52.214  11.465  10.758 0.0000000000
147661  -51.244  11.119  10.387 0.0000000000
95206  -50.015  10.948  9.342 0.0000000000
144969  -49.145  12.786  12.114 0.0000000000
98406  -49.212  12.762  11.446 0.0000000000
98418  -49.357  12.683  10.321 0.0000000000
97365  -49.759  11.691  9.162 0.0000000000
96287  -49.536  11.434  8.942 0.0000000000
96286  -49.049  11.397  8.706 0.0000000000
97373  -48.741  11.975  8.447 0.0000000000
97372  -48.247  12.419  8.581 0.0000000000
98447  -48.126  13.409  8.202 0.0000000000
98438  -47.889  12.901  8.211 0.0000000000
98437  -47.270  13.971  8.941 0.0000000000
99265  -41.618  14.322  25.604 0.0000000000
151128  -41.498  15.157  25.252 0.0000000000
100230  -41.481  15.914  24.827 0.0000000000
101214  -42.278  16.835  25.814 0.0000000000
101213  -41.733  16.681  25.111 0.0000000000
101219  -41.523  16.585  24.356 0.0000000000
102242  -41.634  17.274  23.951 0.0000000000
139330  -42.344  17.875  22.832 0.0000000000
102256  -42.863  17.793  22.097 0.0000000000
103201  -45.308  18.875  26.707 0.0000000000
146196  -44.314  19.295  25.891 0.0000000000
104042  -43.719  19.433  25.328 0.0000000000
104830  -44.962  20.591  25.023 0.0000000000
104049  -44.162  20.181  24.756 0.0000000000
104048  -43.502  19.686  24.396 0.0000000000
104047  -42.957  19.155  23.847 0.0000000000
103223  -43.214  19.068  22.840 0.0000000000
103231  -43.331  18.514  22.031 0.0000000000
103244  -43.872  18.618  21.335 0.0000000000
103245  -44.399  18.753  20.709 0.0000000000
103265  -44.957  18.745  19.378 0.0000000000
104080  -45.317  19.703  20.343 0.0000000000
104089  -45.317  19.418  19.581 0.0000000000
103266  -45.302  19.179  18.824 0.0000000000
103278  -45.319  19.026  17.930 0.0000000000
103288  -45.551  19.026  17.004 0.0000000000
103301  -45.844  18.944  16.093 0.0000000000
105612  -50.041  21.907  28.117 0.0000000000
105616  -50.032  22.104  27.407 0.0000000000
106471  -49.977  22.193  26.537 0.0000000000
106476  -50.786  22.623  25.266 0.0000000000
106475  -49.975  22.262  25.622 0.0000000000
105626  -49.153  22.024  24.995 0.0000000000
105630  -49.454  22.251  24.168 0.0000000000
105634  -48.647  21.973  23.012 0.0000000000
156707  -52.568  23.147  21.871 0.0000000000
106502  -51.690  22.777  21.735 0.0000000000
106510  -50.851  22.496  21.497 0.0000000000
106501  -50.257  22.340  21.993 0.0000000000
105648  -49.528  22.040  21.739 0.0000000000
105647  -48.719  21.752  21.571 0.0000000000
105659  -47.779  21.289  19.928 0.0000000000
104875  -46.975  21.084  18.770 0.0000000000
105692  -48.233  21.603  17.719 0.0000000000
105680  -47.605  21.389  18.251 0.0000000000
104881  -46.859  21.107  17.883 0.0000000000
104880  -46.294  20.538  17.598 0.0000000000
104123  -46.139  19.829  16.034 0.0000000000
165684  -46.165  18.562  15.445 0.0000000000
103310  -46.488  18.671  14.855 0.0000000000
158432  -46.816  18.838  14.146 0.0000000000
152830  -47.220  19.032  13.418 0.0000000000
103332  -48.102  18.112  11.698 0.0000000000
153011  -48.418  18.133  10.755 0.0000000000
106576  -49.321  22.365  13.454 0.0000000000
105724  -48.654  22.104  12.946 0.0000000000
105742  -49.202  21.841  10.550 0.0000000000
104920  -48.477  20.754  10.949 0.0000000000
141860  -48.367  19.929  10.784 0.0000000000
102376  -48.567  17.833  9.630 0.0000000000
152870  -48.452  17.132  8.024 0.0000000000
101375  -47.921  16.584  7.300 0.0000000000
103367  -48.088  18.295  7.491 0.0000000000
102396  -47.956  17.509  7.301 0.0000000000
101374  -47.519  16.370  7.436 0.0000000000
101352  -46.676  16.188  8.135 0.0000000000
106615  -47.812  22.288  9.083 0.0000000000
165268  -47.298  22.209  9.627 0.0000000000
165353  -46.791  22.768  10.742 0.0000000000
104919  -46.371  21.325  10.933 0.0000000000
108322  -54.047  25.066  15.210 0.0000000000
108339  -53.344  24.832  14.837 0.0000000000
108337  -51.405  24.584  14.778 0.0000000000
138598  -50.497  24.529  14.170 0.0000000000
138599  -49.341  24.473  14.422 0.0000000000
139950  -47.516  24.827  13.487 0.0000000000
109164  -50.580  26.085  18.326 0.0000000000
162111  -50.245  25.636  17.872 0.0000000000
162075  -49.762  24.667  16.896 0.0000000000
108304  -48.876  24.753  17.177 0.0000000000
108319  -49.266  24.463  16.338 0.0000000000
108346  -46.247  25.144  13.300 0.0000000000
108355  -44.767  24.936  12.873 0.0000000000
107487  -44.318  24.284  13.181 0.0000000000
108354  -44.055  25.045  13.294 0.0000000000
106566  -44.036  23.277  13.781 0.0000000000
105715  -44.252  22.206  14.503 0.0000000000
107472  -42.618  24.225  14.757 0.0000000000
106555  -42.429  23.537  15.180 0.0000000000
109192  -42.350  24.823  16.552 0.0000000000
142357  -41.876  24.597  16.072 0.0000000000
109173  -40.440  25.495  17.507 0.0000000000
110755  -53.658  27.302  27.996 0.0000000000
109905  -50.937  26.858  26.242 0.0000000000
109914  -50.557  26.662  25.586 0.0000000000
109927  -50.128  26.450  24.817 0.0000000000
109926  -49.561  26.365  24.332 0.0000000000
139459  -48.784  26.308  24.140 0.0000000000
109912  -48.980  27.058  25.490 0.0000000000
109925  -48.471  26.814  25.022 0.0000000000
138525  -48.026  26.066  23.369 0.0000000000
109953  -46.218  26.349  23.597 0.0000000000
139099  -46.146  25.852  21.925 0.0000000000
109984  -45.363  25.737  21.962 0.0000000000
109125  -44.340  25.814  21.256 0.0000000000
89546  -47.148  6.221  34.096 0.0000000000
89592  -47.471  5.798  30.723 0.0000000000
90573  -48.520  6.334  33.005 0.0000000000
90583  -48.778  6.414  32.236 0.0000000000
90601  -40.157  6.218  30.898 0.0000000000
90602  -41.283  6.265  30.190 0.0000000000
91578  -49.645  7.713  35.096 0.0000000000
91650  -50.324  7.563  30.865 0.0000000000
92666  -49.440  9.113  36.111 0.0000000000
92687  -43.473  9.435  35.401 0.0000000000
92731  -50.750  7.798  33.632 0.0000000000
92732  -51.431  8.394  33.576 0.0000000000
92748  -51.521  8.512  32.539 0.0000000000
92776  -40.467  8.471  29.330 0.0000000000
92804  -48.017  8.434  26.348 0.0000000000
93830  -45.048  10.367  36.311 0.0000000000
93858  -45.271  9.874  35.797 0.0000000000
93871  -51.988  9.227  34.710 0.0000000000
93939  -52.251  9.823  27.735 0.0000000000
93951  -51.256  9.795  26.594 0.0000000000
93971  -46.595  9.834  24.684 0.0000000000
94929  -44.891  10.433  36.896 0.0000000000
94942  -46.399  10.644  36.761 0.0000000000
94945  -49.685  10.553  36.895 0.0000000000
95015  -37.948  10.293  29.270 0.0000000000
95043  -51.640  10.341  26.276 0.0000000000
96012  -48.110  11.308  37.787 0.0000000000
96013  -48.816  11.555  38.020 0.0000000000
96097  -53.669  11.608  29.449 0.0000000000
96139  -44.725  11.568  23.550 0.0000000000
96267  -53.960  12.696  11.290 0.0000000000
97237  -46.411  12.475  19.410 0.0000000000
98234  -45.502  13.587  29.836 0.0000000000
98250  -41.731  13.599  25.986 0.0000000000
98270  -41.641  13.960  23.426 0.0000000000
98292  -43.579  13.703  21.402 0.0000000000
99245  -45.625  13.870  29.628 0.0000000000
99269  -41.375  14.374  24.751 0.0000000000
99401  -55.552  14.929  12.597 0.0000000000
100190  -46.152  15.243  31.254 0.0000000000
100191  -46.788  15.743  31.329 0.0000000000
100199  -45.888  14.474  29.537 0.0000000000
100243  -41.539  15.722  23.241 0.0000000000
100382  -47.303  15.767  7.717 0.0000000000
101143  -40.530  16.275  32.560 0.0000000000
101147  -44.791  16.799  33.111 0.0000000000
101168  -39.767  16.131  32.447 0.0000000000
101181  -46.789  15.715  30.248 0.0000000000
101182  -47.313  16.278  30.710 0.0000000000
101376  -48.188  16.849  7.554 0.0000000000
102156  -45.725  17.704  33.476 0.0000000000
102157  -46.584  17.722  33.561 0.0000000000
102170  -46.159  17.182  33.207 0.0000000000
102203  -48.472  18.324  30.937 0.0000000000
102243  -41.933  17.847  24.444 0.0000000000
102248  -41.863  17.226  23.154 0.0000000000
102269  -43.444  17.878  21.418 0.0000000000
102367  -48.519  17.314  10.711 0.0000000000
102385  -46.298  17.566  8.480 0.0000000000
102395  -47.464  17.036  7.377 0.0000000000
103134  -47.011  18.257  33.864 0.0000000000
103135  -48.348  18.569  34.106 0.0000000000
103200  -44.565  18.789  26.377 0.0000000000
103208  -43.142  18.602  25.575 0.0000000000
103230  -42.839  18.378  22.605 0.0000000000
103255  -44.000  18.053  20.741 0.0000000000
103277  -44.989  18.435  18.532 0.0000000000
103365  -47.279  18.299  7.503 0.0000000000
103366  -47.810  18.332  7.344 0.0000000000
103992  -48.728  19.299  34.294 0.0000000000
103993  -49.648  19.368  33.913 0.0000000000
104028  -48.485  19.483  29.617 0.0000000000
104031  -47.654  19.382  28.467 0.0000000000
104034  -46.730  19.352  27.376 0.0000000000
104116  -45.830  19.591  16.654 0.0000000000
104164  -48.037  19.827  7.756 0.0000000000
104175  -48.109  19.017  7.550 0.0000000000
104774  -49.049  19.980  34.286 0.0000000000
104777  -51.826  21.415  34.131 0.0000000000
104826  -46.171  20.222  26.124 0.0000000000
104834  -43.997  20.218  23.903 0.0000000000
104838  -44.493  20.520  23.260 0.0000000000
104874  -46.408  20.647  18.429 0.0000000000
104886  -46.148  20.263  16.782 0.0000000000
104914  -48.473  21.431  11.637 0.0000000000
104938  -47.079  20.420  8.560 0.0000000000
105560  -49.364  20.694  34.103 0.0000000000
105596  -50.795  21.224  30.666 0.0000000000
105607  -49.663  21.444  28.610 0.0000000000
105614  -47.962  21.209  26.168 0.0000000000
105615  -48.659  21.446  26.535 0.0000000000
105618  -46.900  21.197  25.308 0.0000000000
105619  -47.692  21.401  25.413 0.0000000000
105633  -46.543  21.507  22.623 0.0000000000
105716  -47.676  21.583  15.102 0.0000000000
106425  -53.765  22.626  32.968 0.0000000000
106442  -46.132  22.771  30.830 0.0000000000
106477  -51.913  23.096  25.896 0.0000000000
106538  -51.381  22.407  16.800 0.0000000000
106559  -49.707  22.366  15.020 0.0000000000
106586  -52.529  23.549  11.574 0.0000000000
106604  -48.139  22.803  9.284 0.0000000000
106607  -50.703  23.298  10.197 0.0000000000
106617  -49.303  22.626  9.179 0.0000000000
106618  -49.850  23.010  9.491 0.0000000000
107319  -53.819  23.310  33.896 0.0000000000
107324  -49.780  22.854  32.824 0.0000000000
107369  -52.389  22.930  29.239 0.0000000000
107382  -55.354  24.000  26.596 0.0000000000
107385  -53.772  23.532  26.351 0.0000000000
107394  -53.157  23.385  24.422 0.0000000000
107396  -54.694  23.669  24.347 0.0000000000
107429  -54.765  23.777  20.595 0.0000000000
107438  -53.821  23.505  19.584 0.0000000000
107448  -53.959  23.510  18.624 0.0000000000
107459  -56.256  24.590  16.931 0.0000000000
107467  -55.767  24.475  16.290 0.0000000000
107483  -54.645  24.419  14.540 0.0000000000
107489  -53.471  23.943  12.421 0.0000000000
107495  -46.730  23.998  11.631 0.0000000000
107496  -52.840  23.873  11.777 0.0000000000
107513  -50.883  23.528  10.365 0.0000000000
108198  -57.214  24.919  30.474 0.0000000000
108211  -55.974  24.341  29.898 0.0000000000
108212  -56.724  24.616  30.292 0.0000000000
108228  -57.890  25.110  27.700 0.0000000000
108231  -57.065  24.553  26.539 0.0000000000
108233  -58.349  25.956  25.590 0.0000000000
108241  -57.880  24.853  24.215 0.0000000000
108242  -58.336  25.353  24.448 0.0000000000
108245  -57.909  24.789  23.370 0.0000000000
108254  -57.494  24.569  22.240 0.0000000000
108255  -58.252  25.059  22.039 0.0000000000
108256  -58.359  25.217  22.773 0.0000000000
108275  -57.551  25.150  19.910 0.0000000000
108291  -57.028  25.285  18.220 0.0000000000
108307  -56.552  24.955  16.930 0.0000000000
108308  -56.765  25.142  17.474 0.0000000000
108338  -52.624  24.697  14.514 0.0000000000
108381  -50.937  23.988  10.675 0.0000000000
109110  -58.439  25.599  22.236 0.0000000000
109137  -57.840  25.624  20.253 0.0000000000
109162  -48.009  26.077  18.335 0.0000000000
109197  -55.393  24.992  15.583 0.0000000000
109198  -55.773  24.979  16.091 0.0000000000
109889  -57.529  25.861  30.000 0.0000000000
109915  -51.360  26.563  25.557 0.0000000000
109919  -55.991  26.882  25.446 0.0000000000
109934  -57.742  26.818  24.979 0.0000000000
109964  -58.417  26.021  23.364 0.0000000000
109975  -56.351  26.464  21.656 0.0000000000
110003  -57.058  26.121  19.436 0.0000000000
110018  -55.045  26.213  19.055 0.0000000000
110744  -53.288  27.847  28.590 0.0000000000
138260  -50.725  22.512  26.894 0.0000000000
138494  -48.245  21.791  22.332 0.0000000000
138577  -51.018  26.643  20.610 0.0000000000
139879  -45.445  25.126  12.851 0.0000000000
141095  -52.800  23.272  22.590 0.0000000000
141306  -39.073  16.109  32.317 0.0000000000
142243  -44.762  19.395  20.844 0.0000000000
142667  -42.134  16.789  33.009 0.0000000000
143087  -48.632  21.734  17.363 0.0000000000
143267  -54.224  23.244  31.614 0.0000000000
143983  -49.491  22.270  15.678 0.0000000000
145138  -49.397  20.330  30.042 0.0000000000
146691  -49.794  22.244  22.497 0.0000000000
146809  -51.737  26.399  24.934 0.0000000000
148440  -47.487  18.793  34.104 0.0000000000
148515  -41.959  7.080  29.426 0.0000000000
149488  -42.928  17.087  33.276 0.0000000000
149830  -43.989  20.066  23.177 0.0000000000
150225  -58.117  26.297  26.823 0.0000000000
150838  -41.146  9.753  29.212 0.0000000000
151461  -46.808  20.859  9.369 0.0000000000
152108  -58.134  26.517  26.059 0.0000000000
152400  -52.524  22.443  34.221 0.0000000000
154168  -50.917  24.163  11.029 0.0000000000
154498  -49.102  7.526  28.432 0.0000000000
156294  -51.251  22.228  34.146 0.0000000000
157450  -39.825  6.983  30.001 0.0000000000
158375  -44.996  13.435  30.170 0.0000000000
159835  -41.420  15.209  23.726 0.0000000000
160122  -42.873  11.567  23.991 0.0000000000
160358  -41.663  15.316  31.697 0.0000000000
160536  -49.504  21.944  17.651 0.0000000000
160775  -49.806  26.939  19.448 0.0000000000
161234  -44.953  14.429  28.608 0.0000000000
161529  -51.317  22.843  24.148 0.0000000000
162157  -51.503  22.204  29.894 0.0000000000
162205  -56.434  24.217  24.372 0.0000000000
162277  -50.764  21.963  34.110 0.0000000000
162552  -55.578  26.487  22.276 0.0000000000
162697  -49.015  26.368  21.036 0.0000000000
164258  -49.200  11.398  24.358 0.0000000000
164676  -46.565  5.259  31.408 0.0000000000
165292  -44.020  16.066  19.850 0.0000000000
165582  -48.687  8.845  35.914 0.0000000000
166060  -56.011  25.378  16.869 0.0000000000
166064  -50.637  7.665  33.143 0.0000000000
166204  -50.314  22.429  22.527 0.0000000000
166322  -48.514  19.306  8.322 0.0000000000
