#!ascii label  , from subject sub-LJ001 vox2ras=TkReg
1678
64324  -49.422  -17.628  38.890 0.0000000000
81019  -61.900  -2.831  36.657 0.0000000000
163408  -53.498  -9.633  39.249 0.0000000000
35080  -15.549  -42.642  58.435 0.0000000000
59717  -45.210  -20.827  44.751 0.0000000000
51854  -28.773  -28.791  59.431 0.0000000000
54005  -38.260  -27.505  58.462 0.0000000000
54085  -45.749  -26.879  52.870 0.0000000000
57272  -48.513  -23.730  50.858 0.0000000000
46384  -23.464  -33.781  54.729 0.0000000000
47433  -24.787  -33.092  61.872 0.0000000000
141700  -27.793  -30.937  54.155 0.0000000000
53004  -34.912  -27.358  52.139 0.0000000000
138710  -40.206  -28.058  53.666 0.0000000000
145835  -53.367  -18.931  45.793 0.0000000000
64267  -55.697  -18.134  43.053 0.0000000000
76596  -57.962  -6.842  38.085 0.0000000000
69105  -50.281  -13.234  39.022 0.0000000000
82096  -60.038  -1.247  31.579 0.0000000000
31273  -11.916  -45.381  59.448 0.0000000000
60809  -51.001  -21.114  48.890 0.0000000000
62013  -46.958  -19.038  41.838 0.0000000000
54066  -30.386  -26.698  52.904 0.0000000000
153201  -32.814  -25.805  57.888 0.0000000000
69047  -54.836  -12.994  44.208 0.0000000000
86485  -68.483  1.761  28.062 0.0000000000
54110  -43.207  -26.280  50.389 0.0000000000
55232  -44.562  -25.421  49.838 0.0000000000
47536  -25.590  -32.827  55.072 0.0000000000
138704  -38.112  -27.506  50.638 0.0000000000
53051  -41.161  -27.043  50.669 0.0000000000
52996  -42.958  -27.858  53.359 0.0000000000
158206  -51.129  -18.413  42.798 0.0000000000
61977  -54.054  -19.149  44.689 0.0000000000
63128  -53.032  -18.429  41.451 0.0000000000
77744  -60.479  -5.342  37.474 0.0000000000
77711  -60.763  -5.582  41.165 0.0000000000
84237  -63.138  -0.149  35.798 0.0000000000
36414  -13.896  -41.319  56.539 0.0000000000
33752  -13.826  -44.025  58.961 0.0000000000
58474  -47.113  -22.207  47.743 0.0000000000
58426  -49.239  -22.690  49.769 0.0000000000
60838  -48.045  -21.203  46.785 0.0000000000
61945  -49.058  -20.110  45.793 0.0000000000
60895  -46.192  -19.881  43.614 0.0000000000
48475  -26.761  -31.680  61.285 0.0000000000
48444  -24.774  -32.071  64.787 0.0000000000
50648  -27.042  -30.093  63.814 0.0000000000
160171  -28.952  -28.010  62.775 0.0000000000
147340  -29.316  -26.158  49.994 0.0000000000
55227  -31.267  -25.744  49.280 0.0000000000
52961  -36.824  -27.597  55.334 0.0000000000
54041  -33.755  -26.637  55.104 0.0000000000
54018  -35.368  -26.453  57.809 0.0000000000
55093  -34.410  -25.801  60.497 0.0000000000
41590  -18.730  -37.665  56.955 0.0000000000
40242  -19.475  -38.134  60.687 0.0000000000
38905  -18.287  -39.998  63.578 0.0000000000
162349  -51.589  -11.496  39.265 0.0000000000
69094  -52.937  -13.831  41.937 0.0000000000
71278  -53.876  -11.061  42.059 0.0000000000
85401  -69.521  1.190  25.390 0.0000000000
32483  -14.996  -45.152  61.630 0.0000000000
54046  -47.513  -26.537  55.417 0.0000000000
142579  -48.614  -24.943  54.017 0.0000000000
55208  -47.223  -25.394  51.880 0.0000000000
57306  -45.632  -23.778  48.427 0.0000000000
45224  -21.595  -34.839  58.277 0.0000000000
148277  -21.939  -34.340  61.772 0.0000000000
46329  -24.406  -33.514  58.381 0.0000000000
48504  -26.299  -32.281  58.663 0.0000000000
50762  -28.332  -29.886  57.025 0.0000000000
54127  -33.207  -26.699  49.407 0.0000000000
53048  -35.718  -27.472  50.613 0.0000000000
53007  -37.663  -27.718  52.636 0.0000000000
156263  -39.553  -28.224  55.847 0.0000000000
147113  -42.260  -28.532  55.769 0.0000000000
152959  -45.063  -28.243  55.893 0.0000000000
45263  -21.520  -34.443  54.413 0.0000000000
61908  -55.161  -19.442  49.713 0.0000000000
60780  -58.189  -20.546  51.573 0.0000000000
63029  -56.113  -19.401  48.550 0.0000000000
60861  -58.181  -20.447  46.704 0.0000000000
74534  -55.816  -7.863  38.852 0.0000000000
73446  -56.072  -9.170  41.710 0.0000000000
75510  -57.824  -7.883  41.556 0.0000000000
24054  -7.481  -50.323  58.375 0.0000000000
147243  -50.672  -15.848  39.177 0.0000000000
138104  -49.490  -11.443  36.886 0.0000000000
73496  -53.201  -8.721  36.816 0.0000000000
75576  -55.707  -7.373  35.757 0.0000000000
76614  -58.377  -6.265  35.411 0.0000000000
78917  -60.628  -3.950  34.663 0.0000000000
82080  -60.892  -1.793  33.827 0.0000000000
147205  -58.939  -2.793  32.491 0.0000000000
30024  -13.313  -46.780  61.739 0.0000000000
28822  -11.513  -48.121  61.320 0.0000000000
26455  -9.228  -50.105  61.452 0.0000000000
59559  -54.183  -22.654  53.504 0.0000000000
57232  -50.416  -23.472  53.620 0.0000000000
59587  -52.187  -21.867  52.256 0.0000000000
60800  -52.898  -20.702  50.731 0.0000000000
61934  -51.755  -19.915  47.469 0.0000000000
63074  -49.960  -18.679  44.039 0.0000000000
63144  -48.271  -18.219  40.634 0.0000000000
47410  -21.891  -33.377  65.250 0.0000000000
52988  -29.026  -27.850  53.415 0.0000000000
52940  -29.926  -27.312  56.162 0.0000000000
54093  -32.524  -26.839  51.936 0.0000000000
55172  -31.425  -26.359  54.643 0.0000000000
54002  -30.372  -26.549  58.608 0.0000000000
55089  -31.312  -26.121  60.719 0.0000000000
39006  -15.784  -39.967  56.130 0.0000000000
39008  -17.302  -39.164  56.742 0.0000000000
37670  -16.884  -40.999  59.322 0.0000000000
66565  -53.456  -15.854  41.302 0.0000000000
66535  -55.942  -15.441  43.048 0.0000000000
155529  -57.853  -14.827  45.532 0.0000000000
72317  -55.475  -10.581  44.488 0.0000000000
83173  -62.156  0.018  33.195 0.0000000000
85343  -63.524  1.770  31.539 0.0000000000
147568  -66.754  2.753  31.298 0.0000000000
85371  -65.466  1.965  28.231 0.0000000000
83216  -67.785  0.193  29.709 0.0000000000
54130  -42.303  -26.253  49.579 0.0000000000
55229  -42.755  -25.849  49.225 0.0000000000
138469  -41.726  -25.571  47.377 0.0000000000
155942  -39.520  -27.037  49.351 0.0000000000
54128  -40.795  -26.660  49.017 0.0000000000
54096  -42.010  -26.835  50.923 0.0000000000
63146  -50.065  -18.488  40.450 0.0000000000
144374  -51.723  -18.768  41.952 0.0000000000
64307  -51.199  -17.836  40.028 0.0000000000
79958  -61.692  -3.632  37.104 0.0000000000
78875  -61.579  -4.352  39.238 0.0000000000
81003  -62.024  -3.047  38.288 0.0000000000
83136  -62.966  -0.963  38.214 0.0000000000
151221  -62.410  -1.556  36.414 0.0000000000
36384  -15.143  -42.189  57.763 0.0000000000
35078  -13.850  -42.993  57.943 0.0000000000
35064  -15.192  -43.296  58.780 0.0000000000
59695  -45.786  -21.814  46.086 0.0000000000
59681  -47.586  -21.749  47.238 0.0000000000
60855  -46.982  -21.189  45.851 0.0000000000
60871  -47.353  -20.614  45.289 0.0000000000
60882  -45.598  -20.444  44.297 0.0000000000
165649  -19.890  -37.129  63.108 0.0000000000
49593  -27.641  -30.468  60.722 0.0000000000
49562  -27.153  -30.650  62.458 0.0000000000
50678  -27.964  -29.617  61.407 0.0000000000
151784  -28.074  -28.888  63.280 0.0000000000
52864  -28.947  -28.143  61.055 0.0000000000
52942  -37.765  -27.669  56.519 0.0000000000
155502  -36.415  -27.182  56.537 0.0000000000
54019  -36.821  -27.134  57.757 0.0000000000
53985  -36.248  -26.607  59.176 0.0000000000
42816  -20.384  -36.218  59.382 0.0000000000
42792  -20.239  -36.767  60.979 0.0000000000
159174  -19.731  -37.827  61.941 0.0000000000
57233  -55.963  -23.747  52.724 0.0000000000
72373  -52.498  -10.535  39.143 0.0000000000
71285  -52.914  -11.204  40.857 0.0000000000
72366  -53.291  -10.479  40.390 0.0000000000
140905  -46.756  -26.759  54.105 0.0000000000
55184  -47.586  -25.702  53.299 0.0000000000
55195  -46.440  -26.418  52.727 0.0000000000
56284  -45.051  -24.448  48.786 0.0000000000
57323  -44.513  -23.706  47.344 0.0000000000
58471  -44.915  -23.017  47.001 0.0000000000
45246  -22.400  -34.320  56.815 0.0000000000
46338  -23.028  -34.103  58.282 0.0000000000
46355  -23.849  -33.748  57.009 0.0000000000
48584  -26.807  -31.930  54.740 0.0000000000
149706  -25.942  -32.489  56.709 0.0000000000
48550  -27.057  -31.621  56.427 0.0000000000
48534  -27.444  -31.086  57.728 0.0000000000
157147  -27.915  -30.678  55.805 0.0000000000
149880  -35.112  -27.407  48.824 0.0000000000
138706  -38.932  -27.632  51.823 0.0000000000
138707  -38.099  -27.650  51.871 0.0000000000
138708  -38.939  -27.844  53.129 0.0000000000
160187  -38.198  -27.907  54.408 0.0000000000
52977  -39.665  -28.187  54.398 0.0000000000
147114  -41.319  -28.482  55.779 0.0000000000
157789  -41.187  -28.352  54.383 0.0000000000
53013  -44.216  -27.311  52.613 0.0000000000
52980  -44.365  -28.011  54.332 0.0000000000
52981  -45.334  -27.826  54.433 0.0000000000
52967  -46.311  -27.628  55.495 0.0000000000
45264  -22.245  -34.191  54.787 0.0000000000
63027  -54.249  -19.296  47.692 0.0000000000
64189  -55.810  -19.545  48.646 0.0000000000
64227  -54.970  -19.510  46.860 0.0000000000
63079  -55.442  -19.347  43.958 0.0000000000
61962  -56.179  -20.025  45.512 0.0000000000
61980  -56.597  -19.637  44.873 0.0000000000
63068  -58.441  -18.923  45.567 0.0000000000
64252  -57.489  -17.904  44.482 0.0000000000
164443  -57.021  -7.347  38.694 0.0000000000
75532  -56.824  -7.783  40.064 0.0000000000
152863  -58.111  -7.021  39.473 0.0000000000
78849  -60.966  -4.752  42.530 0.0000000000
74561  -54.491  -7.856  36.716 0.0000000000
75575  -54.862  -7.419  35.153 0.0000000000
76623  -57.225  -6.570  34.396 0.0000000000
77767  -58.452  -5.723  33.942 0.0000000000
77759  -59.758  -5.343  35.211 0.0000000000
77778  -58.919  -5.127  33.628 0.0000000000
142911  -59.512  -3.917  33.390 0.0000000000
32546  -11.891  -44.200  58.478 0.0000000000
31272  -10.854  -45.520  59.171 0.0000000000
31225  -14.715  -45.895  62.745 0.0000000000
31235  -14.384  -45.692  61.425 0.0000000000
28815  -13.844  -47.707  63.136 0.0000000000
26449  -12.954  -49.425  62.470 0.0000000000
25255  -11.528  -50.768  61.595 0.0000000000
147705  -10.778  -49.821  61.835 0.0000000000
159608  -10.553  -51.318  61.071 0.0000000000
153418  -9.028  -51.482  59.554 0.0000000000
56244  -48.411  -24.613  52.499 0.0000000000
57231  -49.576  -23.935  53.461 0.0000000000
57259  -49.196  -23.528  51.470 0.0000000000
59648  -49.736  -22.015  49.202 0.0000000000
58428  -50.385  -22.551  50.649 0.0000000000
59629  -51.544  -21.640  50.488 0.0000000000
59609  -52.588  -21.296  51.551 0.0000000000
60799  -52.038  -20.980  50.106 0.0000000000
61905  -52.614  -20.084  48.950 0.0000000000
60826  -51.416  -20.515  48.275 0.0000000000
61973  -48.493  -19.409  44.296 0.0000000000
61974  -49.350  -19.220  44.537 0.0000000000
61991  -49.074  -18.885  43.754 0.0000000000
63108  -49.029  -18.331  42.072 0.0000000000
63123  -47.681  -18.560  41.383 0.0000000000
46291  -23.206  -33.653  62.229 0.0000000000
45178  -21.959  -33.865  63.607 0.0000000000
47417  -23.026  -33.177  64.249 0.0000000000
55214  -29.825  -26.159  50.706 0.0000000000
54091  -29.027  -26.956  51.160 0.0000000000
54079  -29.799  -27.051  52.886 0.0000000000
143656  -29.410  -27.733  54.915 0.0000000000
54065  -30.150  -27.004  53.710 0.0000000000
54094  -33.624  -27.054  50.954 0.0000000000
145828  -32.770  -26.831  50.990 0.0000000000
54080  -33.223  -27.073  52.409 0.0000000000
151438  -33.137  -26.156  56.363 0.0000000000
55174  -32.964  -26.421  54.890 0.0000000000
55150  -32.153  -26.153  56.328 0.0000000000
55148  -31.042  -26.442  56.725 0.0000000000
55122  -31.527  -25.917  58.159 0.0000000000
55106  -30.910  -26.256  59.923 0.0000000000
146817  -31.901  -25.759  59.077 0.0000000000
52905  -42.771  -27.927  58.944 0.0000000000
40298  -18.255  -38.115  56.649 0.0000000000
164920  -17.855  -39.155  57.797 0.0000000000
38994  -17.314  -39.629  57.587 0.0000000000
37595  -17.746  -40.704  65.234 0.0000000000
67871  -50.270  -14.289  39.215 0.0000000000
146767  -51.670  -16.088  40.085 0.0000000000
66577  -51.539  -15.094  40.302 0.0000000000
69078  -54.050  -13.783  42.900 0.0000000000
67844  -54.362  -14.667  42.552 0.0000000000
67825  -55.551  -14.555  43.421 0.0000000000
66521  -57.036  -15.373  44.105 0.0000000000
69049  -56.201  -13.759  44.836 0.0000000000
73433  -56.397  -9.301  42.552 0.0000000000
73432  -55.903  -9.848  43.114 0.0000000000
73408  -56.489  -9.499  44.739 0.0000000000
140438  -60.517  -1.716  33.287 0.0000000000
83172  -61.461  -0.799  33.414 0.0000000000
83179  -60.670  -0.888  32.094 0.0000000000
84277  -62.369  0.719  31.450 0.0000000000
84285  -63.071  1.092  30.326 0.0000000000
86454  -64.900  2.828  31.812 0.0000000000
85354  -64.291  2.056  30.323 0.0000000000
86490  -66.231  2.273  26.591 0.0000000000
162018  -64.821  1.423  26.896 0.0000000000
86483  -67.413  2.413  28.181 0.0000000000
86477  -67.718  2.271  29.628 0.0000000000
84303  -68.505  0.745  28.666 0.0000000000
83238  -68.508  0.041  27.683 0.0000000000
83275  -67.365  -0.064  24.779 0.0000000000
54099  -44.447  -26.515  51.357 0.0000000000
55205  -45.209  -25.933  51.075 0.0000000000
55217  -43.759  -25.832  50.035 0.0000000000
55246  -43.780  -25.161  48.850 0.0000000000
47535  -24.831  -33.219  54.723 0.0000000000
156393  -38.363  -27.200  49.220 0.0000000000
53026  -39.481  -27.452  51.001 0.0000000000
53009  -40.638  -27.598  52.209 0.0000000000
52995  -41.923  -27.905  53.346 0.0000000000
53029  -42.250  -27.129  51.772 0.0000000000
53030  -43.114  -27.018  51.934 0.0000000000
63076  -51.757  -18.581  44.417 0.0000000000
63064  -53.400  -18.746  45.381 0.0000000000
160806  -52.903  -18.600  44.082 0.0000000000
63093  -53.654  -19.037  42.884 0.0000000000
63112  -54.153  -18.552  42.225 0.0000000000
76588  -59.299  -6.302  38.259 0.0000000000
164200  -59.455  -6.525  39.689 0.0000000000
77728  -60.637  -5.572  39.265 0.0000000000
78868  -61.610  -4.293  40.172 0.0000000000
85306  -64.079  1.151  35.959 0.0000000000
35077  -13.091  -43.138  57.761 0.0000000000
32547  -12.885  -44.137  58.666 0.0000000000
164109  -47.889  -23.345  49.665 0.0000000000
57273  -49.165  -23.159  50.615 0.0000000000
58460  -48.135  -22.426  48.670 0.0000000000
59666  -48.636  -21.889  48.204 0.0000000000
59683  -49.124  -21.323  47.733 0.0000000000
60840  -49.633  -20.809  47.232 0.0000000000
60857  -48.542  -20.701  46.274 0.0000000000
61956  -47.932  -19.945  44.833 0.0000000000
61988  -46.700  -19.630  43.043 0.0000000000
47427  -25.429  -32.648  62.290 0.0000000000
47419  -24.548  -32.804  63.477 0.0000000000
158768  -25.703  -31.912  63.541 0.0000000000
49543  -26.106  -31.249  63.938 0.0000000000
51808  -28.096  -28.721  64.102 0.0000000000
145477  -30.019  -25.764  50.008 0.0000000000
55215  -30.627  -26.090  50.635 0.0000000000
52973  -35.884  -27.451  54.261 0.0000000000
54069  -34.221  -27.129  53.670 0.0000000000
54056  -35.221  -27.152  54.817 0.0000000000
54031  -34.754  -26.668  56.255 0.0000000000
55140  -34.365  -26.027  57.710 0.0000000000
55109  -33.515  -25.762  58.998 0.0000000000
55126  -35.075  -26.032  58.994 0.0000000000
156722  -20.098  -35.275  54.801 0.0000000000
44070  -19.626  -36.391  56.995 0.0000000000
40241  -19.045  -38.632  60.209 0.0000000000
38934  -18.273  -39.835  61.877 0.0000000000
40217  -19.136  -38.820  61.718 0.0000000000
70263  -50.840  -12.682  39.411 0.0000000000
69100  -52.023  -13.900  41.011 0.0000000000
70255  -51.839  -12.341  40.374 0.0000000000
70232  -53.180  -12.414  42.186 0.0000000000
70234  -54.020  -12.060  43.097 0.0000000000
82106  -59.080  -1.380  30.278 0.0000000000
83188  -60.633  -0.731  31.234 0.0000000000
82118  -59.709  -1.030  29.643 0.0000000000
86499  -67.041  2.748  26.203 0.0000000000
85384  -69.388  1.642  26.649 0.0000000000
87549  -68.694  3.312  26.012 0.0000000000
87564  -69.267  3.464  25.263 0.0000000000
35066  -16.064  -42.642  59.776 0.0000000000
33754  -15.613  -43.528  59.690 0.0000000000
56181  -49.619  -24.745  56.520 0.0000000000
55177  -48.406  -25.351  54.618 0.0000000000
56212  -48.205  -25.070  53.272 0.0000000000
56242  -47.270  -24.881  51.192 0.0000000000
55220  -45.928  -25.444  50.815 0.0000000000
56255  -46.637  -24.851  50.554 0.0000000000
57271  -47.032  -24.251  50.142 0.0000000000
161323  -46.306  -23.319  48.463 0.0000000000
58488  -45.379  -22.426  46.540 0.0000000000
44043  -21.288  -35.148  59.678 0.0000000000
45192  -21.186  -35.165  61.216 0.0000000000
45215  -22.351  -34.437  59.628 0.0000000000
46308  -22.979  -33.925  60.751 0.0000000000
46309  -24.159  -33.547  60.189 0.0000000000
164663  -24.999  -33.145  57.251 0.0000000000
144103  -25.591  -32.829  58.829 0.0000000000
47443  -25.549  -32.842  60.486 0.0000000000
48490  -26.749  -31.832  60.355 0.0000000000
143887  -27.668  -30.708  59.348 0.0000000000
50722  -28.364  -29.514  59.315 0.0000000000
53067  -34.645  -27.255  49.566 0.0000000000
53021  -34.919  -27.365  51.228 0.0000000000
140153  -36.642  -27.504  50.514 0.0000000000
144219  -36.414  -27.627  51.848 0.0000000000
53005  -35.730  -27.558  52.466 0.0000000000
166150  -37.165  -27.744  54.094 0.0000000000
52962  -37.650  -27.771  55.623 0.0000000000
156275  -38.612  -27.810  56.913 0.0000000000
52903  -40.465  -27.874  58.708 0.0000000000
147118  -40.345  -28.158  57.273 0.0000000000
147116  -42.198  -28.438  57.473 0.0000000000
52925  -43.840  -28.251  57.859 0.0000000000
52963  -42.813  -28.387  54.987 0.0000000000
146980  -44.190  -28.442  56.023 0.0000000000
52949  -44.913  -28.233  56.668 0.0000000000
52928  -46.360  -27.496  57.029 0.0000000000
45244  -20.918  -34.890  55.868 0.0000000000
61886  -55.548  -20.013  51.293 0.0000000000
62998  -56.535  -19.749  50.999 0.0000000000
63005  -57.120  -19.561  50.595 0.0000000000
61910  -58.301  -20.315  49.737 0.0000000000
61936  -55.590  -19.664  47.040 0.0000000000
61938  -56.792  -20.230  47.668 0.0000000000
74516  -54.572  -8.653  38.801 0.0000000000
141722  -54.325  -9.442  40.217 0.0000000000
74500  -55.477  -8.580  40.103 0.0000000000
74488  -56.458  -8.587  41.204 0.0000000000
161496  -57.782  -8.242  42.810 0.0000000000
76565  -59.693  -6.664  41.323 0.0000000000
76556  -59.273  -6.901  42.772 0.0000000000
64376  -48.324  -16.953  37.376 0.0000000000
64351  -49.937  -17.021  38.591 0.0000000000
65495  -49.140  -15.825  37.561 0.0000000000
66609  -49.117  -14.843  37.822 0.0000000000
69128  -49.068  -12.864  37.753 0.0000000000
70288  -49.861  -12.033  38.100 0.0000000000
71302  -50.582  -11.706  38.300 0.0000000000
72382  -51.668  -10.730  38.009 0.0000000000
73478  -52.721  -9.646  37.760 0.0000000000
73479  -53.385  -9.040  37.643 0.0000000000
74549  -54.489  -8.176  37.444 0.0000000000
75552  -55.695  -7.576  37.238 0.0000000000
75565  -57.045  -7.042  36.815 0.0000000000
75587  -55.709  -7.153  34.759 0.0000000000
76613  -57.353  -6.832  35.920 0.0000000000
76604  -58.562  -6.447  36.952 0.0000000000
76605  -59.164  -6.024  36.577 0.0000000000
79965  -60.903  -4.492  36.195 0.0000000000
79977  -61.349  -3.227  35.560 0.0000000000
81028  -61.485  -2.567  35.272 0.0000000000
79986  -60.532  -3.108  34.180 0.0000000000
81037  -59.923  -2.227  33.105 0.0000000000
81049  -59.409  -2.184  32.519 0.0000000000
81062  -58.660  -1.826  31.215 0.0000000000
32499  -14.560  -44.995  60.580 0.0000000000
32498  -13.732  -45.118  60.014 0.0000000000
31256  -12.418  -45.860  60.098 0.0000000000
28814  -13.425  -48.316  63.004 0.0000000000
30023  -12.502  -47.030  61.319 0.0000000000
30045  -12.019  -46.531  60.489 0.0000000000
28833  -10.742  -47.626  60.573 0.0000000000
28832  -9.989  -48.244  60.737 0.0000000000
157806  -8.605  -49.546  61.154 0.0000000000
24038  -8.173  -51.263  59.971 0.0000000000
59574  -54.784  -22.131  53.080 0.0000000000
58355  -51.340  -23.155  54.080 0.0000000000
58409  -49.831  -22.988  51.114 0.0000000000
58391  -50.811  -22.804  52.338 0.0000000000
59571  -53.287  -22.038  53.241 0.0000000000
60767  -54.343  -21.560  52.651 0.0000000000
144916  -54.835  -20.936  52.246 0.0000000000
61897  -54.530  -19.804  50.360 0.0000000000
61921  -53.086  -19.613  48.352 0.0000000000
63040  -52.425  -19.356  46.733 0.0000000000
61946  -49.913  -19.871  46.002 0.0000000000
61959  -50.477  -19.402  45.377 0.0000000000
147933  -51.392  -18.782  44.780 0.0000000000
63090  -50.554  -18.350  43.485 0.0000000000
142196  -49.566  -18.451  41.212 0.0000000000
64305  -48.765  -18.143  40.004 0.0000000000
60893  -44.593  -20.031  43.423 0.0000000000
61986  -45.039  -19.829  42.828 0.0000000000
62000  -45.567  -19.586  42.142 0.0000000000
62027  -45.900  -18.954  40.766 0.0000000000
63142  -46.487  -18.442  40.276 0.0000000000
63164  -47.120  -17.982  39.695 0.0000000000
64322  -47.834  -17.766  38.882 0.0000000000
64349  -48.097  -17.463  37.961 0.0000000000
47412  -23.511  -32.864  64.635 0.0000000000
49705  -28.177  -30.256  52.705 0.0000000000
163045  -28.620  -28.412  51.845 0.0000000000
50785  -28.572  -29.330  53.795 0.0000000000
50770  -28.667  -29.336  55.214 0.0000000000
51888  -28.943  -28.641  56.401 0.0000000000
52917  -29.323  -27.904  57.684 0.0000000000
146996  -32.403  -26.201  49.388 0.0000000000
55204  -32.050  -26.400  51.290 0.0000000000
55192  -31.452  -26.381  51.894 0.0000000000
54068  -33.324  -26.971  53.370 0.0000000000
55182  -31.846  -26.377  53.876 0.0000000000
55181  -31.146  -26.477  53.860 0.0000000000
55159  -30.745  -26.676  55.407 0.0000000000
54015  -30.370  -26.931  57.019 0.0000000000
52885  -29.534  -27.541  59.145 0.0000000000
144688  -29.681  -27.329  59.967 0.0000000000
53951  -30.301  -26.886  61.584 0.0000000000
37714  -14.572  -40.823  56.307 0.0000000000
36402  -15.624  -41.516  57.456 0.0000000000
41617  -17.831  -37.687  54.984 0.0000000000
40333  -16.544  -38.379  54.612 0.0000000000
39007  -16.617  -39.736  56.609 0.0000000000
37700  -16.529  -40.370  57.389 0.0000000000
36386  -16.485  -41.534  58.792 0.0000000000
35052  -16.371  -42.282  60.574 0.0000000000
37621  -17.532  -40.904  62.946 0.0000000000
65454  -51.578  -17.108  39.956 0.0000000000
65439  -53.168  -16.857  40.943 0.0000000000
65441  -54.461  -16.977  41.645 0.0000000000
67855  -53.171  -14.778  41.691 0.0000000000
66553  -54.732  -15.570  42.168 0.0000000000
65401  -56.094  -16.446  42.951 0.0000000000
65385  -57.108  -16.358  43.999 0.0000000000
72359  -54.421  -10.318  41.513 0.0000000000
72333  -54.812  -10.924  43.235 0.0000000000
70203  -54.857  -12.142  44.346 0.0000000000
82072  -62.112  -1.057  34.759 0.0000000000
84254  -62.657  -0.013  34.156 0.0000000000
85328  -63.689  1.277  34.192 0.0000000000
84270  -61.745  0.127  31.779 0.0000000000
157243  -62.937  1.082  32.773 0.0000000000
138843  -64.924  2.603  33.815 0.0000000000
87504  -65.830  2.893  33.309 0.0000000000
85337  -66.700  1.768  32.287 0.0000000000
85369  -63.780  1.058  29.005 0.0000000000
86468  -66.340  2.717  29.748 0.0000000000
162003  -67.886  1.229  30.428 0.0000000000
83266  -68.553  0.162  26.354 0.0000000000
54150  -41.349  -26.294  48.532 0.0000000000
54170  -41.739  -25.888  48.103 0.0000000000
54149  -40.632  -26.488  48.240 0.0000000000
54129  -41.565  -26.454  49.299 0.0000000000
63166  -49.573  -18.120  39.732 0.0000000000
63147  -50.961  -18.434  40.434 0.0000000000
64306  -50.508  -18.093  39.853 0.0000000000
79952  -61.789  -3.696  37.916 0.0000000000
157653  -62.249  -2.541  37.898 0.0000000000
82048  -62.576  -1.839  37.846 0.0000000000
157348  -62.436  -1.792  37.074 0.0000000000
139887  -62.863  -1.091  37.159 0.0000000000
82055  -62.128  -2.106  36.684 0.0000000000
35079  -14.743  -42.870  58.119 0.0000000000
59709  -45.308  -21.366  45.374 0.0000000000
59696  -46.575  -21.698  46.287 0.0000000000
59710  -46.233  -21.345  45.617 0.0000000000
60869  -45.999  -20.808  44.976 0.0000000000
164712  -20.186  -36.302  63.139 0.0000000000
44030  -20.403  -35.985  62.729 0.0000000000
50701  -27.996  -29.762  60.753 0.0000000000
49577  -27.722  -30.146  61.303 0.0000000000
51831  -28.112  -29.191  61.902 0.0000000000
51843  -28.804  -28.530  60.238 0.0000000000
52919  -37.804  -27.490  57.551 0.0000000000
54033  -37.016  -27.280  56.934 0.0000000000
54004  -37.380  -27.216  58.476 0.0000000000
138015  -37.903  -27.284  59.194 0.0000000000
41536  -20.029  -37.153  61.917 0.0000000000
73466  -52.982  -9.813  38.690 0.0000000000
72374  -53.070  -10.174  39.587 0.0000000000
54072  -46.273  -26.874  53.458 0.0000000000
55194  -45.892  -26.447  52.184 0.0000000000
56304  -44.039  -24.327  47.704 0.0000000000
46369  -23.182  -33.963  56.433 0.0000000000
152702  -23.987  -33.626  56.112 0.0000000000
48585  -27.399  -31.404  54.912 0.0000000000
48566  -26.931  -31.803  55.533 0.0000000000
48567  -27.494  -31.221  55.693 0.0000000000
49662  -27.660  -30.965  56.389 0.0000000000
150045  -27.912  -30.750  55.103 0.0000000000
52994  -39.852  -27.809  52.894 0.0000000000
163428  -39.208  -27.724  52.474 0.0000000000
138711  -39.355  -27.967  53.725 0.0000000000
52978  -40.490  -28.320  54.348 0.0000000000
138709  -41.083  -28.123  53.682 0.0000000000
54071  -44.926  -27.246  52.959 0.0000000000
159337  -44.863  -27.713  53.712 0.0000000000
52997  -45.564  -27.378  53.581 0.0000000000
54058  -46.103  -27.329  54.189 0.0000000000
46383  -22.866  -33.976  55.026 0.0000000000
45256  -22.476  -34.218  55.748 0.0000000000
138047  -53.683  -19.131  46.351 0.0000000000
64198  -54.637  -19.508  47.316 0.0000000000
64226  -54.403  -19.385  46.681 0.0000000000
63096  -55.818  -18.785  43.551 0.0000000000
63080  -56.307  -19.048  44.123 0.0000000000
63081  -57.115  -18.852  44.546 0.0000000000
151004  -56.901  -18.243  44.103 0.0000000000
155791  -57.675  -7.045  38.707 0.0000000000
75544  -57.308  -7.373  39.370 0.0000000000
146143  -61.146  -3.989  43.113 0.0000000000
158166  -54.058  -7.515  35.134 0.0000000000
163530  -58.380  -5.283  33.282 0.0000000000
78943  -58.776  -4.462  33.023 0.0000000000
32524  -11.369  -44.826  58.859 0.0000000000
30014  -14.373  -46.916  63.328 0.0000000000
28811  -14.523  -47.553  63.488 0.0000000000
24036  -10.999  -51.129  61.372 0.0000000000
25271  -10.590  -50.925  59.374 0.0000000000
57258  -48.505  -24.130  51.695 0.0000000000
57243  -49.187  -23.895  52.488 0.0000000000
59668  -50.216  -21.444  48.674 0.0000000000
59628  -50.806  -21.957  50.193 0.0000000000
59650  -51.317  -21.393  49.680 0.0000000000
60810  -51.890  -20.664  49.126 0.0000000000
60825  -50.654  -20.871  48.166 0.0000000000
62002  -47.196  -19.260  42.531 0.0000000000
61990  -48.241  -19.103  43.504 0.0000000000
62003  -47.995  -18.897  42.698 0.0000000000
162859  -48.513  -18.599  42.440 0.0000000000
146389  -47.599  -18.861  42.111 0.0000000000
47432  -24.024  -33.337  62.305 0.0000000000
47425  -23.428  -33.437  62.968 0.0000000000
163098  -24.107  -33.160  63.046 0.0000000000
55202  -30.227  -26.366  51.400 0.0000000000
143477  -29.952  -26.660  52.125 0.0000000000
54095  -34.066  -27.121  51.722 0.0000000000
54081  -34.112  -27.180  52.740 0.0000000000
55139  -33.432  -25.960  57.332 0.0000000000
55138  -32.541  -25.993  57.140 0.0000000000
55137  -31.690  -26.138  57.150 0.0000000000
162373  -32.149  -25.823  57.751 0.0000000000
55123  -32.325  -25.718  58.409 0.0000000000
52906  -43.599  -27.895  58.678 0.0000000000
38969  -18.011  -39.728  59.981 0.0000000000
67872  -50.949  -14.603  39.829 0.0000000000
157908  -50.829  -13.632  39.703 0.0000000000
69060  -54.476  -13.360  43.527 0.0000000000
67824  -54.769  -14.180  43.178 0.0000000000
69061  -55.111  -13.777  43.874 0.0000000000
67812  -55.890  -14.139  44.121 0.0000000000
69048  -55.461  -13.398  44.552 0.0000000000
143334  -57.123  -8.851  43.784 0.0000000000
73423  -56.580  -9.342  43.409 0.0000000000
82087  -60.102  -1.578  32.508 0.0000000000
82088  -60.827  -1.096  32.924 0.0000000000
84296  -63.238  0.923  29.646 0.0000000000
85362  -63.675  1.480  29.935 0.0000000000
86491  -67.244  2.451  27.066 0.0000000000
86482  -66.386  2.230  27.621 0.0000000000
86484  -68.201  2.166  28.166 0.0000000000
137944  -67.990  1.851  28.951 0.0000000000
84313  -68.552  0.348  28.133 0.0000000000
84314  -68.812  0.838  27.811 0.0000000000
54111  -43.761  -26.341  50.785 0.0000000000
55269  -42.345  -25.512  48.000 0.0000000000
55245  -42.991  -25.448  48.590 0.0000000000
55270  -42.931  -25.099  47.863 0.0000000000
53085  -38.986  -26.932  48.806 0.0000000000
53071  -40.189  -26.959  49.556 0.0000000000
142273  -39.536  -27.264  50.044 0.0000000000
53050  -40.310  -27.185  50.390 0.0000000000
53027  -40.468  -27.388  51.292 0.0000000000
53028  -41.361  -27.297  51.555 0.0000000000
54109  -42.548  -26.458  50.302 0.0000000000
54097  -42.946  -26.685  51.062 0.0000000000
54098  -43.655  -26.726  51.403 0.0000000000
63091  -51.430  -18.439  43.661 0.0000000000
139276  -52.261  -18.547  43.893 0.0000000000
140674  -52.154  -18.721  42.825 0.0000000000
63127  -52.262  -18.559  41.222 0.0000000000
155373  -52.490  -18.784  41.918 0.0000000000
63111  -53.167  -18.838  42.275 0.0000000000
63129  -53.660  -18.317  41.672 0.0000000000
77735  -59.903  -5.831  37.875 0.0000000000
77727  -59.938  -5.912  38.770 0.0000000000
77736  -60.562  -5.466  38.353 0.0000000000
79927  -61.895  -3.429  40.610 0.0000000000
149665  -61.814  -3.376  41.520 0.0000000000
161150  -61.973  -2.983  41.139 0.0000000000
85298  -64.167  1.168  36.874 0.0000000000
85299  -64.737  1.724  36.479 0.0000000000
84245  -63.474  0.558  35.435 0.0000000000
33774  -13.411  -43.594  58.259 0.0000000000
32526  -13.358  -44.674  59.299 0.0000000000
58459  -47.400  -22.606  48.388 0.0000000000
58443  -47.617  -22.964  49.105 0.0000000000
59665  -47.835  -22.028  47.987 0.0000000000
59682  -48.351  -21.558  47.472 0.0000000000
59667  -49.434  -21.699  48.441 0.0000000000
60839  -48.816  -20.969  47.030 0.0000000000
60856  -47.731  -20.914  46.062 0.0000000000
60883  -46.355  -20.268  44.326 0.0000000000
60884  -47.167  -20.116  44.564 0.0000000000
61971  -46.930  -19.820  43.833 0.0000000000
146168  -26.105  -32.182  61.833 0.0000000000
48463  -25.945  -32.078  62.730 0.0000000000
48464  -26.653  -31.434  62.346 0.0000000000
49544  -26.754  -30.816  63.315 0.0000000000
49532  -26.524  -30.487  64.442 0.0000000000
51818  -28.435  -28.646  62.527 0.0000000000
51809  -28.534  -28.389  63.361 0.0000000000
142674  -30.703  -25.770  49.875 0.0000000000
55216  -31.312  -25.897  50.108 0.0000000000
54057  -36.032  -27.343  55.081 0.0000000000
165780  -35.636  -26.741  57.317 0.0000000000
54032  -35.645  -26.919  56.576 0.0000000000
54017  -35.002  -26.360  57.143 0.0000000000
55151  -34.140  -26.183  56.768 0.0000000000
162576  -34.929  -26.214  57.714 0.0000000000
55141  -34.973  -26.133  58.242 0.0000000000
53967  -36.355  -26.483  59.980 0.0000000000
159087  -19.956  -35.713  55.866 0.0000000000
44078  -19.830  -35.986  56.423 0.0000000000
141825  -19.830  -37.356  59.657 0.0000000000
41546  -19.430  -37.984  59.780 0.0000000000
40229  -19.105  -38.756  61.010 0.0000000000
40230  -19.479  -38.282  61.494 0.0000000000
40207  -19.450  -38.218  63.272 0.0000000000
70273  -50.910  -11.881  39.099 0.0000000000
70264  -51.374  -12.135  39.742 0.0000000000
71293  -51.953  -11.609  39.922 0.0000000000
158327  -52.679  -11.875  41.154 0.0000000000
71277  -53.203  -11.630  41.661 0.0000000000
70233  -53.619  -12.464  42.667 0.0000000000
71264  -53.674  -11.821  42.424 0.0000000000
86498  -66.065  2.624  25.812 0.0000000000
86516  -66.801  3.292  25.629 0.0000000000
86501  -68.944  2.675  26.423 0.0000000000
86517  -67.778  3.339  25.924 0.0000000000
35051  -16.055  -43.114  60.611 0.0000000000
30009  -15.424  -46.585  64.066 0.0000000000
55165  -47.980  -26.115  55.782 0.0000000000
149693  -48.557  -25.449  55.448 0.0000000000
55176  -47.902  -25.994  54.859 0.0000000000
55196  -47.102  -25.854  52.619 0.0000000000
56229  -47.747  -25.249  52.541 0.0000000000
56243  -47.863  -24.784  51.795 0.0000000000
55219  -45.250  -25.457  50.316 0.0000000000
160989  -45.725  -24.252  49.105 0.0000000000
56254  -45.882  -24.966  50.217 0.0000000000
56269  -46.308  -24.401  49.711 0.0000000000
57286  -46.321  -23.760  49.020 0.0000000000
58472  -45.691  -22.756  47.208 0.0000000000
141185  -21.717  -34.831  60.175 0.0000000000
45225  -22.339  -34.454  58.727 0.0000000000
46328  -23.705  -33.823  58.769 0.0000000000
46327  -22.990  -34.108  59.164 0.0000000000
46319  -23.617  -33.808  59.615 0.0000000000
160153  -23.490  -33.795  60.307 0.0000000000
46320  -24.424  -33.508  59.290 0.0000000000
47510  -24.878  -33.201  55.771 0.0000000000
47487  -25.286  -32.962  56.624 0.0000000000
47489  -26.206  -32.302  57.388 0.0000000000
47470  -25.876  -32.571  58.041 0.0000000000
47455  -25.601  -32.848  59.661 0.0000000000
161759  -26.094  -32.474  59.318 0.0000000000
48489  -26.169  -32.396  60.021 0.0000000000
48505  -26.704  -31.919  59.391 0.0000000000
50752  -27.976  -30.270  57.916 0.0000000000
48518  -27.557  -30.918  58.539 0.0000000000
50737  -27.894  -30.346  58.712 0.0000000000
147427  -28.009  -30.067  59.177 0.0000000000
50738  -28.262  -29.764  58.583 0.0000000000
53068  -35.424  -27.392  49.671 0.0000000000
53047  -34.854  -27.317  50.376 0.0000000000
53069  -38.067  -27.400  49.912 0.0000000000
139983  -37.162  -27.416  49.810 0.0000000000
138705  -37.448  -27.509  50.548 0.0000000000
139265  -37.251  -27.657  51.920 0.0000000000
53006  -36.670  -27.673  52.776 0.0000000000
52992  -36.573  -27.651  53.755 0.0000000000
143139  -37.328  -27.745  53.423 0.0000000000
139452  -39.150  -28.145  55.138 0.0000000000
161020  -38.317  -27.930  55.054 0.0000000000
52943  -38.603  -27.950  55.945 0.0000000000
164276  -39.247  -27.994  56.478 0.0000000000
52920  -39.473  -27.943  57.173 0.0000000000
52944  -39.970  -28.217  56.531 0.0000000000
52946  -41.750  -28.501  56.582 0.0000000000
52947  -42.678  -28.545  56.574 0.0000000000
147701  -43.200  -28.468  57.261 0.0000000000
141047  -42.428  -28.170  54.140 0.0000000000
52979  -43.398  -28.115  54.213 0.0000000000
52965  -44.736  -28.214  55.178 0.0000000000
52964  -43.788  -28.318  55.094 0.0000000000
52927  -45.549  -27.819  57.273 0.0000000000
52950  -45.812  -27.919  56.279 0.0000000000
54045  -46.947  -27.040  55.493 0.0000000000
54034  -47.395  -26.724  56.238 0.0000000000
45254  -20.771  -34.839  54.860 0.0000000000
61898  -55.359  -19.689  50.589 0.0000000000
62997  -56.015  -19.708  50.816 0.0000000000
143211  -55.815  -19.455  50.032 0.0000000000
64190  -56.064  -19.522  48.607 0.0000000000
63004  -56.578  -19.444  50.104 0.0000000000
63016  -56.962  -19.423  49.863 0.0000000000
63006  -57.683  -19.717  50.323 0.0000000000
61909  -57.504  -19.855  49.412 0.0000000000
63065  -54.061  -18.931  45.723 0.0000000000
61960  -54.565  -19.414  45.219 0.0000000000
60873  -56.869  -20.246  46.154 0.0000000000
60843  -56.815  -20.350  46.914 0.0000000000
60844  -57.529  -20.544  47.363 0.0000000000
60827  -57.987  -20.663  47.984 0.0000000000
60845  -58.388  -20.642  47.412 0.0000000000
164558  -58.671  -20.480  47.059 0.0000000000
63056  -59.668  -18.924  46.570 0.0000000000
74517  -55.310  -8.370  39.281 0.0000000000
73461  -54.769  -8.874  39.739 0.0000000000
75521  -57.408  -7.817  40.814 0.0000000000
74502  -56.789  -8.128  40.798 0.0000000000
74489  -57.139  -8.254  41.413 0.0000000000
74475  -57.518  -8.344  42.149 0.0000000000
75500  -58.139  -7.886  42.331 0.0000000000
77718  -59.966  -6.106  39.735 0.0000000000
76572  -59.434  -6.674  40.338 0.0000000000
77710  -60.195  -6.175  40.740 0.0000000000
76544  -59.739  -6.303  43.068 0.0000000000
25270  -7.529  -50.398  59.612 0.0000000000
162647  -7.383  -49.961  59.860 0.0000000000
25279  -7.280  -50.230  59.026 0.0000000000
69127  -48.481  -13.265  37.517 0.0000000000
67881  -49.161  -13.748  38.060 0.0000000000
70287  -49.247  -12.245  37.709 0.0000000000
145196  -49.489  -11.841  37.517 0.0000000000
71318  -50.206  -11.472  37.414 0.0000000000
72394  -50.771  -10.843  36.879 0.0000000000
72395  -51.406  -10.554  37.218 0.0000000000
72396  -52.026  -10.139  37.490 0.0000000000
138167  -52.826  -9.217  37.134 0.0000000000
73480  -54.146  -8.614  37.940 0.0000000000
74548  -53.891  -8.410  37.165 0.0000000000
75563  -55.325  -7.573  36.637 0.0000000000
74550  -55.058  -7.812  37.362 0.0000000000
75564  -56.133  -7.378  36.635 0.0000000000
75553  -56.358  -7.419  37.489 0.0000000000
137917  -57.666  -6.586  35.229 0.0000000000
75589  -56.935  -6.846  35.206 0.0000000000
163935  -57.954  -6.579  35.845 0.0000000000
159007  -57.866  -6.671  36.506 0.0000000000
146321  -58.517  -6.347  36.170 0.0000000000
76615  -59.077  -5.899  35.733 0.0000000000
78916  -60.017  -4.668  34.491 0.0000000000
157817  -60.298  -5.062  35.890 0.0000000000
78906  -60.515  -4.617  35.281 0.0000000000
155425  -61.020  -3.866  35.468 0.0000000000
79976  -61.017  -3.157  34.932 0.0000000000
80007  -59.181  -3.414  32.926 0.0000000000
79994  -59.880  -3.072  33.445 0.0000000000
149263  -59.460  -2.709  32.899 0.0000000000
31271  -9.816  -45.599  59.223 0.0000000000
32500  -15.220  -44.602  60.913 0.0000000000
33735  -15.108  -44.329  60.058 0.0000000000
31234  -13.659  -46.047  61.172 0.0000000000
31258  -13.957  -45.519  60.664 0.0000000000
31257  -13.278  -45.699  60.371 0.0000000000
31233  -12.872  -46.312  60.840 0.0000000000
27624  -14.010  -48.903  63.153 0.0000000000
26448  -12.230  -49.353  62.287 0.0000000000
27633  -12.226  -48.530  62.074 0.0000000000
160296  -12.197  -47.739  61.576 0.0000000000
30022  -11.689  -47.284  60.862 0.0000000000
30044  -11.099  -46.798  60.135 0.0000000000
150030  -9.978  -49.795  61.567 0.0000000000
27631  -10.380  -49.153  61.381 0.0000000000
27639  -9.348  -49.166  61.146 0.0000000000
26454  -8.360  -50.007  61.064 0.0000000000
25252  -8.785  -50.652  61.098 0.0000000000
25287  -9.188  -50.417  57.747 0.0000000000
58360  -54.533  -22.964  53.518 0.0000000000
58361  -55.268  -23.059  53.083 0.0000000000
56199  -48.898  -24.841  54.813 0.0000000000
56189  -49.921  -24.329  55.853 0.0000000000
56200  -49.618  -24.428  54.989 0.0000000000
141864  -49.954  -23.937  54.346 0.0000000000
57218  -50.774  -23.605  54.637 0.0000000000
58337  -51.647  -23.385  54.984 0.0000000000
58427  -49.753  -22.768  50.394 0.0000000000
58411  -51.337  -22.323  51.826 0.0000000000
58410  -50.590  -22.729  51.471 0.0000000000
58392  -51.589  -22.445  52.706 0.0000000000
58374  -51.885  -22.653  53.585 0.0000000000
59570  -52.400  -22.172  53.118 0.0000000000
59557  -53.478  -22.640  53.819 0.0000000000
166016  -52.753  -21.840  52.808 0.0000000000
60788  -53.466  -20.851  51.686 0.0000000000
59588  -53.147  -21.462  52.444 0.0000000000
60777  -53.853  -21.106  52.274 0.0000000000
60789  -54.364  -20.599  51.752 0.0000000000
61885  -54.791  -20.075  51.166 0.0000000000
60801  -53.948  -20.327  50.992 0.0000000000
61920  -52.223  -20.033  48.299 0.0000000000
61906  -53.349  -19.757  49.195 0.0000000000
61935  -52.746  -19.517  47.539 0.0000000000
60858  -49.366  -20.493  46.492 0.0000000000
60859  -50.188  -20.247  46.735 0.0000000000
61975  -50.193  -19.066  44.735 0.0000000000
63061  -51.283  -19.045  45.359 0.0000000000
63075  -50.892  -18.619  44.292 0.0000000000
63089  -49.686  -18.435  43.253 0.0000000000
63124  -48.648  -18.355  41.330 0.0000000000
63145  -49.154  -18.311  40.553 0.0000000000
60905  -44.146  -19.894  42.830 0.0000000000
61998  -43.652  -19.716  42.103 0.0000000000
62011  -45.175  -19.334  41.284 0.0000000000
62026  -45.178  -18.966  40.537 0.0000000000
63141  -45.568  -18.580  39.962 0.0000000000
154418  -45.564  -18.205  39.270 0.0000000000
63183  -45.954  -17.831  38.763 0.0000000000
64348  -47.295  -17.566  38.065 0.0000000000
45183  -21.384  -34.748  61.907 0.0000000000
149350  -21.081  -34.827  62.757 0.0000000000
139406  -21.801  -34.263  62.603 0.0000000000
46271  -21.695  -33.722  64.476 0.0000000000
47413  -24.286  -32.626  64.297 0.0000000000
48443  -24.023  -32.439  65.152 0.0000000000
148529  -28.839  -27.936  52.500 0.0000000000
53019  -28.759  -27.708  51.568 0.0000000000
51908  -28.755  -28.654  53.184 0.0000000000
50777  -28.695  -29.124  54.492 0.0000000000
51901  -28.864  -28.498  54.003 0.0000000000
52960  -29.779  -27.429  55.304 0.0000000000
52959  -29.299  -27.989  55.713 0.0000000000
52939  -29.333  -27.946  56.706 0.0000000000
51877  -28.949  -28.590  57.243 0.0000000000
54106  -32.670  -26.546  50.175 0.0000000000
165199  -32.313  -26.432  50.702 0.0000000000
55193  -31.955  -26.529  52.215 0.0000000000
54055  -34.388  -26.983  54.540 0.0000000000
54054  -33.529  -26.819  54.282 0.0000000000
55173  -32.157  -26.273  54.748 0.0000000000
55171  -30.882  -26.598  54.606 0.0000000000
55160  -31.118  -26.454  55.209 0.0000000000
55136  -30.687  -26.523  57.375 0.0000000000
55135  -30.707  -26.654  56.675 0.0000000000
54016  -30.300  -26.634  57.916 0.0000000000
52900  -29.882  -27.202  57.752 0.0000000000
54001  -29.921  -26.995  58.497 0.0000000000
53983  -30.036  -26.882  59.233 0.0000000000
53966  -30.668  -26.596  60.747 0.0000000000
55073  -31.046  -26.390  61.561 0.0000000000
138779  -34.161  -25.815  59.606 0.0000000000
55092  -33.307  -25.759  59.862 0.0000000000
159086  -33.645  -25.741  60.637 0.0000000000
37698  -15.380  -41.004  56.825 0.0000000000
37699  -15.969  -40.888  57.284 0.0000000000
42863  -19.031  -36.771  55.915 0.0000000000
140621  -19.048  -36.351  54.989 0.0000000000
41606  -18.630  -37.465  56.224 0.0000000000
40297  -17.654  -38.588  56.286 0.0000000000
41605  -18.023  -37.901  55.802 0.0000000000
40313  -17.299  -38.362  55.362 0.0000000000
40334  -17.259  -37.910  54.610 0.0000000000
160626  -16.614  -38.837  55.352 0.0000000000
40296  -16.945  -38.992  56.038 0.0000000000
37684  -16.892  -40.366  58.163 0.0000000000
157710  -16.780  -40.899  58.622 0.0000000000
37683  -16.332  -41.083  57.985 0.0000000000
36376  -16.510  -41.756  59.765 0.0000000000
38919  -18.362  -39.897  62.733 0.0000000000
154847  -17.860  -40.386  62.353 0.0000000000
164135  -17.980  -40.384  63.095 0.0000000000
59592  -58.130  -21.443  51.899 0.0000000000
65483  -50.180  -16.134  38.596 0.0000000000
65465  -50.549  -16.741  39.085 0.0000000000
65466  -51.115  -16.440  39.575 0.0000000000
66578  -52.198  -15.632  40.591 0.0000000000
65455  -52.372  -16.807  40.422 0.0000000000
147339  -52.802  -16.057  40.845 0.0000000000
65440  -53.888  -16.870  41.310 0.0000000000
66566  -54.278  -16.156  41.665 0.0000000000
69093  -52.419  -13.311  41.420 0.0000000000
67854  -52.507  -14.303  41.396 0.0000000000
66534  -55.163  -15.036  42.766 0.0000000000
66552  -53.929  -15.213  41.954 0.0000000000
66554  -55.495  -16.012  42.454 0.0000000000
65402  -56.634  -16.901  43.427 0.0000000000
66536  -56.612  -15.886  43.451 0.0000000000
67814  -57.463  -14.878  44.857 0.0000000000
66514  -57.945  -15.523  45.312 0.0000000000
73453  -55.000  -9.156  40.544 0.0000000000
73452  -54.563  -9.680  40.884 0.0000000000
73445  -55.225  -9.601  41.396 0.0000000000
72334  -55.426  -10.449  43.606 0.0000000000
72346  -55.267  -10.354  42.781 0.0000000000
161209  -55.009  -10.976  43.937 0.0000000000
71253  -54.612  -11.615  43.667 0.0000000000
72316  -55.065  -11.334  44.477 0.0000000000
82070  -61.045  -2.259  34.451 0.0000000000
82071  -61.743  -1.780  34.983 0.0000000000
83161  -61.429  -1.349  34.161 0.0000000000
83162  -62.052  -0.637  34.051 0.0000000000
84255  -63.242  0.630  34.567 0.0000000000
84264  -62.961  0.721  33.595 0.0000000000
141559  -61.122  -0.383  31.718 0.0000000000
83189  -61.275  -0.171  30.928 0.0000000000
85352  -62.943  1.245  31.076 0.0000000000
85342  -62.911  1.206  31.922 0.0000000000
151844  -63.594  1.512  33.352 0.0000000000
86436  -64.331  2.254  33.073 0.0000000000
86437  -65.188  2.806  33.251 0.0000000000
86445  -64.787  2.690  32.552 0.0000000000
86455  -65.351  2.927  31.245 0.0000000000
87511  -66.220  2.894  32.563 0.0000000000
143595  -66.652  2.574  31.902 0.0000000000
84271  -66.969  1.398  31.648 0.0000000000
85344  -67.214  1.807  31.478 0.0000000000
85376  -64.767  1.409  27.652 0.0000000000
84302  -64.067  0.936  28.009 0.0000000000
85370  -64.573  1.516  28.559 0.0000000000
85364  -65.032  2.013  29.039 0.0000000000
86475  -65.688  2.326  29.109 0.0000000000
84287  -68.141  1.036  29.987 0.0000000000
86457  -67.956  1.504  30.238 0.0000000000
83202  -67.813  0.710  30.282 0.0000000000
83201  -67.280  0.148  30.379 0.0000000000
85402  -69.578  1.457  26.020 0.0000000000
146119  -69.004  0.476  26.587 0.0000000000
84341  -68.958  0.552  25.705 0.0000000000
54131  -42.987  -26.037  49.816 0.0000000000
161341  -42.144  -25.947  48.771 0.0000000000
53086  -39.947  -26.773  48.704 0.0000000000
53072  -40.970  -26.818  49.835 0.0000000000
54108  -41.774  -26.656  50.090 0.0000000000
63126  -50.819  -18.601  41.932 0.0000000000
156680  -51.385  -18.690  41.135 0.0000000000
64308  -51.898  -18.031  40.409 0.0000000000
78898  -60.957  -4.732  37.092 0.0000000000
78882  -61.515  -4.338  38.358 0.0000000000
79947  -61.847  -3.695  38.747 0.0000000000
82039  -62.682  -1.609  38.782 0.0000000000
83122  -63.319  -0.121  38.722 0.0000000000
84210  -63.783  0.640  38.374 0.0000000000
83137  -63.360  -0.237  37.741 0.0000000000
83149  -63.277  -0.241  36.736 0.0000000000
83148  -62.783  -0.856  36.143 0.0000000000
36401  -14.665  -41.632  57.015 0.0000000000
36400  -13.626  -41.901  56.954 0.0000000000
35095  -14.251  -42.410  57.479 0.0000000000
33775  -14.328  -43.493  58.501 0.0000000000
59679  -46.106  -22.121  46.804 0.0000000000
59680  -46.838  -21.918  47.032 0.0000000000
59697  -47.320  -21.480  46.517 0.0000000000
60870  -46.652  -20.933  45.336 0.0000000000
140062  -46.714  -20.582  44.893 0.0000000000
164996  -45.871  -20.086  43.989 0.0000000000
41513  -19.692  -37.473  63.513 0.0000000000
49576  -27.283  -30.817  61.554 0.0000000000
151062  -27.644  -29.993  62.056 0.0000000000
50663  -27.356  -30.079  63.018 0.0000000000
50649  -27.588  -29.439  63.736 0.0000000000
51817  -27.874  -29.381  62.748 0.0000000000
159336  -28.585  -28.631  61.698 0.0000000000
52850  -28.978  -28.099  61.983 0.0000000000
52941  -36.981  -27.454  56.134 0.0000000000
54044  -36.219  -27.229  55.882 0.0000000000
146600  -36.245  -27.023  57.167 0.0000000000
156342  -36.036  -26.793  57.863 0.0000000000
156476  -35.693  -26.454  58.579 0.0000000000
54003  -36.525  -26.867  58.535 0.0000000000
53986  -37.021  -26.916  59.356 0.0000000000
42805  -20.134  -36.786  59.971 0.0000000000
41547  -19.858  -37.462  60.385 0.0000000000
41526  -19.789  -37.585  62.687 0.0000000000
71294  -52.092  -11.081  39.444 0.0000000000
72365  -52.566  -10.941  40.015 0.0000000000
72358  -53.581  -10.766  41.213 0.0000000000
54060  -47.201  -26.635  54.781 0.0000000000
55175  -47.383  -26.127  54.074 0.0000000000
55183  -46.930  -26.296  53.371 0.0000000000
152623  -46.545  -25.929  52.025 0.0000000000
56267  -44.484  -24.958  49.179 0.0000000000
56283  -44.281  -24.638  48.448 0.0000000000
57305  -44.796  -24.068  48.056 0.0000000000
57324  -45.263  -23.425  47.643 0.0000000000
46354  -23.090  -34.062  57.367 0.0000000000
46339  -23.754  -33.798  57.890 0.0000000000
47537  -26.293  -32.336  55.315 0.0000000000
47511  -25.747  -32.699  55.939 0.0000000000
47512  -26.413  -32.176  56.126 0.0000000000
150772  -26.510  -32.082  56.816 0.0000000000
48533  -26.873  -31.742  57.403 0.0000000000
48517  -26.952  -31.639  58.407 0.0000000000
48551  -27.387  -31.223  57.007 0.0000000000
49648  -27.860  -30.648  57.071 0.0000000000
49649  -28.128  -30.302  56.328 0.0000000000
53025  -38.522  -27.542  51.147 0.0000000000
53008  -38.499  -27.731  52.535 0.0000000000
139266  -38.126  -27.806  53.255 0.0000000000
52993  -37.801  -27.843  53.967 0.0000000000
140891  -38.545  -27.906  53.828 0.0000000000
52976  -38.871  -27.995  54.432 0.0000000000
139986  -40.007  -28.349  55.100 0.0000000000
147115  -40.417  -28.393  55.819 0.0000000000
139985  -40.863  -28.447  55.046 0.0000000000
139984  -41.795  -28.436  54.873 0.0000000000
139143  -44.041  -27.772  53.361 0.0000000000
52966  -45.559  -27.966  55.348 0.0000000000
52982  -45.999  -27.645  54.844 0.0000000000
54059  -46.580  -27.220  54.806 0.0000000000
45255  -21.612  -34.556  55.329 0.0000000000
63012  -54.961  -19.305  48.781 0.0000000000
63013  -55.610  -19.428  49.106 0.0000000000
64188  -55.381  -19.511  48.282 0.0000000000
64200  -55.599  -19.613  48.053 0.0000000000
63028  -55.832  -19.597  47.935 0.0000000000
61992  -54.620  -19.355  43.811 0.0000000000
61961  -55.283  -19.753  45.272 0.0000000000
61979  -55.807  -19.715  44.648 0.0000000000
61963  -57.032  -19.931  45.518 0.0000000000
61950  -57.627  -20.128  46.084 0.0000000000
61951  -58.540  -19.686  46.075 0.0000000000
61964  -57.824  -19.517  45.503 0.0000000000
63067  -57.849  -18.596  45.067 0.0000000000
64239  -58.016  -17.456  45.056 0.0000000000
74518  -55.995  -8.045  39.659 0.0000000000
152100  -56.536  -7.627  39.170 0.0000000000
75533  -57.727  -7.423  40.147 0.0000000000
75522  -58.195  -7.501  40.921 0.0000000000
78861  -61.145  -4.851  41.621 0.0000000000
77702  -60.262  -6.090  41.664 0.0000000000
160073  -60.566  -5.324  42.773 0.0000000000
85329  -66.437  1.840  33.940 0.0000000000
71332  -50.098  -11.000  36.515 0.0000000000
74560  -53.675  -8.126  36.360 0.0000000000
75574  -54.223  -7.688  35.832 0.0000000000
75562  -54.919  -7.566  36.034 0.0000000000
76637  -57.702  -6.149  33.930 0.0000000000
76624  -58.057  -6.206  34.614 0.0000000000
77758  -58.859  -5.820  34.838 0.0000000000
77768  -59.306  -5.286  34.269 0.0000000000
79985  -60.032  -3.895  33.981 0.0000000000
78928  -59.475  -4.608  33.761 0.0000000000
30060  -10.480  -46.235  59.574 0.0000000000
31224  -14.072  -46.443  62.142 0.0000000000
30013  -13.710  -47.159  62.637 0.0000000000
25250  -12.979  -49.913  62.282 0.0000000000
26458  -12.165  -50.040  62.109 0.0000000000
26457  -11.554  -49.789  62.046 0.0000000000
27632  -11.358  -49.091  61.824 0.0000000000
139057  -11.149  -50.290  61.804 0.0000000000
25254  -10.603  -50.903  61.478 0.0000000000
159776  -9.979  -51.229  61.178 0.0000000000
25261  -9.235  -51.218  60.906 0.0000000000
24049  -9.592  -51.551  59.983 0.0000000000
24057  -9.720  -51.286  59.335 0.0000000000
56213  -48.863  -24.456  53.309 0.0000000000
56214  -49.238  -24.400  54.149 0.0000000000
145014  -49.901  -23.539  52.889 0.0000000000
59627  -50.080  -22.302  49.926 0.0000000000
59607  -51.076  -22.183  50.979 0.0000000000
59608  -51.797  -21.759  51.316 0.0000000000
59630  -52.129  -21.247  50.842 0.0000000000
60811  -52.698  -20.376  49.706 0.0000000000
61957  -48.745  -19.729  45.079 0.0000000000
61958  -49.620  -19.578  45.263 0.0000000000
63088  -48.841  -18.596  42.918 0.0000000000
63107  -48.238  -18.592  42.019 0.0000000000
45184  -22.484  -33.984  62.031 0.0000000000
46290  -22.629  -33.806  62.847 0.0000000000
46281  -22.846  -33.470  63.619 0.0000000000
46272  -22.346  -33.424  64.345 0.0000000000
48436  -24.560  -31.922  65.611 0.0000000000
48435  -23.816  -32.457  65.814 0.0000000000
164858  -29.321  -26.450  50.728 0.0000000000
54092  -29.616  -26.588  51.354 0.0000000000
54078  -29.315  -27.143  52.071 0.0000000000
53003  -29.293  -27.424  52.902 0.0000000000
52971  -29.240  -27.787  54.216 0.0000000000
52989  -29.577  -27.373  53.598 0.0000000000
52972  -29.876  -27.290  54.505 0.0000000000
54107  -33.370  -26.923  50.209 0.0000000000
158597  -33.190  -27.084  51.614 0.0000000000
55164  -33.927  -26.447  55.911 0.0000000000
55163  -33.254  -26.344  55.563 0.0000000000
55162  -32.541  -26.236  55.557 0.0000000000
55161  -31.673  -26.261  55.509 0.0000000000
160625  -31.097  -26.451  55.871 0.0000000000
55149  -31.498  -26.300  56.307 0.0000000000
155570  -31.093  -26.258  57.537 0.0000000000
55121  -30.750  -26.279  58.192 0.0000000000
156283  -30.675  -26.332  58.731 0.0000000000
141623  -31.076  -26.054  59.020 0.0000000000
55107  -31.563  -25.894  59.886 0.0000000000
40281  -18.546  -38.212  57.432 0.0000000000
40280  -17.912  -38.827  57.201 0.0000000000
38983  -17.380  -39.922  58.441 0.0000000000
37685  -17.196  -40.432  58.884 0.0000000000
146270  -16.957  -40.971  60.213 0.0000000000
38888  -18.208  -40.027  64.557 0.0000000000
66600  -50.192  -15.228  38.859 0.0000000000
66588  -50.618  -15.088  39.398 0.0000000000
66564  -52.674  -15.218  41.146 0.0000000000
69077  -53.414  -13.243  42.478 0.0000000000
67843  -53.620  -14.272  42.288 0.0000000000
67826  -56.337  -14.949  43.704 0.0000000000
67813  -56.700  -14.492  44.408 0.0000000000
67803  -57.513  -14.363  45.478 0.0000000000
143074  -55.684  -9.777  42.260 0.0000000000
73422  -56.050  -9.850  44.058 0.0000000000
73407  -55.932  -10.045  44.918 0.0000000000
82081  -61.005  -1.332  33.541 0.0000000000
83180  -61.399  -0.408  32.521 0.0000000000
84284  -62.438  0.693  30.643 0.0000000000
86444  -64.173  2.290  32.072 0.0000000000
86453  -64.256  2.325  31.182 0.0000000000
86466  -64.883  2.624  30.723 0.0000000000
86467  -65.736  2.872  30.578 0.0000000000
85383  -65.270  1.919  26.226 0.0000000000
85377  -65.492  1.804  27.174 0.0000000000
139485  -66.452  2.421  28.687 0.0000000000
138500  -67.766  2.196  28.897 0.0000000000
85365  -68.196  1.278  29.611 0.0000000000
83217  -68.222  0.324  29.015 0.0000000000
83228  -68.162  -0.112  28.284 0.0000000000
84355  -69.044  0.922  24.793 0.0000000000
84354  -68.279  0.455  24.901 0.0000000000
165411  -68.350  0.818  24.299 0.0000000000
54083  -44.692  -26.886  52.171 0.0000000000
54100  -45.270  -26.481  51.747 0.0000000000
55218  -44.497  -25.911  50.568 0.0000000000
55231  -43.996  -25.406  49.440 0.0000000000
55230  -43.376  -25.614  49.329 0.0000000000
56282  -43.540  -24.866  48.130 0.0000000000
46371  -24.108  -33.562  55.197 0.0000000000
47562  -26.186  -32.428  54.483 0.0000000000
154414  -27.233  -31.568  54.259 0.0000000000
53083  -37.432  -27.267  48.306 0.0000000000
146842  -37.674  -27.281  49.141 0.0000000000
53070  -38.885  -27.253  49.623 0.0000000000
53049  -38.774  -27.438  50.388 0.0000000000
139437  -39.772  -27.568  51.968 0.0000000000
140392  -40.774  -27.855  53.004 0.0000000000
165217  -41.326  -27.886  53.116 0.0000000000
53010  -41.542  -27.622  52.504 0.0000000000
53011  -42.532  -27.539  52.570 0.0000000000
53012  -43.458  -27.467  52.621 0.0000000000
54082  -43.922  -26.953  52.040 0.0000000000
63063  -52.784  -18.726  45.400 0.0000000000
162229  -52.974  -18.567  45.058 0.0000000000
63078  -53.196  -18.647  44.661 0.0000000000
61976  -53.678  -19.075  43.732 0.0000000000
63092  -52.963  -18.882  43.251 0.0000000000
63094  -54.374  -19.063  43.045 0.0000000000
63095  -55.155  -18.936  43.309 0.0000000000
63113  -54.989  -18.336  42.626 0.0000000000
76597  -58.601  -6.545  37.777 0.0000000000
76587  -58.560  -6.714  38.712 0.0000000000
152707  -59.390  -6.426  39.108 0.0000000000
77719  -60.700  -5.612  40.219 0.0000000000
78881  -61.106  -4.958  38.814 0.0000000000
78874  -61.155  -4.980  39.734 0.0000000000
78867  -61.184  -4.944  40.676 0.0000000000
79913  -61.470  -3.977  42.179 0.0000000000
85275  -64.529  1.216  38.980 0.0000000000
86401  -65.454  1.974  36.497 0.0000000000
86416  -65.180  2.109  35.813 0.0000000000
35094  -13.311  -42.592  57.363 0.0000000000
35093  -12.450  -42.810  57.438 0.0000000000
33773  -12.392  -43.520  58.015 0.0000000000
32525  -12.404  -44.764  59.057 0.0000000000
154071  -47.762  -23.875  50.278 0.0000000000
57288  -48.501  -23.285  50.084 0.0000000000
58444  -48.389  -22.828  49.373 0.0000000000
59647  -48.920  -22.236  48.962 0.0000000000
60824  -49.882  -21.078  47.992 0.0000000000
60872  -48.234  -20.365  45.549 0.0000000000
61972  -47.699  -19.610  44.060 0.0000000000
61989  -47.465  -19.410  43.260 0.0000000000
47434  -25.497  -32.771  61.392 0.0000000000
47426  -24.729  -32.964  62.697 0.0000000000
48462  -25.288  -32.520  63.129 0.0000000000
48452  -25.025  -32.282  63.927 0.0000000000
48453  -26.260  -31.524  63.174 0.0000000000
48445  -25.460  -31.673  64.371 0.0000000000
49524  -25.232  -31.458  65.220 0.0000000000
55225  -29.802  -25.937  49.212 0.0000000000
55190  -30.464  -26.479  52.086 0.0000000000
52990  -34.977  -27.336  53.066 0.0000000000
54070  -35.074  -27.285  53.964 0.0000000000
54042  -34.554  -26.853  55.396 0.0000000000
54043  -35.399  -27.022  55.668 0.0000000000
159658  -32.982  -25.735  58.517 0.0000000000
55124  -33.577  -25.835  58.185 0.0000000000
55125  -34.340  -25.902  58.707 0.0000000000
163729  -34.653  -25.910  59.269 0.0000000000
55111  -35.669  -26.283  59.442 0.0000000000
139238  -35.279  -25.932  60.686 0.0000000000
44085  -19.754  -35.754  55.219 0.0000000000
42864  -19.515  -36.177  55.799 0.0000000000
42841  -19.113  -36.993  56.815 0.0000000000
150084  -19.479  -36.849  57.497 0.0000000000
41591  -19.090  -37.522  57.662 0.0000000000
38970  -18.566  -39.057  59.721 0.0000000000
38951  -18.162  -39.822  60.978 0.0000000000
38952  -18.636  -39.246  60.548 0.0000000000
38935  -18.726  -39.314  61.405 0.0000000000
38920  -18.842  -39.238  62.325 0.0000000000
40218  -19.418  -38.433  62.352 0.0000000000
40206  -19.080  -38.828  63.003 0.0000000000
164678  -18.587  -39.524  63.992 0.0000000000
69106  -51.335  -12.982  40.104 0.0000000000
69092  -51.866  -13.165  40.750 0.0000000000
71284  -52.363  -11.731  40.564 0.0000000000
70248  -52.280  -12.467  41.008 0.0000000000
69076  -52.859  -13.039  41.987 0.0000000000
69059  -53.947  -12.891  43.093 0.0000000000
70220  -54.416  -12.496  43.678 0.0000000000
144259  -59.450  -1.478  31.114 0.0000000000
82107  -60.013  -1.080  30.576 0.0000000000
83198  -60.433  -0.786  29.761 0.0000000000
86493  -68.667  2.184  27.188 0.0000000000
86494  -68.972  1.730  27.242 0.0000000000
86500  -68.147  2.737  26.604 0.0000000000
86502  -69.229  2.237  26.528 0.0000000000
146211  -69.667  2.229  25.964 0.0000000000
87562  -68.267  3.872  25.570 0.0000000000
87550  -69.319  3.019  25.901 0.0000000000
85419  -69.794  2.056  25.191 0.0000000000
35065  -15.745  -42.913  59.097 0.0000000000
33736  -15.628  -43.956  60.737 0.0000000000
31217  -14.999  -46.335  63.888 0.0000000000
55185  -48.028  -25.533  54.013 0.0000000000
57257  -47.882  -24.308  51.070 0.0000000000
55206  -45.908  -25.937  51.524 0.0000000000
55207  -46.618  -25.447  51.297 0.0000000000
56268  -45.319  -24.839  49.591 0.0000000000
56256  -47.346  -24.469  50.618 0.0000000000
57287  -47.125  -23.690  49.525 0.0000000000
57307  -46.902  -23.159  48.797 0.0000000000
58458  -46.697  -22.800  48.124 0.0000000000
58457  -45.967  -23.027  47.940 0.0000000000
58473  -46.424  -22.473  47.450 0.0000000000
143775  -20.811  -35.443  62.081 0.0000000000
45193  -21.762  -34.648  61.074 0.0000000000
45202  -22.352  -34.328  60.478 0.0000000000
45194  -22.410  -34.156  61.264 0.0000000000
46299  -23.068  -33.810  61.498 0.0000000000
46300  -23.755  -33.631  60.998 0.0000000000
46301  -24.703  -33.229  60.931 0.0000000000
46356  -24.572  -33.367  56.718 0.0000000000
46340  -24.451  -33.465  57.544 0.0000000000
47488  -25.572  -32.769  57.343 0.0000000000
47469  -25.112  -33.079  58.023 0.0000000000
145166  -24.931  -33.231  58.768 0.0000000000
47454  -25.103  -33.144  59.308 0.0000000000
48474  -26.174  -32.320  60.903 0.0000000000
49618  -27.262  -31.332  59.109 0.0000000000
49605  -27.221  -31.306  59.830 0.0000000000
49592  -27.231  -31.167  60.650 0.0000000000
49606  -27.559  -30.758  60.103 0.0000000000
50721  -27.952  -30.083  59.936 0.0000000000
53080  -34.420  -27.161  48.779 0.0000000000
53066  -33.937  -27.003  49.481 0.0000000000
53046  -34.125  -27.128  50.249 0.0000000000
140384  -36.289  -27.432  49.746 0.0000000000
53024  -37.730  -27.576  51.215 0.0000000000
53023  -36.957  -27.579  51.200 0.0000000000
159390  -36.274  -27.557  51.154 0.0000000000
53022  -35.655  -27.532  51.578 0.0000000000
52991  -35.805  -27.527  53.389 0.0000000000
52974  -36.652  -27.631  54.548 0.0000000000
52975  -37.503  -27.802  54.727 0.0000000000
158480  -38.836  -27.726  57.798 0.0000000000
52901  -39.090  -27.681  58.631 0.0000000000
52921  -39.815  -27.905  58.061 0.0000000000
52922  -40.768  -28.120  57.992 0.0000000000
52945  -40.835  -28.368  56.557 0.0000000000
147117  -41.229  -28.348  57.315 0.0000000000
144665  -42.104  -28.177  58.421 0.0000000000
52924  -42.951  -28.267  58.117 0.0000000000
52907  -44.455  -27.771  58.436 0.0000000000
138932  -41.689  -28.223  54.072 0.0000000000
147112  -43.203  -28.523  55.826 0.0000000000
153084  -44.061  -28.420  56.992 0.0000000000
52926  -44.686  -28.040  57.560 0.0000000000
52908  -45.302  -27.551  58.172 0.0000000000
52951  -46.669  -27.398  56.237 0.0000000000
152683  -46.949  -27.030  56.870 0.0000000000
44086  -20.299  -35.279  55.503 0.0000000000
44079  -20.370  -35.400  56.388 0.0000000000
45234  -21.000  -34.954  56.775 0.0000000000
44052  -20.848  -35.610  59.581 0.0000000000
61879  -56.674  -20.178  51.768 0.0000000000
63014  -56.088  -19.420  49.462 0.0000000000
61899  -57.790  -19.731  50.971 0.0000000000
61891  -58.508  -20.262  50.908 0.0000000000
63053  -54.400  -19.183  46.361 0.0000000000
63054  -54.925  -19.333  46.759 0.0000000000
63044  -55.954  -19.490  47.914 0.0000000000
61948  -55.402  -19.848  46.147 0.0000000000
61937  -56.203  -19.947  47.401 0.0000000000
61923  -56.421  -19.639  48.220 0.0000000000
61924  -57.243  -20.207  48.379 0.0000000000
60812  -58.956  -20.928  48.938 0.0000000000
61952  -59.239  -19.471  46.460 0.0000000000
73467  -53.692  -9.197  38.561 0.0000000000
73460  -54.079  -9.246  39.427 0.0000000000
74487  -55.714  -8.866  40.912 0.0000000000
74501  -56.195  -8.315  40.455 0.0000000000
74474  -56.800  -8.737  41.980 0.0000000000
74460  -57.162  -8.768  42.873 0.0000000000
74461  -57.683  -8.340  43.492 0.0000000000
161732  -58.927  -6.748  39.595 0.0000000000
76579  -58.563  -7.075  40.256 0.0000000000
76571  -58.963  -7.101  41.077 0.0000000000
76557  -59.791  -6.545  42.217 0.0000000000
76564  -59.218  -7.084  41.933 0.0000000000
75511  -58.573  -7.563  41.709 0.0000000000
75501  -58.766  -7.459  42.531 0.0000000000
26453  -7.982  -49.236  60.881 0.0000000000
160755  -48.712  -17.230  37.867 0.0000000000
64325  -50.184  -17.580  39.233 0.0000000000
65481  -48.986  -16.675  37.607 0.0000000000
65482  -49.607  -16.413  38.042 0.0000000000
66599  -49.708  -15.494  38.179 0.0000000000
67882  -49.674  -14.532  38.524 0.0000000000
69114  -49.769  -13.728  38.683 0.0000000000
70286  -48.568  -12.419  37.401 0.0000000000
70272  -49.698  -12.832  38.298 0.0000000000
142853  -50.319  -12.311  38.762 0.0000000000
71303  -51.283  -11.321  38.533 0.0000000000
71319  -51.009  -11.136  37.712 0.0000000000
71304  -51.900  -10.891  38.798 0.0000000000
72383  -52.326  -10.310  38.304 0.0000000000
144992  -52.296  -9.601  36.965 0.0000000000
163180  -53.203  -9.430  38.151 0.0000000000
74532  -54.850  -8.196  38.021 0.0000000000
74533  -55.620  -7.773  37.996 0.0000000000
142033  -56.416  -7.533  38.351 0.0000000000
75554  -57.192  -7.160  37.915 0.0000000000
154330  -56.283  -7.089  35.229 0.0000000000
75577  -56.590  -7.126  35.921 0.0000000000
76603  -57.847  -6.761  37.341 0.0000000000
76598  -59.243  -6.165  37.402 0.0000000000
77743  -59.846  -5.709  37.016 0.0000000000
77750  -59.779  -5.563  36.170 0.0000000000
77751  -60.417  -5.190  36.628 0.0000000000
78899  -61.333  -4.170  36.822 0.0000000000
79966  -61.453  -3.612  36.235 0.0000000000
154551  -61.684  -2.896  35.909 0.0000000000
82062  -61.940  -2.129  35.919 0.0000000000
81038  -60.466  -2.350  33.709 0.0000000000
82095  -59.415  -1.777  31.856 0.0000000000
81048  -58.804  -2.250  32.008 0.0000000000
33753  -14.772  -43.907  59.236 0.0000000000
32527  -14.277  -44.554  59.641 0.0000000000
31274  -12.870  -45.262  59.688 0.0000000000
27620  -13.980  -48.281  63.268 0.0000000000
28823  -13.006  -47.776  62.351 0.0000000000
27622  -12.906  -48.755  62.638 0.0000000000
31255  -11.474  -46.027  59.824 0.0000000000
28821  -10.790  -48.434  61.159 0.0000000000
163508  -10.104  -47.595  60.309 0.0000000000
25259  -7.842  -50.821  60.110 0.0000000000
24047  -7.782  -50.934  59.547 0.0000000000
24048  -8.315  -51.237  59.386 0.0000000000
164341  -8.134  -50.842  58.594 0.0000000000
57220  -55.383  -23.971  53.398 0.0000000000
58376  -55.069  -22.221  53.070 0.0000000000
57179  -50.323  -24.387  56.566 0.0000000000
57244  -49.973  -23.227  52.082 0.0000000000
58373  -51.041  -22.905  53.198 0.0000000000
58356  -52.219  -22.969  54.426 0.0000000000
59558  -53.985  -22.638  53.550 0.0000000000
59572  -53.944  -22.162  53.193 0.0000000000
150699  -54.396  -22.033  52.956 0.0000000000
59573  -54.570  -22.122  53.041 0.0000000000
60769  -55.191  -21.506  52.652 0.0000000000
61878  -55.558  -20.434  51.837 0.0000000000
61907  -54.295  -19.490  49.454 0.0000000000
61896  -53.588  -20.033  50.109 0.0000000000
61922  -54.091  -19.287  48.438 0.0000000000
63026  -53.629  -19.293  47.616 0.0000000000
63041  -53.314  -19.202  46.835 0.0000000000
63051  -52.978  -18.990  46.123 0.0000000000
60841  -50.398  -20.619  47.457 0.0000000000
61933  -50.971  -20.090  47.023 0.0000000000
161606  -50.925  -19.642  46.144 0.0000000000
61947  -51.622  -19.638  46.641 0.0000000000
63050  -52.009  -19.098  45.916 0.0000000000
63062  -51.959  -18.671  45.106 0.0000000000
63110  -50.265  -18.283  42.684 0.0000000000
63109  -49.540  -18.334  42.582 0.0000000000
63125  -49.944  -18.380  41.935 0.0000000000
154203  -50.473  -18.650  41.142 0.0000000000
59716  -44.495  -21.104  44.839 0.0000000000
60894  -45.388  -19.992  43.645 0.0000000000
61987  -45.896  -19.749  42.904 0.0000000000
61999  -44.637  -19.669  42.072 0.0000000000
62001  -46.420  -19.454  42.322 0.0000000000
63122  -46.751  -18.767  41.069 0.0000000000
63143  -47.379  -18.296  40.516 0.0000000000
64321  -46.812  -17.752  38.865 0.0000000000
63165  -48.019  -17.997  39.867 0.0000000000
64323  -48.737  -17.897  39.296 0.0000000000
139734  -48.714  -17.583  38.468 0.0000000000
150754  -20.671  -35.387  62.971 0.0000000000
45177  -21.349  -34.401  63.355 0.0000000000
47418  -23.686  -33.084  63.749 0.0000000000
49688  -27.823  -30.892  53.153 0.0000000000
49689  -28.212  -30.167  53.559 0.0000000000
49675  -28.364  -30.001  54.551 0.0000000000
49663  -28.307  -30.110  55.525 0.0000000000
50763  -28.605  -29.482  56.155 0.0000000000
51895  -28.971  -28.420  54.889 0.0000000000
150447  -28.888  -28.762  55.671 0.0000000000
139121  -28.723  -29.213  56.918 0.0000000000
145772  -28.592  -29.358  57.761 0.0000000000
51865  -28.705  -29.054  58.633 0.0000000000
55228  -31.783  -25.908  49.638 0.0000000000
156656  -32.010  -26.101  50.332 0.0000000000
55203  -31.409  -26.223  50.941 0.0000000000
143206  -30.852  -26.326  51.557 0.0000000000
55191  -30.903  -26.419  52.438 0.0000000000
54067  -32.401  -26.641  52.989 0.0000000000
54053  -32.658  -26.582  54.046 0.0000000000
142830  -31.490  -26.451  52.932 0.0000000000
139060  -30.873  -26.516  53.202 0.0000000000
146437  -30.628  -26.711  53.821 0.0000000000
55170  -30.473  -26.880  54.564 0.0000000000
54040  -30.298  -27.031  55.324 0.0000000000
55147  -30.802  -26.606  56.149 0.0000000000
54030  -30.521  -26.798  56.109 0.0000000000
52918  -29.806  -27.457  57.059 0.0000000000
52899  -29.056  -28.169  58.685 0.0000000000
52884  -29.058  -28.067  59.571 0.0000000000
52876  -29.182  -27.875  60.208 0.0000000000
52877  -29.466  -27.583  60.708 0.0000000000
52865  -29.562  -27.512  61.541 0.0000000000
148283  -30.307  -26.745  59.973 0.0000000000
53965  -29.958  -27.056  60.762 0.0000000000
163696  -29.397  -27.685  62.325 0.0000000000
147127  -32.720  -25.717  59.122 0.0000000000
55108  -32.379  -25.756  59.882 0.0000000000
55090  -32.035  -25.858  60.679 0.0000000000
36385  -15.911  -41.901  58.218 0.0000000000
41618  -18.452  -37.200  55.292 0.0000000000
39024  -16.248  -39.377  55.750 0.0000000000
37716  -15.951  -40.423  56.761 0.0000000000
36375  -16.120  -42.289  58.972 0.0000000000
37607  -17.774  -40.706  63.961 0.0000000000
64326  -50.906  -17.347  39.560 0.0000000000
64291  -52.773  -17.824  40.846 0.0000000000
64293  -54.125  -17.696  41.616 0.0000000000
64282  -54.744  -17.588  42.065 0.0000000000
65423  -55.541  -17.223  42.486 0.0000000000
67862  -51.476  -14.012  40.406 0.0000000000
67863  -52.024  -14.698  40.872 0.0000000000
65422  -54.913  -16.572  42.042 0.0000000000
154597  -56.100  -17.341  43.068 0.0000000000
64251  -57.020  -17.364  44.017 0.0000000000
66522  -57.587  -15.886  44.601 0.0000000000
65380  -58.006  -16.452  45.163 0.0000000000
72367  -53.961  -10.055  40.701 0.0000000000
72360  -55.064  -10.187  42.070 0.0000000000
72345  -54.611  -10.743  42.420 0.0000000000
152039  -54.224  -11.374  42.841 0.0000000000
70204  -55.259  -12.626  44.840 0.0000000000
69034  -55.824  -13.060  45.219 0.0000000000
82063  -62.265  -1.330  35.570 0.0000000000
83154  -62.594  -0.642  35.294 0.0000000000
152119  -62.450  -0.475  34.652 0.0000000000
84244  -62.937  -0.049  34.962 0.0000000000
85318  -63.944  1.289  35.052 0.0000000000
164522  -64.163  1.632  34.568 0.0000000000
163575  -61.894  0.093  32.468 0.0000000000
84276  -61.926  0.321  31.015 0.0000000000
83181  -62.344  0.574  32.365 0.0000000000
164009  -62.567  0.619  32.981 0.0000000000
86428  -65.202  2.540  34.535 0.0000000000
87499  -65.615  2.737  33.970 0.0000000000
87500  -66.085  2.595  33.895 0.0000000000
86438  -66.357  2.364  33.572 0.0000000000
87510  -65.483  2.964  32.577 0.0000000000
87512  -66.419  2.496  32.756 0.0000000000
85336  -66.433  1.656  33.079 0.0000000000
152116  -66.403  1.173  32.405 0.0000000000
85363  -64.390  1.771  29.457 0.0000000000
86474  -65.166  2.388  29.851 0.0000000000
87533  -66.623  2.850  30.637 0.0000000000
87536  -67.258  2.668  30.060 0.0000000000
87534  -67.273  2.547  30.693 0.0000000000
86456  -67.462  2.023  31.167 0.0000000000
84279  -67.538  1.161  30.988 0.0000000000
150029  -69.272  0.943  26.839 0.0000000000
83252  -68.549  0.027  27.037 0.0000000000
83265  -68.015  0.081  25.687 0.0000000000
24039  -8.909  -51.510  60.145 0.0000000000
24040  -11.189  -51.185  61.075 0.0000000000
24046  -7.581  -50.572  59.141 0.0000000000
24050  -10.544  -51.319  60.280 0.0000000000
24055  -7.798  -50.747  58.899 0.0000000000
24064  -9.373  -50.809  58.479 0.0000000000
25253  -9.661  -50.785  61.373 0.0000000000
25260  -8.444  -51.071  60.526 0.0000000000
26456  -10.219  -50.322  61.649 0.0000000000
26462  -8.084  -50.447  60.642 0.0000000000
26469  -7.083  -49.735  59.587 0.0000000000
38906  -18.729  -39.413  63.238 0.0000000000
40254  -17.900  -39.374  58.425 0.0000000000
42852  -19.427  -36.465  56.387 0.0000000000
45214  -21.750  -34.840  59.243 0.0000000000
45236  -22.341  -34.396  57.787 0.0000000000
46318  -22.924  -34.001  59.983 0.0000000000
46393  -22.844  -33.898  54.297 0.0000000000
47471  -26.438  -32.107  57.983 0.0000000000
48604  -27.314  -31.496  53.532 0.0000000000
50679  -28.370  -29.001  61.023 0.0000000000
50702  -28.389  -29.286  60.119 0.0000000000
50795  -28.389  -29.662  52.217 0.0000000000
52923  -41.510  -28.268  57.972 0.0000000000
52948  -43.467  -28.517  56.534 0.0000000000
53020  -34.317  -27.189  50.912 0.0000000000
53984  -30.567  -26.454  59.228 0.0000000000
54084  -45.325  -26.816  52.367 0.0000000000
55110  -35.000  -25.943  59.794 0.0000000000
56188  -49.247  -24.812  55.653 0.0000000000
57245  -50.407  -23.177  52.823 0.0000000000
58359  -53.934  -23.133  53.889 0.0000000000
59589  -53.811  -21.694  52.825 0.0000000000
59649  -50.540  -21.742  49.406 0.0000000000
60768  -54.830  -21.552  52.658 0.0000000000
60842  -51.016  -20.385  47.698 0.0000000000
60860  -57.406  -20.394  46.631 0.0000000000
60862  -58.961  -20.166  46.742 0.0000000000
61877  -55.060  -20.399  51.707 0.0000000000
61887  -56.113  -20.010  51.413 0.0000000000
61890  -58.055  -20.010  51.262 0.0000000000
61925  -58.118  -20.534  48.756 0.0000000000
61949  -56.164  -20.135  46.474 0.0000000000
61978  -54.984  -19.570  44.536 0.0000000000
62012  -46.144  -19.247  41.554 0.0000000000
63003  -56.337  -19.551  50.386 0.0000000000
63015  -56.347  -19.368  49.296 0.0000000000
63030  -56.718  -19.422  49.007 0.0000000000
63042  -54.045  -19.167  47.046 0.0000000000
63043  -55.423  -19.551  47.373 0.0000000000
63052  -53.891  -19.034  46.002 0.0000000000
63066  -54.686  -19.340  45.961 0.0000000000
63077  -52.557  -18.542  44.690 0.0000000000
63163  -46.250  -18.105  39.500 0.0000000000
64199  -54.953  -19.474  47.681 0.0000000000
64213  -54.798  -19.550  47.152 0.0000000000
64214  -55.300  -19.632  47.504 0.0000000000
64268  -56.417  -18.033  43.535 0.0000000000
64292  -53.490  -17.700  41.238 0.0000000000
64350  -49.289  -17.170  38.166 0.0000000000
65386  -57.597  -16.883  44.506 0.0000000000
66508  -58.261  -15.168  46.031 0.0000000000
66589  -51.098  -15.517  39.739 0.0000000000
66608  -48.452  -15.251  37.162 0.0000000000
67802  -57.001  -14.066  45.107 0.0000000000
71276  -52.738  -12.445  41.593 0.0000000000
72375  -53.678  -9.797  39.948 0.0000000000
77703  -60.713  -5.468  42.045 0.0000000000
78862  -61.568  -4.182  41.132 0.0000000000
78888  -61.432  -4.263  37.529 0.0000000000
81004  -62.379  -2.387  38.544 0.0000000000
81011  -61.957  -3.013  37.523 0.0000000000
81012  -62.196  -2.353  37.282 0.0000000000
83121  -62.928  -0.775  39.125 0.0000000000
84238  -63.668  0.477  36.333 0.0000000000
84286  -68.094  0.641  29.691 0.0000000000
84297  -68.313  0.853  29.385 0.0000000000
84298  -68.432  1.075  29.060 0.0000000000
84304  -68.577  1.069  28.508 0.0000000000
84324  -68.827  0.416  27.350 0.0000000000
84325  -69.382  0.869  26.115 0.0000000000
85307  -64.530  1.690  35.659 0.0000000000
85319  -64.692  2.037  35.010 0.0000000000
85330  -66.555  2.042  32.967 0.0000000000
85335  -63.529  1.705  32.441 0.0000000000
85345  -67.674  1.652  30.803 0.0000000000
85353  -63.572  1.704  30.724 0.0000000000
85372  -68.323  1.428  28.897 0.0000000000
85378  -68.678  1.327  27.953 0.0000000000
86427  -64.363  2.005  34.076 0.0000000000
86446  -66.737  2.181  32.141 0.0000000000
86469  -67.684  2.079  30.628 0.0000000000
86476  -67.247  2.546  29.240 0.0000000000
86478  -67.971  1.858  29.815 0.0000000000
86492  -68.036  2.412  27.470 0.0000000000
86518  -69.648  2.845  25.322 0.0000000000
87513  -67.061  2.192  31.548 0.0000000000
87521  -65.801  3.065  31.906 0.0000000000
87522  -66.395  2.943  31.838 0.0000000000
87523  -67.180  2.367  31.215 0.0000000000
87532  -66.145  3.022  31.277 0.0000000000
140254  -9.811  -51.459  60.613 0.0000000000
141356  -28.917  -28.605  58.000 0.0000000000
142847  -24.951  -33.236  59.983 0.0000000000
145956  -19.818  -37.612  61.237 0.0000000000
148974  -62.135  -2.579  40.799 0.0000000000
153060  -54.832  -19.323  47.986 0.0000000000
153514  -20.112  -36.748  62.720 0.0000000000
153645  -55.232  -8.171  38.586 0.0000000000
155478  -69.059  1.273  27.278 0.0000000000
156427  -29.357  -27.708  59.722 0.0000000000
156873  -56.002  -22.811  52.595 0.0000000000
157891  -29.551  -27.564  58.350 0.0000000000
157954  -50.857  -18.950  44.898 0.0000000000
158256  -66.208  2.679  33.248 0.0000000000
158625  -23.648  -33.565  61.721 0.0000000000
158651  -57.295  -19.385  45.067 0.0000000000
159523  -67.349  0.578  30.815 0.0000000000
161201  -56.666  -9.302  44.103 0.0000000000
161773  -67.662  2.343  30.202 0.0000000000
162244  -64.805  2.715  31.228 0.0000000000
165378  -56.749  -19.607  50.684 0.0000000000
165578  -33.881  -25.763  60.148 0.0000000000
165594  -24.188  -33.380  61.569 0.0000000000
