#!ascii label  , from subject sub-LJ001 vox2ras=TkReg
1500
112213  -56.356  29.524  31.477 0.0000000000
120345  -45.857  39.600  15.665 0.0000000000
122839  -47.617  43.601  26.649 0.0000000000
115594  -57.167  33.031  19.750 0.0000000000
116515  -49.689  34.225  10.453 0.0000000000
119642  -53.745  38.520  15.768 0.0000000000
113957  -53.469  31.528  13.786 0.0000000000
116424  -50.092  34.317  19.834 0.0000000000
108182  -49.170  24.097  31.206 0.0000000000
112195  -51.075  29.862  32.741 0.0000000000
125239  -43.920  47.682  17.316 0.0000000000
122319  -48.624  42.272  11.735 0.0000000000
118997  -51.451  37.528  6.894 0.0000000000
117964  -50.943  36.847  27.448 0.0000000000
123515  -48.586  44.572  23.059 0.0000000000
120284  -52.912  40.254  21.514 0.0000000000
116362  -55.835  34.782  26.681 0.0000000000
114688  -51.683  32.194  25.580 0.0000000000
113084  -45.732  29.866  24.376 0.0000000000
111478  -56.241  28.418  29.071 0.0000000000
113194  -51.614  31.070  8.348 0.0000000000
114858  -54.112  31.638  11.209 0.0000000000
113995  -50.586  30.820  11.205 0.0000000000
114821  -49.463  32.977  13.981 0.0000000000
147958  -50.144  26.817  30.579 0.0000000000
112191  -47.668  29.093  32.505 0.0000000000
142465  -43.256  50.652  19.512 0.0000000000
121106  -51.528  40.305  9.688 0.0000000000
117189  -47.959  35.979  25.915 0.0000000000
119577  -48.682  39.082  22.740 0.0000000000
121684  -43.245  40.871  17.994 0.0000000000
121656  -47.494  40.992  19.880 0.0000000000
117259  -55.945  35.980  16.358 0.0000000000
120298  -54.293  40.732  18.763 0.0000000000
117238  -53.714  35.820  19.857 0.0000000000
118016  -53.618  36.492  23.528 0.0000000000
116388  -57.068  33.908  22.778 0.0000000000
114689  -53.998  32.856  25.834 0.0000000000
114727  -54.518  32.970  22.553 0.0000000000
114723  -47.839  32.805  22.821 0.0000000000
162519  -47.849  36.658  13.484 0.0000000000
120331  -49.905  38.831  16.947 0.0000000000
117284  -52.097  35.215  13.845 0.0000000000
116486  -55.852  34.226  13.655 0.0000000000
114802  -56.573  32.208  16.436 0.0000000000
155525  -54.262  33.122  19.314 0.0000000000
115638  -52.469  32.994  16.714 0.0000000000
162115  -48.862  34.346  17.220 0.0000000000
107317  -52.717  23.037  34.257 0.0000000000
109849  -53.885  26.326  32.473 0.0000000000
138570  -53.964  29.681  32.758 0.0000000000
126437  -39.623  49.038  19.944 0.0000000000
124132  -40.743  45.301  16.906 0.0000000000
122289  -43.271  42.732  14.858 0.0000000000
121077  -45.730  40.794  12.617 0.0000000000
119708  -48.322  38.585  10.559 0.0000000000
140570  -51.152  35.976  7.716 0.0000000000
114916  -50.182  32.592  5.682 0.0000000000
118162  -48.388  35.216  5.141 0.0000000000
143855  -48.319  32.654  28.321 0.0000000000
114633  -50.740  32.904  29.805 0.0000000000
115470  -53.916  34.093  31.190 0.0000000000
124625  -49.908  46.138  27.115 0.0000000000
154712  -51.653  41.470  19.414 0.0000000000
161303  -52.564  44.554  22.921 0.0000000000
122232  -50.434  43.091  24.418 0.0000000000
119567  -51.278  38.274  23.775 0.0000000000
117967  -53.984  37.291  28.141 0.0000000000
114636  -55.884  32.827  30.220 0.0000000000
113842  -54.302  30.981  29.483 0.0000000000
112241  -51.341  29.390  27.809 0.0000000000
159533  -49.188  28.278  26.298 0.0000000000
115532  -50.862  33.426  22.629 0.0000000000
113897  -48.830  31.536  24.727 0.0000000000
148192  -47.105  27.343  24.752 0.0000000000
110711  -56.570  27.667  31.479 0.0000000000
110741  -57.398  27.660  29.625 0.0000000000
112227  -56.823  29.408  30.228 0.0000000000
113192  -50.544  30.816  7.748 0.0000000000
113171  -51.319  30.387  9.608 0.0000000000
113160  -49.123  30.572  10.271 0.0000000000
113978  -48.681  31.292  11.776 0.0000000000
122230  -47.721  42.325  24.088 0.0000000000
157069  -44.888  40.367  16.840 0.0000000000
117248  -56.454  34.556  17.737 0.0000000000
117247  -54.855  35.744  18.473 0.0000000000
117240  -55.562  34.844  19.113 0.0000000000
147623  -55.910  34.687  21.288 0.0000000000
116411  -57.208  33.473  21.125 0.0000000000
114715  -56.387  33.041  22.960 0.0000000000
114768  -56.763  32.645  20.753 0.0000000000
148281  -49.237  35.098  12.090 0.0000000000
117271  -49.955  35.788  14.094 0.0000000000
161589  -51.036  34.340  12.588 0.0000000000
113984  -54.976  30.874  12.173 0.0000000000
116497  -54.787  32.848  12.482 0.0000000000
113969  -55.948  31.548  13.354 0.0000000000
115667  -57.009  32.718  14.434 0.0000000000
113952  -55.812  31.674  14.872 0.0000000000
114800  -54.236  32.420  16.299 0.0000000000
114808  -52.900  32.389  15.286 0.0000000000
115652  -49.295  33.608  15.268 0.0000000000
156564  -50.740  28.038  31.314 0.0000000000
109859  -51.966  26.632  31.503 0.0000000000
111451  -52.353  28.524  32.198 0.0000000000
110691  -54.019  27.488  32.317 0.0000000000
112196  -52.223  29.948  32.831 0.0000000000
125832  -43.823  48.957  18.150 0.0000000000
125841  -41.498  48.269  17.802 0.0000000000
124681  -42.197  46.848  16.881 0.0000000000
122923  -41.793  44.055  16.070 0.0000000000
124140  -43.588  45.280  15.378 0.0000000000
123561  -47.254  44.203  12.854 0.0000000000
122932  -45.590  43.329  12.874 0.0000000000
121726  -47.075  41.465  11.781 0.0000000000
163619  -47.330  39.114  11.228 0.0000000000
121086  -48.459  40.839  11.145 0.0000000000
119730  -52.160  39.471  7.779 0.0000000000
118968  -51.356  37.777  8.476 0.0000000000
118146  -51.738  36.711  6.840 0.0000000000
164171  -51.587  34.162  6.513 0.0000000000
161435  -50.750  34.873  5.500 0.0000000000
116558  -49.346  33.569  4.736 0.0000000000
118153  -49.105  35.937  6.128 0.0000000000
117199  -43.511  35.885  24.620 0.0000000000
115507  -43.982  33.779  26.168 0.0000000000
116359  -45.516  34.165  26.168 0.0000000000
157015  -46.763  32.135  28.245 0.0000000000
115495  -47.204  33.882  26.737 0.0000000000
117974  -49.655  36.670  26.442 0.0000000000
116353  -49.526  34.562  27.534 0.0000000000
116342  -50.861  34.664  28.483 0.0000000000
115469  -52.662  33.418  30.851 0.0000000000
117144  -52.459  36.004  29.045 0.0000000000
124107  -47.560  45.666  24.073 0.0000000000
124634  -48.224  46.826  26.825 0.0000000000
124651  -49.442  46.414  25.312 0.0000000000
119628  -51.882  38.705  16.578 0.0000000000
121027  -50.704  40.196  18.446 0.0000000000
121038  -52.485  40.323  17.752 0.0000000000
120995  -53.502  40.542  20.812 0.0000000000
122271  -53.878  43.154  20.525 0.0000000000
122244  -53.742  43.024  22.032 0.0000000000
122874  -52.374  44.063  24.413 0.0000000000
155872  -52.109  41.841  23.281 0.0000000000
121632  -50.591  41.383  23.142 0.0000000000
120278  -51.889  39.431  22.333 0.0000000000
118004  -55.509  36.011  25.000 0.0000000000
118811  -54.057  37.146  25.528 0.0000000000
117977  -55.134  36.069  27.041 0.0000000000
117148  -55.060  35.255  29.149 0.0000000000
115487  -55.640  33.835  28.792 0.0000000000
114634  -55.506  32.213  29.502 0.0000000000
155667  -55.182  32.966  27.986 0.0000000000
114678  -52.272  32.229  26.069 0.0000000000
113874  -52.471  31.509  27.639 0.0000000000
113881  -51.347  31.426  26.629 0.0000000000
111491  -50.204  28.534  27.043 0.0000000000
113072  -50.308  30.371  26.746 0.0000000000
115590  -51.838  33.734  19.922 0.0000000000
115576  -52.390  33.562  20.704 0.0000000000
138245  -50.855  33.739  21.499 0.0000000000
153781  -46.967  31.620  23.595 0.0000000000
113905  -48.475  31.960  23.977 0.0000000000
113086  -47.297  30.463  24.649 0.0000000000
112255  -47.570  29.051  25.270 0.0000000000
111498  -46.905  28.772  24.948 0.0000000000
109923  -45.965  26.859  24.121 0.0000000000
164121  -56.791  24.633  31.976 0.0000000000
110756  -54.728  27.350  27.876 0.0000000000
150559  -50.814  32.977  9.468 0.0000000000
115692  -51.994  33.010  11.227 0.0000000000
114878  -52.460  31.164  9.535 0.0000000000
113164  -53.323  30.559  10.754 0.0000000000
113982  -52.998  30.807  12.128 0.0000000000
114823  -51.773  32.361  14.291 0.0000000000
114847  -50.130  31.839  12.703 0.0000000000
108196  -49.965  24.876  31.019 0.0000000000
109871  -48.774  27.092  30.114 0.0000000000
112193  -49.407  29.583  32.634 0.0000000000
126471  -45.717  49.872  19.049 0.0000000000
121729  -50.036  41.594  11.093 0.0000000000
120437  -50.956  40.058  7.630 0.0000000000
119740  -50.114  38.301  7.349 0.0000000000
117982  -46.741  36.104  25.243 0.0000000000
118820  -48.320  37.407  24.436 0.0000000000
119551  -49.721  38.083  24.329 0.0000000000
122252  -48.155  42.643  21.550 0.0000000000
118891  -55.229  38.157  15.699 0.0000000000
120316  -53.992  40.177  17.192 0.0000000000
118875  -54.764  38.374  17.354 0.0000000000
119596  -53.688  39.023  18.894 0.0000000000
118856  -52.419  37.713  20.509 0.0000000000
118849  -52.183  37.389  22.607 0.0000000000
118027  -53.243  36.093  21.703 0.0000000000
117210  -55.536  35.502  23.453 0.0000000000
116380  -56.547  34.510  24.484 0.0000000000
114681  -55.477  33.499  26.271 0.0000000000
115527  -56.309  33.661  24.535 0.0000000000
114702  -54.826  33.119  24.078 0.0000000000
114700  -52.660  32.762  24.494 0.0000000000
116393  -49.187  34.134  21.213 0.0000000000
123425  -46.700  44.453  28.740 0.0000000000
158965  -46.971  38.043  14.681 0.0000000000
119625  -48.251  38.762  16.533 0.0000000000
118916  -48.775  36.990  14.988 0.0000000000
118071  -50.680  36.649  15.197 0.0000000000
118073  -52.772  36.943  15.082 0.0000000000
116495  -52.815  33.873  12.670 0.0000000000
117286  -54.348  35.087  13.669 0.0000000000
155551  -55.125  36.680  14.614 0.0000000000
117266  -56.215  35.586  15.267 0.0000000000
164853  -56.867  34.012  16.556 0.0000000000
114788  -57.030  32.788  18.287 0.0000000000
114777  -56.092  32.550  19.312 0.0000000000
114785  -54.693  32.753  18.014 0.0000000000
115606  -52.997  33.331  18.439 0.0000000000
115604  -51.115  33.816  18.315 0.0000000000
115654  -51.299  33.114  15.674 0.0000000000
115618  -50.028  33.865  16.961 0.0000000000
108184  -51.509  24.839  32.035 0.0000000000
108176  -53.158  24.625  33.303 0.0000000000
108167  -54.740  24.601  33.345 0.0000000000
109025  -55.640  25.659  32.667 0.0000000000
110693  -55.473  27.526  32.232 0.0000000000
112197  -55.206  29.922  32.441 0.0000000000
124674  -38.960  46.228  19.297 0.0000000000
125235  -40.043  47.432  17.893 0.0000000000
123537  -39.917  44.166  17.702 0.0000000000
122918  -41.127  43.016  16.999 0.0000000000
149641  -43.202  41.550  16.078 0.0000000000
121051  -44.120  41.038  15.421 0.0000000000
124699  -44.918  46.198  15.870 0.0000000000
123547  -44.189  44.306  14.290 0.0000000000
163132  -44.344  41.768  14.015 0.0000000000
120383  -45.463  39.613  14.147 0.0000000000
118930  -46.762  37.863  12.903 0.0000000000
118105  -47.694  36.836  11.908 0.0000000000
117313  -48.663  35.874  10.759 0.0000000000
120421  -50.221  39.170  9.789 0.0000000000
118128  -49.711  36.960  9.238 0.0000000000
116525  -49.717  34.420  9.298 0.0000000000
115722  -50.952  33.062  7.463 0.0000000000
114037  -50.927  31.666  7.109 0.0000000000
114914  -48.782  32.616  5.468 0.0000000000
115755  -47.933  33.194  4.163 0.0000000000
118995  -48.582  36.679  6.655 0.0000000000
113826  -48.050  31.444  30.515 0.0000000000
113814  -49.657  31.235  31.669 0.0000000000
116351  -47.962  34.579  26.699 0.0000000000
114632  -49.816  32.609  29.507 0.0000000000
113828  -50.488  31.837  31.140 0.0000000000
114612  -52.178  32.165  31.638 0.0000000000
140151  -54.011  31.470  32.750 0.0000000000
113809  -55.140  31.536  32.480 0.0000000000
123440  -48.573  44.731  27.832 0.0000000000
120300  -48.548  39.860  18.102 0.0000000000
121658  -49.715  40.990  19.713 0.0000000000
122254  -50.413  42.838  21.456 0.0000000000
121672  -53.239  41.687  18.630 0.0000000000
122255  -51.803  43.319  21.272 0.0000000000
123517  -50.817  44.739  23.062 0.0000000000
124085  -51.515  45.462  25.131 0.0000000000
122842  -50.474  44.561  26.251 0.0000000000
154343  -49.049  43.622  25.581 0.0000000000
121623  -49.234  41.857  23.430 0.0000000000
120275  -50.022  39.708  22.804 0.0000000000
119541  -50.841  37.766  25.320 0.0000000000
145488  -52.479  37.413  24.261 0.0000000000
118809  -52.258  37.699  25.874 0.0000000000
117966  -52.495  37.580  28.166 0.0000000000
117146  -53.924  36.031  29.760 0.0000000000
115471  -54.658  34.071  31.015 0.0000000000
113027  -56.547  30.710  30.921 0.0000000000
113047  -55.914  30.729  30.053 0.0000000000
112231  -55.041  29.670  29.735 0.0000000000
112236  -53.565  29.072  29.199 0.0000000000
114666  -53.684  32.332  27.703 0.0000000000
113058  -52.697  30.220  28.650 0.0000000000
111475  -52.353  28.223  28.383 0.0000000000
156844  -51.268  27.617  27.353 0.0000000000
110778  -50.247  27.038  26.193 0.0000000000
115578  -54.703  32.967  21.073 0.0000000000
114726  -52.579  33.225  22.727 0.0000000000
138074  -51.283  32.784  23.931 0.0000000000
115539  -49.253  33.323  22.710 0.0000000000
155648  -49.942  32.744  23.594 0.0000000000
113888  -49.425  31.224  25.436 0.0000000000
113080  -49.153  30.419  25.876 0.0000000000
110776  -48.407  27.688  25.572 0.0000000000
111452  -56.468  28.708  31.441 0.0000000000
110712  -57.107  27.637  30.676 0.0000000000
111465  -57.177  28.603  30.269 0.0000000000
111471  -57.087  28.577  29.483 0.0000000000
112214  -56.844  29.184  30.874 0.0000000000
114018  -49.693  30.798  8.127 0.0000000000
113182  -49.543  30.581  8.825 0.0000000000
113169  -48.877  30.609  9.542 0.0000000000
121615  -46.872  42.041  24.185 0.0000000000
145160  -47.384  42.946  25.380 0.0000000000
142440  -45.284  40.192  16.413 0.0000000000
121034  -45.424  40.321  17.469 0.0000000000
159997  -46.641  39.969  17.138 0.0000000000
116442  -56.925  33.564  18.367 0.0000000000
116441  -56.462  34.287  18.741 0.0000000000
116425  -56.501  34.145  19.717 0.0000000000
116410  -56.703  34.127  20.717 0.0000000000
155542  -57.041  33.411  20.228 0.0000000000
114751  -57.192  32.846  21.239 0.0000000000
115579  -57.202  32.938  20.525 0.0000000000
116504  -49.692  34.496  11.609 0.0000000000
163762  -49.808  34.723  12.339 0.0000000000
116493  -50.377  34.287  12.118 0.0000000000
113967  -54.377  30.966  12.943 0.0000000000
113985  -55.379  31.295  12.658 0.0000000000
113968  -55.259  31.138  13.073 0.0000000000
113959  -55.537  31.471  13.983 0.0000000000
113958  -54.534  31.420  13.849 0.0000000000
114809  -53.941  32.167  15.455 0.0000000000
114825  -53.672  31.868  14.627 0.0000000000
107336  -50.153  24.000  31.857 0.0000000000
111429  -50.770  29.183  32.347 0.0000000000
111450  -51.420  28.412  31.818 0.0000000000
138304  -51.805  29.208  32.463 0.0000000000
125843  -43.409  48.322  17.683 0.0000000000
125238  -43.028  47.657  17.292 0.0000000000
125248  -43.563  47.041  16.810 0.0000000000
124688  -42.803  46.468  16.532 0.0000000000
124689  -43.609  46.415  16.334 0.0000000000
154863  -48.680  43.629  12.448 0.0000000000
123554  -47.809  44.878  13.399 0.0000000000
122937  -47.692  43.575  12.531 0.0000000000
122304  -47.101  42.843  12.299 0.0000000000
122318  -47.614  42.183  11.932 0.0000000000
121727  -48.016  41.502  11.541 0.0000000000
119749  -51.693  38.156  7.226 0.0000000000
154777  -51.821  38.296  7.384 0.0000000000
118156  -51.628  36.916  6.777 0.0000000000
146082  -51.637  36.234  6.494 0.0000000000
118155  -51.354  36.645  6.504 0.0000000000
117343  -49.862  35.190  5.593 0.0000000000
118996  -50.689  37.086  6.624 0.0000000000
117996  -43.996  36.189  24.342 0.0000000000
117200  -44.287  35.759  24.841 0.0000000000
116373  -44.707  34.368  25.914 0.0000000000
116374  -45.329  34.782  25.757 0.0000000000
115509  -46.369  34.011  26.424 0.0000000000
117975  -50.535  37.080  26.793 0.0000000000
117162  -50.586  35.958  27.641 0.0000000000
117151  -51.073  35.561  28.229 0.0000000000
116343  -51.701  35.240  28.812 0.0000000000
117152  -51.766  36.024  28.524 0.0000000000
122883  -48.102  43.936  22.567 0.0000000000
123502  -48.036  45.126  23.520 0.0000000000
145273  -48.214  46.028  24.534 0.0000000000
123503  -49.087  45.136  23.570 0.0000000000
119641  -52.597  38.179  15.999 0.0000000000
166134  -52.105  39.719  17.331 0.0000000000
119629  -53.162  38.951  16.350 0.0000000000
164149  -53.888  42.441  21.583 0.0000000000
120989  -53.644  41.753  21.780 0.0000000000
122242  -53.300  42.814  23.002 0.0000000000
120986  -52.937  41.228  22.379 0.0000000000
121633  -52.191  41.134  22.880 0.0000000000
153391  -52.582  40.361  22.061 0.0000000000
117190  -55.876  35.464  25.725 0.0000000000
143721  -55.407  35.941  26.241 0.0000000000
143718  -55.521  35.339  27.085 0.0000000000
116355  -55.583  34.845  27.652 0.0000000000
157380  -55.689  34.220  27.983 0.0000000000
114648  -55.504  33.250  28.556 0.0000000000
115497  -55.627  33.648  27.765 0.0000000000
165184  -51.692  31.877  26.200 0.0000000000
113880  -50.618  31.156  26.361 0.0000000000
115589  -50.991  33.977  19.389 0.0000000000
115575  -51.578  33.724  20.793 0.0000000000
115574  -50.910  33.939  20.387 0.0000000000
113895  -46.789  30.993  24.099 0.0000000000
113896  -47.539  31.150  24.303 0.0000000000
113085  -46.509  30.185  24.474 0.0000000000
112261  -47.071  29.643  24.864 0.0000000000
112260  -46.338  29.354  24.665 0.0000000000
111497  -46.225  28.488  24.682 0.0000000000
143879  -45.585  29.036  24.536 0.0000000000
108186  -56.748  25.000  32.301 0.0000000000
110757  -55.869  27.444  27.671 0.0000000000
110746  -55.465  27.786  28.539 0.0000000000
114876  -51.370  32.300  8.822 0.0000000000
153733  -51.955  31.738  9.341 0.0000000000
114877  -51.891  31.369  8.859 0.0000000000
113162  -51.510  30.459  10.438 0.0000000000
113172  -52.236  30.500  9.876 0.0000000000
113996  -51.710  30.690  11.289 0.0000000000
113997  -52.759  30.554  11.320 0.0000000000
113981  -51.932  31.027  12.117 0.0000000000
113964  -51.175  31.709  12.815 0.0000000000
113980  -50.862  31.238  12.042 0.0000000000
114845  -48.107  31.746  12.421 0.0000000000
109888  -48.023  26.855  29.793 0.0000000000
111427  -49.001  29.015  32.437 0.0000000000
112192  -48.478  29.455  32.586 0.0000000000
127080  -45.045  50.523  19.282 0.0000000000
121120  -51.960  40.781  8.058 0.0000000000
121118  -50.275  40.609  8.161 0.0000000000
121760  -50.655  41.375  8.341 0.0000000000
120273  -48.092  39.706  22.552 0.0000000000
119563  -47.787  38.080  23.134 0.0000000000
119564  -48.669  38.401  23.243 0.0000000000
119550  -48.988  37.862  23.972 0.0000000000
144232  -49.408  38.343  23.666 0.0000000000
149173  -42.483  41.308  18.506 0.0000000000
121644  -48.009  41.417  20.452 0.0000000000
118063  -55.726  36.750  15.765 0.0000000000
118881  -55.131  38.628  16.451 0.0000000000
118057  -55.187  37.473  16.907 0.0000000000
118042  -53.892  36.159  18.885 0.0000000000
118049  -53.603  37.010  18.663 0.0000000000
119595  -52.823  38.395  19.789 0.0000000000
118040  -52.637  36.970  20.245 0.0000000000
118031  -52.450  36.868  21.063 0.0000000000
117229  -53.857  35.649  20.801 0.0000000000
117218  -56.178  34.817  22.320 0.0000000000
117217  -55.320  35.380  22.679 0.0000000000
117219  -56.383  34.875  23.181 0.0000000000
165719  -56.092  35.294  23.870 0.0000000000
117212  -56.523  34.765  23.914 0.0000000000
115528  -56.602  33.984  24.428 0.0000000000
116385  -56.855  34.038  23.531 0.0000000000
114728  -55.639  32.808  22.410 0.0000000000
114703  -56.006  33.251  23.846 0.0000000000
114714  -55.275  33.029  23.197 0.0000000000
114701  -53.660  32.932  24.258 0.0000000000
114713  -54.083  32.994  23.381 0.0000000000
118915  -47.461  37.454  14.412 0.0000000000
119653  -47.624  37.816  15.164 0.0000000000
158145  -48.083  36.769  14.191 0.0000000000
145689  -51.258  35.332  13.875 0.0000000000
143448  -50.245  36.215  14.629 0.0000000000
118081  -51.237  36.182  14.726 0.0000000000
118072  -51.699  36.707  15.210 0.0000000000
117274  -52.731  35.804  14.232 0.0000000000
115693  -52.820  32.721  11.346 0.0000000000
115684  -52.286  33.409  12.029 0.0000000000
115685  -53.195  33.114  12.000 0.0000000000
115675  -55.380  33.553  13.131 0.0000000000
116485  -54.476  34.031  13.096 0.0000000000
144452  -55.127  34.483  13.471 0.0000000000
117276  -54.834  35.991  14.210 0.0000000000
117287  -55.357  35.187  13.925 0.0000000000
118085  -55.552  35.943  14.581 0.0000000000
117288  -56.051  34.891  14.235 0.0000000000
114812  -56.791  32.124  15.583 0.0000000000
140878  -57.044  33.531  15.886 0.0000000000
114803  -57.047  32.530  16.475 0.0000000000
115639  -57.224  33.135  16.980 0.0000000000
114794  -56.681  32.447  17.478 0.0000000000
114786  -55.828  32.516  18.292 0.0000000000
114793  -55.605  32.438  17.408 0.0000000000
114799  -53.139  32.581  16.117 0.0000000000
114791  -53.372  32.797  16.944 0.0000000000
115621  -52.598  33.224  17.546 0.0000000000
115605  -52.070  33.525  18.328 0.0000000000
153813  -51.030  32.555  14.084 0.0000000000
114806  -51.092  32.817  14.812 0.0000000000
114822  -50.279  32.898  14.289 0.0000000000
116462  -49.248  34.080  16.720 0.0000000000
115635  -49.723  33.709  16.096 0.0000000000
109873  -50.150  25.937  30.664 0.0000000000
108183  -50.721  24.591  31.717 0.0000000000
109031  -50.838  25.397  31.269 0.0000000000
109860  -52.896  26.549  31.960 0.0000000000
109033  -52.450  25.926  31.881 0.0000000000
109024  -54.064  25.053  33.166 0.0000000000
150992  -55.390  24.989  33.060 0.0000000000
142503  -54.866  25.643  32.857 0.0000000000
140023  -54.011  28.641  32.470 0.0000000000
110692  -54.808  27.812  32.369 0.0000000000
111431  -54.780  29.169  32.509 0.0000000000
144622  -55.685  28.331  32.069 0.0000000000
139439  -54.578  30.186  32.695 0.0000000000
143698  -40.656  49.445  21.395 0.0000000000
125800  -40.327  48.507  21.731 0.0000000000
125809  -39.470  48.415  20.527 0.0000000000
149046  -38.993  46.931  19.931 0.0000000000
125224  -38.973  47.866  19.758 0.0000000000
127616  -43.010  51.641  20.697 0.0000000000
126451  -41.974  50.078  19.218 0.0000000000
124680  -41.457  46.849  17.127 0.0000000000
125829  -40.511  48.213  18.073 0.0000000000
149688  -40.236  45.930  17.374 0.0000000000
124131  -39.524  45.723  17.926 0.0000000000
154843  -40.023  45.057  17.478 0.0000000000
122917  -40.505  43.556  17.347 0.0000000000
122919  -41.089  43.830  16.660 0.0000000000
122924  -42.450  43.819  15.571 0.0000000000
162303  -42.373  42.561  16.034 0.0000000000
121699  -42.889  42.213  15.668 0.0000000000
121043  -43.790  41.049  16.070 0.0000000000
121700  -43.592  41.711  15.293 0.0000000000
124141  -44.497  45.633  15.330 0.0000000000
123548  -44.837  44.892  14.269 0.0000000000
121717  -45.543  41.835  12.708 0.0000000000
122293  -45.091  42.609  13.013 0.0000000000
144732  -45.177  41.032  13.218 0.0000000000
121070  -45.163  40.350  13.702 0.0000000000
120397  -45.549  39.942  13.170 0.0000000000
164307  -45.692  39.385  13.572 0.0000000000
120384  -45.934  39.176  12.972 0.0000000000
120411  -47.799  39.247  10.894 0.0000000000
118943  -47.439  37.614  11.543 0.0000000000
118955  -47.842  37.886  10.893 0.0000000000
118106  -48.181  36.373  11.370 0.0000000000
118117  -48.448  36.719  10.537 0.0000000000
142986  -50.858  40.731  10.337 0.0000000000
121095  -49.875  40.449  10.515 0.0000000000
120414  -50.538  39.953  10.049 0.0000000000
118138  -51.474  37.008  7.850 0.0000000000
118129  -50.693  37.197  8.641 0.0000000000
118137  -50.483  36.443  8.493 0.0000000000
117321  -49.608  35.960  9.112 0.0000000000
117329  -50.238  35.502  8.398 0.0000000000
116535  -50.589  33.866  7.844 0.0000000000
117330  -50.816  34.905  7.693 0.0000000000
115739  -50.816  32.824  6.101 0.0000000000
114906  -50.998  32.607  6.740 0.0000000000
114905  -50.524  32.178  6.394 0.0000000000
114036  -50.216  31.707  6.643 0.0000000000
114035  -49.418  32.093  6.240 0.0000000000
114915  -49.405  32.549  5.508 0.0000000000
117353  -48.935  34.484  4.860 0.0000000000
152304  -48.093  33.553  4.090 0.0000000000
117361  -47.949  34.239  4.191 0.0000000000
116566  -47.404  33.648  3.814 0.0000000000
118985  -49.574  37.398  7.042 0.0000000000
113857  -45.423  31.620  28.539 0.0000000000
114643  -47.483  32.379  28.267 0.0000000000
113858  -47.141  31.872  28.891 0.0000000000
114630  -47.996  32.101  28.979 0.0000000000
113813  -48.698  31.209  31.258 0.0000000000
113840  -48.427  31.911  29.784 0.0000000000
117983  -47.537  36.324  25.409 0.0000000000
117170  -47.540  35.303  26.184 0.0000000000
117171  -48.393  35.517  26.436 0.0000000000
115486  -50.589  33.822  28.747 0.0000000000
115485  -49.830  33.441  28.502 0.0000000000
115476  -50.256  33.154  29.098 0.0000000000
114621  -50.097  32.269  30.276 0.0000000000
161384  -50.894  32.455  30.514 0.0000000000
114611  -51.343  31.700  31.730 0.0000000000
114622  -51.474  32.300  31.051 0.0000000000
142386  -53.359  33.585  31.240 0.0000000000
114613  -52.979  32.835  31.622 0.0000000000
115462  -53.770  33.236  31.744 0.0000000000
113808  -54.519  31.567  32.654 0.0000000000
114614  -54.214  32.727  32.187 0.0000000000
124635  -48.996  46.781  26.623 0.0000000000
123427  -48.805  45.537  28.175 0.0000000000
148485  -49.079  38.576  16.646 0.0000000000
137837  -48.115  39.311  17.081 0.0000000000
120313  -49.597  39.347  17.511 0.0000000000
121011  -51.148  40.817  18.933 0.0000000000
121010  -50.001  40.472  19.064 0.0000000000
121659  -50.614  41.118  19.575 0.0000000000
122267  -49.740  42.030  20.910 0.0000000000
122268  -51.093  42.294  20.662 0.0000000000
157531  -54.282  40.469  18.039 0.0000000000
121028  -53.679  41.269  18.286 0.0000000000
121029  -54.003  41.390  18.483 0.0000000000
122900  -53.357  43.860  21.730 0.0000000000
122907  -53.431  43.578  20.962 0.0000000000
122887  -52.800  44.249  22.210 0.0000000000
122886  -51.400  44.335  22.536 0.0000000000
123518  -51.806  44.754  23.027 0.0000000000
148181  -51.231  45.150  23.598 0.0000000000
123505  -52.132  44.922  23.649 0.0000000000
122873  -51.838  43.821  24.914 0.0000000000
122861  -51.221  44.297  25.583 0.0000000000
122872  -50.946  43.623  25.103 0.0000000000
122860  -50.232  43.987  25.698 0.0000000000
122871  -49.866  43.490  24.979 0.0000000000
122231  -49.029  43.200  24.732 0.0000000000
122238  -49.817  42.524  23.869 0.0000000000
120276  -50.861  39.702  22.922 0.0000000000
120984  -50.529  40.601  22.862 0.0000000000
120267  -50.407  39.019  23.242 0.0000000000
119552  -50.447  38.117  24.507 0.0000000000
119553  -51.168  37.941  24.683 0.0000000000
118022  -52.842  36.618  22.668 0.0000000000
118839  -52.606  37.073  23.459 0.0000000000
159575  -53.160  36.976  24.162 0.0000000000
118790  -54.068  37.464  27.144 0.0000000000
118810  -53.098  37.623  25.791 0.0000000000
118798  -53.230  37.885  27.205 0.0000000000
118797  -52.454  37.896  27.155 0.0000000000
118783  -53.206  37.621  28.280 0.0000000000
164962  -52.884  37.262  28.637 0.0000000000
117955  -54.133  36.597  29.036 0.0000000000
115479  -55.572  33.630  29.804 0.0000000000
116326  -54.675  34.736  30.333 0.0000000000
115472  -55.427  33.517  30.709 0.0000000000
114617  -56.050  32.041  31.420 0.0000000000
114625  -56.121  32.301  30.735 0.0000000000
113048  -56.289  30.780  30.418 0.0000000000
113843  -56.039  31.640  29.995 0.0000000000
113861  -54.525  31.939  29.161 0.0000000000
113046  -55.075  30.451  29.795 0.0000000000
113045  -54.140  29.915  29.479 0.0000000000
111468  -54.529  29.029  29.457 0.0000000000
114680  -54.649  33.025  26.521 0.0000000000
142395  -54.493  32.755  27.409 0.0000000000
113068  -52.172  30.718  28.012 0.0000000000
112242  -51.980  29.803  28.220 0.0000000000
112235  -52.635  29.189  28.744 0.0000000000
111474  -51.882  28.967  28.264 0.0000000000
147681  -51.890  27.683  27.814 0.0000000000
111484  -51.419  28.397  27.814 0.0000000000
111490  -49.815  28.151  26.666 0.0000000000
110765  -49.735  27.533  26.315 0.0000000000
109913  -49.688  26.903  25.695 0.0000000000
110777  -49.121  27.533  25.943 0.0000000000
115593  -55.043  32.890  19.718 0.0000000000
165818  -54.952  32.957  20.484 0.0000000000
115592  -54.014  33.255  20.044 0.0000000000
141579  -51.527  33.491  22.054 0.0000000000
115556  -52.826  33.401  21.385 0.0000000000
115540  -51.748  33.335  22.681 0.0000000000
114711  -51.984  33.108  23.361 0.0000000000
115533  -51.299  33.192  23.230 0.0000000000
115538  -48.407  33.407  22.372 0.0000000000
114724  -48.606  32.871  23.050 0.0000000000
144899  -48.124  31.445  24.341 0.0000000000
114696  -49.329  32.275  24.047 0.0000000000
113898  -49.755  31.906  24.834 0.0000000000
113887  -48.770  30.851  25.330 0.0000000000
110775  -47.485  28.079  25.235 0.0000000000
155863  -48.057  28.532  25.533 0.0000000000
156319  -47.809  27.257  25.062 0.0000000000
109925  -48.471  26.814  25.022 0.0000000000
109862  -56.938  26.623  31.258 0.0000000000
139343  -57.325  26.678  30.355 0.0000000000
138380  -57.603  27.006  28.795 0.0000000000
113193  -51.225  30.712  8.211 0.0000000000
156846  -51.714  30.730  8.702 0.0000000000
113184  -51.226  30.474  8.844 0.0000000000
113170  -50.131  30.415  9.364 0.0000000000
113161  -50.342  30.503  10.332 0.0000000000
113979  -49.770  31.333  11.910 0.0000000000
113994  -49.417  30.844  11.097 0.0000000000
121621  -47.348  41.665  23.560 0.0000000000
120979  -47.841  41.243  23.096 0.0000000000
121032  -43.860  40.709  17.453 0.0000000000
121021  -44.961  40.504  18.249 0.0000000000
121024  -47.499  40.332  18.578 0.0000000000
117252  -55.969  35.632  17.148 0.0000000000
118051  -55.317  36.254  17.488 0.0000000000
154375  -55.774  35.191  18.118 0.0000000000
117239  -54.599  35.432  19.455 0.0000000000
152672  -54.462  35.383  20.259 0.0000000000
117231  -55.473  34.770  20.206 0.0000000000
116395  -56.878  34.161  21.684 0.0000000000
116396  -57.188  33.545  22.029 0.0000000000
152067  -57.056  33.488  22.670 0.0000000000
114730  -57.224  32.994  21.968 0.0000000000
114729  -56.681  32.797  22.230 0.0000000000
140345  -55.966  32.646  21.784 0.0000000000
118090  -48.399  36.198  13.359 0.0000000000
118091  -49.180  36.285  14.311 0.0000000000
117282  -49.346  35.666  13.517 0.0000000000
117283  -50.366  35.274  13.572 0.0000000000
116482  -51.329  34.766  13.306 0.0000000000
114859  -54.770  31.175  11.692 0.0000000000
115686  -54.037  32.601  11.883 0.0000000000
114849  -55.268  31.762  12.217 0.0000000000
115687  -55.670  32.446  12.831 0.0000000000
115676  -56.158  33.100  13.418 0.0000000000
116487  -56.557  33.699  14.088 0.0000000000
158777  -56.633  31.943  13.878 0.0000000000
113953  -56.526  31.798  14.993 0.0000000000
114811  -56.202  31.927  15.659 0.0000000000
114801  -55.551  32.246  16.493 0.0000000000
114810  -55.110  32.023  15.586 0.0000000000
114798  -52.198  32.823  15.929 0.0000000000
115666  -49.632  33.297  14.643 0.0000000000
107326  -52.024  23.487  33.794 0.0000000000
110730  -50.468  27.464  30.890 0.0000000000
109858  -50.949  26.526  31.033 0.0000000000
110709  -51.325  27.465  31.322 0.0000000000
110710  -52.378  27.593  31.788 0.0000000000
148531  -53.316  27.229  32.071 0.0000000000
159230  -53.184  28.134  32.275 0.0000000000
111430  -52.988  29.224  32.595 0.0000000000
142179  -53.218  30.173  32.925 0.0000000000
157220  -40.539  49.719  20.579 0.0000000000
126469  -43.301  49.549  18.588 0.0000000000
126468  -42.406  49.535  18.640 0.0000000000
125842  -42.472  48.294  17.694 0.0000000000
125237  -42.045  47.526  17.304 0.0000000000
124687  -41.905  46.274  16.650 0.0000000000
123540  -41.270  44.688  16.507 0.0000000000
124136  -42.363  45.713  16.250 0.0000000000
124139  -42.718  45.177  15.753 0.0000000000
123544  -42.964  44.510  15.361 0.0000000000
124154  -47.077  45.334  13.890 0.0000000000
151826  -45.501  44.061  13.293 0.0000000000
123560  -46.320  43.991  12.895 0.0000000000
122303  -46.280  42.353  12.387 0.0000000000
121718  -46.302  41.550  12.220 0.0000000000
120403  -46.638  39.876  11.721 0.0000000000
121085  -47.398  40.600  11.435 0.0000000000
154131  -48.049  40.037  10.974 0.0000000000
120412  -48.619  39.470  10.584 0.0000000000
120423  -52.117  39.864  8.954 0.0000000000
120422  -51.295  39.455  9.398 0.0000000000
119728  -51.877  38.381  8.311 0.0000000000
118975  -51.877  37.882  7.650 0.0000000000
118145  -51.773  36.405  7.148 0.0000000000
117337  -51.665  35.414  7.071 0.0000000000
117338  -51.776  35.903  6.627 0.0000000000
116560  -51.448  34.862  5.699 0.0000000000
116559  -50.751  34.243  5.404 0.0000000000
115749  -49.574  33.056  4.968 0.0000000000
141620  -49.781  34.239  5.110 0.0000000000
118833  -42.991  38.023  23.009 0.0000000000
118012  -43.320  36.508  23.950 0.0000000000
155363  -42.970  35.500  24.941 0.0000000000
141438  -43.899  34.627  25.654 0.0000000000
113872  -45.994  32.121  27.818 0.0000000000
140983  -46.126  32.720  27.160 0.0000000000
114662  -46.870  32.661  27.581 0.0000000000
114663  -47.767  32.921  27.658 0.0000000000
117973  -48.783  36.298  26.174 0.0000000000
117160  -48.956  34.989  26.922 0.0000000000
117161  -49.778  35.455  27.275 0.0000000000
116354  -50.312  35.041  27.861 0.0000000000
115477  -50.900  33.512  29.310 0.0000000000
115468  -51.687  33.057  30.426 0.0000000000
116332  -51.469  34.268  29.235 0.0000000000
116333  -52.449  35.085  29.508 0.0000000000
116334  -53.221  34.934  30.170 0.0000000000
124644  -47.878  46.572  25.955 0.0000000000
157951  -48.531  46.681  26.086 0.0000000000
124646  -49.770  46.518  26.019 0.0000000000
119627  -50.685  38.370  16.514 0.0000000000
120314  -50.536  39.330  17.442 0.0000000000
165028  -51.317  39.403  17.336 0.0000000000
121037  -51.300  39.842  17.834 0.0000000000
141152  -51.791  40.548  18.325 0.0000000000
120292  -54.169  40.913  19.712 0.0000000000
121649  -54.202  41.843  19.554 0.0000000000
120996  -54.105  41.862  20.750 0.0000000000
164867  -53.841  43.294  21.546 0.0000000000
122888  -53.144  44.059  22.728 0.0000000000
123484  -52.425  44.511  24.067 0.0000000000
122878  -53.108  43.567  23.302 0.0000000000
122234  -52.267  43.469  24.206 0.0000000000
122240  -51.967  42.646  23.767 0.0000000000
122239  -50.844  42.552  23.833 0.0000000000
150974  -51.354  41.205  23.070 0.0000000000
120985  -51.437  40.435  22.820 0.0000000000
119578  -51.474  38.706  23.008 0.0000000000
118003  -54.844  36.453  24.850 0.0000000000
118002  -53.945  36.712  24.539 0.0000000000
117986  -54.879  36.621  25.645 0.0000000000
117976  -54.842  36.642  26.480 0.0000000000
139648  -54.536  36.861  27.371 0.0000000000
117155  -54.810  35.900  28.713 0.0000000000
156332  -55.260  35.260  28.403 0.0000000000
116344  -55.465  34.643  28.600 0.0000000000
114635  -55.689  32.999  29.366 0.0000000000
153445  -55.965  32.386  29.813 0.0000000000
114647  -55.206  32.668  28.842 0.0000000000
139934  -53.053  32.527  25.951 0.0000000000
114679  -53.631  32.564  26.765 0.0000000000
157059  -52.777  32.283  26.575 0.0000000000
113873  -51.707  31.141  27.335 0.0000000000
113067  -51.472  30.310  27.626 0.0000000000
112240  -50.714  28.966  27.462 0.0000000000
113066  -50.784  29.900  27.325 0.0000000000
112249  -50.162  29.466  26.993 0.0000000000
113071  -49.621  29.943  26.480 0.0000000000
115591  -52.896  33.500  19.967 0.0000000000
115555  -51.903  33.552  21.415 0.0000000000
114706  -47.344  32.242  23.234 0.0000000000
114707  -48.118  32.344  23.412 0.0000000000
113904  -47.698  31.719  23.804 0.0000000000
113087  -48.097  30.803  24.894 0.0000000000
113078  -47.752  29.928  25.209 0.0000000000
138971  -46.781  28.035  24.851 0.0000000000
109924  -46.697  26.750  24.237 0.0000000000
110783  -46.237  27.536  24.522 0.0000000000
110782  -45.411  27.321  24.233 0.0000000000
108185  -56.299  24.285  31.870 0.0000000000
115702  -50.547  33.366  10.263 0.0000000000
139149  -51.200  33.143  10.875 0.0000000000
115703  -51.438  32.529  9.879 0.0000000000
114856  -52.575  32.277  10.642 0.0000000000
114866  -52.949  31.453  10.216 0.0000000000
113186  -52.507  30.738  9.635 0.0000000000
114003  -53.025  30.907  10.108 0.0000000000
114867  -53.579  31.152  10.589 0.0000000000
113165  -53.858  30.670  10.994 0.0000000000
113983  -54.059  30.672  12.103 0.0000000000
113966  -53.260  31.164  12.938 0.0000000000
114837  -52.443  31.771  13.694 0.0000000000
113965  -52.199  31.450  12.895 0.0000000000
114836  -51.511  32.088  13.549 0.0000000000
114835  -50.499  32.363  13.496 0.0000000000
114846  -49.110  31.833  12.533 0.0000000000
114834  -49.473  32.412  13.297 0.0000000000
108195  -49.166  24.833  30.656 0.0000000000
109041  -49.367  25.542  30.440 0.0000000000
109872  -49.454  26.492  30.312 0.0000000000
149970  -47.783  28.102  30.760 0.0000000000
110728  -48.626  27.894  30.627 0.0000000000
110729  -49.541  27.516  30.580 0.0000000000
111464  -50.003  28.178  31.133 0.0000000000
111428  -49.836  29.130  32.381 0.0000000000
112194  -50.187  29.611  32.633 0.0000000000
127625  -43.594  51.278  19.931 0.0000000000
127095  -44.373  50.153  18.978 0.0000000000
126470  -44.157  49.598  18.602 0.0000000000
125833  -44.864  48.955  18.326 0.0000000000
121728  -49.046  41.590  11.321 0.0000000000
121107  -52.220  40.685  9.252 0.0000000000
120439  -52.294  40.003  8.039 0.0000000000
120448  -51.970  39.562  7.604 0.0000000000
119741  -51.330  38.458  7.195 0.0000000000
118986  -50.778  37.782  6.932 0.0000000000
120446  -50.570  39.182  7.496 0.0000000000
120436  -49.804  39.768  8.038 0.0000000000
118837  -47.612  37.498  23.725 0.0000000000
118001  -47.911  36.865  25.028 0.0000000000
118805  -48.770  37.178  25.252 0.0000000000
118806  -49.652  37.419  25.519 0.0000000000
118794  -50.081  37.261  26.174 0.0000000000
122895  -47.648  43.368  21.970 0.0000000000
122896  -48.655  43.298  22.075 0.0000000000
119643  -55.017  38.231  15.444 0.0000000000
119630  -54.235  39.196  16.105 0.0000000000
119631  -54.880  38.953  16.013 0.0000000000
119606  -54.796  39.361  17.144 0.0000000000
164582  -54.489  39.865  17.679 0.0000000000
118050  -54.443  36.944  17.925 0.0000000000
118874  -53.979  38.020  18.240 0.0000000000
120297  -54.083  40.084  19.140 0.0000000000
120291  -53.320  39.627  20.014 0.0000000000
156613  -52.723  39.645  21.100 0.0000000000
119586  -52.131  38.944  21.676 0.0000000000
118854  -52.104  37.805  21.572 0.0000000000
118026  -52.405  36.862  21.945 0.0000000000
118023  -53.673  36.117  22.676 0.0000000000
117221  -54.251  35.532  21.532 0.0000000000
117216  -54.340  35.650  22.286 0.0000000000
118024  -54.543  35.859  23.129 0.0000000000
118018  -55.491  35.783  24.290 0.0000000000
117203  -55.984  35.510  25.093 0.0000000000
117174  -56.149  34.868  25.873 0.0000000000
148733  -55.764  33.798  26.756 0.0000000000
163083  -56.015  33.815  25.992 0.0000000000
158441  -55.901  33.625  25.440 0.0000000000
114690  -55.006  33.286  25.647 0.0000000000
115534  -56.674  33.551  23.432 0.0000000000
114691  -55.489  33.388  24.767 0.0000000000
153871  -54.358  33.101  24.957 0.0000000000
147086  -53.330  32.772  25.129 0.0000000000
145861  -52.433  32.491  25.316 0.0000000000
114699  -51.710  32.518  24.736 0.0000000000
116409  -50.083  34.120  20.838 0.0000000000
116392  -48.387  34.145  21.267 0.0000000000
115553  -48.607  33.852  21.721 0.0000000000
115537  -47.597  33.259  22.330 0.0000000000
114722  -46.963  32.762  22.578 0.0000000000
113923  -46.502  32.104  23.100 0.0000000000
113903  -46.129  31.382  23.533 0.0000000000
113105  -45.891  30.628  23.992 0.0000000000
141092  -46.609  39.098  15.697 0.0000000000
142070  -47.091  39.320  16.373 0.0000000000
119638  -47.153  38.438  15.410 0.0000000000
119640  -48.759  38.110  16.145 0.0000000000
118902  -49.395  37.463  15.703 0.0000000000
118070  -49.724  36.727  15.123 0.0000000000
118889  -50.387  37.669  16.031 0.0000000000
118890  -51.443  37.892  16.110 0.0000000000
118904  -52.132  37.406  15.618 0.0000000000
118905  -53.262  37.693  15.461 0.0000000000
115691  -51.267  33.712  11.882 0.0000000000
116494  -51.843  34.113  12.682 0.0000000000
116483  -52.440  34.592  13.296 0.0000000000
116496  -53.781  33.523  12.561 0.0000000000
116484  -53.493  34.413  13.201 0.0000000000
117285  -53.155  35.183  13.761 0.0000000000
117275  -53.825  35.898  14.167 0.0000000000
118084  -54.396  36.676  14.530 0.0000000000
154708  -54.355  38.016  15.333 0.0000000000
118907  -55.310  37.591  15.261 0.0000000000
118076  -55.613  36.964  15.232 0.0000000000
117260  -56.124  35.776  15.834 0.0000000000
156849  -56.493  34.490  14.581 0.0000000000
116463  -56.555  34.775  15.869 0.0000000000
117253  -56.430  34.961  16.691 0.0000000000
116453  -56.920  33.808  17.384 0.0000000000
115623  -57.224  33.032  17.932 0.0000000000
115609  -57.167  32.977  18.946 0.0000000000
114778  -56.826  32.679  19.350 0.0000000000
114787  -56.699  32.614  18.666 0.0000000000
115608  -54.955  32.782  18.878 0.0000000000
115607  -53.961  33.091  18.616 0.0000000000
114792  -54.468  32.603  17.163 0.0000000000
115622  -53.625  32.974  17.786 0.0000000000
149581  -52.455  33.544  19.151 0.0000000000
154601  -51.677  33.714  19.020 0.0000000000
114824  -52.677  32.121  14.474 0.0000000000
114807  -51.965  32.609  15.096 0.0000000000
115653  -50.291  33.340  15.288 0.0000000000
115636  -50.637  33.515  16.319 0.0000000000
115637  -51.600  33.280  16.644 0.0000000000
108174  -51.144  23.950  32.685 0.0000000000
108175  -52.181  24.339  33.112 0.0000000000
109032  -51.705  25.731  31.570 0.0000000000
109022  -52.372  25.183  32.371 0.0000000000
108165  -52.943  23.777  33.934 0.0000000000
107320  -54.529  23.880  33.527 0.0000000000
107329  -55.670  24.006  32.562 0.0000000000
161618  -56.200  24.529  32.485 0.0000000000
108178  -55.997  24.972  32.726 0.0000000000
109026  -56.333  25.653  32.369 0.0000000000
109850  -54.611  26.759  32.459 0.0000000000
109851  -55.228  26.618  32.459 0.0000000000
109852  -55.863  26.537  32.292 0.0000000000
110694  -56.018  27.469  31.992 0.0000000000
156911  -56.122  28.254  31.801 0.0000000000
112198  -55.792  29.739  32.042 0.0000000000
126449  -40.301  49.564  19.772 0.0000000000
145516  -41.031  48.885  18.343 0.0000000000
157578  -40.247  48.761  18.608 0.0000000000
125227  -39.513  48.099  18.732 0.0000000000
124676  -39.181  46.391  18.469 0.0000000000
123536  -39.488  44.809  18.178 0.0000000000
122915  -39.861  43.467  19.062 0.0000000000
122280  -40.463  42.753  18.680 0.0000000000
122281  -41.160  42.240  18.350 0.0000000000
122285  -42.004  41.957  17.204 0.0000000000
122920  -41.574  43.322  16.436 0.0000000000
122287  -41.842  42.574  16.629 0.0000000000
121692  -43.317  41.119  16.907 0.0000000000
153958  -44.153  40.685  16.788 0.0000000000
121044  -44.553  40.560  16.019 0.0000000000
121052  -45.173  40.093  15.578 0.0000000000
124690  -44.441  46.663  16.470 0.0000000000
124698  -44.043  46.044  15.869 0.0000000000
123546  -43.590  44.445  14.848 0.0000000000
122927  -43.636  43.585  14.473 0.0000000000
122931  -44.874  43.399  13.336 0.0000000000
122928  -44.235  43.506  13.899 0.0000000000
121707  -43.903  42.197  14.423 0.0000000000
121702  -44.189  41.375  14.712 0.0000000000
121060  -45.026  40.196  14.584 0.0000000000
120362  -45.429  39.695  15.002 0.0000000000
158977  -46.455  38.606  14.861 0.0000000000
118922  -46.824  37.810  13.870 0.0000000000
162809  -47.371  37.181  13.462 0.0000000000
119685  -46.420  38.627  12.445 0.0000000000
118931  -47.251  37.345  12.418 0.0000000000
118095  -47.714  36.663  12.838 0.0000000000
118096  -48.194  36.182  12.325 0.0000000000
117303  -48.652  35.678  11.744 0.0000000000
117304  -49.094  35.060  11.127 0.0000000000
121087  -49.394  40.979  10.920 0.0000000000
120413  -49.550  39.705  10.330 0.0000000000
119709  -49.242  38.947  10.172 0.0000000000
119716  -51.066  38.543  9.105 0.0000000000
119715  -49.834  38.425  9.654 0.0000000000
118966  -49.348  37.724  9.710 0.0000000000
118118  -48.997  36.315  9.883 0.0000000000
117314  -49.192  35.266  9.915 0.0000000000
115701  -50.190  33.631  9.502 0.0000000000
148679  -50.782  32.998  8.223 0.0000000000
114886  -51.190  32.350  7.995 0.0000000000
115728  -51.175  33.310  6.877 0.0000000000
114894  -51.152  32.216  7.474 0.0000000000
114027  -51.320  31.443  7.773 0.0000000000
114025  -50.486  31.264  7.230 0.0000000000
139414  -49.851  31.158  7.423 0.0000000000
115748  -48.667  32.916  4.774 0.0000000000
115747  -47.965  32.975  4.791 0.0000000000
147561  -47.947  36.123  5.987 0.0000000000
113025  -47.092  30.598  31.510 0.0000000000
139772  -46.302  31.725  28.720 0.0000000000
113825  -47.093  31.139  30.592 0.0000000000
113004  -47.550  30.214  32.137 0.0000000000
113005  -48.247  30.614  31.892 0.0000000000
113006  -48.963  30.641  32.122 0.0000000000
113007  -49.868  30.605  32.389 0.0000000000
117169  -46.851  35.226  25.927 0.0000000000
150176  -47.918  33.654  27.190 0.0000000000
114664  -48.542  33.304  27.747 0.0000000000
116352  -48.709  34.117  27.294 0.0000000000
114644  -49.101  33.042  28.385 0.0000000000
114631  -48.929  32.465  29.116 0.0000000000
113841  -49.243  32.122  29.983 0.0000000000
112989  -50.903  30.619  32.596 0.0000000000
157138  -51.708  30.426  32.827 0.0000000000
112990  -52.531  30.663  32.901 0.0000000000
112991  -53.485  30.983  32.889 0.0000000000
114623  -52.218  32.736  31.085 0.0000000000
113817  -52.845  32.032  32.232 0.0000000000
158163  -53.957  30.420  32.870 0.0000000000
112992  -54.364  30.952  32.781 0.0000000000
112994  -55.582  30.360  32.245 0.0000000000
113009  -56.185  30.380  31.637 0.0000000000
123419  -47.654  45.845  29.241 0.0000000000
123426  -48.105  45.223  28.545 0.0000000000
122833  -48.140  44.116  27.256 0.0000000000
120311  -47.296  39.634  17.000 0.0000000000
121025  -48.310  40.248  18.665 0.0000000000
148691  -49.874  39.995  18.456 0.0000000000
121026  -49.151  40.139  18.610 0.0000000000
121657  -48.246  40.965  19.864 0.0000000000
122266  -48.614  41.939  21.022 0.0000000000
122253  -49.206  42.646  21.548 0.0000000000
122897  -49.770  43.387  22.073 0.0000000000
121039  -53.487  40.655  17.745 0.0000000000
148032  -52.885  41.012  18.191 0.0000000000
121660  -52.706  41.984  19.181 0.0000000000
122278  -53.802  42.706  19.806 0.0000000000
162374  -52.775  42.784  20.027 0.0000000000
121647  -52.132  42.215  19.934 0.0000000000
122898  -50.971  43.651  22.023 0.0000000000
122885  -50.305  44.101  22.593 0.0000000000
123516  -49.694  44.622  23.092 0.0000000000
123504  -50.190  45.175  23.591 0.0000000000
124652  -50.307  46.243  25.378 0.0000000000
124647  -50.517  46.184  25.856 0.0000000000
123468  -51.911  44.835  25.032 0.0000000000
124084  -51.024  45.601  26.094 0.0000000000
123442  -50.412  45.664  26.739 0.0000000000
123452  -49.904  44.753  26.929 0.0000000000
123451  -49.077  44.420  27.132 0.0000000000
122859  -47.945  43.425  25.821 0.0000000000
122227  -48.128  42.988  24.886 0.0000000000
121622  -48.245  41.824  23.473 0.0000000000
121630  -48.725  41.106  22.938 0.0000000000
121624  -50.210  41.918  23.412 0.0000000000
153283  -49.476  40.461  22.734 0.0000000000
120274  -49.090  39.698  22.666 0.0000000000
118822  -50.087  37.777  25.054 0.0000000000
118795  -50.952  37.500  26.531 0.0000000000
119579  -51.810  38.311  22.460 0.0000000000
119568  -51.861  37.826  23.438 0.0000000000
119554  -51.779  37.759  24.428 0.0000000000
118824  -53.201  37.246  24.925 0.0000000000
118823  -52.417  37.529  25.104 0.0000000000
139757  -51.782  37.671  25.189 0.0000000000
119542  -51.534  37.693  25.674 0.0000000000
118796  -51.726  37.724  26.913 0.0000000000
117965  -51.748  37.274  27.864 0.0000000000
117959  -52.255  36.826  28.509 0.0000000000
117145  -53.289  35.893  29.648 0.0000000000
166188  -53.724  34.718  30.619 0.0000000000
117147  -54.465  35.795  29.523 0.0000000000
116325  -54.126  34.780  30.646 0.0000000000
115463  -54.374  33.403  31.668 0.0000000000
114616  -55.356  32.377  31.985 0.0000000000
113819  -55.718  31.637  32.000 0.0000000000
112226  -56.685  29.950  30.904 0.0000000000
112233  -56.542  30.143  30.540 0.0000000000
139250  -56.412  29.918  30.118 0.0000000000
165243  -56.356  29.561  29.785 0.0000000000
112232  -55.878  29.945  29.856 0.0000000000
111469  -55.743  29.160  29.571 0.0000000000
111477  -55.006  28.346  29.148 0.0000000000
110745  -54.298  27.759  28.643 0.0000000000
114667  -55.208  33.303  27.126 0.0000000000
114646  -54.453  32.469  28.313 0.0000000000
113860  -53.703  31.923  28.492 0.0000000000
113875  -53.125  31.864  27.907 0.0000000000
113859  -52.998  31.196  28.453 0.0000000000
113059  -53.468  30.593  29.113 0.0000000000
165799  -53.268  29.778  29.090 0.0000000000
142014  -53.123  28.472  28.851 0.0000000000
110754  -52.661  27.431  27.971 0.0000000000
110768  -52.030  27.028  27.247 0.0000000000
109906  -51.850  26.668  26.269 0.0000000000
110753  -50.771  28.191  27.346 0.0000000000
110766  -50.494  27.572  26.794 0.0000000000
114767  -55.964  32.575  20.221 0.0000000000
114749  -55.755  32.653  21.070 0.0000000000
114748  -54.879  32.875  21.734 0.0000000000
115577  -53.359  33.367  20.718 0.0000000000
115557  -53.840  33.154  21.381 0.0000000000
138237  -53.496  33.094  22.710 0.0000000000
114712  -52.914  33.011  23.555 0.0000000000
157083  -52.094  32.840  24.012 0.0000000000
116394  -49.889  33.884  21.560 0.0000000000
114708  -48.765  32.448  23.565 0.0000000000
114710  -50.629  33.013  23.445 0.0000000000
114697  -50.323  32.466  24.189 0.0000000000
113899  -50.448  32.152  24.905 0.0000000000
113889  -50.300  31.608  25.558 0.0000000000
113081  -49.866  30.826  26.119 0.0000000000
112257  -48.927  29.390  26.126 0.0000000000
112256  -48.225  29.283  25.601 0.0000000000
161942  -48.591  28.521  25.884 0.0000000000
162673  -48.804  27.983  25.985 0.0000000000
107328  -55.054  23.782  33.168 0.0000000000
108177  -55.373  24.388  33.048 0.0000000000
109023  -53.185  25.601  32.529 0.0000000000
109042  -57.187  25.022  31.451 0.0000000000
109861  -56.477  26.561  31.943 0.0000000000
109901  -53.095  26.926  27.268 0.0000000000
110740  -48.170  27.576  30.120 0.0000000000
110767  -51.272  27.080  26.826 0.0000000000
111432  -55.445  29.142  32.253 0.0000000000
111433  -55.973  28.985  31.889 0.0000000000
111449  -49.511  28.655  31.892 0.0000000000
111453  -56.872  28.419  30.962 0.0000000000
111476  -53.927  28.355  29.053 0.0000000000
112248  -49.604  28.980  26.658 0.0000000000
112985  -47.798  29.651  32.526 0.0000000000
112986  -48.334  30.113  32.439 0.0000000000
112987  -49.150  30.079  32.688 0.0000000000
112988  -50.057  30.048  32.809 0.0000000000
112993  -55.067  30.746  32.596 0.0000000000
113008  -51.324  31.219  32.320 0.0000000000
113026  -47.776  30.896  31.339 0.0000000000
113073  -50.987  30.767  27.048 0.0000000000
113079  -48.454  30.140  25.560 0.0000000000
113152  -53.680  30.582  11.345 0.0000000000
113153  -54.321  30.757  11.469 0.0000000000
113163  -52.527  30.477  10.559 0.0000000000
113173  -52.899  30.668  10.250 0.0000000000
113183  -50.435  30.527  8.437 0.0000000000
113185  -51.945  30.603  9.239 0.0000000000
113805  -51.844  31.007  32.711 0.0000000000
113806  -52.705  31.346  32.680 0.0000000000
113807  -53.483  31.734  32.617 0.0000000000
113810  -55.687  30.988  32.186 0.0000000000
113815  -50.565  31.243  32.039 0.0000000000
113816  -52.046  31.562  32.249 0.0000000000
113818  -53.589  32.460  32.225 0.0000000000
113820  -56.192  31.249  31.527 0.0000000000
113827  -49.489  31.714  30.774 0.0000000000
113829  -56.334  31.589  30.722 0.0000000000
113837  -45.789  31.334  29.418 0.0000000000
113838  -46.668  31.463  29.589 0.0000000000
113839  -47.564  31.650  29.707 0.0000000000
113844  -56.167  32.169  30.234 0.0000000000
113882  -52.146  31.820  26.810 0.0000000000
113890  -51.101  31.729  25.918 0.0000000000
113951  -54.764  31.714  14.741 0.0000000000
113960  -56.367  31.657  14.243 0.0000000000
113998  -54.079  30.882  11.044 0.0000000000
114004  -53.511  30.737  10.605 0.0000000000
114013  -52.079  30.907  9.040 0.0000000000
114026  -51.137  31.061  7.664 0.0000000000
114602  -54.100  32.060  32.584 0.0000000000
114603  -54.679  32.209  32.431 0.0000000000
114615  -54.733  32.840  32.060 0.0000000000
114624  -55.736  32.781  31.135 0.0000000000
114645  -49.600  32.893  28.891 0.0000000000
114665  -52.924  32.142  27.249 0.0000000000
114687  -51.005  32.166  25.245 0.0000000000
114698  -50.940  32.439  24.609 0.0000000000
114716  -56.980  33.126  22.628 0.0000000000
114725  -49.313  32.817  23.341 0.0000000000
114750  -56.764  32.643  21.509 0.0000000000
114779  -57.088  32.889  19.612 0.0000000000
114795  -57.072  32.754  17.441 0.0000000000
114826  -56.864  32.064  14.619 0.0000000000
114848  -54.730  31.939  11.783 0.0000000000
114850  -55.656  31.643  12.735 0.0000000000
114857  -53.338  31.930  10.814 0.0000000000
114865  -52.280  31.865  9.966 0.0000000000
114887  -51.481  31.700  8.225 0.0000000000
115464  -55.071  33.259  31.549 0.0000000000
115478  -52.329  34.077  30.093 0.0000000000
115493  -45.695  33.312  26.653 0.0000000000
115494  -46.606  33.273  26.905 0.0000000000
115496  -49.319  33.730  27.886 0.0000000000
115510  -56.123  34.231  26.131 0.0000000000
115520  -56.323  33.941  25.298 0.0000000000
115521  -56.407  34.390  25.224 0.0000000000
115541  -53.147  33.229  22.030 0.0000000000
115558  -57.316  33.068  21.398 0.0000000000
115634  -48.868  33.941  15.968 0.0000000000
115677  -56.688  32.564  13.847 0.0000000000
115712  -50.661  33.122  8.914 0.0000000000
115740  -51.356  33.565  6.208 0.0000000000
115750  -50.656  33.420  5.539 0.0000000000
115751  -51.362  34.153  5.715 0.0000000000
115754  -47.191  33.330  4.028 0.0000000000
115756  -48.645  33.316  4.464 0.0000000000
116324  -53.232  34.174  30.715 0.0000000000
116327  -55.199  34.162  30.342 0.0000000000
116335  -53.796  35.360  30.231 0.0000000000
116336  -54.747  35.184  29.810 0.0000000000
116337  -55.279  34.525  29.579 0.0000000000
116341  -50.096  34.161  28.118 0.0000000000
116361  -47.008  34.645  26.310 0.0000000000
116387  -56.875  34.254  22.540 0.0000000000
116473  -56.609  34.611  15.151 0.0000000000
116505  -50.378  33.818  11.260 0.0000000000
116526  -50.223  33.736  8.660 0.0000000000
116534  -50.077  34.572  8.443 0.0000000000
116551  -51.735  34.547  6.071 0.0000000000
116557  -48.756  33.842  4.493 0.0000000000
117140  -54.214  35.385  30.150 0.0000000000
117153  -52.995  36.717  29.102 0.0000000000
117154  -53.566  36.521  29.305 0.0000000000
117163  -51.363  36.469  28.064 0.0000000000
117164  -55.193  35.664  27.813 0.0000000000
117172  -49.262  35.889  26.705 0.0000000000
117173  -55.686  35.398  26.409 0.0000000000
117184  -43.740  35.317  25.173 0.0000000000
117185  -44.662  35.175  25.430 0.0000000000
117188  -47.173  35.755  25.693 0.0000000000
117204  -56.352  34.997  25.166 0.0000000000
117211  -56.056  35.411  24.463 0.0000000000
117222  -55.166  35.217  21.847 0.0000000000
117230  -54.846  35.207  20.987 0.0000000000
117265  -55.808  36.251  15.003 0.0000000000
117272  -50.791  35.711  14.238 0.0000000000
117273  -51.723  35.721  14.304 0.0000000000
117277  -56.165  35.377  14.754 0.0000000000
117293  -48.850  35.613  12.678 0.0000000000
117294  -49.608  35.140  12.876 0.0000000000
117344  -51.249  35.687  5.953 0.0000000000
117345  -51.731  35.407  6.174 0.0000000000
117960  -53.458  37.081  28.805 0.0000000000
117963  -50.122  36.334  27.028 0.0000000000
117968  -54.635  36.477  28.052 0.0000000000
117984  -48.360  36.605  25.611 0.0000000000
117985  -49.201  36.946  25.879 0.0000000000
117987  -55.440  36.056  25.684 0.0000000000
118017  -54.717  36.171  23.973 0.0000000000
118032  -53.041  36.256  20.502 0.0000000000
118041  -53.129  36.694  19.513 0.0000000000
118058  -55.568  36.641  16.560 0.0000000000
118064  -55.860  36.322  15.352 0.0000000000
118074  -53.908  37.257  14.907 0.0000000000
118075  -55.450  36.908  14.922 0.0000000000
118082  -52.254  36.287  14.692 0.0000000000
118083  -53.328  36.493  14.573 0.0000000000
118127  -48.938  37.082  9.925 0.0000000000
118139  -51.753  37.150  7.235 0.0000000000
118154  -50.466  36.218  6.223 0.0000000000
118786  -51.367  37.450  27.206 0.0000000000
118787  -52.123  37.733  27.550 0.0000000000
118788  -52.826  37.902  27.751 0.0000000000
118789  -53.472  37.736  27.752 0.0000000000
118799  -53.643  37.627  26.470 0.0000000000
118807  -50.500  37.577  25.809 0.0000000000
118808  -51.280  37.660  26.168 0.0000000000
118821  -49.265  37.626  24.786 0.0000000000
118838  -48.298  37.791  23.661 0.0000000000
118864  -52.736  37.486  19.796 0.0000000000
118865  -53.239  37.748  19.119 0.0000000000
118882  -55.468  37.628  16.071 0.0000000000
118892  -55.473  37.488  15.510 0.0000000000
118901  -48.391  37.629  15.488 0.0000000000
118903  -51.074  37.230  15.632 0.0000000000
118906  -54.958  37.473  14.876 0.0000000000
118944  -47.887  37.134  11.035 0.0000000000
118956  -48.495  37.635  10.371 0.0000000000
118967  -50.331  37.778  9.148 0.0000000000
118987  -51.661  37.535  7.153 0.0000000000
119533  -52.015  37.767  26.484 0.0000000000
119534  -52.788  37.847  26.573 0.0000000000
119565  -50.064  38.493  23.765 0.0000000000
119566  -50.741  38.439  23.836 0.0000000000
119576  -47.948  38.795  22.671 0.0000000000
119605  -54.473  39.206  17.917 0.0000000000
119616  -54.729  39.335  16.646 0.0000000000
119626  -49.672  38.155  16.362 0.0000000000
119639  -47.928  38.269  15.828 0.0000000000
119652  -46.474  38.312  14.199 0.0000000000
119667  -46.343  38.410  13.406 0.0000000000
119686  -46.879  38.111  11.933 0.0000000000
119699  -46.809  39.017  11.628 0.0000000000
119707  -47.442  38.506  11.188 0.0000000000
119714  -49.021  38.285  10.079 0.0000000000
119717  -52.002  39.069  8.612 0.0000000000
119729  -52.134  38.792  7.817 0.0000000000
119742  -51.936  38.868  7.409 0.0000000000
120266  -49.503  38.946  23.101 0.0000000000
120268  -51.016  38.939  23.214 0.0000000000
120277  -51.426  39.579  22.782 0.0000000000
120301  -49.341  39.735  18.038 0.0000000000
120302  -50.216  39.698  17.980 0.0000000000
120303  -54.343  39.968  18.369 0.0000000000
120315  -53.145  40.048  17.227 0.0000000000
120317  -54.380  39.919  17.278 0.0000000000
120327  -45.734  39.934  16.215 0.0000000000
120328  -46.452  39.687  16.432 0.0000000000
120329  -47.635  39.196  16.627 0.0000000000
120330  -48.927  39.046  17.075 0.0000000000
120332  -50.991  38.964  17.000 0.0000000000
120333  -52.636  39.416  16.854 0.0000000000
120334  -53.714  39.655  16.678 0.0000000000
120335  -54.416  39.579  16.619 0.0000000000
120346  -47.441  38.857  16.098 0.0000000000
120363  -45.959  38.890  14.030 0.0000000000
120398  -46.018  39.963  12.353 0.0000000000
120404  -47.310  39.654  11.300 0.0000000000
120424  -52.257  40.302  8.502 0.0000000000
120438  -52.278  39.578  8.206 0.0000000000
120447  -51.535  39.390  7.447 0.0000000000
120449  -52.129  40.082  7.857 0.0000000000
120978  -47.024  40.940  23.034 0.0000000000
120982  -47.908  40.586  22.734 0.0000000000
120983  -48.653  40.323  22.665 0.0000000000
120988  -53.360  40.992  21.603 0.0000000000
121008  -47.910  40.592  19.275 0.0000000000
121009  -48.887  40.624  19.373 0.0000000000
121012  -52.250  41.257  18.755 0.0000000000
121013  -54.306  41.341  19.036 0.0000000000
121030  -54.186  41.142  18.515 0.0000000000
121033  -44.562  40.505  17.483 0.0000000000
121035  -46.290  40.209  17.662 0.0000000000
121040  -54.042  40.761  17.953 0.0000000000
121045  -45.915  40.113  16.880 0.0000000000
121059  -44.665  40.969  14.050 0.0000000000
121078  -46.464  40.728  11.924 0.0000000000
121088  -50.207  41.071  10.716 0.0000000000
121094  -48.955  40.259  10.722 0.0000000000
121097  -52.296  41.431  9.477 0.0000000000
121121  -52.181  40.593  8.259 0.0000000000
121132  -51.734  40.123  7.701 0.0000000000
121625  -51.172  41.916  23.404 0.0000000000
121626  -52.691  42.452  23.385 0.0000000000
121631  -49.782  41.238  23.033 0.0000000000
121634  -52.880  41.913  22.955 0.0000000000
121635  -53.486  42.181  22.362 0.0000000000
121645  -49.033  41.330  20.240 0.0000000000
121646  -50.195  41.515  20.228 0.0000000000
121648  -54.110  42.582  20.080 0.0000000000
121661  -53.571  42.216  19.175 0.0000000000
121662  -53.999  42.195  19.320 0.0000000000
121673  -53.850  41.793  18.760 0.0000000000
121674  -54.132  41.685  18.887 0.0000000000
121682  -41.813  41.750  17.973 0.0000000000
121683  -42.536  41.429  17.498 0.0000000000
121691  -42.554  41.864  16.540 0.0000000000
121708  -44.796  41.785  13.368 0.0000000000
121750  -50.854  42.057  8.670 0.0000000000
122233  -51.474  43.232  24.410 0.0000000000
122235  -52.670  43.677  23.854 0.0000000000
122237  -48.766  42.565  24.064 0.0000000000
122241  -52.773  43.119  23.653 0.0000000000
122256  -54.092  42.980  21.057 0.0000000000
122269  -52.345  42.875  20.505 0.0000000000
122270  -53.320  43.149  20.258 0.0000000000
122277  -53.154  42.615  19.651 0.0000000000
122283  -40.708  42.802  17.827 0.0000000000
122284  -41.419  42.357  17.478 0.0000000000
122292  -44.381  42.603  13.684 0.0000000000
122302  -45.720  42.655  12.656 0.0000000000
122305  -48.137  42.911  12.190 0.0000000000
122317  -46.855  42.091  12.085 0.0000000000
122840  -48.578  43.899  26.493 0.0000000000
122841  -49.576  44.220  26.381 0.0000000000
122862  -51.916  44.380  25.086 0.0000000000
122863  -52.181  44.537  24.650 0.0000000000
122884  -49.164  43.958  22.613 0.0000000000
122889  -53.441  43.449  22.628 0.0000000000
122899  -52.810  43.844  21.469 0.0000000000
122901  -53.589  43.556  21.959 0.0000000000
122906  -52.840  43.453  20.844 0.0000000000
122908  -53.759  43.430  21.268 0.0000000000
122914  -39.624  44.014  18.420 0.0000000000
122921  -42.072  43.213  15.986 0.0000000000
122925  -43.055  43.662  15.065 0.0000000000
122936  -46.300  43.144  12.566 0.0000000000
123439  -47.574  44.360  28.072 0.0000000000
123441  -49.976  45.374  27.162 0.0000000000
123453  -50.565  45.074  26.632 0.0000000000
123467  -51.573  44.876  25.612 0.0000000000
123483  -52.034  44.985  24.486 0.0000000000
123506  -52.658  44.454  23.399 0.0000000000
123539  -40.524  44.424  17.021 0.0000000000
123541  -42.002  44.967  16.108 0.0000000000
123543  -42.375  44.526  15.739 0.0000000000
123550  -44.796  44.197  13.729 0.0000000000
123551  -45.484  44.765  13.781 0.0000000000
123553  -46.780  44.708  13.353 0.0000000000
124052  -48.287  46.118  28.825 0.0000000000
124091  -47.689  46.131  24.679 0.0000000000
124092  -49.021  46.089  24.674 0.0000000000
124093  -50.007  46.043  24.785 0.0000000000
124094  -50.903  45.954  24.851 0.0000000000
124108  -48.550  45.611  24.095 0.0000000000
124109  -49.568  45.604  24.166 0.0000000000
124110  -50.601  45.586  24.215 0.0000000000
124111  -51.463  45.412  24.285 0.0000000000
124129  -39.147  45.498  18.715 0.0000000000
124133  -41.070  46.110  16.968 0.0000000000
124135  -41.555  45.520  16.524 0.0000000000
124137  -43.181  45.851  16.014 0.0000000000
124146  -44.237  45.042  14.778 0.0000000000
124636  -49.604  46.510  26.718 0.0000000000
124637  -50.267  46.185  26.439 0.0000000000
124645  -49.051  46.655  25.840 0.0000000000
124650  -48.399  46.454  25.229 0.0000000000
124678  -39.749  46.583  17.831 0.0000000000
124679  -40.564  46.748  17.434 0.0000000000
125221  -39.293  47.518  20.616 0.0000000000
125226  -38.994  47.135  19.068 0.0000000000
125234  -39.445  47.152  18.343 0.0000000000
125236  -41.001  47.533  17.559 0.0000000000
125247  -42.735  47.113  16.938 0.0000000000
125249  -44.378  47.204  16.994 0.0000000000
125820  -39.370  48.552  19.618 0.0000000000
125821  -39.848  48.975  19.209 0.0000000000
125830  -41.962  48.913  18.210 0.0000000000
125831  -42.894  48.944  18.129 0.0000000000
125844  -44.347  48.298  17.747 0.0000000000
126438  -40.048  49.151  20.665 0.0000000000
126466  -40.616  49.347  18.924 0.0000000000
126467  -41.490  49.497  18.740 0.0000000000
127060  -40.978  50.113  20.986 0.0000000000
127068  -42.312  51.008  20.379 0.0000000000
127078  -42.467  50.607  19.684 0.0000000000
127079  -44.073  50.693  19.381 0.0000000000
127093  -42.852  50.092  19.102 0.0000000000
127094  -43.670  50.133  19.002 0.0000000000
127624  -42.898  51.090  20.018 0.0000000000
138092  -52.278  33.382  22.047 0.0000000000
138180  -47.198  42.530  24.761 0.0000000000
138192  -52.087  40.362  22.555 0.0000000000
140325  -50.027  33.683  5.110 0.0000000000
140594  -48.466  46.835  27.393 0.0000000000
140788  -51.434  33.541  29.752 0.0000000000
141248  -55.246  28.436  32.289 0.0000000000
141292  -57.141  32.605  15.310 0.0000000000
142272  -48.212  34.501  17.402 0.0000000000
142345  -50.384  28.635  31.813 0.0000000000
142729  -56.946  33.616  14.857 0.0000000000
142940  -45.896  39.189  14.934 0.0000000000
143336  -55.254  31.368  29.715 0.0000000000
143433  -56.938  33.436  19.324 0.0000000000
144698  -55.278  31.260  12.235 0.0000000000
144911  -48.038  37.295  14.888 0.0000000000
145558  -44.944  49.751  18.780 0.0000000000
145801  -42.612  43.008  15.460 0.0000000000
146187  -51.083  44.839  26.130 0.0000000000
146410  -44.560  40.654  15.044 0.0000000000
147014  -48.764  25.212  30.303 0.0000000000
147207  -57.591  27.235  27.983 0.0000000000
147452  -40.048  43.362  18.165 0.0000000000
148242  -54.355  37.191  26.279 0.0000000000
148345  -50.226  37.123  15.564 0.0000000000
148368  -51.382  34.229  7.054 0.0000000000
148395  -49.553  42.980  24.402 0.0000000000
148790  -52.446  38.717  20.742 0.0000000000
148826  -47.385  45.019  28.865 0.0000000000
150047  -48.733  39.491  17.572 0.0000000000
150450  -52.779  44.082  23.649 0.0000000000
150456  -52.061  44.083  21.973 0.0000000000
151440  -53.400  33.357  19.252 0.0000000000
151720  -56.272  32.248  16.938 0.0000000000
151777  -56.775  32.664  19.967 0.0000000000
151827  -55.790  34.244  27.148 0.0000000000
152439  -56.800  34.327  23.179 0.0000000000
152787  -45.521  49.333  18.663 0.0000000000
153198  -46.920  43.574  12.597 0.0000000000
154054  -43.833  42.918  14.213 0.0000000000
155450  -48.184  44.233  12.810 0.0000000000
155576  -53.746  31.372  29.018 0.0000000000
155765  -49.713  36.662  6.552 0.0000000000
156394  -56.237  32.111  13.298 0.0000000000
156660  -53.942  33.067  22.050 0.0000000000
156869  -44.875  45.377  14.807 0.0000000000
157074  -48.780  31.679  30.444 0.0000000000
157436  -51.881  32.558  10.518 0.0000000000
157454  -53.535  32.441  11.395 0.0000000000
158107  -46.278  39.321  12.147 0.0000000000
158954  -57.002  32.807  19.035 0.0000000000
158996  -50.378  34.727  12.838 0.0000000000
159389  -49.944  32.123  6.067 0.0000000000
159904  -56.374  35.054  24.618 0.0000000000
160012  -48.454  32.710  5.808 0.0000000000
160022  -51.760  39.257  17.009 0.0000000000
160435  -52.418  39.734  21.783 0.0000000000
160678  -49.647  35.144  8.998 0.0000000000
161326  -50.936  46.009  25.436 0.0000000000
162577  -56.898  32.232  14.163 0.0000000000
162627  -55.943  35.152  22.917 0.0000000000
162719  -51.121  41.654  20.007 0.0000000000
163284  -45.400  40.241  16.894 0.0000000000
163295  -54.775  31.197  32.665 0.0000000000
163695  -47.277  33.266  27.199 0.0000000000
164372  -52.192  44.437  22.532 0.0000000000
164602  -47.143  29.464  32.464 0.0000000000
164775  -49.878  31.511  6.882 0.0000000000
164876  -54.589  38.674  15.703 0.0000000000
165024  -45.386  40.521  13.154 0.0000000000
165888  -49.925  32.690  13.762 0.0000000000
165918  -51.800  34.965  6.522 0.0000000000
166092  -54.164  33.156  20.750 0.0000000000
166333  -47.255  31.366  23.936 0.0000000000
