#!ascii label  , from subject sub-LJ001 vox2ras=TkReg
2034
59513  -41.843  -20.350  58.793 0.0000000000
78830  -54.481  -3.595  43.654 0.0000000000
66513  -48.575  -14.588  45.484 0.0000000000
46365  -5.566  -33.851  55.651 0.0000000000
59490  -26.289  -20.079  60.675 0.0000000000
146957  -4.984  -24.130  58.616 0.0000000000
146549  -6.727  -24.859  63.264 0.0000000000
76475  -49.653  -6.462  48.504 0.0000000000
60737  -11.092  -20.517  55.813 0.0000000000
150810  -8.729  -37.653  65.713 0.0000000000
58441  -42.143  -22.743  49.711 0.0000000000
59534  -36.671  -21.298  56.230 0.0000000000
62942  -34.924  -18.423  60.697 0.0000000000
82015  -57.220  -0.072  40.682 0.0000000000
72286  -50.241  -10.964  46.734 0.0000000000
51887  -23.018  -27.039  55.339 0.0000000000
65290  -5.794  -16.815  57.333 0.0000000000
51885  -9.288  -28.510  56.438 0.0000000000
144593  -7.297  -25.987  52.981 0.0000000000
49695  -4.616  -30.898  51.919 0.0000000000
141023  -13.882  -28.777  64.839 0.0000000000
49501  -11.595  -30.984  67.920 0.0000000000
64212  -47.457  -16.529  48.413 0.0000000000
61749  -32.194  -18.512  64.697 0.0000000000
61826  -28.435  -18.838  57.310 0.0000000000
147655  -3.551  -26.047  61.361 0.0000000000
159848  -9.261  -30.416  61.654 0.0000000000
77646  -52.124  -4.838  45.886 0.0000000000
52870  -16.120  -26.717  60.672 0.0000000000
50717  -19.924  -28.339  58.469 0.0000000000
58301  -8.545  -22.835  57.730 0.0000000000
58415  -7.311  -23.230  50.802 0.0000000000
148664  -10.079  -23.941  67.302 0.0000000000
144244  -8.792  -31.419  65.184 0.0000000000
42802  -6.449  -36.369  60.873 0.0000000000
59526  -43.293  -20.435  57.830 0.0000000000
155361  -40.431  -22.175  55.743 0.0000000000
57216  -42.193  -22.122  53.971 0.0000000000
145663  -39.572  -20.765  57.781 0.0000000000
138084  -38.253  -22.265  55.056 0.0000000000
60689  -39.098  -19.730  59.980 0.0000000000
79912  -56.114  -1.913  42.070 0.0000000000
158859  -53.194  -5.244  41.990 0.0000000000
78865  -54.500  -4.300  40.239 0.0000000000
79945  -55.497  -3.111  39.051 0.0000000000
69046  -49.463  -12.783  45.712 0.0000000000
64250  -46.027  -15.907  44.248 0.0000000000
66550  -46.652  -15.382  43.212 0.0000000000
70231  -47.315  -12.794  43.371 0.0000000000
145181  -9.378  -31.902  56.035 0.0000000000
48600  -9.155  -30.637  53.908 0.0000000000
48577  -6.125  -32.324  54.176 0.0000000000
46419  -3.914  -33.118  50.582 0.0000000000
44106  -3.956  -34.944  52.988 0.0000000000
48460  -14.623  -31.531  62.502 0.0000000000
47403  -14.108  -33.153  65.602 0.0000000000
63011  -47.016  -17.414  50.412 0.0000000000
60796  -43.848  -19.707  50.992 0.0000000000
60821  -41.769  -20.958  48.641 0.0000000000
61903  -44.303  -18.747  50.161 0.0000000000
63038  -45.329  -17.196  48.664 0.0000000000
65208  -34.072  -16.876  65.709 0.0000000000
61831  -33.025  -18.756  57.006 0.0000000000
61815  -31.504  -18.513  58.385 0.0000000000
84221  -57.079  1.028  37.153 0.0000000000
86413  -58.055  2.396  36.211 0.0000000000
55044  -5.028  -25.306  62.510 0.0000000000
50689  -5.502  -28.692  60.934 0.0000000000
50645  -5.838  -29.155  63.166 0.0000000000
77644  -50.688  -5.156  46.889 0.0000000000
74417  -47.933  -8.309  45.936 0.0000000000
76508  -48.406  -6.999  45.512 0.0000000000
165010  -50.022  -6.343  43.744 0.0000000000
57134  -15.876  -23.464  63.276 0.0000000000
164645  -18.522  -23.541  62.412 0.0000000000
60671  -5.700  -20.165  61.229 0.0000000000
62934  -7.223  -19.236  60.068 0.0000000000
58293  -6.478  -23.067  58.867 0.0000000000
150465  -6.631  -26.812  49.954 0.0000000000
56219  -6.329  -24.209  52.441 0.0000000000
55240  -6.461  -25.537  48.890 0.0000000000
151310  -11.720  -23.988  68.734 0.0000000000
45137  -10.840  -34.663  67.509 0.0000000000
48416  -9.840  -31.473  67.201 0.0000000000
45157  -9.387  -34.733  65.623 0.0000000000
45181  -8.959  -34.646  63.155 0.0000000000
41509  -7.200  -37.325  63.850 0.0000000000
58390  -42.926  -21.365  52.275 0.0000000000
62878  -35.783  -18.073  64.130 0.0000000000
61767  -37.076  -18.517  62.259 0.0000000000
61820  -36.393  -19.322  58.674 0.0000000000
84187  -58.819  1.738  40.299 0.0000000000
146572  -56.313  -1.177  38.369 0.0000000000
164553  -49.827  -8.192  48.487 0.0000000000
72314  -47.627  -10.519  44.332 0.0000000000
154233  -24.408  -21.283  56.833 0.0000000000
57159  -23.668  -22.808  58.122 0.0000000000
62968  -8.529  -18.456  56.687 0.0000000000
52934  -5.099  -26.742  56.842 0.0000000000
56185  -4.848  -25.320  55.686 0.0000000000
52969  -8.353  -27.292  54.454 0.0000000000
50805  -8.049  -28.789  52.036 0.0000000000
50821  -3.994  -28.888  49.833 0.0000000000
54986  -13.756  -25.389  66.673 0.0000000000
52792  -12.739  -27.151  67.345 0.0000000000
50611  -13.359  -29.005  66.677 0.0000000000
154826  -12.851  -34.462  67.180 0.0000000000
144418  -48.040  -16.005  47.048 0.0000000000
145339  -45.496  -16.152  46.133 0.0000000000
60664  -29.051  -19.637  62.466 0.0000000000
163969  -33.505  -18.592  62.570 0.0000000000
61789  -30.235  -18.943  60.553 0.0000000000
60710  -27.405  -19.305  58.708 0.0000000000
60669  -4.153  -20.871  61.735 0.0000000000
60660  -2.819  -20.809  63.166 0.0000000000
56157  -3.570  -24.824  59.616 0.0000000000
51859  -5.554  -28.026  58.740 0.0000000000
50714  -9.446  -29.683  59.465 0.0000000000
46324  -9.215  -32.975  58.644 0.0000000000
78791  -53.524  -4.187  45.625 0.0000000000
76541  -51.732  -5.750  43.200 0.0000000000
56125  -14.398  -24.732  65.349 0.0000000000
52856  -14.428  -26.994  62.524 0.0000000000
48487  -15.648  -31.597  60.544 0.0000000000
55088  -23.355  -24.391  59.580 0.0000000000
52862  -22.419  -26.008  60.878 0.0000000000
53936  -20.547  -26.022  62.446 0.0000000000
51838  -18.641  -27.663  60.235 0.0000000000
48502  -16.397  -31.224  59.198 0.0000000000
65266  -5.717  -16.108  59.616 0.0000000000
61812  -8.110  -19.352  58.599 0.0000000000
59520  -10.143  -21.180  57.170 0.0000000000
57203  -6.047  -24.249  54.773 0.0000000000
57206  -7.765  -23.557  54.704 0.0000000000
58364  -9.281  -23.035  53.757 0.0000000000
154028  -9.005  -24.199  65.678 0.0000000000
157580  -10.750  -26.862  67.450 0.0000000000
52798  -8.659  -28.378  66.518 0.0000000000
51791  -7.148  -28.965  65.256 0.0000000000
48449  -8.579  -31.237  63.931 0.0000000000
46305  -8.865  -34.219  60.624 0.0000000000
45220  -6.041  -35.034  58.626 0.0000000000
38900  -6.001  -39.869  63.191 0.0000000000
40226  -5.278  -38.722  60.611 0.0000000000
42873  -4.269  -36.468  54.720 0.0000000000
59525  -42.597  -20.545  58.006 0.0000000000
60694  -42.804  -19.552  59.431 0.0000000000
155707  -40.851  -21.339  56.934 0.0000000000
58321  -42.024  -21.343  56.560 0.0000000000
59512  -40.764  -20.463  58.641 0.0000000000
137882  -39.616  -21.756  56.509 0.0000000000
60692  -41.481  -19.784  60.021 0.0000000000
59491  -40.760  -20.023  59.784 0.0000000000
79898  -55.478  -2.420  43.315 0.0000000000
78846  -53.991  -4.249  43.058 0.0000000000
77709  -53.999  -4.830  40.506 0.0000000000
78848  -54.655  -3.659  41.662 0.0000000000
78860  -54.851  -3.496  40.920 0.0000000000
67811  -48.901  -13.966  45.311 0.0000000000
69018  -50.483  -13.146  46.785 0.0000000000
68996  -50.625  -13.601  47.188 0.0000000000
65421  -46.249  -15.830  43.156 0.0000000000
66520  -47.811  -14.889  44.819 0.0000000000
67822  -47.923  -13.993  44.209 0.0000000000
47505  -7.483  -33.295  55.874 0.0000000000
47557  -7.637  -32.379  54.785 0.0000000000
47527  -5.385  -33.333  54.968 0.0000000000
47552  -3.815  -33.005  53.992 0.0000000000
46363  -3.972  -34.024  55.038 0.0000000000
143198  -14.965  -33.990  60.968 0.0000000000
46280  -14.620  -33.917  62.539 0.0000000000
60797  -44.760  -19.060  51.316 0.0000000000
60807  -43.638  -19.584  50.428 0.0000000000
61893  -45.472  -18.528  51.054 0.0000000000
63024  -45.845  -17.669  49.754 0.0000000000
84223  -58.432  1.955  38.219 0.0000000000
85297  -57.772  2.016  36.635 0.0000000000
87476  -59.881  3.820  37.054 0.0000000000
55045  -5.891  -25.110  62.823 0.0000000000
52841  -4.856  -27.375  62.439 0.0000000000
53914  -6.254  -26.779  63.448 0.0000000000
77625  -49.799  -5.645  48.123 0.0000000000
78726  -50.522  -4.476  49.274 0.0000000000
75431  -48.775  -7.463  47.297 0.0000000000
75441  -48.011  -7.685  45.794 0.0000000000
76495  -48.829  -6.592  46.347 0.0000000000
77659  -49.671  -5.940  45.925 0.0000000000
58271  -19.125  -22.427  63.972 0.0000000000
140761  -19.951  -23.484  63.712 0.0000000000
147431  -26.898  -20.329  62.020 0.0000000000
59480  -25.237  -20.653  61.354 0.0000000000
62974  -9.690  -18.546  55.731 0.0000000000
59495  -5.589  -22.294  60.147 0.0000000000
59496  -6.466  -21.993  59.968 0.0000000000
58292  -5.795  -23.272  59.039 0.0000000000
53062  -5.182  -27.657  49.153 0.0000000000
54122  -6.358  -26.329  49.366 0.0000000000
54142  -5.566  -27.026  48.454 0.0000000000
58212  -11.699  -22.412  69.543 0.0000000000
56100  -12.659  -23.992  69.050 0.0000000000
41472  -9.659  -37.144  66.768 0.0000000000
165366  -9.922  -34.984  66.566 0.0000000000
42737  -9.148  -36.324  66.111 0.0000000000
44009  -8.683  -36.031  64.734 0.0000000000
41497  -7.706  -37.488  64.468 0.0000000000
155644  -43.375  -21.183  54.713 0.0000000000
58371  -42.662  -21.842  53.521 0.0000000000
59568  -43.651  -20.866  53.517 0.0000000000
59585  -43.733  -20.616  52.765 0.0000000000
60713  -38.024  -20.332  58.071 0.0000000000
61793  -37.751  -19.379  59.906 0.0000000000
60724  -36.506  -20.372  57.313 0.0000000000
60722  -34.737  -19.992  56.842 0.0000000000
83108  -57.630  0.500  40.079 0.0000000000
80979  -56.223  -1.662  39.954 0.0000000000
163609  -56.024  -1.848  38.572 0.0000000000
82025  -56.652  -0.681  39.154 0.0000000000
143874  -57.637  0.691  39.229 0.0000000000
73360  -49.519  -9.606  47.398 0.0000000000
74381  -50.714  -8.389  49.477 0.0000000000
73341  -50.634  -9.727  48.513 0.0000000000
71239  -48.642  -11.680  45.065 0.0000000000
71263  -47.302  -12.098  43.372 0.0000000000
72300  -48.674  -10.658  45.527 0.0000000000
147157  -48.625  -9.650  46.439 0.0000000000
65289  -5.170  -16.875  56.829 0.0000000000
64126  -7.090  -17.544  56.491 0.0000000000
64118  -7.103  -17.656  57.391 0.0000000000
51882  -6.814  -27.518  57.138 0.0000000000
52937  -6.794  -27.003  55.873 0.0000000000
51893  -9.343  -28.385  55.377 0.0000000000
49680  -6.715  -31.134  52.959 0.0000000000
49698  -8.367  -29.760  52.720 0.0000000000
49710  -6.103  -30.017  51.731 0.0000000000
50803  -6.438  -29.124  51.252 0.0000000000
50801  -4.303  -29.608  50.953 0.0000000000
149577  -3.698  -30.807  51.226 0.0000000000
52810  -13.695  -27.376  65.315 0.0000000000
51769  -13.372  -28.076  66.355 0.0000000000
50622  -13.777  -29.217  65.372 0.0000000000
44003  -13.803  -35.329  65.380 0.0000000000
154559  -13.578  -34.189  66.468 0.0000000000
42739  -13.274  -36.033  65.961 0.0000000000
42724  -12.313  -36.243  67.154 0.0000000000
65363  -48.114  -16.175  47.850 0.0000000000
64210  -46.105  -16.723  48.166 0.0000000000
64223  -44.948  -16.395  46.952 0.0000000000
162842  -46.448  -16.503  47.540 0.0000000000
65369  -46.873  -16.092  45.977 0.0000000000
61745  -31.071  -18.713  65.188 0.0000000000
60657  -29.507  -19.589  64.078 0.0000000000
60666  -30.644  -19.167  63.087 0.0000000000
62913  -35.637  -18.376  62.708 0.0000000000
62892  -34.696  -18.321  63.604 0.0000000000
143816  -34.483  -18.466  62.316 0.0000000000
61828  -30.107  -18.549  57.807 0.0000000000
61802  -31.105  -18.641  59.445 0.0000000000
61814  -29.675  -18.624  58.816 0.0000000000
61800  -28.481  -19.176  59.806 0.0000000000
155062  -27.596  -19.146  57.763 0.0000000000
60730  -26.167  -19.665  56.816 0.0000000000
57129  -3.750  -23.322  62.824 0.0000000000
57141  -3.000  -23.129  61.965 0.0000000000
58282  -3.290  -23.024  61.262 0.0000000000
138936  -3.398  -25.467  60.268 0.0000000000
52895  -4.414  -27.417  58.734 0.0000000000
52869  -3.739  -27.104  60.212 0.0000000000
49586  -7.542  -29.483  61.459 0.0000000000
50712  -7.302  -28.780  59.984 0.0000000000
50693  -9.010  -29.535  60.500 0.0000000000
48501  -10.001  -31.428  58.702 0.0000000000
48486  -10.097  -31.469  59.884 0.0000000000
77647  -53.052  -4.445  45.778 0.0000000000
78756  -53.253  -3.714  46.861 0.0000000000
78742  -52.751  -3.623  47.429 0.0000000000
77661  -51.573  -5.204  45.501 0.0000000000
76540  -51.117  -5.945  43.457 0.0000000000
77662  -52.056  -5.091  45.251 0.0000000000
77676  -52.746  -5.139  43.956 0.0000000000
58240  -15.603  -22.723  65.943 0.0000000000
56150  -16.184  -24.518  61.710 0.0000000000
55047  -14.883  -25.213  62.761 0.0000000000
52857  -14.830  -27.037  61.387 0.0000000000
51814  -14.826  -28.790  61.903 0.0000000000
147997  -15.899  -29.067  60.608 0.0000000000
163913  -23.564  -25.517  56.571 0.0000000000
158263  -23.500  -23.349  58.892 0.0000000000
54000  -23.507  -25.704  57.336 0.0000000000
50734  -20.898  -28.291  57.461 0.0000000000
51841  -22.373  -26.797  59.420 0.0000000000
51840  -21.841  -27.084  59.636 0.0000000000
52847  -21.920  -26.215  61.902 0.0000000000
51815  -20.839  -26.806  61.091 0.0000000000
52859  -19.602  -26.787  60.924 0.0000000000
50698  -19.757  -27.954  59.336 0.0000000000
48515  -17.153  -30.813  57.911 0.0000000000
65258  -5.857  -16.346  60.592 0.0000000000
59498  -8.029  -21.338  59.306 0.0000000000
61811  -7.685  -19.295  59.249 0.0000000000
159066  -8.790  -20.763  58.583 0.0000000000
60717  -9.053  -20.318  58.100 0.0000000000
59519  -9.584  -21.613  57.663 0.0000000000
54049  -5.800  -25.724  54.356 0.0000000000
56186  -5.468  -24.661  55.397 0.0000000000
54062  -5.919  -25.260  53.805 0.0000000000
57251  -6.651  -23.693  51.870 0.0000000000
57223  -7.236  -23.466  53.631 0.0000000000
58362  -7.814  -23.133  52.994 0.0000000000
58363  -8.343  -23.155  53.523 0.0000000000
58380  -8.102  -22.634  52.018 0.0000000000
58381  -9.044  -22.509  52.085 0.0000000000
54991  -9.459  -25.097  66.465 0.0000000000
51759  -12.527  -28.393  67.439 0.0000000000
52790  -11.645  -27.100  67.619 0.0000000000
50593  -11.171  -29.335  67.580 0.0000000000
150808  -9.264  -31.544  66.388 0.0000000000
50610  -9.032  -29.556  66.762 0.0000000000
49512  -8.153  -30.188  65.938 0.0000000000
52808  -7.608  -28.520  65.830 0.0000000000
49523  -7.912  -30.373  65.388 0.0000000000
49529  -7.170  -30.009  64.241 0.0000000000
48440  -8.636  -31.326  64.596 0.0000000000
44034  -7.557  -35.902  61.988 0.0000000000
45190  -9.173  -34.183  62.384 0.0000000000
45199  -7.374  -35.312  60.407 0.0000000000
45211  -8.027  -34.623  60.027 0.0000000000
44050  -5.882  -35.697  59.664 0.0000000000
143162  -5.470  -41.469  61.430 0.0000000000
157549  -5.479  -39.094  61.597 0.0000000000
59535  -43.905  -20.431  56.904 0.0000000000
56196  -39.985  -22.592  54.136 0.0000000000
56210  -40.877  -22.706  53.196 0.0000000000
57195  -41.527  -22.081  55.205 0.0000000000
58335  -42.639  -21.520  55.559 0.0000000000
59510  -38.213  -20.973  57.304 0.0000000000
58304  -38.996  -21.682  56.617 0.0000000000
57192  -39.435  -22.260  55.529 0.0000000000
59500  -39.532  -20.371  58.568 0.0000000000
143352  -56.395  -1.498  41.503 0.0000000000
77725  -54.055  -5.773  39.295 0.0000000000
78879  -54.622  -4.553  38.944 0.0000000000
78880  -55.013  -3.702  38.634 0.0000000000
78873  -54.960  -3.813  39.303 0.0000000000
79938  -55.852  -2.310  40.285 0.0000000000
71212  -50.209  -11.614  46.531 0.0000000000
72275  -51.005  -11.114  47.866 0.0000000000
71200  -51.087  -11.801  47.604 0.0000000000
71187  -51.854  -11.701  48.942 0.0000000000
64249  -45.178  -15.873  43.949 0.0000000000
65420  -45.234  -16.544  42.512 0.0000000000
65438  -45.693  -16.362  42.103 0.0000000000
141771  -46.195  -15.223  41.636 0.0000000000
67852  -46.204  -14.267  41.394 0.0000000000
67841  -46.924  -14.145  42.786 0.0000000000
70219  -48.285  -12.704  44.583 0.0000000000
49644  -10.208  -30.323  56.658 0.0000000000
49669  -10.185  -30.089  55.128 0.0000000000
48580  -9.123  -31.298  54.485 0.0000000000
48598  -7.458  -31.389  53.602 0.0000000000
48621  -4.858  -31.566  52.902 0.0000000000
48639  -3.825  -31.529  51.968 0.0000000000
48619  -3.790  -32.104  52.723 0.0000000000
45283  -3.781  -33.915  52.043 0.0000000000
50647  -14.301  -29.634  63.789 0.0000000000
148356  -14.135  -30.620  64.942 0.0000000000
48442  -14.358  -32.040  64.069 0.0000000000
64186  -47.324  -17.033  49.745 0.0000000000
59624  -42.528  -21.390  50.796 0.0000000000
59663  -41.931  -22.036  48.716 0.0000000000
60806  -42.750  -20.317  50.060 0.0000000000
60823  -43.316  -19.379  49.823 0.0000000000
145173  -42.628  -18.423  48.471 0.0000000000
63023  -44.591  -17.704  49.129 0.0000000000
63039  -46.066  -17.213  49.037 0.0000000000
62864  -33.017  -18.352  65.017 0.0000000000
62959  -33.591  -18.520  58.730 0.0000000000
62951  -33.440  -18.450  59.791 0.0000000000
61830  -32.010  -18.548  57.332 0.0000000000
61843  -30.509  -18.579  56.844 0.0000000000
84235  -57.073  1.511  36.444 0.0000000000
85316  -57.133  1.901  35.667 0.0000000000
86425  -57.781  2.675  34.743 0.0000000000
87496  -58.420  3.301  34.425 0.0000000000
53930  -3.905  -26.377  61.901 0.0000000000
51833  -4.413  -27.965  60.891 0.0000000000
142190  -4.642  -28.146  61.875 0.0000000000
50675  -5.515  -29.032  61.780 0.0000000000
142799  -7.383  -29.752  62.246 0.0000000000
77645  -51.516  -4.964  46.353 0.0000000000
166364  -51.450  -4.132  47.938 0.0000000000
75462  -46.952  -8.041  43.874 0.0000000000
75464  -48.122  -7.202  43.896 0.0000000000
139166  -49.322  -6.794  43.197 0.0000000000
76521  -49.082  -6.576  44.677 0.0000000000
77660  -50.746  -5.450  45.877 0.0000000000
58248  -16.624  -22.050  65.349 0.0000000000
58258  -17.610  -21.934  64.501 0.0000000000
57145  -17.573  -23.249  62.433 0.0000000000
55070  -17.240  -25.298  61.092 0.0000000000
49646  -19.850  -29.054  55.673 0.0000000000
49616  -18.472  -29.497  57.522 0.0000000000
62919  -6.201  -18.598  61.266 0.0000000000
64075  -6.454  -18.021  60.774 0.0000000000
61785  -6.571  -19.714  60.754 0.0000000000
59497  -7.330  -21.547  59.731 0.0000000000
58294  -7.357  -22.798  58.712 0.0000000000
54088  -7.491  -26.322  51.391 0.0000000000
54074  -6.927  -25.528  52.686 0.0000000000
55212  -7.151  -25.656  50.878 0.0000000000
55211  -6.839  -25.030  50.392 0.0000000000
154044  -6.996  -24.038  50.220 0.0000000000
60602  -11.089  -21.455  69.090 0.0000000000
57095  -10.841  -23.211  68.567 0.0000000000
165516  -10.636  -24.296  67.830 0.0000000000
146975  -11.310  -33.001  67.790 0.0000000000
48411  -10.473  -31.774  67.669 0.0000000000
46245  -10.547  -33.528  67.288 0.0000000000
46256  -9.702  -33.057  66.321 0.0000000000
46255  -9.395  -32.559  65.843 0.0000000000
46268  -9.197  -33.163  64.715 0.0000000000
143276  -8.918  -35.088  64.365 0.0000000000
44017  -8.277  -35.810  63.836 0.0000000000
42779  -6.490  -36.945  62.231 0.0000000000
57269  -41.991  -23.345  50.442 0.0000000000
57241  -41.724  -22.463  52.429 0.0000000000
57256  -41.945  -22.535  51.182 0.0000000000
58425  -42.147  -22.235  50.877 0.0000000000
59605  -43.411  -20.601  51.924 0.0000000000
59606  -44.295  -19.848  52.245 0.0000000000
137940  -35.955  -18.463  61.913 0.0000000000
154435  -38.521  -19.038  61.301 0.0000000000
61792  -36.725  -18.894  60.335 0.0000000000
61805  -35.852  -18.833  59.260 0.0000000000
61832  -34.656  -19.278  57.545 0.0000000000
81009  -55.639  -2.091  37.386 0.0000000000
83134  -57.039  0.531  37.762 0.0000000000
84208  -58.107  1.530  38.328 0.0000000000
75420  -49.614  -7.379  48.483 0.0000000000
76468  -50.068  -6.371  49.357 0.0000000000
75409  -50.393  -7.291  49.697 0.0000000000
70247  -46.537  -12.949  41.980 0.0000000000
158602  -47.630  -9.455  45.281 0.0000000000
74407  -48.766  -8.207  47.307 0.0000000000
138743  -24.912  -20.465  59.250 0.0000000000
58291  -24.446  -21.066  59.507 0.0000000000
140563  -24.095  -22.043  57.970 0.0000000000
149979  -23.645  -24.536  56.288 0.0000000000
64127  -8.002  -17.918  56.187 0.0000000000
62969  -9.323  -18.795  56.413 0.0000000000
56169  -4.282  -25.051  57.910 0.0000000000
56170  -4.800  -24.846  57.214 0.0000000000
54028  -5.197  -26.473  56.093 0.0000000000
52956  -6.702  -26.585  55.106 0.0000000000
52985  -7.929  -26.762  53.768 0.0000000000
149272  -9.477  -29.345  53.749 0.0000000000
51904  -8.841  -27.997  52.998 0.0000000000
53000  -8.325  -27.495  52.410 0.0000000000
51922  -6.918  -28.264  50.875 0.0000000000
54976  -13.156  -25.154  68.257 0.0000000000
53876  -13.322  -26.429  66.905 0.0000000000
51760  -13.058  -28.284  67.015 0.0000000000
49505  -12.780  -30.192  67.452 0.0000000000
48427  -13.858  -31.660  66.220 0.0000000000
48419  -13.524  -31.770  66.980 0.0000000000
47379  -12.209  -32.668  67.862 0.0000000000
45130  -11.814  -34.838  67.830 0.0000000000
41463  -10.754  -37.234  67.508 0.0000000000
38855  -9.415  -38.774  66.149 0.0000000000
65372  -48.729  -15.053  46.545 0.0000000000
66501  -49.919  -14.596  47.447 0.0000000000
66500  -49.404  -15.167  47.817 0.0000000000
59678  -41.776  -21.888  47.922 0.0000000000
64248  -44.336  -15.838  44.603 0.0000000000
65378  -47.137  -15.822  45.382 0.0000000000
60663  -28.405  -19.977  62.964 0.0000000000
59483  -27.546  -20.018  61.625 0.0000000000
138356  -35.483  -17.167  65.122 0.0000000000
152539  -33.808  -18.198  64.580 0.0000000000
61764  -32.678  -18.664  63.193 0.0000000000
62941  -32.756  -18.588  60.522 0.0000000000
61779  -32.138  -18.790  61.698 0.0000000000
152653  -31.279  -18.957  62.773 0.0000000000
61776  -29.822  -19.210  61.181 0.0000000000
60686  -28.223  -19.475  60.483 0.0000000000
60699  -26.586  -19.862  59.898 0.0000000000
60709  -25.940  -19.754  58.347 0.0000000000
87503  -59.073  4.088  33.947 0.0000000000
155021  -59.406  5.153  32.665 0.0000000000
89571  -59.615  5.825  32.491 0.0000000000
60670  -4.936  -20.887  61.323 0.0000000000
58284  -4.738  -22.563  60.344 0.0000000000
60668  -3.449  -21.053  62.094 0.0000000000
58283  -3.956  -22.922  60.582 0.0000000000
57152  -4.421  -24.148  59.133 0.0000000000
54013  -3.890  -26.217  58.162 0.0000000000
51870  -5.808  -27.699  58.050 0.0000000000
51872  -7.694  -27.911  57.658 0.0000000000
50710  -5.741  -28.492  60.170 0.0000000000
50729  -7.763  -28.592  59.143 0.0000000000
50746  -9.641  -29.397  57.732 0.0000000000
48530  -10.170  -30.795  57.333 0.0000000000
47485  -9.391  -32.376  57.319 0.0000000000
46350  -7.727  -33.540  56.708 0.0000000000
78810  -54.171  -3.783  44.631 0.0000000000
75497  -49.816  -6.817  42.428 0.0000000000
75498  -50.611  -6.741  41.716 0.0000000000
76561  -51.812  -6.465  41.171 0.0000000000
76542  -52.379  -5.520  43.022 0.0000000000
77689  -53.368  -4.729  43.543 0.0000000000
140033  -14.138  -24.914  66.145 0.0000000000
139219  -13.805  -26.799  64.891 0.0000000000
57124  -15.499  -23.361  64.379 0.0000000000
55046  -14.455  -25.506  63.777 0.0000000000
52830  -14.106  -27.728  63.988 0.0000000000
48461  -14.900  -31.516  61.677 0.0000000000
57151  -23.948  -21.823  60.893 0.0000000000
160007  -23.776  -22.421  61.588 0.0000000000
56152  -23.700  -23.346  62.731 0.0000000000
51853  -22.999  -26.672  58.052 0.0000000000
53950  -23.055  -24.993  60.935 0.0000000000
53938  -23.092  -24.613  62.439 0.0000000000
53921  -22.612  -25.074  63.369 0.0000000000
53886  -21.840  -24.301  64.921 0.0000000000
142578  -20.970  -24.113  64.331 0.0000000000
55049  -19.925  -24.815  62.671 0.0000000000
53948  -18.791  -25.691  61.198 0.0000000000
52872  -17.406  -27.358  60.236 0.0000000000
49604  -18.313  -29.400  58.214 0.0000000000
49591  -17.147  -29.561  59.423 0.0000000000
50694  -16.683  -28.897  60.107 0.0000000000
48488  -16.121  -31.268  59.900 0.0000000000
146746  -5.717  -16.316  58.573 0.0000000000
62946  -7.010  -18.213  59.963 0.0000000000
64096  -7.269  -17.972  59.030 0.0000000000
152642  -6.806  -17.415  57.907 0.0000000000
62964  -8.295  -18.662  57.458 0.0000000000
61825  -9.391  -19.864  57.490 0.0000000000
60728  -10.601  -20.780  56.520 0.0000000000
155117  -5.490  -24.548  56.971 0.0000000000
148705  -6.673  -24.109  56.764 0.0000000000
57171  -7.368  -23.849  56.341 0.0000000000
57235  -6.047  -24.139  53.240 0.0000000000
142034  -7.118  -23.748  54.686 0.0000000000
58311  -8.775  -23.179  56.962 0.0000000000
58327  -9.526  -23.061  55.851 0.0000000000
58328  -10.354  -22.477  55.685 0.0000000000
59546  -11.071  -22.006  55.199 0.0000000000
58382  -10.489  -22.537  52.861 0.0000000000
54974  -12.221  -25.058  68.493 0.0000000000
53868  -10.852  -25.850  67.622 0.0000000000
53867  -10.268  -26.256  67.263 0.0000000000
150533  -10.294  -29.578  67.394 0.0000000000
52799  -9.361  -27.750  66.724 0.0000000000
159820  -9.447  -26.978  66.698 0.0000000000
53884  -8.592  -26.989  66.139 0.0000000000
53900  -8.295  -26.506  65.460 0.0000000000
53898  -6.716  -27.424  64.286 0.0000000000
51806  -6.427  -29.219  64.015 0.0000000000
49557  -7.373  -30.089  63.049 0.0000000000
48471  -9.074  -30.724  62.386 0.0000000000
46278  -9.313  -32.563  63.456 0.0000000000
47430  -9.787  -32.441  62.069 0.0000000000
142916  -9.885  -32.633  61.059 0.0000000000
46315  -9.357  -33.174  59.476 0.0000000000
152192  -7.954  -33.911  58.244 0.0000000000
46332  -5.609  -34.522  56.904 0.0000000000
37581  -8.533  -39.624  65.002 0.0000000000
159752  -6.985  -40.387  63.823 0.0000000000
38884  -7.004  -39.113  64.009 0.0000000000
40203  -6.768  -38.404  63.747 0.0000000000
41523  -5.856  -37.770  62.214 0.0000000000
41532  -5.281  -37.576  60.676 0.0000000000
40250  -4.900  -38.195  59.247 0.0000000000
42800  -5.058  -36.692  59.774 0.0000000000
44057  -4.797  -35.851  58.477 0.0000000000
44065  -4.468  -35.584  57.357 0.0000000000
45250  -4.282  -34.417  55.672 0.0000000000
44098  -4.189  -35.639  53.481 0.0000000000
44108  -5.294  -35.700  52.446 0.0000000000
59514  -42.424  -20.302  58.624 0.0000000000
59503  -42.791  -19.992  58.891 0.0000000000
60705  -42.443  -19.814  59.323 0.0000000000
58299  -41.547  -20.531  58.295 0.0000000000
58300  -42.014  -20.540  58.164 0.0000000000
150286  -41.294  -20.419  58.789 0.0000000000
58298  -40.881  -20.705  57.863 0.0000000000
59494  -41.785  -19.919  59.566 0.0000000000
158433  -41.117  -20.288  59.236 0.0000000000
60693  -42.085  -19.664  59.810 0.0000000000
79897  -55.036  -3.060  42.981 0.0000000000
79881  -55.289  -2.413  44.087 0.0000000000
78858  -54.093  -4.339  41.812 0.0000000000
78847  -54.553  -3.668  42.561 0.0000000000
79910  -55.069  -3.167  42.141 0.0000000000
67801  -49.344  -14.105  45.932 0.0000000000
67794  -50.283  -13.750  46.781 0.0000000000
66507  -49.785  -14.217  46.663 0.0000000000
141366  -48.008  -15.093  45.318 0.0000000000
67810  -48.282  -14.341  44.792 0.0000000000
46349  -6.845  -33.704  56.184 0.0000000000
47504  -6.694  -33.409  55.586 0.0000000000
47528  -6.044  -33.435  55.286 0.0000000000
47526  -4.748  -33.264  54.725 0.0000000000
165683  -4.994  -33.696  55.275 0.0000000000
45191  -14.733  -34.593  61.452 0.0000000000
55020  -5.622  -26.119  62.756 0.0000000000
55021  -6.530  -25.795  63.286 0.0000000000
77610  -50.261  -5.105  48.733 0.0000000000
77596  -49.992  -5.775  48.887 0.0000000000
75432  -49.170  -7.001  47.890 0.0000000000
76485  -48.933  -6.711  47.202 0.0000000000
76486  -49.410  -6.280  47.718 0.0000000000
162278  -49.633  -5.881  47.567 0.0000000000
58250  -20.491  -22.757  65.535 0.0000000000
57119  -20.137  -22.894  64.841 0.0000000000
57120  -20.809  -23.338  65.076 0.0000000000
59481  -25.938  -20.418  61.390 0.0000000000
59473  -26.248  -20.629  62.052 0.0000000000
61838  -10.529  -19.824  56.227 0.0000000000
62975  -10.518  -18.973  55.522 0.0000000000
58287  -5.250  -23.081  59.613 0.0000000000
57154  -5.360  -23.700  58.874 0.0000000000
54121  -5.753  -26.914  48.916 0.0000000000
56097  -13.146  -23.942  69.087 0.0000000000
41471  -9.162  -37.084  66.253 0.0000000000
41488  -8.686  -37.039  65.594 0.0000000000
41487  -8.274  -37.596  65.078 0.0000000000
148998  -43.813  -20.678  55.261 0.0000000000
59555  -43.922  -20.630  54.338 0.0000000000
59556  -44.749  -20.003  54.361 0.0000000000
59509  -37.384  -20.624  57.385 0.0000000000
60712  -37.069  -19.849  58.141 0.0000000000
59523  -36.835  -20.878  56.842 0.0000000000
80980  -56.643  -0.891  40.397 0.0000000000
160134  -56.519  -1.071  39.692 0.0000000000
153954  -56.930  -0.341  39.901 0.0000000000
73378  -49.966  -10.389  47.028 0.0000000000
72274  -50.236  -10.092  47.785 0.0000000000
157004  -50.532  -10.766  47.414 0.0000000000
72302  -49.875  -11.110  46.320 0.0000000000
72315  -48.992  -11.291  45.476 0.0000000000
72301  -49.345  -10.919  45.993 0.0000000000
73377  -49.247  -10.034  46.776 0.0000000000
147218  -5.002  -16.541  57.421 0.0000000000
64116  -5.935  -17.044  56.834 0.0000000000
64117  -6.439  -17.193  57.383 0.0000000000
144674  -8.511  -28.007  56.943 0.0000000000
51884  -8.560  -27.814  56.175 0.0000000000
49696  -5.761  -30.954  52.271 0.0000000000
143181  -6.909  -30.446  52.302 0.0000000000
49709  -5.195  -30.317  51.674 0.0000000000
50802  -5.188  -29.503  51.131 0.0000000000
141826  -4.585  -30.126  51.394 0.0000000000
49720  -3.871  -29.848  50.803 0.0000000000
49708  -4.119  -30.303  51.406 0.0000000000
51780  -13.792  -28.103  65.036 0.0000000000
51770  -13.621  -28.008  65.638 0.0000000000
157277  -13.726  -28.564  65.341 0.0000000000
44002  -13.535  -35.604  65.814 0.0000000000
64197  -48.077  -16.342  48.622 0.0000000000
64187  -48.364  -16.378  49.260 0.0000000000
145841  -42.175  -23.166  49.685 0.0000000000
64211  -47.494  -16.330  47.410 0.0000000000
62863  -32.179  -18.347  65.309 0.0000000000
61748  -31.423  -18.677  64.922 0.0000000000
60655  -30.944  -18.953  64.518 0.0000000000
60659  -31.168  -18.972  63.680 0.0000000000
139269  -35.186  -18.399  62.155 0.0000000000
62929  -34.620  -18.446  61.585 0.0000000000
61842  -29.275  -18.662  56.765 0.0000000000
138684  -29.170  -18.580  57.882 0.0000000000
141531  -28.213  -18.920  58.334 0.0000000000
61840  -27.719  -19.121  56.797 0.0000000000
56138  -3.576  -24.697  61.694 0.0000000000
58276  -3.221  -22.947  62.625 0.0000000000
56148  -3.425  -24.253  61.217 0.0000000000
55067  -3.406  -25.175  61.110 0.0000000000
53980  -3.568  -26.299  59.854 0.0000000000
53961  -3.546  -26.461  60.707 0.0000000000
49587  -8.574  -29.704  61.295 0.0000000000
50692  -7.913  -29.245  60.673 0.0000000000
159951  -9.416  -30.094  61.006 0.0000000000
141595  -9.768  -30.332  60.221 0.0000000000
49588  -9.980  -30.895  60.946 0.0000000000
78773  -52.646  -4.505  46.143 0.0000000000
143630  -53.083  -4.196  46.278 0.0000000000
78755  -52.735  -4.140  46.803 0.0000000000
77674  -51.629  -5.392  44.791 0.0000000000
142410  -52.589  -4.800  45.402 0.0000000000
55069  -16.365  -25.248  61.243 0.0000000000
55068  -15.466  -25.259  61.782 0.0000000000
165577  -15.419  -26.825  60.917 0.0000000000
51823  -15.094  -28.049  61.292 0.0000000000
51824  -15.783  -28.197  60.665 0.0000000000
142065  -23.385  -26.411  56.021 0.0000000000
144965  -23.508  -25.276  57.166 0.0000000000
51876  -23.263  -26.635  56.332 0.0000000000
50718  -20.737  -28.068  58.322 0.0000000000
50700  -21.324  -27.534  58.988 0.0000000000
50699  -20.611  -27.748  59.112 0.0000000000
51828  -21.011  -27.038  60.407 0.0000000000
145371  -20.573  -27.441  59.780 0.0000000000
51827  -20.157  -27.325  60.292 0.0000000000
160429  -5.857  -16.551  61.143 0.0000000000
59506  -8.539  -21.536  58.763 0.0000000000
60697  -8.381  -20.738  59.074 0.0000000000
59507  -9.160  -21.180  58.203 0.0000000000
59518  -9.003  -22.063  58.150 0.0000000000
143491  -6.513  -25.796  53.745 0.0000000000
58398  -7.126  -23.260  51.554 0.0000000000
58378  -6.982  -23.348  52.233 0.0000000000
58379  -7.461  -23.042  52.188 0.0000000000
58399  -7.585  -22.860  51.358 0.0000000000
58400  -8.144  -22.555  51.073 0.0000000000
58416  -7.704  -22.839  50.577 0.0000000000
56108  -9.828  -24.455  66.888 0.0000000000
50599  -12.119  -29.322  67.612 0.0000000000
51758  -11.675  -28.361  67.604 0.0000000000
50594  -11.457  -30.105  67.687 0.0000000000
48433  -8.845  -31.275  65.765 0.0000000000
49513  -8.547  -30.460  66.163 0.0000000000
48432  -8.402  -30.664  65.683 0.0000000000
48439  -8.311  -30.860  65.113 0.0000000000
45188  -7.960  -35.374  61.341 0.0000000000
44033  -7.185  -35.973  61.034 0.0000000000
44040  -6.533  -35.803  60.320 0.0000000000
138392  -5.288  -42.691  60.395 0.0000000000
35048  -5.427  -42.232  61.165 0.0000000000
36359  -5.348  -41.715  60.208 0.0000000000
59527  -43.983  -20.214  57.607 0.0000000000
57213  -40.345  -22.444  54.811 0.0000000000
57214  -41.011  -22.383  54.756 0.0000000000
57194  -40.974  -22.141  55.498 0.0000000000
58309  -42.617  -20.811  57.227 0.0000000000
58334  -42.025  -21.667  55.740 0.0000000000
58322  -42.611  -21.194  56.405 0.0000000000
58323  -43.228  -20.977  56.279 0.0000000000
137848  -38.939  -21.191  57.196 0.0000000000
59524  -38.314  -21.531  56.675 0.0000000000
58319  -40.270  -21.807  56.355 0.0000000000
57176  -39.825  -22.181  55.937 0.0000000000
57193  -40.069  -22.351  55.401 0.0000000000
57212  -39.695  -22.390  54.890 0.0000000000
147018  -40.216  -20.455  58.548 0.0000000000
60704  -40.209  -20.141  59.259 0.0000000000
59511  -38.869  -20.645  57.898 0.0000000000
80959  -56.678  -1.039  42.108 0.0000000000
143385  -56.433  -1.297  42.743 0.0000000000
152699  -52.665  -5.964  41.197 0.0000000000
76563  -53.113  -6.193  40.301 0.0000000000
77700  -53.140  -5.601  41.149 0.0000000000
77716  -54.091  -5.519  39.776 0.0000000000
77717  -54.352  -4.961  39.831 0.0000000000
77726  -54.310  -5.183  39.406 0.0000000000
141509  -54.624  -4.527  39.593 0.0000000000
78866  -54.912  -3.701  40.021 0.0000000000
79911  -55.428  -2.778  41.553 0.0000000000
79925  -55.392  -2.924  40.595 0.0000000000
79926  -55.934  -2.181  41.137 0.0000000000
70186  -49.845  -12.202  46.101 0.0000000000
71213  -50.659  -11.913  46.983 0.0000000000
70169  -50.374  -12.383  46.607 0.0000000000
68997  -51.032  -13.104  47.563 0.0000000000
70154  -51.227  -12.427  47.735 0.0000000000
70139  -51.913  -12.362  48.977 0.0000000000
64266  -45.605  -16.228  43.209 0.0000000000
65398  -45.879  -16.243  42.797 0.0000000000
66549  -46.186  -15.787  42.423 0.0000000000
66562  -45.940  -16.008  41.673 0.0000000000
66563  -46.634  -14.991  42.539 0.0000000000
69045  -48.831  -13.220  45.128 0.0000000000
69058  -48.148  -13.373  44.393 0.0000000000
70202  -48.830  -12.371  45.135 0.0000000000
48562  -9.842  -31.379  55.931 0.0000000000
49656  -9.897  -31.039  55.112 0.0000000000
48561  -9.309  -31.667  55.368 0.0000000000
48578  -7.089  -32.035  54.174 0.0000000000
48597  -6.437  -31.740  53.608 0.0000000000
48596  -5.466  -31.987  53.635 0.0000000000
48595  -4.152  -31.885  53.103 0.0000000000
47579  -4.593  -32.204  53.595 0.0000000000
46391  -3.589  -33.571  53.670 0.0000000000
46400  -3.616  -33.655  52.857 0.0000000000
45276  -3.788  -34.328  52.638 0.0000000000
46409  -4.246  -34.013  51.375 0.0000000000
45277  -4.265  -34.606  52.159 0.0000000000
49542  -14.477  -30.787  63.067 0.0000000000
48450  -14.353  -31.143  64.090 0.0000000000
47416  -14.529  -32.282  63.132 0.0000000000
63025  -46.667  -17.246  49.603 0.0000000000
59646  -43.029  -20.482  50.632 0.0000000000
59645  -42.298  -21.286  50.181 0.0000000000
61917  -42.805  -19.032  49.127 0.0000000000
61918  -43.906  -18.455  49.532 0.0000000000
63022  -43.583  -18.040  48.817 0.0000000000
61919  -44.913  -18.000  49.779 0.0000000000
63010  -46.299  -17.753  50.352 0.0000000000
64024  -33.361  -17.563  65.770 0.0000000000
61817  -33.752  -18.754  57.716 0.0000000000
61816  -32.643  -18.487  58.188 0.0000000000
160817  -56.631  0.699  36.734 0.0000000000
85305  -57.545  2.035  36.102 0.0000000000
85317  -57.658  2.338  35.557 0.0000000000
86426  -58.413  2.933  35.491 0.0000000000
55043  -4.174  -25.616  62.249 0.0000000000
52840  -4.269  -27.411  62.007 0.0000000000
53931  -4.428  -26.621  62.223 0.0000000000
51805  -5.330  -28.607  62.693 0.0000000000
156401  -5.034  -28.488  62.184 0.0000000000
50659  -5.392  -28.939  62.387 0.0000000000
50676  -6.054  -29.376  61.967 0.0000000000
49556  -6.650  -29.636  62.481 0.0000000000
77627  -51.361  -4.631  47.342 0.0000000000
74431  -47.057  -8.619  44.714 0.0000000000
76507  -47.811  -7.632  45.041 0.0000000000
75463  -47.595  -7.608  44.276 0.0000000000
76520  -48.236  -7.110  44.596 0.0000000000
76538  -48.804  -6.845  43.903 0.0000000000
77643  -50.054  -5.565  46.610 0.0000000000
59460  -18.291  -21.665  64.929 0.0000000000
57138  -19.201  -22.867  63.467 0.0000000000
58270  -18.268  -22.332  63.615 0.0000000000
56143  -16.916  -23.867  61.910 0.0000000000
56144  -18.051  -24.044  61.808 0.0000000000
49658  -19.203  -29.440  55.417 0.0000000000
61775  -6.103  -19.304  61.296 0.0000000000
60683  -6.420  -20.645  60.605 0.0000000000
59488  -6.725  -21.321  60.245 0.0000000000
58289  -6.956  -22.396  59.380 0.0000000000
59505  -7.801  -22.044  59.132 0.0000000000
54102  -7.210  -26.522  50.650 0.0000000000
55223  -6.279  -26.086  49.056 0.0000000000
159857  -6.686  -25.302  49.558 0.0000000000
56246  -6.885  -24.577  50.088 0.0000000000
56259  -6.915  -24.437  49.650 0.0000000000
56272  -6.713  -24.834  49.179 0.0000000000
57096  -11.523  -23.431  68.935 0.0000000000
58219  -11.287  -22.775  69.172 0.0000000000
56104  -11.059  -24.014  68.326 0.0000000000
46238  -11.115  -33.810  67.618 0.0000000000
47385  -10.620  -32.878  67.531 0.0000000000
43993  -9.500  -35.370  66.132 0.0000000000
45151  -10.098  -34.113  66.662 0.0000000000
45150  -9.704  -34.283  66.179 0.0000000000
154295  -9.449  -33.529  65.755 0.0000000000
45165  -9.178  -34.075  65.018 0.0000000000
150737  -9.159  -35.211  65.049 0.0000000000
42760  -7.688  -36.966  64.203 0.0000000000
42761  -8.015  -36.474  64.233 0.0000000000
42769  -7.603  -36.657  63.530 0.0000000000
42780  -7.216  -36.548  62.546 0.0000000000
42768  -6.991  -37.212  62.997 0.0000000000
138134  -41.828  -23.687  49.755 0.0000000000
56198  -41.242  -22.483  53.802 0.0000000000
56211  -41.361  -22.615  52.861 0.0000000000
57229  -41.764  -22.384  53.414 0.0000000000
58389  -42.533  -21.884  52.609 0.0000000000
57242  -42.018  -22.237  52.045 0.0000000000
58407  -42.314  -21.933  51.729 0.0000000000
58408  -42.687  -21.377  51.473 0.0000000000
59586  -44.559  -19.844  52.856 0.0000000000
57190  -37.552  -22.214  55.075 0.0000000000
62894  -36.875  -18.357  63.013 0.0000000000
62914  -36.324  -18.423  62.442 0.0000000000
61766  -36.685  -18.582  61.655 0.0000000000
61780  -39.454  -19.324  61.322 0.0000000000
156783  -38.230  -19.155  60.794 0.0000000000
60702  -37.015  -19.431  59.061 0.0000000000
61807  -37.170  -19.264  59.744 0.0000000000
61806  -36.572  -19.051  59.601 0.0000000000
61819  -35.487  -19.118  58.237 0.0000000000
165113  -33.992  -19.976  56.400 0.0000000000
84199  -58.989  2.102  39.784 0.0000000000
78886  -55.089  -3.430  38.104 0.0000000000
79950  -55.412  -2.961  38.350 0.0000000000
81002  -55.787  -2.114  38.080 0.0000000000
81010  -56.045  -1.379  37.555 0.0000000000
82047  -56.471  -0.404  37.718 0.0000000000
83147  -56.569  0.177  37.156 0.0000000000
83109  -58.206  1.228  39.847 0.0000000000
152099  -57.603  0.922  38.427 0.0000000000
83120  -58.148  1.338  39.084 0.0000000000
84209  -58.591  1.894  38.987 0.0000000000
74394  -49.224  -7.999  47.946 0.0000000000
75408  -49.925  -7.036  49.021 0.0000000000
75421  -50.148  -7.817  48.983 0.0000000000
74382  -51.342  -8.921  49.854 0.0000000000
75410  -50.990  -8.002  50.208 0.0000000000
72261  -51.361  -10.801  48.618 0.0000000000
69091  -46.553  -13.750  41.988 0.0000000000
69074  -46.915  -13.287  42.678 0.0000000000
72332  -47.773  -11.187  44.106 0.0000000000
72331  -47.340  -10.780  43.582 0.0000000000
153058  -49.179  -8.777  47.583 0.0000000000
73359  -48.742  -9.027  46.988 0.0000000000
58296  -24.451  -21.160  58.627 0.0000000000
58303  -23.974  -22.007  57.047 0.0000000000
142370  -23.776  -23.901  55.964 0.0000000000
64132  -5.534  -17.346  55.603 0.0000000000
54026  -4.344  -26.000  56.897 0.0000000000
54027  -4.775  -26.281  56.434 0.0000000000
52957  -7.580  -27.004  55.261 0.0000000000
158326  -7.487  -26.717  54.593 0.0000000000
49668  -9.669  -30.511  54.407 0.0000000000
50773  -9.793  -29.692  54.326 0.0000000000
49683  -9.419  -29.997  53.757 0.0000000000
50791  -7.892  -29.331  52.191 0.0000000000
50793  -8.909  -28.707  52.824 0.0000000000
51913  -8.405  -28.305  52.290 0.0000000000
51923  -7.874  -28.312  51.674 0.0000000000
53016  -8.022  -27.674  51.751 0.0000000000
164954  -7.484  -28.323  51.341 0.0000000000
50813  -4.609  -28.954  50.422 0.0000000000
50814  -5.667  -28.524  50.422 0.0000000000
47613  -3.598  -32.695  51.304 0.0000000000
141989  -3.510  -31.804  51.286 0.0000000000
47627  -3.577  -32.394  50.486 0.0000000000
54981  -13.308  -25.688  67.576 0.0000000000
54985  -13.518  -25.770  67.006 0.0000000000
50600  -12.931  -29.246  67.331 0.0000000000
151450  -13.254  -29.984  66.942 0.0000000000
158696  -14.067  -31.312  65.525 0.0000000000
48434  -14.126  -32.127  65.579 0.0000000000
154793  -13.150  -34.327  66.949 0.0000000000
46257  -13.476  -33.533  66.875 0.0000000000
46246  -12.950  -33.742  67.353 0.0000000000
47380  -12.752  -32.782  67.573 0.0000000000
154791  -12.498  -34.373  67.507 0.0000000000
46240  -12.044  -34.133  67.793 0.0000000000
45131  -12.258  -34.866  67.605 0.0000000000
161653  -11.664  -37.423  66.855 0.0000000000
41462  -11.775  -36.662  67.342 0.0000000000
40156  -10.813  -37.814  67.051 0.0000000000
40155  -10.136  -37.481  67.090 0.0000000000
65371  -48.173  -15.485  46.467 0.0000000000
65364  -48.631  -15.485  47.305 0.0000000000
59664  -42.046  -21.167  49.480 0.0000000000
143663  -44.763  -16.160  46.161 0.0000000000
64237  -45.071  -15.917  45.210 0.0000000000
65370  -47.503  -15.985  46.384 0.0000000000
65379  -47.772  -15.457  45.673 0.0000000000
151785  -29.073  -19.680  63.284 0.0000000000
138817  -28.308  -19.861  62.040 0.0000000000
62891  -33.971  -18.451  63.493 0.0000000000
62876  -34.153  -18.332  64.080 0.0000000000
62875  -33.518  -18.441  64.047 0.0000000000
61803  -32.008  -18.557  59.203 0.0000000000
164857  -32.530  -18.572  59.785 0.0000000000
61801  -30.183  -18.730  59.730 0.0000000000
138888  -30.889  -18.847  60.355 0.0000000000
138686  -30.707  -19.058  61.150 0.0000000000
61778  -31.359  -18.965  61.856 0.0000000000
61777  -30.477  -19.174  62.119 0.0000000000
61799  -27.959  -19.208  59.262 0.0000000000
60701  -27.702  -19.584  60.004 0.0000000000
165511  -27.202  -19.788  59.985 0.0000000000
147421  -26.611  -19.615  59.031 0.0000000000
60740  -26.129  -19.930  55.827 0.0000000000
60729  -25.432  -20.167  56.516 0.0000000000
87497  -59.170  3.731  34.894 0.0000000000
89572  -59.943  6.399  32.865 0.0000000000
61762  -4.297  -19.431  62.601 0.0000000000
61773  -4.744  -20.039  61.869 0.0000000000
59479  -4.408  -21.441  61.273 0.0000000000
59471  -2.839  -21.539  63.303 0.0000000000
60661  -3.134  -20.682  62.624 0.0000000000
57149  -3.590  -23.713  60.614 0.0000000000
59484  -3.517  -22.302  61.299 0.0000000000
57150  -4.207  -23.657  59.911 0.0000000000
141324  -3.867  -24.238  59.761 0.0000000000
56162  -4.001  -24.680  58.897 0.0000000000
163076  -3.680  -25.002  59.123 0.0000000000
51858  -4.952  -27.859  58.920 0.0000000000
52896  -4.812  -27.429  58.247 0.0000000000
51869  -5.265  -27.588  58.161 0.0000000000
51871  -6.533  -27.807  57.910 0.0000000000
51860  -6.209  -28.149  58.608 0.0000000000
51834  -4.888  -28.279  60.665 0.0000000000
51835  -5.268  -28.338  60.219 0.0000000000
50713  -8.383  -29.033  59.821 0.0000000000
50730  -8.881  -28.884  58.968 0.0000000000
51862  -8.287  -28.430  58.351 0.0000000000
50731  -9.524  -29.554  58.503 0.0000000000
49630  -9.927  -30.168  57.955 0.0000000000
47466  -9.622  -32.328  58.209 0.0000000000
47465  -8.997  -32.937  57.844 0.0000000000
46351  -8.664  -32.981  57.038 0.0000000000
46335  -8.254  -33.469  57.589 0.0000000000
78809  -53.661  -4.291  44.956 0.0000000000
78792  -53.956  -3.901  45.282 0.0000000000
139249  -53.988  -3.570  45.818 0.0000000000
67765  -50.475  -14.387  48.050 0.0000000000
76539  -49.575  -6.539  43.825 0.0000000000
75481  -49.989  -6.508  43.261 0.0000000000
76553  -50.640  -6.401  42.740 0.0000000000
151807  -51.317  -6.118  42.666 0.0000000000
75499  -51.266  -6.436  41.880 0.0000000000
76554  -52.019  -6.027  41.997 0.0000000000
77664  -53.161  -4.602  45.224 0.0000000000
77677  -53.241  -4.676  44.493 0.0000000000
78829  -53.784  -4.214  44.098 0.0000000000
56110  -14.462  -24.065  66.669 0.0000000000
55005  -14.039  -25.708  65.172 0.0000000000
57125  -16.314  -22.781  63.924 0.0000000000
143702  -15.990  -22.750  64.901 0.0000000000
53933  -14.430  -26.198  63.152 0.0000000000
55024  -14.767  -24.756  63.565 0.0000000000
139844  -14.166  -27.030  63.571 0.0000000000
52842  -14.341  -27.764  63.100 0.0000000000
51807  -14.270  -28.501  63.561 0.0000000000
51813  -14.491  -28.421  62.701 0.0000000000
49574  -15.114  -30.227  61.439 0.0000000000
49575  -15.293  -31.053  61.087 0.0000000000
48473  -15.225  -31.935  61.192 0.0000000000
47431  -15.422  -32.403  60.667 0.0000000000
58290  -24.011  -21.887  58.813 0.0000000000
57155  -23.965  -21.759  59.721 0.0000000000
56158  -23.679  -22.670  58.891 0.0000000000
144878  -23.426  -23.671  59.405 0.0000000000
56156  -23.540  -22.864  60.563 0.0000000000
153673  -23.396  -23.709  60.309 0.0000000000
56155  -23.525  -23.334  61.495 0.0000000000
55087  -23.306  -24.298  60.645 0.0000000000
51874  -22.705  -27.313  56.571 0.0000000000
50736  -22.228  -27.651  56.882 0.0000000000
52874  -22.643  -26.232  60.002 0.0000000000
51842  -22.801  -26.422  59.038 0.0000000000
52863  -22.760  -25.676  60.606 0.0000000000
52849  -22.675  -25.385  61.543 0.0000000000
53922  -23.017  -24.605  63.388 0.0000000000
53937  -22.662  -25.213  62.562 0.0000000000
52831  -21.148  -26.057  62.666 0.0000000000
53919  -21.604  -25.416  63.410 0.0000000000
53918  -21.057  -25.521  63.297 0.0000000000
55006  -21.203  -24.430  64.285 0.0000000000
55026  -21.013  -24.943  63.719 0.0000000000
55025  -20.657  -24.531  63.651 0.0000000000
53917  -20.528  -25.329  63.008 0.0000000000
51826  -19.479  -27.307  60.517 0.0000000000
53949  -19.294  -26.340  61.078 0.0000000000
51825  -18.966  -27.014  60.620 0.0000000000
146610  -18.276  -26.577  60.599 0.0000000000
52873  -18.244  -27.345  60.333 0.0000000000
48532  -17.855  -30.101  57.348 0.0000000000
48503  -16.871  -30.706  58.613 0.0000000000
49602  -16.637  -30.529  59.321 0.0000000000
50695  -17.349  -28.797  59.807 0.0000000000
49590  -16.406  -30.395  59.997 0.0000000000
66357  -5.036  -15.699  58.987 0.0000000000
65267  -6.345  -16.807  59.010 0.0000000000
62956  -7.670  -18.588  58.595 0.0000000000
64107  -7.285  -17.852  58.206 0.0000000000
62963  -7.703  -18.267  57.788 0.0000000000
62957  -8.100  -18.821  58.089 0.0000000000
60718  -9.602  -20.732  57.646 0.0000000000
60727  -10.080  -20.293  57.042 0.0000000000
56177  -4.657  -25.190  56.442 0.0000000000
56178  -5.108  -24.778  56.274 0.0000000000
57185  -6.089  -24.277  55.461 0.0000000000
57169  -5.782  -24.409  56.134 0.0000000000
57170  -6.560  -24.164  55.969 0.0000000000
57162  -7.131  -23.768  57.323 0.0000000000
55188  -6.595  -24.860  52.284 0.0000000000
56218  -6.157  -24.702  53.173 0.0000000000
57205  -7.310  -23.550  54.221 0.0000000000
57188  -7.980  -23.602  55.657 0.0000000000
57173  -8.795  -23.344  56.130 0.0000000000
58326  -8.662  -23.440  55.207 0.0000000000
58345  -9.480  -23.200  54.871 0.0000000000
58346  -10.331  -22.728  54.589 0.0000000000
58347  -11.144  -22.279  54.294 0.0000000000
58365  -10.343  -22.679  53.614 0.0000000000
56124  -8.614  -24.608  65.054 0.0000000000
53866  -12.808  -25.829  67.855 0.0000000000
54975  -12.700  -25.309  68.323 0.0000000000
53870  -12.360  -26.607  67.663 0.0000000000
142763  -11.095  -27.747  67.522 0.0000000000
53869  -11.567  -26.275  67.794 0.0000000000
48417  -10.238  -31.099  67.498 0.0000000000
50598  -10.128  -30.364  67.427 0.0000000000
49504  -9.520  -30.703  67.041 0.0000000000
51767  -8.486  -29.248  66.522 0.0000000000
51768  -9.179  -28.696  66.754 0.0000000000
148815  -8.926  -27.449  66.484 0.0000000000
53874  -9.220  -26.550  66.490 0.0000000000
53883  -7.912  -27.524  65.649 0.0000000000
52820  -7.201  -28.032  65.109 0.0000000000
53899  -7.542  -26.993  64.863 0.0000000000
52819  -6.560  -28.536  64.398 0.0000000000
51790  -6.898  -29.273  64.720 0.0000000000
49540  -7.510  -30.320  63.888 0.0000000000
48458  -8.073  -30.598  63.558 0.0000000000
49558  -8.154  -30.310  62.777 0.0000000000
154984  -8.932  -31.093  63.183 0.0000000000
45174  -8.978  -34.062  64.083 0.0000000000
46277  -9.240  -32.877  64.111 0.0000000000
45175  -9.258  -33.604  63.315 0.0000000000
45189  -8.777  -34.626  61.485 0.0000000000
46287  -9.547  -33.134  62.608 0.0000000000
46297  -9.495  -33.578  61.506 0.0000000000
46306  -9.463  -33.407  60.390 0.0000000000
45221  -6.780  -34.845  58.980 0.0000000000
46313  -7.740  -34.356  59.103 0.0000000000
46323  -6.866  -34.493  58.205 0.0000000000
45232  -5.806  -34.734  57.825 0.0000000000
37591  -8.311  -40.370  64.553 0.0000000000
37617  -5.803  -40.799  62.931 0.0000000000
36338  -6.157  -41.461  63.232 0.0000000000
37603  -6.376  -40.577  63.457 0.0000000000
37589  -7.290  -39.809  64.160 0.0000000000
37588  -6.684  -39.788  63.708 0.0000000000
38901  -6.400  -39.052  63.413 0.0000000000
40215  -5.622  -38.277  62.030 0.0000000000
40227  -5.353  -38.174  61.111 0.0000000000
41533  -5.555  -37.677  61.486 0.0000000000
151150  -5.085  -37.992  60.339 0.0000000000
147962  -4.795  -37.481  59.278 0.0000000000
41569  -4.645  -37.004  58.566 0.0000000000
42813  -5.003  -36.146  59.092 0.0000000000
41568  -4.471  -36.561  57.867 0.0000000000
42849  -4.242  -36.374  56.452 0.0000000000
161598  -4.078  -35.846  56.096 0.0000000000
45229  -4.387  -35.269  56.757 0.0000000000
44082  -3.897  -35.612  55.512 0.0000000000
44089  -3.785  -35.358  54.763 0.0000000000
59504  -43.496  -19.825  58.657 0.0000000000
59515  -43.120  -20.219  58.434 0.0000000000
60706  -43.129  -19.680  59.048 0.0000000000
57177  -40.892  -21.804  56.144 0.0000000000
58320  -41.456  -21.378  56.724 0.0000000000
58308  -42.033  -20.903  57.383 0.0000000000
58297  -40.162  -20.768  57.808 0.0000000000
58305  -39.538  -21.262  57.131 0.0000000000
58306  -40.167  -21.290  57.085 0.0000000000
60691  -41.075  -19.896  60.131 0.0000000000
59501  -40.797  -20.262  59.247 0.0000000000
147734  -41.645  -19.628  60.306 0.0000000000
150584  -55.535  -2.537  42.492 0.0000000000
166143  -56.220  -1.436  43.184 0.0000000000
80934  -55.899  -1.691  43.647 0.0000000000
77701  -53.536  -4.807  42.466 0.0000000000
150803  -53.543  -5.032  41.334 0.0000000000
78859  -54.379  -4.097  41.010 0.0000000000
165424  -54.999  -3.254  41.562 0.0000000000
69032  -49.411  -13.502  45.759 0.0000000000
153905  -49.995  -12.910  46.249 0.0000000000
69033  -49.901  -13.574  46.303 0.0000000000
65399  -46.160  -15.955  43.539 0.0000000000
65400  -46.644  -15.601  43.852 0.0000000000
66532  -47.124  -15.129  44.073 0.0000000000
66551  -47.049  -14.774  43.383 0.0000000000
66533  -47.571  -14.581  44.186 0.0000000000
47506  -8.355  -32.992  56.175 0.0000000000
47531  -8.798  -32.326  55.736 0.0000000000
47530  -8.039  -32.750  55.431 0.0000000000
47556  -6.735  -32.636  54.663 0.0000000000
47554  -5.193  -32.685  54.263 0.0000000000
47553  -4.362  -32.772  54.126 0.0000000000
46379  -4.180  -33.396  54.593 0.0000000000
161204  -3.561  -34.210  53.992 0.0000000000
47423  -14.715  -32.330  62.035 0.0000000000
46288  -14.529  -33.134  62.842 0.0000000000
145235  -14.789  -33.766  61.584 0.0000000000
44029  -14.623  -35.296  61.998 0.0000000000
60808  -44.561  -18.913  50.767 0.0000000000
63009  -45.384  -18.230  50.423 0.0000000000
65215  -34.558  -16.072  65.504 0.0000000000
61845  -32.365  -18.921  56.398 0.0000000000
84222  -58.084  1.776  37.664 0.0000000000
84236  -57.622  1.640  37.107 0.0000000000
156870  -58.067  2.016  37.161 0.0000000000
86400  -58.339  2.381  36.915 0.0000000000
87461  -60.082  3.865  37.748 0.0000000000
53932  -5.029  -26.673  62.522 0.0000000000
53913  -5.504  -27.133  62.917 0.0000000000
142505  -5.846  -28.625  63.473 0.0000000000
77626  -50.457  -5.043  47.821 0.0000000000
78739  -50.854  -4.490  48.318 0.0000000000
74418  -48.312  -7.957  46.624 0.0000000000
74432  -47.555  -8.283  45.264 0.0000000000
75442  -48.363  -7.234  46.237 0.0000000000
76509  -49.065  -6.406  45.528 0.0000000000
76496  -49.401  -6.029  46.997 0.0000000000
153840  -49.931  -5.503  47.357 0.0000000000
59461  -19.046  -21.828  64.970 0.0000000000
58260  -19.476  -22.359  64.554 0.0000000000
151242  -19.800  -22.912  64.154 0.0000000000
56134  -19.251  -23.533  62.974 0.0000000000
137995  -27.117  -20.714  63.314 0.0000000000
64135  -9.319  -17.956  55.201 0.0000000000
60682  -5.585  -20.973  60.875 0.0000000000
59487  -5.969  -21.500  60.464 0.0000000000
58288  -6.075  -22.686  59.509 0.0000000000
57156  -5.980  -23.735  58.330 0.0000000000
53063  -5.915  -27.210  49.399 0.0000000000
55239  -6.017  -26.356  48.629 0.0000000000
57090  -12.057  -23.026  69.533 0.0000000000
57097  -12.164  -23.692  69.122 0.0000000000
151174  -10.159  -36.187  67.221 0.0000000000
43978  -10.310  -35.136  67.096 0.0000000000
43994  -9.798  -35.833  66.698 0.0000000000
44001  -9.093  -35.759  65.557 0.0000000000
42749  -8.782  -36.494  65.408 0.0000000000
42748  -8.280  -36.915  64.798 0.0000000000
58353  -42.763  -21.683  54.581 0.0000000000
58354  -43.247  -21.359  53.947 0.0000000000
58372  -43.155  -21.443  53.091 0.0000000000
150011  -38.511  -22.387  54.470 0.0000000000
60688  -38.518  -19.701  59.533 0.0000000000
61794  -38.378  -19.446  60.237 0.0000000000
60703  -37.776  -19.647  59.008 0.0000000000
60711  -36.093  -19.756  57.789 0.0000000000
61833  -35.328  -19.725  57.474 0.0000000000
60723  -35.628  -20.252  57.095 0.0000000000
83096  -58.303  1.135  40.555 0.0000000000
79946  -55.846  -2.386  39.487 0.0000000000
79951  -55.809  -2.373  38.769 0.0000000000
80992  -56.200  -1.628  39.126 0.0000000000
82037  -56.928  0.050  38.563 0.0000000000
82038  -57.138  0.063  39.383 0.0000000000
74408  -49.830  -9.080  48.134 0.0000000000
74395  -50.376  -8.783  48.812 0.0000000000
74396  -50.994  -9.372  49.217 0.0000000000
73323  -51.566  -9.737  49.538 0.0000000000
156788  -48.109  -11.526  44.618 0.0000000000
71238  -48.279  -11.047  44.858 0.0000000000
72299  -47.958  -10.214  45.054 0.0000000000
73393  -48.990  -10.371  46.162 0.0000000000
58314  -24.235  -21.906  55.981 0.0000000000
64125  -6.157  -17.273  56.363 0.0000000000
159741  -6.541  -17.335  56.920 0.0000000000
62967  -7.746  -18.106  57.003 0.0000000000
52915  -6.021  -27.387  57.306 0.0000000000
52936  -6.284  -27.134  56.543 0.0000000000
159622  -7.017  -27.315  56.480 0.0000000000
51891  -7.667  -27.375  55.992 0.0000000000
51892  -8.480  -27.549  55.345 0.0000000000
49681  -7.804  -30.568  52.997 0.0000000000
49682  -8.817  -30.247  53.324 0.0000000000
49697  -7.651  -29.948  52.410 0.0000000000
49711  -7.129  -29.644  51.871 0.0000000000
50812  -4.071  -29.150  50.373 0.0000000000
141732  -3.778  -29.451  50.064 0.0000000000
49719  -3.553  -30.405  50.196 0.0000000000
53877  -13.508  -26.139  66.370 0.0000000000
52801  -13.469  -27.122  66.139 0.0000000000
148992  -13.597  -28.762  65.904 0.0000000000
157266  -13.607  -29.750  66.103 0.0000000000
45158  -13.935  -34.600  65.559 0.0000000000
46263  -13.910  -34.048  65.931 0.0000000000
45152  -13.695  -34.740  66.023 0.0000000000
45139  -13.251  -34.859  66.520 0.0000000000
43981  -12.889  -35.205  66.784 0.0000000000
42721  -12.417  -35.605  67.318 0.0000000000
41465  -12.468  -36.606  66.588 0.0000000000
40158  -11.822  -37.872  66.218 0.0000000000
65354  -48.758  -15.839  48.428 0.0000000000
60837  -42.087  -19.898  48.791 0.0000000000
64209  -45.165  -16.723  47.868 0.0000000000
139646  -45.917  -16.419  47.113 0.0000000000
64224  -46.275  -16.160  46.097 0.0000000000
64225  -46.800  -16.345  46.913 0.0000000000
60648  -30.760  -18.906  64.958 0.0000000000
60658  -30.405  -19.264  63.880 0.0000000000
60665  -29.848  -19.448  62.986 0.0000000000
142297  -35.761  -18.208  63.681 0.0000000000
62877  -35.083  -18.175  63.953 0.0000000000
62893  -35.363  -18.292  63.378 0.0000000000
62912  -34.784  -18.402  62.957 0.0000000000
62928  -33.751  -18.550  62.006 0.0000000000
140337  -30.566  -18.561  58.635 0.0000000000
61788  -29.586  -18.970  60.388 0.0000000000
138399  -28.795  -18.848  58.994 0.0000000000
61813  -26.808  -19.459  58.135 0.0000000000
61839  -26.915  -19.334  57.241 0.0000000000
61851  -26.939  -19.452  56.308 0.0000000000
149099  -56.593  1.730  35.057 0.0000000000
59476  -2.929  -22.047  62.562 0.0000000000
151813  -3.049  -22.512  61.893 0.0000000000
57147  -3.333  -23.568  61.420 0.0000000000
56154  -3.442  -24.561  60.391 0.0000000000
55104  -3.554  -25.455  59.407 0.0000000000
52881  -3.905  -27.161  59.413 0.0000000000
51857  -4.441  -27.791  59.384 0.0000000000
50691  -6.901  -29.070  60.791 0.0000000000
49615  -9.873  -30.393  58.674 0.0000000000
49601  -9.936  -30.657  59.359 0.0000000000
47451  -9.793  -32.377  59.149 0.0000000000
78774  -53.490  -3.919  46.183 0.0000000000
153004  -50.604  -5.856  44.413 0.0000000000
144811  -50.485  -6.118  43.716 0.0000000000
76523  -51.086  -5.721  44.232 0.0000000000
76524  -51.648  -5.593  44.069 0.0000000000
76525  -52.155  -5.480  43.833 0.0000000000
77675  -52.244  -5.230  44.636 0.0000000000
77663  -52.799  -4.915  44.802 0.0000000000
57118  -15.208  -23.372  65.390 0.0000000000
56142  -15.972  -23.906  62.326 0.0000000000
56141  -15.245  -24.272  62.964 0.0000000000
56149  -15.514  -24.602  62.262 0.0000000000
53934  -14.783  -26.102  62.040 0.0000000000
52843  -14.617  -27.858  62.127 0.0000000000
50677  -15.248  -29.452  61.304 0.0000000000
161554  -15.608  -30.458  60.838 0.0000000000
153971  -23.492  -23.749  57.506 0.0000000000
56164  -23.487  -23.554  58.232 0.0000000000
56171  -23.440  -24.457  57.671 0.0000000000
55120  -23.428  -24.941  57.881 0.0000000000
53982  -23.410  -25.260  58.206 0.0000000000
50748  -21.084  -28.426  56.552 0.0000000000
50720  -22.114  -27.489  57.898 0.0000000000
50719  -21.463  -27.771  58.149 0.0000000000
51830  -22.192  -26.570  60.249 0.0000000000
52848  -22.315  -25.821  61.780 0.0000000000
51816  -21.501  -26.644  61.135 0.0000000000
52846  -21.325  -26.396  61.904 0.0000000000
52845  -20.696  -26.433  61.775 0.0000000000
52844  -20.027  -26.423  61.550 0.0000000000
52860  -20.162  -26.851  60.989 0.0000000000
145363  -19.055  -27.952  59.906 0.0000000000
48531  -17.363  -30.725  57.183 0.0000000000
47467  -16.230  -32.043  58.052 0.0000000000
46317  -15.885  -32.535  58.672 0.0000000000
65259  -6.335  -16.855  59.965 0.0000000000
60696  -7.808  -20.730  59.566 0.0000000000
61798  -8.084  -19.993  59.192 0.0000000000
151468  -8.561  -20.065  58.614 0.0000000000
61824  -8.659  -19.411  57.948 0.0000000000
146058  -5.443  -25.880  54.823 0.0000000000
55167  -5.200  -25.167  55.017 0.0000000000
56192  -5.554  -24.669  54.563 0.0000000000
56234  -6.611  -24.237  51.569 0.0000000000
57236  -6.538  -23.712  52.672 0.0000000000
57237  -7.130  -23.395  52.877 0.0000000000
58343  -7.792  -23.341  53.870 0.0000000000
58344  -8.497  -23.315  54.281 0.0000000000
138537  -8.653  -22.862  52.855 0.0000000000
142745  -9.626  -22.693  52.851 0.0000000000
52791  -12.250  -27.559  67.551 0.0000000000
51757  -10.667  -28.667  67.413 0.0000000000
48415  -9.305  -31.173  66.697 0.0000000000
49503  -8.944  -30.572  66.529 0.0000000000
50609  -8.544  -30.001  66.428 0.0000000000
51779  -7.989  -28.910  66.302 0.0000000000
50608  -8.000  -29.650  66.170 0.0000000000
51778  -7.549  -29.339  65.824 0.0000000000
50620  -7.265  -29.617  65.225 0.0000000000
50630  -7.405  -30.073  65.028 0.0000000000
48448  -8.082  -30.792  64.325 0.0000000000
44035  -8.451  -35.189  62.333 0.0000000000
45200  -8.234  -34.888  60.755 0.0000000000
45210  -7.113  -35.008  59.606 0.0000000000
45209  -6.292  -35.292  59.295 0.0000000000
37616  -5.533  -41.016  62.086 0.0000000000
38916  -5.580  -39.982  62.418 0.0000000000
38915  -5.449  -40.077  61.614 0.0000000000
38931  -5.384  -39.656  60.850 0.0000000000
38948  -5.274  -39.315  60.057 0.0000000000
40275  -4.516  -37.672  57.017 0.0000000000
56209  -40.303  -22.793  53.362 0.0000000000
56197  -40.643  -22.559  54.056 0.0000000000
57215  -41.650  -22.273  54.364 0.0000000000
57178  -41.455  -21.750  55.935 0.0000000000
57196  -42.122  -21.965  54.910 0.0000000000
59544  -43.811  -20.629  56.093 0.0000000000
147439  -37.524  -21.232  56.740 0.0000000000
58317  -37.638  -21.679  56.026 0.0000000000
58318  -38.496  -21.887  56.087 0.0000000000
57191  -38.734  -22.142  55.585 0.0000000000
57175  -39.174  -22.068  56.063 0.0000000000
57211  -38.981  -22.267  54.985 0.0000000000
60677  -40.077  -19.705  60.813 0.0000000000
137868  -40.627  -19.853  60.345 0.0000000000
60690  -39.992  -19.832  60.040 0.0000000000
145977  -39.390  -19.955  59.340 0.0000000000
150676  -38.706  -20.107  58.720 0.0000000000
80969  -56.815  -0.690  41.319 0.0000000000
82006  -57.498  0.210  41.399 0.0000000000
141422  -57.194  -0.289  42.068 0.0000000000
77708  -53.648  -5.635  40.361 0.0000000000
77715  -53.713  -6.124  39.603 0.0000000000
77724  -53.696  -6.003  38.972 0.0000000000
78872  -54.028  -5.312  38.883 0.0000000000
79937  -55.452  -3.085  39.781 0.0000000000
80968  -56.314  -1.558  40.778 0.0000000000
72287  -50.642  -11.354  47.158 0.0000000000
71186  -51.433  -11.407  48.378 0.0000000000
70170  -50.855  -12.463  47.161 0.0000000000
70155  -51.520  -12.052  48.283 0.0000000000
66561  -45.529  -16.320  41.547 0.0000000000
66576  -45.668  -15.853  40.981 0.0000000000
67853  -46.510  -14.465  42.035 0.0000000000
67842  -47.359  -14.207  43.621 0.0000000000
160098  -47.760  -12.945  44.010 0.0000000000
71226  -49.287  -11.966  45.546 0.0000000000
159962  -5.598  -16.516  57.857 0.0000000000
50756  -9.895  -29.348  56.804 0.0000000000
50766  -9.957  -29.198  55.775 0.0000000000
50757  -10.205  -29.930  56.035 0.0000000000
48560  -8.521  -31.988  55.038 0.0000000000
48579  -8.113  -31.724  54.266 0.0000000000
48599  -8.460  -30.991  53.747 0.0000000000
48622  -5.830  -31.500  53.084 0.0000000000
48640  -4.055  -30.967  51.838 0.0000000000
48620  -4.153  -31.494  52.449 0.0000000000
154789  -3.619  -32.177  51.947 0.0000000000
154286  -3.582  -32.979  52.217 0.0000000000
47578  -3.964  -32.373  53.522 0.0000000000
46408  -3.833  -33.463  51.354 0.0000000000
142080  -14.116  -28.990  64.159 0.0000000000
50631  -14.037  -29.617  64.660 0.0000000000
48441  -14.260  -31.617  64.886 0.0000000000
47409  -14.284  -32.556  64.855 0.0000000000
46279  -14.542  -33.946  63.503 0.0000000000
142496  -14.411  -33.055  63.967 0.0000000000
46269  -14.408  -33.991  64.453 0.0000000000
44010  -14.156  -35.431  64.450 0.0000000000
64196  -47.177  -16.833  49.146 0.0000000000
151325  -47.705  -16.655  49.190 0.0000000000
164635  -47.938  -16.897  49.914 0.0000000000
58442  -42.068  -22.201  50.238 0.0000000000
59644  -42.012  -22.139  49.543 0.0000000000
60822  -42.406  -20.099  49.393 0.0000000000
61932  -42.137  -19.278  48.541 0.0000000000
63037  -44.374  -17.319  48.370 0.0000000000
165439  -45.391  -17.531  49.295 0.0000000000
62853  -32.698  -18.156  65.486 0.0000000000
61747  -32.593  -18.438  64.912 0.0000000000
62952  -34.380  -18.480  59.278 0.0000000000
145097  -34.344  -18.396  60.104 0.0000000000
162435  -31.680  -18.610  56.839 0.0000000000
61829  -31.061  -18.543  57.454 0.0000000000
61827  -29.811  -18.568  57.121 0.0000000000
84243  -56.558  1.349  35.776 0.0000000000
86424  -57.177  2.231  34.922 0.0000000000
86415  -59.431  3.503  36.594 0.0000000000
56139  -3.861  -24.714  62.151 0.0000000000
55042  -3.674  -25.458  61.803 0.0000000000
145350  -3.920  -27.436  60.824 0.0000000000
53944  -3.827  -26.962  61.426 0.0000000000
52855  -4.272  -27.749  61.428 0.0000000000
50674  -5.146  -28.588  61.317 0.0000000000
51804  -4.855  -28.069  62.306 0.0000000000
50658  -5.051  -28.597  61.823 0.0000000000
161222  -5.890  -29.127  61.408 0.0000000000
49573  -6.566  -29.355  61.588 0.0000000000
160127  -8.309  -29.969  62.029 0.0000000000
78754  -52.179  -4.524  46.764 0.0000000000
164781  -51.914  -4.200  47.452 0.0000000000
78740  -51.110  -3.880  48.681 0.0000000000
75451  -47.244  -8.163  44.563 0.0000000000
153139  -48.567  -7.119  43.246 0.0000000000
76522  -49.977  -6.194  44.313 0.0000000000
151711  -49.619  -6.172  45.078 0.0000000000
76510  -50.312  -5.826  45.042 0.0000000000
76511  -51.040  -5.556  44.954 0.0000000000
59447  -16.920  -21.654  66.033 0.0000000000
58257  -16.748  -22.344  64.451 0.0000000000
58269  -17.222  -22.433  63.729 0.0000000000
58259  -18.651  -21.980  64.351 0.0000000000
57135  -16.846  -22.914  63.100 0.0000000000
56151  -17.163  -24.629  61.442 0.0000000000
53946  -16.672  -25.931  60.790 0.0000000000
50768  -22.007  -28.008  54.876 0.0000000000
50767  -21.722  -28.299  55.016 0.0000000000
49647  -21.362  -28.591  55.169 0.0000000000
50758  -21.258  -28.522  55.733 0.0000000000
49633  -20.478  -28.730  56.019 0.0000000000
50747  -20.231  -28.653  56.817 0.0000000000
49617  -19.336  -28.994  57.124 0.0000000000
50732  -19.163  -28.881  57.853 0.0000000000
49631  -18.661  -29.484  56.831 0.0000000000
48549  -18.030  -29.973  56.621 0.0000000000
64074  -5.880  -17.888  61.609 0.0000000000
64084  -6.237  -17.108  60.895 0.0000000000
62933  -6.644  -18.850  60.709 0.0000000000
149517  -7.076  -20.063  60.340 0.0000000000
60684  -7.229  -20.747  60.134 0.0000000000
58295  -8.220  -22.450  58.483 0.0000000000
54075  -7.499  -26.148  52.169 0.0000000000
55200  -7.101  -25.553  51.735 0.0000000000
55199  -6.865  -24.876  51.241 0.0000000000
145727  -6.814  -25.888  50.079 0.0000000000
153153  -6.869  -24.354  50.736 0.0000000000
154758  -6.960  -23.751  50.979 0.0000000000
57277  -7.233  -23.565  50.289 0.0000000000
58432  -7.466  -23.178  50.251 0.0000000000
59405  -11.116  -22.117  69.225 0.0000000000
58218  -10.651  -22.466  68.743 0.0000000000
57102  -10.268  -22.897  68.172 0.0000000000
141363  -10.428  -23.742  67.872 0.0000000000
56103  -10.277  -24.573  67.381 0.0000000000
165607  -11.402  -31.584  68.033 0.0000000000
141326  -10.934  -31.391  67.867 0.0000000000
48412  -11.179  -32.072  68.039 0.0000000000
47376  -10.183  -32.150  67.385 0.0000000000
45136  -10.452  -34.122  67.052 0.0000000000
46244  -10.055  -33.232  66.896 0.0000000000
47383  -9.663  -31.861  66.926 0.0000000000
146368  -9.339  -32.020  66.102 0.0000000000
47402  -9.162  -31.924  65.518 0.0000000000
47408  -9.107  -32.124  64.813 0.0000000000
46262  -9.281  -32.815  65.311 0.0000000000
139621  -8.750  -35.030  63.716 0.0000000000
44027  -8.510  -35.375  63.174 0.0000000000
44026  -7.957  -35.969  62.889 0.0000000000
42789  -6.801  -36.428  61.695 0.0000000000
148179  -40.538  -23.064  52.551 0.0000000000
56228  -41.288  -22.876  51.910 0.0000000000
57230  -42.189  -22.219  53.001 0.0000000000
145228  -41.672  -22.748  51.488 0.0000000000
140855  -41.841  -23.078  50.920 0.0000000000
57270  -42.011  -22.875  50.678 0.0000000000
58424  -42.114  -22.840  50.260 0.0000000000
59625  -43.232  -20.583  51.220 0.0000000000
59626  -44.048  -19.797  51.579 0.0000000000
60786  -44.978  -19.187  51.868 0.0000000000
64046  -36.371  -17.929  64.233 0.0000000000
62930  -35.517  -18.482  61.315 0.0000000000
61768  -37.938  -18.696  61.867 0.0000000000
148973  -37.647  -19.079  60.545 0.0000000000
144872  -37.547  -18.781  61.310 0.0000000000
139197  -37.001  -18.810  60.861 0.0000000000
62931  -36.318  -18.634  61.081 0.0000000000
61791  -35.927  -18.648  60.321 0.0000000000
62953  -35.136  -18.516  59.777 0.0000000000
61804  -35.124  -18.671  58.965 0.0000000000
61818  -34.535  -18.708  58.364 0.0000000000
60721  -33.908  -19.396  56.929 0.0000000000
79957  -55.306  -2.744  37.645 0.0000000000
81017  -55.164  -2.384  36.835 0.0000000000
83135  -57.605  1.267  37.716 0.0000000000
85272  -58.862  2.333  38.538 0.0000000000
73361  -50.845  -10.504  48.188 0.0000000000
73342  -51.216  -10.162  48.914 0.0000000000
73375  -47.731  -8.925  45.660 0.0000000000
73392  -48.188  -9.779  45.827 0.0000000000
73376  -48.171  -8.918  46.305 0.0000000000
163226  -25.300  -20.152  59.662 0.0000000000
146966  -24.976  -20.373  60.010 0.0000000000
57174  -23.777  -22.925  56.418 0.0000000000
57164  -23.653  -22.886  57.316 0.0000000000
55134  -23.525  -24.740  56.883 0.0000000000
140362  -23.528  -25.960  55.979 0.0000000000
52938  -23.227  -26.732  55.363 0.0000000000
50775  -22.062  -27.905  54.341 0.0000000000
141561  -6.572  -17.385  55.708 0.0000000000
62973  -8.877  -18.212  55.931 0.0000000000
61849  -10.017  -19.103  56.168 0.0000000000
56163  -4.643  -24.568  58.267 0.0000000000
55133  -4.384  -25.383  56.999 0.0000000000
55145  -4.589  -25.722  56.304 0.0000000000
54037  -4.922  -26.008  55.786 0.0000000000
52955  -5.886  -26.630  55.766 0.0000000000
54038  -5.326  -26.184  55.371 0.0000000000
54050  -5.942  -26.197  54.758 0.0000000000
54051  -6.926  -26.302  54.275 0.0000000000
54063  -7.331  -26.228  53.542 0.0000000000
147333  -9.865  -29.233  54.947 0.0000000000
51899  -9.535  -28.771  54.285 0.0000000000
146153  -9.067  -27.939  54.662 0.0000000000
50781  -9.092  -29.410  53.119 0.0000000000
51905  -9.243  -28.724  53.425 0.0000000000
51898  -9.048  -28.024  53.862 0.0000000000
148464  -8.587  -27.460  53.620 0.0000000000
52986  -8.458  -27.243  53.060 0.0000000000
54076  -7.962  -26.618  52.769 0.0000000000
54089  -7.891  -26.924  51.902 0.0000000000
53015  -7.658  -27.123  51.200 0.0000000000
53042  -7.087  -27.396  50.622 0.0000000000
53041  -6.260  -27.659  50.107 0.0000000000
53871  -12.964  -26.509  67.362 0.0000000000
52800  -13.123  -27.329  66.914 0.0000000000
160093  -12.780  -27.731  67.257 0.0000000000
164711  -12.550  -29.728  67.521 0.0000000000
49502  -12.382  -31.012  67.787 0.0000000000
153481  -13.861  -29.950  65.383 0.0000000000
150839  -13.856  -30.651  65.809 0.0000000000
49514  -13.575  -30.783  66.592 0.0000000000
47397  -13.942  -32.570  66.117 0.0000000000
49506  -13.110  -31.060  67.346 0.0000000000
48414  -12.591  -31.877  67.759 0.0000000000
48413  -11.875  -31.822  68.069 0.0000000000
47378  -11.717  -32.571  67.967 0.0000000000
46239  -11.711  -34.024  67.787 0.0000000000
45129  -11.445  -34.715  67.802 0.0000000000
42720  -12.119  -35.814  67.591 0.0000000000
150337  -11.822  -35.715  67.804 0.0000000000
43974  -11.238  -35.958  67.866 0.0000000000
42722  -9.988  -36.803  67.181 0.0000000000
40162  -9.378  -37.795  66.367 0.0000000000
40179  -8.850  -38.256  65.792 0.0000000000
66512  -48.423  -15.043  45.903 0.0000000000
139652  -49.066  -14.628  46.215 0.0000000000
141177  -49.269  -14.812  46.988 0.0000000000
140981  -49.961  -14.877  48.094 0.0000000000
65355  -49.649  -15.330  48.761 0.0000000000
58470  -42.050  -22.682  48.038 0.0000000000
143212  -41.484  -21.230  47.824 0.0000000000
165555  -45.576  -15.884  44.639 0.0000000000
65377  -46.511  -15.965  45.216 0.0000000000
65383  -46.657  -15.800  44.463 0.0000000000
60653  -29.451  -19.605  65.016 0.0000000000
59464  -28.865  -19.915  64.575 0.0000000000
59469  -27.846  -20.428  63.554 0.0000000000
59475  -27.524  -20.312  62.586 0.0000000000
59482  -26.803  -20.171  61.274 0.0000000000
65216  -34.821  -17.026  65.356 0.0000000000
62865  -35.137  -18.013  64.449 0.0000000000
156556  -34.378  -17.985  64.712 0.0000000000
64025  -34.190  -17.596  65.231 0.0000000000
62854  -33.556  -18.046  65.118 0.0000000000
61750  -32.908  -18.469  64.347 0.0000000000
61754  -32.468  -18.551  63.972 0.0000000000
61790  -33.812  -18.440  60.896 0.0000000000
140656  -32.914  -18.648  61.425 0.0000000000
138826  -31.797  -18.717  60.204 0.0000000000
163009  -32.184  -18.731  60.982 0.0000000000
157389  -32.916  -18.687  62.369 0.0000000000
140205  -32.061  -18.805  62.544 0.0000000000
139884  -31.911  -18.741  63.417 0.0000000000
60675  -29.656  -19.414  62.040 0.0000000000
60674  -29.027  -19.519  61.583 0.0000000000
61787  -28.914  -19.095  60.269 0.0000000000
60687  -28.975  -19.269  60.836 0.0000000000
60673  -28.267  -19.640  61.204 0.0000000000
60672  -27.589  -19.809  60.881 0.0000000000
60685  -27.138  -19.900  60.441 0.0000000000
59499  -25.711  -20.035  60.093 0.0000000000
60698  -25.707  -19.994  59.270 0.0000000000
59508  -24.987  -20.332  58.309 0.0000000000
59521  -24.885  -20.600  57.189 0.0000000000
60720  -26.270  -19.597  57.611 0.0000000000
86435  -57.853  3.013  33.842 0.0000000000
87502  -58.445  3.601  33.482 0.0000000000
87509  -58.998  4.338  33.031 0.0000000000
88533  -58.853  4.554  32.150 0.0000000000
89585  -59.538  6.147  31.968 0.0000000000
61774  -5.471  -19.521  61.699 0.0000000000
59486  -5.029  -21.685  60.764 0.0000000000
57153  -4.787  -23.680  59.367 0.0000000000
60662  -3.758  -20.242  62.442 0.0000000000
59477  -3.203  -21.788  61.948 0.0000000000
59478  -3.790  -21.586  61.521 0.0000000000
59485  -4.190  -22.079  60.935 0.0000000000
58286  -4.586  -23.215  59.981 0.0000000000
55132  -4.084  -25.673  57.623 0.0000000000
52933  -4.632  -26.561  57.140 0.0000000000
154180  -3.992  -26.833  58.632 0.0000000000
52913  -4.959  -27.099  57.596 0.0000000000
52914  -5.458  -27.223  57.439 0.0000000000
51873  -9.051  -28.511  57.493 0.0000000000
51846  -4.231  -27.825  60.161 0.0000000000
51847  -4.835  -28.116  59.792 0.0000000000
51849  -5.936  -28.357  59.354 0.0000000000
50711  -6.398  -28.632  60.085 0.0000000000
51850  -6.718  -28.468  59.248 0.0000000000
51861  -7.132  -28.239  58.480 0.0000000000
49643  -10.072  -29.991  57.325 0.0000000000
48547  -10.153  -31.079  56.595 0.0000000000
48546  -9.745  -31.754  56.713 0.0000000000
48514  -10.063  -30.892  58.068 0.0000000000
48529  -9.937  -31.597  57.635 0.0000000000
47507  -9.104  -32.454  56.477 0.0000000000
140868  -6.953  -34.055  56.678 0.0000000000
79880  -54.720  -3.121  44.381 0.0000000000
79865  -54.370  -3.351  45.138 0.0000000000
77597  -50.211  -5.429  49.687 0.0000000000
67781  -50.361  -14.067  47.267 0.0000000000
67782  -50.864  -13.786  47.782 0.0000000000
75496  -49.200  -7.288  42.015 0.0000000000
75507  -49.970  -7.090  41.486 0.0000000000
75509  -51.322  -6.737  40.973 0.0000000000
75520  -51.478  -7.004  40.143 0.0000000000
76555  -52.720  -5.573  42.054 0.0000000000
77688  -53.025  -5.224  42.894 0.0000000000
54992  -13.789  -25.720  66.013 0.0000000000
53885  -13.656  -26.485  65.618 0.0000000000
52821  -13.865  -27.598  64.680 0.0000000000
56126  -14.760  -24.015  64.896 0.0000000000
56133  -14.962  -24.029  63.890 0.0000000000
55023  -14.496  -24.898  64.463 0.0000000000
53916  -14.081  -26.304  64.202 0.0000000000
156498  -13.931  -27.124  64.293 0.0000000000
51792  -14.014  -28.278  64.419 0.0000000000
49559  -14.444  -30.088  63.252 0.0000000000
50662  -14.754  -29.605  62.101 0.0000000000
49560  -14.635  -30.200  62.421 0.0000000000
47424  -15.009  -32.797  61.335 0.0000000000
46298  -15.168  -33.256  60.818 0.0000000000
58285  -24.617  -20.945  60.582 0.0000000000
58280  -24.734  -21.192  61.677 0.0000000000
56159  -23.626  -22.661  59.697 0.0000000000
57148  -24.255  -21.846  62.195 0.0000000000
56146  -23.807  -23.409  63.574 0.0000000000
51875  -23.024  -26.992  56.357 0.0000000000
52883  -23.422  -25.864  57.866 0.0000000000
53981  -23.292  -25.474  58.774 0.0000000000
51852  -22.550  -27.023  58.530 0.0000000000
52875  -23.033  -25.718  59.653 0.0000000000
53963  -23.276  -25.004  59.736 0.0000000000
55072  -23.365  -24.097  61.902 0.0000000000
55050  -23.492  -23.890  62.900 0.0000000000
55027  -23.440  -24.016  63.504 0.0000000000
143314  -23.370  -24.104  64.191 0.0000000000
55008  -23.206  -24.256  64.825 0.0000000000
52833  -22.254  -25.617  62.644 0.0000000000
53902  -22.107  -24.807  64.197 0.0000000000
54994  -21.874  -24.160  65.215 0.0000000000
56127  -20.578  -23.920  64.036 0.0000000000
56135  -19.962  -24.115  63.253 0.0000000000
56145  -19.123  -24.196  62.354 0.0000000000
53935  -19.827  -25.641  61.914 0.0000000000
55048  -19.157  -24.917  61.777 0.0000000000
166115  -18.649  -24.520  61.776 0.0000000000
55071  -18.136  -24.986  61.385 0.0000000000
53947  -17.735  -25.806  60.819 0.0000000000
53962  -17.121  -26.616  60.477 0.0000000000
50716  -18.995  -28.638  58.591 0.0000000000
50715  -18.109  -29.094  58.892 0.0000000000
48516  -17.670  -30.122  58.026 0.0000000000
49603  -17.396  -29.920  58.709 0.0000000000
50696  -18.057  -28.624  59.470 0.0000000000
51836  -16.598  -28.184  60.191 0.0000000000
159179  -16.226  -29.586  60.446 0.0000000000
49589  -16.096  -30.181  60.490 0.0000000000
153521  -15.855  -30.849  60.474 0.0000000000
47442  -16.073  -31.916  59.372 0.0000000000
47452  -15.706  -32.726  59.522 0.0000000000
47441  -15.774  -32.120  60.053 0.0000000000
65277  -4.918  -16.117  58.153 0.0000000000
64085  -6.595  -17.522  60.206 0.0000000000
64095  -6.778  -17.451  59.440 0.0000000000
62947  -7.410  -18.646  59.368 0.0000000000
64106  -6.826  -17.401  58.583 0.0000000000
65278  -6.261  -16.924  58.056 0.0000000000
61836  -8.993  -19.080  57.146 0.0000000000
61837  -9.769  -19.468  56.785 0.0000000000
163230  -5.453  -24.079  58.246 0.0000000000
57161  -6.372  -24.012  57.500 0.0000000000
152424  -6.111  -24.309  56.811 0.0000000000
57157  -6.826  -23.491  58.152 0.0000000000
57158  -7.712  -23.220  57.984 0.0000000000
57163  -7.971  -23.489  57.144 0.0000000000
149081  -6.392  -25.203  53.177 0.0000000000
56203  -5.700  -24.673  53.845 0.0000000000
57221  -5.919  -24.077  53.999 0.0000000000
57222  -6.548  -23.735  53.449 0.0000000000
57204  -6.664  -23.800  54.255 0.0000000000
57186  -6.631  -24.041  55.063 0.0000000000
57187  -7.232  -23.868  55.359 0.0000000000
57172  -8.176  -23.515  56.419 0.0000000000
58302  -9.285  -22.456  57.425 0.0000000000
58312  -9.460  -22.808  56.682 0.0000000000
59529  -9.927  -22.072  57.062 0.0000000000
58313  -10.010  -22.462  56.404 0.0000000000
59530  -10.406  -21.731  56.524 0.0000000000
59537  -10.904  -21.439  55.942 0.0000000000
59538  -11.366  -21.141  55.424 0.0000000000
58366  -11.189  -22.362  53.394 0.0000000000
58402  -10.128  -22.361  52.022 0.0000000000
56132  -7.486  -24.678  63.711 0.0000000000
139037  -12.840  -24.631  68.727 0.0000000000
143146  -12.217  -24.326  68.807 0.0000000000
53865  -12.248  -25.777  68.076 0.0000000000
54980  -11.558  -25.418  68.061 0.0000000000
56099  -11.595  -24.616  68.409 0.0000000000
54979  -10.898  -24.874  67.798 0.0000000000
54978  -10.286  -25.488  67.296 0.0000000000
158742  -10.759  -30.024  67.573 0.0000000000
50597  -9.550  -29.935  67.114 0.0000000000
51756  -9.754  -29.086  67.064 0.0000000000
52789  -10.088  -27.964  67.110 0.0000000000
144350  -9.913  -26.982  67.025 0.0000000000
53875  -9.760  -26.178  66.897 0.0000000000
54984  -9.841  -25.262  66.912 0.0000000000
54983  -9.467  -25.800  66.582 0.0000000000
54990  -8.987  -25.922  66.076 0.0000000000
52809  -8.236  -27.989  66.242 0.0000000000
55004  -8.541  -25.527  65.260 0.0000000000
55003  -7.843  -26.003  64.642 0.0000000000
55022  -7.346  -25.480  63.833 0.0000000000
52829  -5.963  -27.781  63.614 0.0000000000
50629  -6.999  -29.666  64.516 0.0000000000
50646  -6.534  -29.588  63.675 0.0000000000
49539  -6.842  -29.881  63.348 0.0000000000
47415  -9.011  -31.943  64.107 0.0000000000
47421  -9.082  -31.763  63.570 0.0000000000
47422  -9.403  -32.102  62.912 0.0000000000
48459  -9.468  -31.588  62.474 0.0000000000
48472  -9.826  -31.521  61.677 0.0000000000
144153  -10.068  -31.864  60.733 0.0000000000
47440  -9.886  -32.548  60.091 0.0000000000
46314  -8.733  -33.917  59.748 0.0000000000
143224  -8.640  -33.625  58.912 0.0000000000
164405  -8.627  -33.378  58.249 0.0000000000
46334  -7.406  -34.040  57.393 0.0000000000
46333  -6.467  -34.410  57.155 0.0000000000
145515  -6.149  -34.113  56.329 0.0000000000
38868  -8.690  -38.906  65.471 0.0000000000
38867  -8.157  -39.030  64.882 0.0000000000
36328  -6.867  -41.140  63.620 0.0000000000
146563  -7.595  -40.612  64.054 0.0000000000
37590  -7.894  -39.772  64.553 0.0000000000
38885  -7.590  -39.146  64.468 0.0000000000
40192  -7.857  -38.606  64.706 0.0000000000
40191  -7.338  -38.543  64.330 0.0000000000
41496  -7.150  -37.913  64.151 0.0000000000
41508  -6.733  -37.762  63.420 0.0000000000
146788  -5.814  -39.063  62.648 0.0000000000
40202  -6.224  -38.245  62.889 0.0000000000
41524  -6.362  -37.550  62.609 0.0000000000
42778  -5.895  -37.279  61.872 0.0000000000
153118  -6.132  -36.799  61.436 0.0000000000
157910  -5.878  -36.651  60.772 0.0000000000
38965  -5.167  -39.058  59.217 0.0000000000
40238  -5.064  -38.475  59.895 0.0000000000
156274  -4.888  -37.872  59.805 0.0000000000
42787  -5.191  -37.098  60.331 0.0000000000
42801  -5.443  -36.666  60.299 0.0000000000
44039  -5.381  -36.175  59.705 0.0000000000
44049  -5.350  -35.827  59.200 0.0000000000
44058  -5.071  -35.650  58.689 0.0000000000
41584  -4.357  -36.879  57.010 0.0000000000
42825  -4.536  -35.928  57.964 0.0000000000
45219  -5.287  -35.208  58.313 0.0000000000
45231  -5.050  -34.884  57.512 0.0000000000
45241  -4.949  -34.581  56.660 0.0000000000
46347  -4.882  -34.207  55.833 0.0000000000
45259  -3.708  -34.511  54.577 0.0000000000
44122  -5.935  -35.143  51.756 0.0000000000
37631  -5.429  -40.613  61.146 0.0000000000
37649  -5.386  -40.224  60.341 0.0000000000
40157  -11.335  -38.032  66.637 0.0000000000
40163  -9.911  -38.244  66.650 0.0000000000
40178  -8.320  -38.274  65.192 0.0000000000
41461  -11.203  -36.682  67.715 0.0000000000
41464  -12.070  -37.043  66.743 0.0000000000
41473  -12.356  -37.292  66.119 0.0000000000
41474  -12.811  -36.626  66.040 0.0000000000
41554  -4.858  -36.789  59.234 0.0000000000
42719  -11.662  -36.149  67.736 0.0000000000
42723  -10.513  -36.598  67.599 0.0000000000
42725  -12.775  -35.840  66.737 0.0000000000
42738  -9.667  -36.595  66.746 0.0000000000
42750  -13.601  -36.081  65.334 0.0000000000
42788  -5.594  -37.125  60.981 0.0000000000
42826  -4.702  -36.305  58.560 0.0000000000
42837  -4.343  -36.165  57.241 0.0000000000
42860  -4.114  -36.246  55.751 0.0000000000
42872  -3.942  -36.083  55.062 0.0000000000
43975  -11.666  -35.349  67.850 0.0000000000
43976  -12.089  -35.312  67.728 0.0000000000
43977  -12.321  -35.258  67.500 0.0000000000
43979  -10.651  -35.702  67.640 0.0000000000
43980  -12.566  -35.234  67.183 0.0000000000
43995  -13.231  -35.436  66.313 0.0000000000
44036  -14.588  -35.292  61.210 0.0000000000
44066  -4.766  -35.428  57.988 0.0000000000
44074  -4.247  -35.741  56.685 0.0000000000
44097  -3.774  -35.017  53.890 0.0000000000
44109  -6.376  -35.923  52.167 0.0000000000
45132  -12.496  -34.887  67.360 0.0000000000
45138  -12.846  -34.924  66.920 0.0000000000
45159  -14.146  -34.720  64.896 0.0000000000
45182  -14.676  -34.622  62.253 0.0000000000
45198  -6.588  -35.421  59.863 0.0000000000
45208  -5.599  -35.498  58.963 0.0000000000
45230  -4.623  -35.067  57.156 0.0000000000
45239  -4.078  -35.174  56.099 0.0000000000
45240  -4.482  -34.741  56.392 0.0000000000
45249  -3.865  -34.822  55.313 0.0000000000
45267  -3.664  -34.296  53.332 0.0000000000
46241  -12.413  -33.569  67.670 0.0000000000
46264  -14.190  -33.991  65.263 0.0000000000
46289  -14.683  -33.195  62.019 0.0000000000
46348  -5.412  -34.265  56.223 0.0000000000
46364  -4.518  -33.822  55.180 0.0000000000
46366  -6.238  -33.730  55.817 0.0000000000
46378  -3.723  -33.720  54.358 0.0000000000
47377  -10.720  -32.355  67.741 0.0000000000
47384  -10.068  -32.619  67.147 0.0000000000
47386  -13.299  -32.730  67.191 0.0000000000
47387  -13.691  -32.596  66.653 0.0000000000
47396  -9.673  -32.318  66.647 0.0000000000
47404  -14.292  -33.362  64.855 0.0000000000
47453  -16.429  -31.533  58.532 0.0000000000
47529  -7.179  -32.973  55.216 0.0000000000
47555  -5.968  -32.932  54.710 0.0000000000
47577  -3.652  -32.858  53.232 0.0000000000
48418  -13.105  -32.017  67.435 0.0000000000
48426  -8.834  -30.934  66.217 0.0000000000
48451  -14.475  -31.559  63.386 0.0000000000
49500  -10.835  -30.688  67.689 0.0000000000
49530  -7.696  -30.425  64.716 0.0000000000
49541  -14.327  -30.289  64.005 0.0000000000
49561  -14.781  -30.848  61.944 0.0000000000
49657  -10.171  -30.694  55.884 0.0000000000
50595  -12.176  -30.218  67.691 0.0000000000
50596  -9.125  -30.139  66.801 0.0000000000
50621  -7.667  -29.929  65.654 0.0000000000
50660  -5.983  -29.489  62.705 0.0000000000
50690  -6.092  -28.934  60.848 0.0000000000
50697  -18.798  -28.424  59.217 0.0000000000
50733  -20.056  -28.552  57.653 0.0000000000
50735  -21.626  -27.991  57.208 0.0000000000
50745  -9.160  -28.894  58.228 0.0000000000
50751  -22.672  -27.425  55.885 0.0000000000
50759  -21.774  -28.247  55.493 0.0000000000
50769  -22.350  -27.698  54.689 0.0000000000
50774  -21.710  -28.245  54.590 0.0000000000
50792  -8.530  -29.053  52.493 0.0000000000
50804  -7.434  -28.832  51.596 0.0000000000
51822  -4.736  -28.257  61.345 0.0000000000
51829  -21.665  -26.837  60.380 0.0000000000
51839  -21.189  -27.251  59.724 0.0000000000
51848  -5.360  -28.214  59.508 0.0000000000
51851  -21.997  -27.316  58.830 0.0000000000
51863  -22.658  -27.172  57.531 0.0000000000
51864  -23.046  -26.853  57.119 0.0000000000
51883  -7.704  -27.598  56.767 0.0000000000
51894  -22.705  -27.380  54.993 0.0000000000
52828  -5.339  -27.990  62.889 0.0000000000
52832  -21.738  -25.867  62.683 0.0000000000
52858  -15.561  -27.400  60.806 0.0000000000
52861  -22.018  -26.360  61.059 0.0000000000
52871  -16.431  -27.424  60.423 0.0000000000
52882  -23.184  -26.083  58.468 0.0000000000
52897  -23.292  -26.379  57.539 0.0000000000
52898  -23.420  -26.255  57.124 0.0000000000
52912  -4.383  -26.899  57.947 0.0000000000
52916  -23.218  -26.657  56.852 0.0000000000
52935  -5.593  -26.913  56.653 0.0000000000
53901  -21.508  -24.803  64.075 0.0000000000
53904  -23.034  -24.498  63.878 0.0000000000
53915  -7.038  -26.406  64.063 0.0000000000
53920  -22.147  -25.348  63.424 0.0000000000
53945  -15.538  -26.114  61.126 0.0000000000
53964  -23.386  -24.951  58.963 0.0000000000
53999  -3.683  -26.210  59.005 0.0000000000
54014  -23.547  -25.856  56.625 0.0000000000
54029  -23.396  -26.399  55.426 0.0000000000
55007  -21.561  -24.292  64.690 0.0000000000
55105  -23.407  -24.577  58.699 0.0000000000
55119  -3.799  -25.374  58.569 0.0000000000
55157  -5.155  -25.713  55.174 0.0000000000
55168  -5.489  -25.335  54.507 0.0000000000
56120  -21.862  -23.999  65.543 0.0000000000
56179  -23.571  -23.823  56.746 0.0000000000
57091  -12.726  -23.481  69.393 0.0000000000
57126  -20.429  -23.409  64.434 0.0000000000
57136  -17.655  -22.717  63.103 0.0000000000
57137  -18.430  -22.936  62.889 0.0000000000
57142  -3.514  -23.814  62.066 0.0000000000
57144  -16.624  -23.406  62.538 0.0000000000
57160  -5.197  -24.430  57.813 0.0000000000
58249  -19.773  -22.254  65.232 0.0000000000
58275  -2.987  -22.630  62.441 0.0000000000
58307  -41.477  -20.853  57.550 0.0000000000
58310  -43.251  -20.614  57.072 0.0000000000
58336  -43.258  -21.206  55.429 0.0000000000
59470  -28.628  -20.004  63.846 0.0000000000
59472  -2.934  -21.303  62.578 0.0000000000
59489  -25.430  -20.291  60.755 0.0000000000
59492  -41.121  -20.110  59.602 0.0000000000
59493  -41.326  -19.970  59.724 0.0000000000
59502  -42.116  -20.106  59.115 0.0000000000
60654  -30.190  -19.246  64.738 0.0000000000
60676  -39.131  -19.528  60.671 0.0000000000
60700  -27.252  -19.576  59.520 0.0000000000
60719  -25.554  -19.956  57.482 0.0000000000
61746  -32.010  -18.515  65.012 0.0000000000
61753  -31.699  -18.679  64.263 0.0000000000
61755  -33.178  -18.529  63.712 0.0000000000
61765  -33.377  -18.580  63.045 0.0000000000
61786  -7.560  -20.000  59.784 0.0000000000
62911  -33.988  -18.507  62.759 0.0000000000
62958  -32.822  -18.538  59.158 0.0000000000
64034  -35.022  -17.666  64.930 0.0000000000
65207  -33.384  -16.549  66.033 0.0000000000
67823  -48.491  -13.804  44.764 0.0000000000
68998  -51.490  -12.737  48.314 0.0000000000
71227  -49.600  -11.500  45.997 0.0000000000
71250  -47.385  -11.418  43.394 0.0000000000
71251  -47.690  -11.746  44.094 0.0000000000
71252  -48.212  -12.043  44.662 0.0000000000
72285  -49.678  -10.674  46.462 0.0000000000
80949  -55.969  -1.871  42.915 0.0000000000
83084  -57.817  0.591  40.830 0.0000000000
84198  -58.568  1.675  39.630 0.0000000000
138685  -29.281  -18.845  59.703 0.0000000000
139297  -15.722  -29.881  60.857 0.0000000000
139817  -31.482  -18.881  61.031 0.0000000000
140804  -5.397  -41.149  60.694 0.0000000000
142624  -52.319  -3.959  47.378 0.0000000000
145374  -16.664  -29.617  60.081 0.0000000000
145464  -34.536  -18.161  64.321 0.0000000000
145524  -11.167  -35.325  67.837 0.0000000000
145910  -18.155  -28.216  59.919 0.0000000000
146955  -7.772  -38.083  64.672 0.0000000000
148248  -23.423  -24.127  58.424 0.0000000000
149548  -41.485  -20.176  59.314 0.0000000000
150283  -5.892  -36.202  60.269 0.0000000000
151758  -33.318  -18.362  64.497 0.0000000000
151904  -22.994  -27.070  55.818 0.0000000000
153299  -13.814  -33.379  66.318 0.0000000000
153320  -11.949  -33.358  67.860 0.0000000000
153823  -40.570  -22.336  55.265 0.0000000000
153859  -23.463  -26.203  56.667 0.0000000000
154235  -7.584  -27.876  51.189 0.0000000000
155925  -6.506  -33.110  55.065 0.0000000000
156447  -23.024  -27.081  54.829 0.0000000000
156735  -49.734  -13.220  46.026 0.0000000000
156888  -5.771  -24.233  57.609 0.0000000000
157039  -36.559  -18.387  62.759 0.0000000000
157619  -4.927  -37.341  59.965 0.0000000000
158472  -4.200  -26.293  57.485 0.0000000000
158576  -11.698  -27.671  67.619 0.0000000000
158860  -15.335  -28.769  61.130 0.0000000000
159025  -23.210  -26.753  55.784 0.0000000000
159045  -40.973  -22.875  52.394 0.0000000000
159147  -13.546  -35.206  66.030 0.0000000000
160129  -37.223  -19.075  60.284 0.0000000000
161128  -48.591  -7.159  46.761 0.0000000000
161469  -4.817  -26.062  62.416 0.0000000000
161652  -53.284  -4.216  45.957 0.0000000000
161887  -11.279  -37.329  67.240 0.0000000000
162736  -3.419  -25.776  60.865 0.0000000000
162770  -10.074  -31.319  57.066 0.0000000000
163010  -22.490  -24.836  63.941 0.0000000000
163500  -27.653  -19.708  60.435 0.0000000000
163597  -14.253  -25.624  64.442 0.0000000000
165789  -14.316  -29.188  63.481 0.0000000000
166163  -55.020  -2.937  43.700 0.0000000000
