#!ascii label  , from subject sub-LJ001 vox2ras=TkReg
442
93426  -26.516  7.505  -26.773 0.0000000000
88141  -25.725  3.886  -24.547 0.0000000000
88143  -30.653  3.626  -25.147 0.0000000000
82734  -29.442  -1.247  -24.651 0.0000000000
160800  -29.992  19.484  -26.540 0.0000000000
100767  -31.515  15.884  -24.527 0.0000000000
96641  -22.343  11.726  -21.709 0.0000000000
78472  -28.627  -5.631  -22.400 0.0000000000
153195  -27.484  1.229  -24.758 0.0000000000
82719  -26.426  -1.464  -23.252 0.0000000000
157587  -30.731  18.145  -25.871 0.0000000000
100772  -28.551  15.435  -25.615 0.0000000000
93365  -22.309  8.102  -22.443 0.0000000000
95538  -18.697  10.381  -20.162 0.0000000000
94491  -24.004  9.930  -23.726 0.0000000000
96697  -27.603  11.490  -26.487 0.0000000000
94511  -29.633  9.796  -25.777 0.0000000000
92268  -30.463  7.765  -24.917 0.0000000000
90147  -24.095  5.902  -23.477 0.0000000000
90169  -26.186  6.023  -26.182 0.0000000000
90176  -30.236  5.419  -27.677 0.0000000000
87124  -28.523  3.248  -26.882 0.0000000000
84913  -30.571  0.602  -24.948 0.0000000000
82706  -31.626  -0.917  -23.414 0.0000000000
97775  -23.581  13.330  -22.815 0.0000000000
138992  -28.169  13.139  -25.969 0.0000000000
137350  -31.818  14.685  -24.127 0.0000000000
80629  -26.185  -3.293  -22.266 0.0000000000
80645  -29.505  -3.715  -23.493 0.0000000000
83848  -25.946  0.094  -23.432 0.0000000000
82704  -24.764  -1.616  -22.056 0.0000000000
101728  -28.568  16.520  -25.763 0.0000000000
154494  -26.821  14.666  -25.588 0.0000000000
93400  -24.464  7.982  -24.272 0.0000000000
94464  -22.165  9.356  -22.160 0.0000000000
93411  -25.714  8.339  -25.786 0.0000000000
94523  -26.412  9.176  -26.496 0.0000000000
94535  -27.550  8.619  -26.915 0.0000000000
93412  -29.655  8.936  -25.967 0.0000000000
93430  -28.738  7.605  -27.056 0.0000000000
89127  -25.054  5.099  -24.362 0.0000000000
164175  -25.117  6.084  -24.655 0.0000000000
89134  -26.026  5.093  -25.458 0.0000000000
88165  -27.438  4.539  -26.834 0.0000000000
87106  -26.794  3.428  -25.322 0.0000000000
83858  -28.180  -0.243  -24.750 0.0000000000
84922  -29.434  0.977  -25.452 0.0000000000
83860  -29.809  -0.433  -24.927 0.0000000000
83862  -30.974  -0.079  -24.461 0.0000000000
82736  -30.993  -0.897  -24.194 0.0000000000
150697  -27.668  18.272  -26.168 0.0000000000
104468  -27.385  19.029  -25.890 0.0000000000
104470  -29.119  19.904  -26.358 0.0000000000
106043  -30.053  21.329  -27.208 0.0000000000
105240  -31.734  20.232  -26.585 0.0000000000
102735  -31.051  17.274  -25.321 0.0000000000
96628  -19.017  11.327  -19.876 0.0000000000
96615  -19.613  12.243  -19.640 0.0000000000
97763  -22.613  12.503  -21.647 0.0000000000
149029  -25.368  13.593  -25.344 0.0000000000
153351  -24.547  12.240  -24.851 0.0000000000
96687  -30.409  11.997  -24.849 0.0000000000
137365  -29.932  12.701  -25.278 0.0000000000
160859  -31.976  13.362  -23.786 0.0000000000
89135  -30.427  4.013  -26.255 0.0000000000
90157  -30.625  5.498  -25.071 0.0000000000
78457  -27.287  -5.810  -21.999 0.0000000000
79559  -27.645  -4.466  -22.632 0.0000000000
81647  -27.197  -3.347  -22.883 0.0000000000
151098  -29.245  -4.689  -23.021 0.0000000000
85976  -25.764  2.612  -23.993 0.0000000000
87095  -26.432  2.700  -24.489 0.0000000000
84899  -26.282  0.822  -23.978 0.0000000000
83850  -27.341  -0.483  -24.296 0.0000000000
82721  -28.140  -1.676  -24.220 0.0000000000
149914  -28.618  18.199  -26.390 0.0000000000
141368  -30.881  18.996  -26.239 0.0000000000
102733  -29.143  17.385  -26.078 0.0000000000
144387  -29.698  16.603  -25.680 0.0000000000
100765  -30.163  15.325  -25.194 0.0000000000
93345  -19.753  7.968  -21.316 0.0000000000
94430  -19.510  9.133  -21.215 0.0000000000
165074  -21.102  9.813  -21.781 0.0000000000
147044  -23.093  10.709  -22.650 0.0000000000
96674  -24.514  11.267  -24.489 0.0000000000
161397  -24.774  10.511  -24.818 0.0000000000
95625  -28.114  10.808  -26.657 0.0000000000
137360  -30.796  11.204  -24.391 0.0000000000
95593  -31.021  10.311  -23.848 0.0000000000
77320  -29.411  -6.446  -21.634 0.0000000000
154072  -29.913  -5.403  -22.326 0.0000000000
146426  -22.849  7.485  -22.797 0.0000000000
92253  -24.225  7.294  -23.940 0.0000000000
91214  -26.446  6.562  -27.018 0.0000000000
92304  -28.649  6.868  -27.956 0.0000000000
89154  -27.365  5.529  -27.119 0.0000000000
88167  -28.759  3.862  -27.520 0.0000000000
87126  -30.129  2.732  -26.983 0.0000000000
85986  -28.376  2.042  -25.539 0.0000000000
85999  -29.548  2.429  -25.810 0.0000000000
147767  -30.769  1.886  -25.201 0.0000000000
85968  -31.669  1.171  -23.867 0.0000000000
84890  -32.431  0.407  -22.771 0.0000000000
104472  -31.845  19.376  -26.009 0.0000000000
137648  -25.370  14.264  -25.228 0.0000000000
137385  -28.192  13.893  -25.777 0.0000000000
137377  -30.304  14.446  -25.068 0.0000000000
97799  -27.781  12.483  -26.221 0.0000000000
137830  -30.130  13.538  -25.160 0.0000000000
100766  -31.377  15.233  -24.516 0.0000000000
161769  -30.354  6.685  -27.358 0.0000000000
91192  -30.650  6.832  -24.795 0.0000000000
82691  -24.897  -2.213  -21.566 0.0000000000
81646  -26.541  -2.649  -22.830 0.0000000000
151326  -27.695  -2.223  -23.666 0.0000000000
81661  -29.457  -2.961  -23.940 0.0000000000
79561  -29.918  -4.745  -22.785 0.0000000000
80632  -30.593  -3.661  -22.959 0.0000000000
81663  -30.786  -2.460  -23.638 0.0000000000
137374  -25.538  14.485  -25.190 0.0000000000
157820  -25.501  7.631  -25.310 0.0000000000
93401  -24.673  8.680  -24.551 0.0000000000
93410  -25.284  8.369  -25.132 0.0000000000
93419  -26.249  8.279  -26.393 0.0000000000
93428  -27.403  7.853  -26.932 0.0000000000
93429  -27.892  7.763  -26.987 0.0000000000
92293  -27.598  7.362  -27.131 0.0000000000
87081  -25.393  3.375  -23.898 0.0000000000
88129  -25.108  4.268  -23.940 0.0000000000
89128  -25.604  4.683  -24.781 0.0000000000
88149  -26.187  4.238  -25.268 0.0000000000
142639  -26.813  4.274  -25.899 0.0000000000
82733  -28.594  -1.060  -24.593 0.0000000000
83859  -29.102  -0.391  -24.908 0.0000000000
82735  -30.247  -1.102  -24.615 0.0000000000
162618  -30.011  -1.788  -24.462 0.0000000000
152103  -29.124  18.973  -26.462 0.0000000000
157969  -28.203  18.799  -26.301 0.0000000000
105225  -29.846  20.472  -26.753 0.0000000000
104471  -30.899  19.783  -26.651 0.0000000000
101715  -31.286  16.504  -24.843 0.0000000000
102720  -31.799  17.150  -24.763 0.0000000000
101716  -31.985  16.373  -24.410 0.0000000000
96639  -21.022  11.455  -20.795 0.0000000000
96629  -19.978  11.469  -20.384 0.0000000000
146156  -20.653  12.295  -20.047 0.0000000000
97762  -21.845  12.146  -21.257 0.0000000000
154169  -23.749  11.479  -23.295 0.0000000000
96665  -23.973  11.556  -23.561 0.0000000000
137586  -31.237  12.187  -24.187 0.0000000000
137577  -31.399  13.131  -24.252 0.0000000000
89129  -30.614  4.651  -25.126 0.0000000000
158094  -31.203  4.302  -24.195 0.0000000000
77319  -28.626  -6.446  -21.932 0.0000000000
78458  -28.017  -5.990  -22.197 0.0000000000
78470  -26.941  -4.875  -22.068 0.0000000000
78471  -27.852  -5.278  -22.391 0.0000000000
79560  -28.530  -4.786  -22.826 0.0000000000
137888  -29.283  -5.234  -22.653 0.0000000000
85966  -25.436  1.878  -23.696 0.0000000000
85967  -26.190  1.728  -24.153 0.0000000000
84898  -25.627  1.074  -23.564 0.0000000000
83837  -25.862  -0.861  -23.043 0.0000000000
83849  -26.617  -0.664  -23.678 0.0000000000
82732  -27.901  -0.988  -24.388 0.0000000000
82720  -27.312  -1.367  -23.808 0.0000000000
147695  -28.098  17.491  -26.077 0.0000000000
150434  -29.455  15.794  -25.525 0.0000000000
165110  -30.146  16.010  -25.339 0.0000000000
93346  -21.191  8.535  -21.906 0.0000000000
93347  -21.639  8.609  -22.030 0.0000000000
94465  -22.854  9.769  -22.675 0.0000000000
95567  -21.865  9.906  -21.841 0.0000000000
95553  -21.332  9.892  -21.761 0.0000000000
95569  -23.246  10.422  -22.880 0.0000000000
145899  -23.918  11.034  -23.533 0.0000000000
95589  -24.160  10.497  -23.820 0.0000000000
94525  -27.727  9.796  -26.913 0.0000000000
94526  -28.570  10.074  -26.558 0.0000000000
95613  -29.611  10.584  -25.729 0.0000000000
144042  -30.069  10.192  -25.243 0.0000000000
95603  -30.491  10.386  -24.655 0.0000000000
156362  -30.316  9.891  -24.859 0.0000000000
93413  -30.111  8.463  -25.472 0.0000000000
93402  -30.507  8.723  -24.664 0.0000000000
92255  -30.830  8.180  -24.059 0.0000000000
77307  -29.726  -6.715  -20.940 0.0000000000
77308  -30.518  -6.400  -20.568 0.0000000000
91159  -23.142  6.832  -22.867 0.0000000000
92235  -22.340  7.316  -22.308 0.0000000000
91177  -23.980  6.620  -23.574 0.0000000000
91191  -25.545  6.013  -25.105 0.0000000000
92254  -24.575  6.729  -24.219 0.0000000000
91190  -25.187  6.525  -24.718 0.0000000000
91201  -25.467  7.124  -25.059 0.0000000000
91209  -26.108  6.494  -26.389 0.0000000000
90175  -26.688  6.080  -27.074 0.0000000000
164779  -26.661  5.804  -26.989 0.0000000000
88157  -27.723  3.757  -26.634 0.0000000000
88166  -27.923  3.996  -27.093 0.0000000000
88168  -29.996  3.555  -27.478 0.0000000000
87125  -29.433  2.946  -27.106 0.0000000000
85977  -26.885  1.887  -24.639 0.0000000000
85985  -27.550  1.978  -25.076 0.0000000000
84920  -28.069  1.394  -25.104 0.0000000000
84923  -29.978  0.788  -25.471 0.0000000000
85987  -29.253  1.797  -25.639 0.0000000000
85988  -29.733  1.676  -25.616 0.0000000000
86000  -29.788  2.350  -25.758 0.0000000000
154061  -30.218  1.505  -25.504 0.0000000000
85978  -31.238  1.607  -24.563 0.0000000000
155089  -31.104  1.010  -24.594 0.0000000000
83851  -31.516  -0.228  -23.868 0.0000000000
84902  -31.906  0.410  -23.528 0.0000000000
83852  -32.061  -0.264  -23.122 0.0000000000
162391  -31.490  18.626  -25.699 0.0000000000
95537  -18.036  10.094  -19.612 0.0000000000
98802  -22.978  13.089  -21.495 0.0000000000
98817  -24.017  13.897  -23.551 0.0000000000
99809  -24.931  14.207  -24.913 0.0000000000
98821  -24.573  13.675  -24.705 0.0000000000
97790  -26.120  13.075  -25.708 0.0000000000
98831  -26.707  13.501  -25.803 0.0000000000
98832  -27.477  13.452  -25.901 0.0000000000
137749  -29.511  14.087  -25.473 0.0000000000
96696  -26.752  11.228  -26.376 0.0000000000
96685  -26.321  12.082  -26.001 0.0000000000
140873  -27.106  12.023  -26.271 0.0000000000
156076  -30.886  13.742  -24.669 0.0000000000
137355  -31.148  14.503  -24.588 0.0000000000
137778  -32.413  14.867  -23.635 0.0000000000
91224  -28.803  6.159  -28.151 0.0000000000
92296  -30.112  7.142  -27.792 0.0000000000
91216  -30.274  6.372  -27.883 0.0000000000
91203  -30.538  6.196  -25.409 0.0000000000
79548  -26.212  -4.125  -21.843 0.0000000000
157476  -25.646  -3.587  -21.602 0.0000000000
81632  -25.329  -2.901  -21.589 0.0000000000
81645  -25.614  -2.366  -22.347 0.0000000000
80631  -28.058  -3.909  -23.146 0.0000000000
80643  -27.907  -3.038  -23.480 0.0000000000
80644  -28.743  -3.401  -23.591 0.0000000000
81660  -28.590  -2.494  -24.023 0.0000000000
78474  -30.619  -5.067  -22.216 0.0000000000
80646  -30.240  -3.240  -23.546 0.0000000000
84889  -25.069  0.506  -22.922 0.0000000000
83836  -25.154  -0.363  -22.719 0.0000000000
149277  -25.160  -1.100  -22.573 0.0000000000
82705  -25.638  -1.636  -22.742 0.0000000000
156335  -26.842  15.382  -25.566 0.0000000000
137381  -27.693  14.877  -25.655 0.0000000000
93386  -23.816  8.047  -23.675 0.0000000000
163273  -22.167  8.721  -22.289 0.0000000000
147448  -23.456  8.754  -23.345 0.0000000000
94502  -24.066  8.975  -23.899 0.0000000000
94503  -24.373  9.649  -24.204 0.0000000000
95611  -24.884  9.834  -24.880 0.0000000000
94510  -25.279  9.124  -25.266 0.0000000000
93420  -28.304  9.098  -26.718 0.0000000000
153094  -29.086  9.457  -26.345 0.0000000000
93421  -29.018  8.431  -26.595 0.0000000000
93422  -29.755  8.096  -26.347 0.0000000000
89117  -24.542  4.855  -23.703 0.0000000000
90148  -24.581  5.509  -23.934 0.0000000000
91178  -24.643  6.146  -24.195 0.0000000000
90155  -25.076  5.719  -24.561 0.0000000000
90156  -25.566  5.412  -24.977 0.0000000000
90162  -25.977  5.718  -25.615 0.0000000000
141178  -26.423  5.490  -26.177 0.0000000000
159979  -26.472  4.852  -25.847 0.0000000000
87117  -27.399  3.605  -25.990 0.0000000000
146762  -28.144  0.696  -24.907 0.0000000000
84910  -28.893  0.378  -25.117 0.0000000000
84911  -29.582  0.248  -25.173 0.0000000000
84912  -30.067  0.173  -25.126 0.0000000000
83861  -30.427  -0.285  -24.741 0.0000000000
145798  -28.340  19.423  -26.138 0.0000000000
103649  -31.593  17.974  -25.181 0.0000000000
156213  -18.533  13.040  -18.080 0.0000000000
97743  -20.260  13.080  -19.195 0.0000000000
97753  -21.460  12.413  -20.508 0.0000000000
98809  -23.215  12.701  -22.204 0.0000000000
97776  -24.244  13.042  -24.338 0.0000000000
161013  -24.077  12.125  -23.762 0.0000000000
97782  -24.381  12.943  -24.577 0.0000000000
97798  -26.948  12.790  -26.060 0.0000000000
96699  -29.108  11.777  -25.934 0.0000000000
162588  -28.790  12.175  -26.001 0.0000000000
96686  -29.726  11.889  -25.459 0.0000000000
137708  -31.601  13.911  -24.201 0.0000000000
90170  -30.501  4.790  -27.097 0.0000000000
145045  -30.471  5.842  -27.185 0.0000000000
90163  -30.480  5.326  -26.070 0.0000000000
90158  -30.986  5.291  -24.374 0.0000000000
80630  -26.956  -3.989  -22.414 0.0000000000
165145  -27.478  -3.918  -22.780 0.0000000000
79571  -28.932  -4.177  -23.287 0.0000000000
87094  -25.969  3.234  -24.324 0.0000000000
88142  -26.318  3.463  -24.759 0.0000000000
84908  -26.813  1.028  -24.426 0.0000000000
84900  -26.730  0.174  -24.159 0.0000000000
84909  -27.430  0.377  -24.608 0.0000000000
81672  -28.834  -1.739  -24.396 0.0000000000
102732  -27.064  17.558  -25.851 0.0000000000
162263  -30.111  18.720  -26.426 0.0000000000
103660  -29.661  18.110  -26.344 0.0000000000
102734  -30.167  17.343  -25.819 0.0000000000
101729  -30.547  16.579  -25.333 0.0000000000
101714  -30.795  15.803  -24.868 0.0000000000
94429  -18.779  9.517  -20.512 0.0000000000
94445  -21.224  9.303  -21.836 0.0000000000
154523  -21.054  9.566  -21.791 0.0000000000
95539  -19.441  10.001  -20.873 0.0000000000
95552  -20.201  10.617  -20.858 0.0000000000
96640  -21.916  10.148  -21.789 0.0000000000
96666  -24.236  11.165  -23.902 0.0000000000
152624  -25.802  10.998  -25.920 0.0000000000
95622  -25.920  9.872  -26.078 0.0000000000
95624  -27.280  10.509  -26.732 0.0000000000
164685  -29.534  11.257  -25.722 0.0000000000
95614  -30.162  11.077  -25.209 0.0000000000
137357  -31.462  11.224  -23.607 0.0000000000
164531  -31.482  10.496  -23.382 0.0000000000
94512  -30.146  9.374  -25.193 0.0000000000
88144  -31.225  3.242  -24.386 0.0000000000
78473  -29.377  -5.894  -22.153 0.0000000000
92214  -21.625  7.908  -22.015 0.0000000000
92252  -23.495  7.348  -23.348 0.0000000000
93385  -23.097  8.077  -23.080 0.0000000000
92267  -24.857  7.213  -24.515 0.0000000000
92276  -25.829  7.154  -25.912 0.0000000000
92285  -26.144  7.029  -26.767 0.0000000000
92302  -27.207  6.926  -27.145 0.0000000000
91221  -26.876  6.491  -27.149 0.0000000000
90181  -27.529  5.977  -27.392 0.0000000000
89156  -28.883  5.306  -28.044 0.0000000000
89149  -27.276  5.138  -26.912 0.0000000000
150245  -28.508  4.724  -27.673 0.0000000000
89157  -29.815  5.079  -27.970 0.0000000000
89143  -30.421  3.938  -27.143 0.0000000000
88158  -30.374  3.178  -26.857 0.0000000000
88150  -30.286  3.058  -25.909 0.0000000000
162657  -26.656  3.094  -24.822 0.0000000000
87107  -27.557  2.757  -25.513 0.0000000000
87108  -28.316  2.956  -26.087 0.0000000000
84921  -28.737  1.182  -25.315 0.0000000000
85998  -28.944  2.372  -25.820 0.0000000000
153821  -29.204  2.710  -26.373 0.0000000000
87118  -29.698  2.716  -26.330 0.0000000000
87109  -30.176  2.335  -25.677 0.0000000000
87110  -30.739  2.686  -25.196 0.0000000000
87097  -31.270  2.368  -24.511 0.0000000000
87082  -31.721  2.043  -23.810 0.0000000000
84901  -31.316  0.465  -24.271 0.0000000000
104473  -32.729  19.500  -25.408 0.0000000000
137574  -25.960  14.573  -25.428 0.0000000000
137389  -27.413  14.201  -25.730 0.0000000000
98825  -24.913  13.959  -25.019 0.0000000000
155934  -26.761  14.069  -25.688 0.0000000000
137785  -28.733  14.502  -25.637 0.0000000000
100773  -29.465  14.922  -25.427 0.0000000000
161699  -30.751  15.056  -24.824 0.0000000000
97789  -25.341  12.374  -25.433 0.0000000000
97801  -29.178  12.532  -25.751 0.0000000000
137784  -29.413  13.320  -25.562 0.0000000000
137388  -28.734  13.223  -25.806 0.0000000000
101706  -32.566  16.261  -23.883 0.0000000000
92294  -28.348  7.281  -27.418 0.0000000000
92287  -30.141  7.322  -26.787 0.0000000000
91210  -30.404  6.420  -26.415 0.0000000000
92277  -30.350  7.055  -25.674 0.0000000000
92269  -30.856  7.303  -24.121 0.0000000000
162118  -26.189  -2.077  -22.928 0.0000000000
81659  -27.239  -2.678  -23.231 0.0000000000
161393  -26.912  -2.074  -23.260 0.0000000000
81673  -29.428  -2.142  -24.321 0.0000000000
79572  -29.537  -4.293  -23.176 0.0000000000
79573  -30.068  -4.012  -23.120 0.0000000000
81662  -30.135  -2.456  -24.127 0.0000000000
82722  -30.599  -1.769  -24.174 0.0000000000
87096  -26.973  2.654  -24.941 0.0000000000
87119  -30.038  2.872  -26.264 0.0000000000
88156  -27.175  4.376  -26.505 0.0000000000
88164  -27.041  5.007  -26.794 0.0000000000
89141  -26.709  5.501  -26.770 0.0000000000
89142  -26.778  4.942  -26.402 0.0000000000
89148  -26.914  5.600  -27.011 0.0000000000
89150  -29.430  4.431  -27.886 0.0000000000
89151  -30.163  4.513  -27.557 0.0000000000
89155  -27.957  5.384  -27.465 0.0000000000
90174  -26.436  5.996  -26.781 0.0000000000
90180  -27.054  6.043  -27.176 0.0000000000
90182  -28.097  5.855  -27.766 0.0000000000
90183  -29.763  5.859  -28.134 0.0000000000
91202  -25.713  6.547  -25.499 0.0000000000
91215  -29.673  6.728  -28.145 0.0000000000
91222  -27.345  6.488  -27.279 0.0000000000
91223  -27.921  6.397  -27.673 0.0000000000
92286  -29.592  7.554  -27.194 0.0000000000
92291  -26.515  7.021  -27.045 0.0000000000
92292  -26.991  7.367  -27.001 0.0000000000
92295  -29.379  7.279  -27.784 0.0000000000
92301  -26.775  6.863  -27.105 0.0000000000
92303  -27.797  6.910  -27.431 0.0000000000
93427  -26.914  8.280  -26.882 0.0000000000
94444  -21.006  9.181  -21.840 0.0000000000
94489  -22.774  8.932  -22.751 0.0000000000
94490  -23.439  9.660  -23.269 0.0000000000
94509  -24.803  9.321  -24.741 0.0000000000
94522  -25.779  9.083  -25.901 0.0000000000
94524  -27.047  9.435  -26.913 0.0000000000
95568  -22.595  10.209  -22.377 0.0000000000
95588  -23.709  10.529  -23.413 0.0000000000
95602  -24.512  10.324  -24.371 0.0000000000
95612  -25.316  10.048  -25.384 0.0000000000
95623  -26.528  10.209  -26.477 0.0000000000
95626  -28.972  10.946  -26.212 0.0000000000
96653  -22.542  10.490  -22.244 0.0000000000
96654  -23.298  10.969  -22.786 0.0000000000
96655  -23.567  11.036  -23.140 0.0000000000
96684  -24.965  11.231  -25.167 0.0000000000
96698  -28.427  11.776  -26.282 0.0000000000
97742  -19.326  12.849  -18.837 0.0000000000
97788  -24.725  13.241  -25.031 0.0000000000
97800  -28.511  12.578  -26.016 0.0000000000
98818  -24.539  13.775  -24.610 0.0000000000
98826  -26.007  13.920  -25.589 0.0000000000
137383  -28.937  13.811  -25.696 0.0000000000
141446  -25.109  7.813  -24.777 0.0000000000
141843  -26.026  7.638  -26.298 0.0000000000
149714  -27.848  4.796  -27.123 0.0000000000
153028  -24.240  12.100  -24.143 0.0000000000
156025  -30.661  12.894  -24.718 0.0000000000
156675  -25.944  6.157  -25.771 0.0000000000
157739  -25.681  7.801  -25.704 0.0000000000
159838  -30.126  7.758  -25.834 0.0000000000
160284  -29.199  10.195  -26.156 0.0000000000
160709  -30.767  1.288  -25.047 0.0000000000
161196  -28.202  8.273  -26.830 0.0000000000
164163  -23.726  13.704  -23.224 0.0000000000
165073  -32.074  -0.863  -22.778 0.0000000000
166118  -19.453  10.745  -20.514 0.0000000000
