#!ascii label  , from subject sub-LJ001 vox2ras=TkReg
1072
81646  -26.541  -2.649  -22.830 0.5555555820
161393  -26.912  -2.074  -23.260 0.6666666865
82732  -27.901  -0.988  -24.388 0.7777777910
153195  -27.484  1.229  -24.758 0.8888888955
84923  -29.978  0.788  -25.471 0.8888888955
81632  -25.329  -2.901  -21.589 0.5555555820
81645  -25.614  -2.366  -22.347 0.5555555820
83837  -25.862  -0.861  -23.043 0.6666666865
83849  -26.617  -0.664  -23.678 0.8888888955
83858  -28.180  -0.243  -24.750 0.8888888955
146762  -28.144  0.696  -24.907 0.8888888955
85998  -28.944  2.372  -25.820 1.0000000000
85988  -29.733  1.676  -25.616 0.8888888955
87118  -29.698  2.716  -26.330 1.0000000000
83836  -25.154  -0.363  -22.719 0.7777777910
85967  -26.190  1.728  -24.153 1.0000000000
87094  -25.969  3.234  -24.324 1.0000000000
87095  -26.432  2.700  -24.489 1.0000000000
87106  -26.794  3.428  -25.322 1.0000000000
88142  -26.318  3.463  -24.759 1.0000000000
87117  -27.399  3.605  -25.990 1.0000000000
142639  -26.813  4.274  -25.899 1.0000000000
88157  -27.723  3.757  -26.634 1.0000000000
88168  -29.996  3.555  -27.478 1.0000000000
88165  -27.438  4.539  -26.834 1.0000000000
89143  -30.421  3.938  -27.143 1.0000000000
89156  -28.883  5.306  -28.044 1.0000000000
90176  -30.236  5.419  -27.677 0.7777777910
88129  -25.108  4.268  -23.940 0.8888888955
88141  -25.725  3.886  -24.547 1.0000000000
159979  -26.472  4.852  -25.847 1.0000000000
89128  -25.604  4.683  -24.781 1.0000000000
90162  -25.977  5.718  -25.615 1.0000000000
164779  -26.661  5.804  -26.989 1.0000000000
89154  -27.365  5.529  -27.119 1.0000000000
90181  -27.529  5.977  -27.392 1.0000000000
91224  -28.803  6.159  -28.151 1.0000000000
91216  -30.274  6.372  -27.883 0.8888888955
92296  -30.112  7.142  -27.792 1.0000000000
161769  -30.354  6.685  -27.358 0.7777777910
92277  -30.350  7.055  -25.674 0.7777777910
90147  -24.095  5.902  -23.477 0.5555555820
146426  -22.849  7.485  -22.797 0.7777777910
91177  -23.980  6.620  -23.574 0.8888888955
91190  -25.187  6.525  -24.718 1.0000000000
90169  -26.186  6.023  -26.182 1.0000000000
92253  -24.225  7.294  -23.940 0.8888888955
91201  -25.467  7.124  -25.059 1.0000000000
91214  -26.446  6.562  -27.018 1.0000000000
92302  -27.207  6.926  -27.145 1.0000000000
92294  -28.348  7.281  -27.418 0.8888888955
92293  -27.598  7.362  -27.131 1.0000000000
93430  -28.738  7.605  -27.056 0.8888888955
93413  -30.111  8.463  -25.472 0.7777777910
92255  -30.830  8.180  -24.059 0.6666666865
93402  -30.507  8.723  -24.664 0.6666666865
92213  -21.372  7.871  -21.990 0.4444444478
92214  -21.625  7.908  -22.015 0.7777777910
93346  -21.191  8.535  -21.906 0.6666666865
163273  -22.167  8.721  -22.289 0.7777777910
93386  -23.816  8.047  -23.675 0.8888888955
93400  -24.464  7.982  -24.272 0.8888888955
92285  -26.144  7.029  -26.767 1.0000000000
93401  -24.673  8.680  -24.551 1.0000000000
93410  -25.284  8.369  -25.132 1.0000000000
93428  -27.403  7.853  -26.932 1.0000000000
94535  -27.550  8.619  -26.915 0.8888888955
93421  -29.018  8.431  -26.595 0.7777777910
93412  -29.655  8.936  -25.967 0.7777777910
93388  -31.348  8.687  -23.442 0.5555555820
94512  -30.146  9.374  -25.193 0.7777777910
94492  -30.621  9.586  -24.406 0.6666666865
94429  -18.779  9.517  -20.512 0.6666666865
94445  -21.224  9.303  -21.836 0.7777777910
154523  -21.054  9.566  -21.791 0.7777777910
94464  -22.165  9.356  -22.160 0.8888888955
94502  -24.066  8.975  -23.899 0.8888888955
94465  -22.854  9.769  -22.675 1.0000000000
94503  -24.373  9.649  -24.204 1.0000000000
94510  -25.279  9.124  -25.266 1.0000000000
93419  -26.249  8.279  -26.393 0.8888888955
94525  -27.727  9.796  -26.913 0.8888888955
94511  -29.633  9.796  -25.777 0.8888888955
153094  -29.086  9.457  -26.345 0.7777777910
94526  -28.570  10.074  -26.558 0.7777777910
144042  -30.069  10.192  -25.243 0.7777777910
95593  -31.021  10.311  -23.848 0.7777777910
164531  -31.482  10.496  -23.382 0.6666666865
95538  -18.697  10.381  -20.162 0.6666666865
95537  -18.036  10.094  -19.612 0.5555555820
95539  -19.441  10.001  -20.873 0.7777777910
165074  -21.102  9.813  -21.781 0.8888888955
95567  -21.865  9.906  -21.841 0.8888888955
95569  -23.246  10.422  -22.880 1.0000000000
94491  -24.004  9.930  -23.726 1.0000000000
95622  -25.920  9.872  -26.078 1.0000000000
94523  -26.412  9.176  -26.496 0.8888888955
95613  -29.611  10.584  -25.729 0.7777777910
95614  -30.162  11.077  -25.209 0.7777777910
137357  -31.462  11.224  -23.607 0.6666666865
96660  -32.008  11.501  -22.977 0.5555555820
95594  -31.828  10.699  -22.984 0.5555555820
166118  -19.453  10.745  -20.514 0.7777777910
96628  -19.017  11.327  -19.876 0.6666666865
95552  -20.201  10.617  -20.858 0.8888888955
147044  -23.093  10.709  -22.650 1.0000000000
145899  -23.918  11.034  -23.533 1.0000000000
152624  -25.802  10.998  -25.920 0.8888888955
95624  -27.280  10.509  -26.732 0.8888888955
96697  -27.603  11.490  -26.487 0.8888888955
95625  -28.114  10.808  -26.657 0.8888888955
96687  -30.409  11.997  -24.849 0.7777777910
137577  -31.399  13.131  -24.252 0.7777777910
137586  -31.237  12.187  -24.187 0.7777777910
137807  -31.848  12.118  -23.474 0.5555555820
137365  -29.932  12.701  -25.278 0.7777777910
162396  -31.763  12.723  -23.820 0.5555555820
137658  -32.670  12.984  -22.618 0.5555555820
160859  -31.976  13.362  -23.786 0.6666666865
155956  -17.750  12.720  -17.231 0.4444444478
96614  -18.573  12.188  -19.033 0.5555555820
96639  -21.022  11.455  -20.795 0.7777777910
96640  -21.916  10.148  -21.789 1.0000000000
96665  -23.973  11.556  -23.561 1.0000000000
96674  -24.514  11.267  -24.489 0.8888888955
96685  -26.321  12.082  -26.001 0.8888888955
96696  -26.752  11.228  -26.376 0.8888888955
140873  -27.106  12.023  -26.271 0.8888888955
162588  -28.790  12.175  -26.001 0.8888888955
137653  -32.458  13.570  -23.254 0.5555555820
97775  -23.581  13.330  -22.815 0.6666666865
97753  -21.460  12.413  -20.508 0.6666666865
161013  -24.077  12.125  -23.762 0.7777777910
153351  -24.547  12.240  -24.851 0.8888888955
97782  -24.381  12.943  -24.577 0.7777777910
97798  -26.948  12.790  -26.060 0.7777777910
97789  -25.341  12.374  -25.433 0.8888888955
138992  -28.169  13.139  -25.969 0.7777777910
97799  -27.781  12.483  -26.221 0.8888888955
137388  -28.734  13.223  -25.806 0.7777777910
137784  -29.413  13.320  -25.562 0.7777777910
137830  -30.130  13.538  -25.160 0.6666666865
137377  -30.304  14.446  -25.068 0.6666666865
137355  -31.148  14.503  -24.588 0.6666666865
156076  -30.886  13.742  -24.669 0.6666666865
100767  -31.515  15.884  -24.527 0.6666666865
100766  -31.377  15.233  -24.516 0.5555555820
137778  -32.413  14.867  -23.635 0.5555555820
156100  -32.191  14.106  -23.721 0.4444444478
100758  -32.092  15.539  -24.108 0.5555555820
137386  -25.166  15.139  -23.999 0.3333333433
137657  -24.663  14.771  -23.666 0.3333333433
99809  -24.931  14.207  -24.913 0.5555555820
98821  -24.573  13.675  -24.705 0.6666666865
137574  -25.960  14.573  -25.428 0.5555555820
98825  -24.913  13.959  -25.019 0.7777777910
98831  -26.707  13.501  -25.803 0.7777777910
137785  -28.733  14.502  -25.637 0.6666666865
98832  -27.477  13.452  -25.901 0.6666666865
137385  -28.192  13.893  -25.777 0.6666666865
137749  -29.511  14.087  -25.473 0.6666666865
100765  -30.163  15.325  -25.194 0.6666666865
101714  -30.795  15.803  -24.868 0.6666666865
101706  -32.566  16.261  -23.883 0.5555555820
102721  -32.436  17.016  -24.188 0.5555555820
101716  -31.985  16.373  -24.410 0.6666666865
137375  -25.716  14.700  -25.261 0.4444444478
137363  -26.128  14.632  -23.963 0.4444444478
137374  -25.538  14.485  -25.190 0.4444444478
156335  -26.842  15.382  -25.566 0.5555555820
154494  -26.821  14.666  -25.588 0.5555555820
137381  -27.693  14.877  -25.655 0.6666666865
137389  -27.413  14.201  -25.730 0.6666666865
100772  -28.551  15.435  -25.615 0.6666666865
100773  -29.465  14.922  -25.427 0.6666666865
101729  -30.547  16.579  -25.333 0.6666666865
102720  -31.799  17.150  -24.763 0.6666666865
148357  -32.313  17.841  -24.555 0.5555555820
101727  -27.405  15.992  -25.611 0.4444444478
101728  -28.568  16.520  -25.763 0.6666666865
144387  -29.698  16.603  -25.680 0.6666666865
150434  -29.455  15.794  -25.525 0.6666666865
102735  -31.051  17.274  -25.321 0.6666666865
84909  -27.430  0.377  -24.608 0.8888888955
83848  -25.946  0.094  -23.432 1.0000000000
85985  -27.550  1.978  -25.076 1.0000000000
153821  -29.204  2.710  -26.373 1.0000000000
147250  -19.073  8.539  -20.943 0.5555555820
137559  -17.785  11.135  -19.217 0.5555555820
137921  -19.752  13.559  -18.203 0.5555555820
96666  -24.236  11.165  -23.902 1.0000000000
96699  -29.108  11.777  -25.934 0.8888888955
156231  -18.946  13.240  -17.318 0.2222222239
137708  -31.601  13.911  -24.201 0.6666666865
97790  -26.120  13.075  -25.708 0.7777777910
94428  -18.267  9.252  -19.708 0.4444444478
95519  -17.040  10.311  -18.834 0.4444444478
102722  -33.097  17.636  -23.932 0.5555555820
102712  -32.945  16.847  -23.718 0.5555555820
137891  -26.831  14.658  -24.546 0.2222222239
137628  -26.381  14.937  -25.403 0.3333333433
103651  -32.903  18.462  -24.428 0.5555555820
80630  -26.956  -3.989  -22.414 0.5555555820
81647  -27.197  -3.347  -22.883 0.5555555820
81659  -27.239  -2.678  -23.231 0.6666666865
151326  -27.695  -2.223  -23.666 0.5555555820
81660  -28.590  -2.494  -24.023 0.5555555820
83860  -29.809  -0.433  -24.927 0.7777777910
84912  -30.067  0.173  -25.126 0.8888888955
79548  -26.212  -4.125  -21.843 0.5555555820
81672  -28.834  -1.739  -24.396 0.6666666865
82733  -28.594  -1.060  -24.593 0.6666666865
83859  -29.102  -0.391  -24.908 0.8888888955
84913  -30.571  0.602  -24.948 0.7777777910
154061  -30.218  1.505  -25.504 0.7777777910
87109  -30.176  2.335  -25.677 0.8888888955
80617  -25.122  -3.430  -20.930 0.4444444478
82704  -24.764  -1.616  -22.056 0.5555555820
87126  -30.129  2.732  -26.983 1.0000000000
163865  -23.553  0.098  -22.084 0.2222222239
84889  -25.069  0.506  -22.922 0.6666666865
89135  -30.427  4.013  -26.255 0.8888888955
90163  -30.480  5.326  -26.070 0.6666666865
91210  -30.404  6.420  -26.415 0.7777777910
91203  -30.538  6.196  -25.409 0.6666666865
85965  -24.801  2.505  -23.449 0.5555555820
91192  -30.650  6.832  -24.795 0.6666666865
162237  -24.132  4.654  -23.339 0.4444444478
92256  -31.266  7.661  -23.458 0.5555555820
93372  -31.840  8.820  -22.810 0.5555555820
155113  -22.713  6.853  -22.421 0.2222222239
94472  -31.640  9.741  -23.128 0.5555555820
93328  -19.201  7.368  -20.411 0.4444444478
137325  -17.355  8.970  -16.067 0.3333333433
96645  -32.677  11.381  -22.007 0.5555555820
137665  -33.041  12.816  -21.726 0.4444444478
155981  -18.414  12.521  -16.419 0.3333333433
156066  -32.819  13.897  -22.618 0.5555555820
156170  -32.671  14.343  -23.198 0.4444444478
158273  -24.640  15.051  -23.502 0.3333333433
98811  -23.740  13.282  -22.987 0.3333333433
98810  -23.559  12.869  -22.296 0.4444444478
100759  -32.738  15.589  -23.464 0.4444444478
102713  -33.553  17.036  -23.361 0.4444444478
103639  -33.614  18.464  -23.906 0.2222222239
137565  -26.872  15.233  -25.520 0.3333333433
102734  -30.167  17.343  -25.819 0.6666666865
157587  -30.731  18.145  -25.871 0.6666666865
103649  -31.593  17.974  -25.181 0.6666666865
156760  -27.569  16.840  -25.816 0.5555555820
162118  -26.189  -2.077  -22.928 0.6666666865
80629  -26.185  -3.293  -22.266 0.5555555820
82719  -26.426  -1.464  -23.252 0.6666666865
82720  -27.312  -1.367  -23.808 0.7777777910
82721  -28.140  -1.676  -24.220 0.7777777910
83850  -27.341  -0.483  -24.296 0.8888888955
84920  -28.069  1.394  -25.104 1.0000000000
85977  -26.885  1.887  -24.639 1.0000000000
84908  -26.813  1.028  -24.426 1.0000000000
85987  -29.253  1.797  -25.639 1.0000000000
84922  -29.434  0.977  -25.452 0.8888888955
84911  -29.582  0.248  -25.173 0.8888888955
157476  -25.646  -3.587  -21.602 0.4444444478
82691  -24.897  -2.213  -21.566 0.5555555820
82705  -25.638  -1.636  -22.742 0.6666666865
149277  -25.160  -1.100  -22.573 0.5555555820
84900  -26.730  0.174  -24.159 0.8888888955
84910  -28.893  0.378  -25.117 0.8888888955
84921  -28.737  1.182  -25.315 1.0000000000
85999  -29.548  2.429  -25.810 1.0000000000
85986  -28.376  2.042  -25.539 1.0000000000
87108  -28.316  2.956  -26.087 1.0000000000
86000  -29.788  2.350  -25.758 1.0000000000
87125  -29.433  2.946  -27.106 1.0000000000
83835  -24.358  -0.881  -22.265 0.5555555820
84874  -24.220  0.036  -22.383 0.6666666865
84899  -26.282  0.822  -23.978 1.0000000000
85966  -25.436  1.878  -23.696 0.8888888955
85976  -25.764  2.612  -23.993 0.8888888955
84898  -25.627  1.074  -23.564 1.0000000000
87081  -25.393  3.375  -23.898 0.8888888955
162657  -26.656  3.094  -24.822 1.0000000000
87107  -27.557  2.757  -25.513 1.0000000000
87124  -28.523  3.248  -26.882 1.0000000000
88149  -26.187  4.238  -25.268 1.0000000000
89134  -26.026  5.093  -25.458 1.0000000000
88166  -27.923  3.996  -27.093 1.0000000000
88158  -30.374  3.178  -26.857 0.8888888955
88167  -28.759  3.862  -27.520 1.0000000000
89149  -27.276  5.138  -26.912 1.0000000000
141178  -26.423  5.490  -26.177 1.0000000000
150245  -28.508  4.724  -27.673 1.0000000000
89157  -29.815  5.079  -27.970 1.0000000000
90170  -30.501  4.790  -27.097 0.8888888955
145045  -30.471  5.842  -27.185 0.7777777910
89127  -25.054  5.099  -24.362 1.0000000000
89117  -24.542  4.855  -23.703 0.5555555820
87080  -24.558  3.436  -23.450 0.6666666865
88128  -24.310  4.180  -23.389 0.5555555820
90156  -25.566  5.412  -24.977 1.0000000000
90155  -25.076  5.719  -24.561 0.8888888955
91191  -25.545  6.013  -25.105 1.0000000000
91209  -26.108  6.494  -26.389 1.0000000000
90175  -26.688  6.080  -27.074 1.0000000000
91221  -26.876  6.491  -27.149 1.0000000000
92304  -28.649  6.868  -27.956 1.0000000000
92287  -30.141  7.322  -26.787 0.8888888955
92269  -30.856  7.303  -24.121 0.6666666865
91160  -23.581  6.245  -23.113 0.5555555820
91159  -23.142  6.832  -22.867 0.6666666865
90148  -24.581  5.509  -23.934 0.7777777910
91178  -24.643  6.146  -24.195 0.7777777910
93365  -22.309  8.102  -22.443 0.8888888955
92252  -23.495  7.348  -23.348 0.8888888955
93385  -23.097  8.077  -23.080 0.8888888955
164175  -25.117  6.084  -24.655 0.8888888955
92254  -24.575  6.729  -24.219 1.0000000000
92267  -24.857  7.213  -24.515 0.8888888955
92276  -25.829  7.154  -25.912 1.0000000000
93426  -26.516  7.505  -26.773 1.0000000000
93429  -27.892  7.763  -26.987 0.8888888955
93422  -29.755  8.096  -26.347 0.8888888955
92268  -30.463  7.765  -24.917 0.7777777910
92239  -31.704  8.008  -22.809 0.5555555820
93387  -30.894  8.928  -24.058 0.6666666865
93345  -19.753  7.968  -21.316 0.5555555820
92195  -19.890  6.354  -20.668 0.3333333433
91157  -21.792  7.463  -22.003 0.3333333433
92235  -22.340  7.316  -22.308 0.6666666865
94430  -19.510  9.133  -21.215 0.6666666865
93347  -21.639  8.609  -22.030 0.7777777910
147448  -23.456  8.754  -23.345 0.8888888955
157820  -25.501  7.631  -25.310 1.0000000000
93411  -25.714  8.339  -25.786 1.0000000000
93420  -28.304  9.098  -26.718 0.7777777910
156362  -30.316  9.891  -24.859 0.7777777910
95611  -24.884  9.834  -24.880 1.0000000000
137360  -30.796  11.204  -24.391 0.7777777910
95603  -30.491  10.386  -24.655 0.7777777910
94413  -16.951  9.853  -18.627 0.4444444478
95553  -21.332  9.892  -21.761 0.8888888955
95589  -24.160  10.497  -23.820 1.0000000000
161397  -24.774  10.511  -24.818 0.8888888955
164685  -29.534  11.257  -25.722 0.7777777910
137716  -32.333  12.206  -22.885 0.5555555820
164436  -32.416  11.652  -22.535 0.5555555820
137623  -17.474  12.200  -18.147 0.5555555820
96629  -19.978  11.469  -20.384 0.6666666865
96686  -29.726  11.889  -25.459 0.8888888955
137349  -32.203  12.821  -23.333 0.6666666865
97801  -29.178  12.532  -25.751 0.8888888955
156213  -18.533  13.040  -18.080 0.5555555820
96615  -19.613  12.243  -19.640 0.5555555820
96641  -22.343  11.726  -21.709 1.0000000000
97762  -21.845  12.146  -21.257 0.7777777910
146156  -20.653  12.295  -20.047 0.7777777910
98802  -22.978  13.089  -21.495 0.5555555820
97754  -22.225  13.062  -20.766 0.5555555820
98817  -24.017  13.897  -23.551 0.4444444478
98809  -23.215  12.701  -22.204 0.6666666865
97776  -24.244  13.042  -24.338 0.6666666865
97763  -22.613  12.503  -21.647 0.7777777910
97743  -20.260  13.080  -19.195 0.7777777910
149029  -25.368  13.593  -25.344 0.7777777910
154169  -23.749  11.479  -23.295 0.7777777910
161699  -30.751  15.056  -24.824 0.6666666865
137350  -31.818  14.685  -24.127 0.5555555820
101707  -33.147  16.298  -23.307 0.4444444478
99800  -32.894  14.999  -23.163 0.4444444478
137367  -24.505  14.867  -23.515 0.4444444478
137648  -25.370  14.264  -25.228 0.6666666865
155934  -26.761  14.069  -25.688 0.7777777910
101715  -31.286  16.504  -24.843 0.6666666865
165110  -30.146  16.010  -25.339 0.6666666865
137522  -16.391  11.191  -18.051 0.4444444478
93316  -18.050  8.336  -19.126 0.4444444478
156211  -15.818  10.317  -17.247 0.4444444478
151187  -33.925  17.823  -23.389 0.3333333433
146463  -33.364  18.977  -24.380 0.3333333433
83861  -30.427  -0.285  -24.741 0.6666666865
79547  -25.490  -4.184  -21.216 0.4444444478
88150  -30.286  3.058  -25.909 0.7777777910
79546  -24.995  -4.174  -20.447 0.3333333433
82690  -24.123  -1.746  -21.260 0.4444444478
90157  -30.625  5.498  -25.071 0.6666666865
90110  -23.273  6.411  -22.741 0.1111111119
91136  -20.644  5.451  -20.913 0.1111111119
156173  -17.215  9.298  -17.655 0.4444444478
156096  -15.795  10.152  -15.967 0.3333333433
156232  -16.822  11.971  -17.258 0.3333333433
156081  -22.103  13.489  -19.970 0.3333333433
103650  -32.263  18.691  -25.158 0.6666666865
104458  -32.919  19.070  -24.807 0.4444444478
157193  -31.167  -3.681  -22.520 0.4444444478
80618  -32.243  -3.894  -21.459 0.2222222239
79560  -28.530  -4.786  -22.826 0.4444444478
151098  -29.245  -4.689  -23.021 0.4444444478
80631  -28.058  -3.909  -23.146 0.4444444478
80645  -29.505  -3.715  -23.493 0.4444444478
80632  -30.593  -3.661  -22.959 0.4444444478
80647  -30.977  -3.080  -23.042 0.4444444478
82707  -31.984  -2.143  -22.287 0.2222222239
81661  -29.457  -2.961  -23.940 0.4444444478
81662  -30.135  -2.456  -24.127 0.4444444478
81663  -30.786  -2.460  -23.638 0.4444444478
82692  -32.501  -1.831  -21.544 0.1111111119
82678  -33.032  -1.465  -20.839 0.1111111119
82722  -30.599  -1.769  -24.174 0.4444444478
158973  -31.769  -1.534  -22.875 0.3333333433
81673  -29.428  -2.142  -24.321 0.4444444478
162618  -30.011  -1.788  -24.462 0.4444444478
82723  -31.239  -1.684  -23.608 0.3333333433
82706  -31.626  -0.917  -23.414 0.3333333433
83823  -32.807  -0.892  -21.544 0.2222222239
82736  -30.993  -0.897  -24.194 0.4444444478
82734  -29.442  -1.247  -24.651 0.5555555820
84890  -32.431  0.407  -22.771 0.2222222239
85960  -32.763  1.218  -22.477 0.1111111119
85946  -33.330  1.799  -21.960 0.1111111119
84902  -31.906  0.410  -23.528 0.3333333433
85968  -31.669  1.171  -23.867 0.3333333433
155089  -31.104  1.010  -24.594 0.4444444478
85978  -31.238  1.607  -24.563 0.5555555820
87097  -31.270  2.368  -24.511 0.6666666865
87083  -32.322  2.516  -23.186 0.4444444478
87110  -30.739  2.686  -25.196 0.6666666865
89119  -32.299  4.123  -22.918 0.3333333433
88143  -30.653  3.626  -25.147 0.6666666865
89118  -31.742  4.428  -23.415 0.5555555820
158094  -31.203  4.302  -24.195 0.5555555820
89102  -31.970  4.820  -22.974 0.5555555820
90133  -31.910  5.494  -22.776 0.3333333433
89129  -30.614  4.651  -25.126 0.5555555820
91164  -31.677  6.984  -22.846 0.4444444478
144715  -31.540  6.110  -23.173 0.4444444478
102733  -29.143  17.385  -26.078 0.5555555820
162391  -31.490  18.626  -25.699 0.5555555820
104472  -31.845  19.376  -26.009 0.5555555820
79561  -29.918  -4.745  -22.785 0.4444444478
80633  -31.723  -3.578  -22.000 0.2222222239
80643  -27.907  -3.038  -23.480 0.4444444478
149025  -32.313  -1.273  -22.232 0.2222222239
84891  -32.946  0.457  -22.090 0.1111111119
85959  -32.270  1.685  -23.175 0.4444444478
88144  -31.225  3.242  -24.386 0.6666666865
88131  -32.336  3.307  -23.140 0.4444444478
146763  -31.875  6.198  -22.606 0.3333333433
92240  -32.159  7.480  -22.260 0.4444444478
94473  -32.258  9.273  -22.395 0.4444444478
103660  -29.661  18.110  -26.344 0.5555555820
149914  -28.618  18.199  -26.390 0.5555555820
88114  -32.773  2.940  -22.604 0.2222222239
104473  -32.729  19.500  -25.408 0.5555555820
78473  -29.377  -5.894  -22.153 0.4444444478
154072  -29.913  -5.403  -22.326 0.4444444478
78474  -30.619  -5.067  -22.216 0.4444444478
78461  -32.212  -4.799  -21.162 0.2222222239
80605  -32.897  -4.174  -20.866 0.2222222239
78470  -26.941  -4.875  -22.068 0.4444444478
78472  -28.627  -5.631  -22.400 0.4444444478
81619  -32.770  -2.363  -20.874 0.1111111119
80606  -33.554  -3.652  -20.445 0.1111111119
83807  -33.423  -0.529  -20.887 0.1111111119
84875  -33.176  -0.038  -21.611 0.1111111119
84859  -33.821  0.545  -21.092 0.1111111119
163022  -34.335  2.041  -21.169 0.1111111119
87055  -33.811  2.299  -21.552 0.1111111119
88115  -33.134  3.397  -22.113 0.2222222239
89103  -32.456  4.893  -22.354 0.1111111119
162031  -32.692  3.582  -22.599 0.2222222239
90134  -32.303  5.798  -22.190 0.2222222239
91145  -32.622  6.270  -21.641 0.2222222239
91165  -32.182  6.630  -22.219 0.3333333433
93373  -32.230  8.369  -22.282 0.4444444478
93352  -32.660  8.797  -21.718 0.3333333433
94450  -32.718  9.753  -21.757 0.3333333433
95576  -32.236  10.176  -22.462 0.4444444478
164658  -32.929  10.357  -21.457 0.3333333433
137661  -20.837  13.580  -18.833 0.4444444478
100751  -33.378  15.584  -22.771 0.3333333433
147695  -28.098  17.491  -26.077 0.5555555820
141368  -30.881  18.996  -26.239 0.5555555820
79559  -27.645  -4.466  -22.632 0.4444444478
165145  -27.478  -3.918  -22.780 0.4444444478
82735  -30.247  -1.102  -24.615 0.5555555820
147767  -30.769  1.886  -25.201 0.6666666865
90158  -30.986  5.291  -24.374 0.5555555820
91193  -31.211  6.013  -23.905 0.5555555820
165478  -30.939  6.598  -24.172 0.4444444478
95557  -32.639  10.606  -21.948 0.4444444478
80644  -28.743  -3.401  -23.591 0.4444444478
83862  -30.974  -0.079  -24.461 0.3333333433
79573  -30.068  -4.012  -23.120 0.4444444478
79549  -31.454  -4.408  -21.983 0.3333333433
79562  -30.640  -4.284  -22.619 0.4444444478
142071  -32.776  -3.296  -20.901 0.1111111119
78471  -27.852  -5.278  -22.391 0.4444444478
137888  -29.283  -5.234  -22.653 0.4444444478
79571  -28.932  -4.177  -23.287 0.4444444478
79572  -29.537  -4.293  -23.176 0.4444444478
80646  -30.240  -3.240  -23.546 0.4444444478
81649  -31.560  -2.951  -22.396 0.4444444478
81648  -31.413  -2.329  -23.001 0.4444444478
81633  -32.203  -2.876  -21.613 0.2222222239
144451  -33.754  -1.291  -20.114 0.1111111119
83852  -32.061  -0.264  -23.122 0.3333333433
83851  -31.516  -0.228  -23.868 0.3333333433
83838  -32.563  -0.351  -22.304 0.2222222239
157611  -32.242  0.978  -23.175 0.2222222239
84876  -33.383  1.005  -21.795 0.1111111119
87068  -32.794  2.139  -22.560 0.1111111119
84877  -33.905  1.513  -21.399 0.1111111119
84901  -31.316  0.465  -24.271 0.3333333433
87082  -31.721  2.043  -23.810 0.4444444478
88130  -31.802  2.873  -23.775 0.4444444478
89104  -32.848  4.095  -22.233 0.1111111119
150523  -31.767  3.709  -23.614 0.4444444478
90149  -31.505  5.205  -23.521 0.5555555820
92221  -32.659  7.818  -21.582 0.4444444478
166312  -33.342  0.501  -21.648 0.1111111119
152103  -29.124  18.973  -26.462 0.5555555820
87069  -33.265  2.617  -22.053 0.2222222239
78459  -30.261  -5.929  -21.593 0.4444444478
78460  -31.247  -5.282  -21.481 0.4444444478
78458  -28.017  -5.990  -22.197 0.4444444478
78457  -27.287  -5.810  -21.999 0.4444444478
81620  -33.332  -2.780  -20.450 0.1111111119
71986  -30.548  -11.212  -16.211 0.1111111119
73058  -27.738  -9.912  -19.401 0.3333333433
73015  -29.420  -10.255  -17.434 0.2222222239
73003  -29.954  -10.681  -16.790 0.2222222239
73004  -30.818  -10.281  -16.548 0.1111111119
74082  -30.799  -9.540  -16.974 0.1111111119
75188  -25.449  -8.654  -20.289 0.3333333433
74127  -26.730  -9.857  -20.090 0.3333333433
73057  -26.953  -10.622  -19.510 0.3333333433
74128  -28.275  -9.028  -19.650 0.3333333433
75156  -29.074  -8.633  -19.042 0.3333333433
74093  -29.618  -9.474  -17.775 0.2222222239
75145  -29.708  -8.743  -18.247 0.2222222239
142245  -30.411  -8.992  -17.564 0.2222222239
76234  -25.086  -7.300  -20.500 0.2222222239
150924  -25.520  -8.028  -20.505 0.2222222239
75187  -24.906  -8.060  -20.102 0.2222222239
74141  -26.793  -9.085  -20.459 0.3333333433
75177  -27.507  -9.209  -20.157 0.3333333433
75158  -30.349  -8.149  -18.194 0.1111111119
77305  -25.001  -6.393  -20.624 0.2222222239
77306  -25.777  -6.796  -21.043 0.3333333433
76235  -26.004  -7.603  -20.846 0.3333333433
77317  -26.661  -6.434  -21.542 0.3333333433
76246  -27.284  -7.188  -21.413 0.3333333433
76236  -26.870  -7.818  -21.055 0.3333333433
144580  -27.703  -7.780  -21.073 0.3333333433
76238  -29.209  -7.391  -20.443 0.3333333433
147868  -28.468  -7.651  -20.862 0.3333333433
76239  -29.967  -7.004  -19.982 0.3333333433
76204  -30.324  -7.411  -18.990 0.1111111119
158883  -31.194  -6.951  -18.862 0.2222222239
78441  -24.897  -5.542  -20.494 0.2222222239
77316  -25.670  -5.804  -21.159 0.2222222239
76247  -28.147  -7.172  -21.482 0.3333333433
77320  -29.411  -6.446  -21.634 0.3333333433
77307  -29.726  -6.715  -20.940 0.3333333433
77289  -30.794  -6.683  -19.655 0.3333333433
77290  -31.604  -6.384  -19.431 0.1111111119
78454  -24.792  -4.827  -20.278 0.3333333433
78455  -25.260  -4.910  -20.827 0.3333333433
77319  -28.626  -6.446  -21.932 0.3333333433
78442  -31.025  -5.862  -20.939 0.3333333433
93353  -33.054  8.406  -21.152 0.2222222239
137682  -32.709  12.150  -22.216 0.3333333433
96646  -33.067  11.896  -21.324 0.2222222239
73031  -28.273  -10.284  -18.520 0.3333333433
73032  -28.955  -9.883  -18.098 0.3333333433
73016  -30.161  -9.863  -17.160 0.2222222239
74094  -31.243  -8.972  -17.105 0.1111111119
160469  -24.563  -6.776  -20.214 0.3333333433
76237  -28.059  -8.190  -20.652 0.3333333433
75178  -28.632  -8.162  -20.044 0.3333333433
75157  -29.756  -8.109  -18.761 0.3333333433
76245  -26.522  -7.186  -21.227 0.3333333433
149744  -26.524  -5.571  -21.643 0.3333333433
71985  -29.680  -11.520  -16.453 0.1111111119
73056  -26.086  -10.549  -19.748 0.3333333433
157980  -27.009  -11.186  -19.113 0.3333333433
72013  -27.989  -11.022  -18.149 0.3333333433
73014  -28.680  -10.614  -17.750 0.3333333433
71963  -31.140  -11.727  -15.646 0.1111111119
161446  -31.541  -10.204  -16.237 0.1111111119
74139  -25.348  -9.213  -20.044 0.3333333433
74083  -31.391  -9.625  -16.610 0.1111111119
76233  -24.475  -7.400  -19.961 0.2222222239
75147  -31.818  -8.327  -17.182 0.1111111119
76189  -31.020  -7.582  -18.258 0.1111111119
77272  -31.931  -6.655  -18.694 0.1111111119
77309  -31.306  -6.134  -20.232 0.1111111119
78443  -31.757  -5.543  -20.739 0.1111111119
79533  -24.634  -4.327  -20.115 0.1111111119
94451  -33.144  9.154  -21.148 0.2222222239
137346  -33.467  12.742  -20.828 0.2222222239
81631  -24.643  -2.579  -20.881 0.2222222239
85958  -24.719  1.384  -23.050 0.5555555820
78456  -26.017  -4.908  -21.448 0.4444444478
158096  -33.188  10.542  -21.021 0.2222222239
73005  -31.357  -10.871  -15.958 0.1111111119
73030  -27.566  -10.749  -18.882 0.3333333433
75189  -26.295  -8.444  -20.650 0.3333333433
74140  -26.047  -9.229  -20.356 0.3333333433
75176  -24.831  -8.770  -19.851 0.2222222239
74126  -25.695  -9.839  -20.001 0.2222222239
74105  -28.585  -9.492  -18.836 0.3333333433
74106  -29.204  -9.256  -18.406 0.3333333433
157796  -28.005  -8.665  -20.302 0.3333333433
75190  -27.329  -8.490  -20.691 0.3333333433
75146  -31.079  -8.273  -17.654 0.1111111119
77304  -24.548  -6.065  -20.133 0.2222222239
77318  -27.680  -6.557  -21.845 0.3333333433
76224  -29.470  -7.754  -19.517 0.3333333433
76248  -28.967  -7.043  -21.294 0.3333333433
77308  -30.518  -6.400  -20.568 0.3333333433
159696  -31.607  -7.168  -18.292 0.1111111119
78440  -24.567  -5.221  -20.054 0.2222222239
71962  -30.236  -12.122  -15.785 0.1111111119
72000  -29.160  -11.028  -17.085 0.2222222239
72035  -26.333  -11.189  -19.364 0.3333333433
72034  -25.508  -11.116  -19.408 0.2222222239
72012  -27.332  -11.442  -18.569 0.3333333433
71999  -28.399  -11.372  -17.431 0.3333333433
74125  -24.896  -9.557  -19.638 0.2222222239
93334  -33.565  8.556  -20.532 0.1111111119
94437  -34.031  9.077  -19.860 0.1111111119
149154  -33.988  9.961  -19.851 0.1111111119
95525  -34.513  10.496  -19.223 0.1111111119
152386  -32.960  10.989  -21.405 0.1111111119
96620  -34.519  11.305  -19.284 0.1111111119
95559  -33.379  11.174  -20.597 0.1111111119
96632  -33.923  11.651  -19.867 0.1111111119
137343  -33.241  14.235  -21.938 0.2222222239
96647  -33.551  12.012  -20.497 0.1111111119
100752  -34.176  15.963  -22.152 0.1111111119
101695  -33.852  16.472  -22.802 0.1111111119
100743  -33.739  15.080  -21.878 0.1111111119
101696  -34.577  16.754  -22.300 0.1111111119
102732  -27.064  17.558  -25.851 0.4444444478
161184  -34.611  17.893  -22.969 0.1111111119
162263  -30.111  18.720  -26.426 0.4444444478
105206  -33.691  20.500  -24.841 0.3333333433
104459  -33.449  19.633  -24.762 0.2222222239
104442  -33.958  19.237  -23.997 0.1111111119
103640  -34.528  18.635  -23.378 0.1111111119
104443  -34.794  19.583  -23.604 0.1111111119
160800  -29.992  19.484  -26.540 0.4444444478
105225  -29.846  20.472  -26.753 0.4444444478
104471  -30.899  19.783  -26.651 0.4444444478
105240  -31.734  20.232  -26.585 0.4444444478
105241  -32.536  20.747  -26.644 0.4444444478
105227  -33.004  20.672  -26.130 0.4444444478
106030  -33.333  20.977  -25.588 0.2222222239
106015  -33.824  21.342  -24.837 0.2222222239
105207  -34.440  20.856  -24.324 0.2222222239
110352  -34.177  26.367  -28.665 0.1111111119
109503  -34.612  25.436  -27.405 0.1111111119
107764  -36.402  23.285  -24.687 0.1111111119
103659  -26.791  18.371  -25.773 0.4444444478
104468  -27.385  19.029  -25.890 0.4444444478
157969  -28.203  18.799  -26.301 0.4444444478
145798  -28.340  19.423  -26.138 0.3333333433
104470  -29.119  19.904  -26.358 0.4444444478
106044  -31.523  21.117  -27.064 0.4444444478
146021  -30.685  21.917  -27.416 0.3333333433
106881  -33.105  22.003  -27.223 0.3333333433
107774  -33.145  22.875  -26.437 0.1111111119
107775  -33.670  23.341  -25.753 0.1111111119
108649  -34.137  23.952  -25.902 0.1111111119
106869  -33.957  22.040  -24.914 0.2222222239
107776  -34.608  23.367  -25.292 0.1111111119
108650  -35.171  24.125  -25.740 0.1111111119
103658  -26.139  18.390  -25.415 0.2222222239
106043  -30.053  21.329  -27.208 0.3333333433
143728  -32.156  21.906  -27.451 0.4444444478
106897  -31.267  22.592  -27.266 0.2222222239
106898  -32.405  22.686  -27.239 0.2222222239
107788  -33.314  23.731  -26.292 0.1111111119
107786  -31.707  23.336  -27.132 0.1111111119
108659  -32.062  24.063  -27.135 0.1111111119
108675  -32.531  24.676  -27.441 0.1111111119
108677  -34.299  24.801  -27.029 0.1111111119
109502  -33.198  25.192  -27.634 0.1111111119
108676  -33.461  24.665  -27.203 0.1111111119
104469  -27.760  19.684  -25.615 0.3333333433
104457  -27.897  20.073  -24.852 0.3333333433
106028  -29.188  21.428  -26.984 0.3333333433
106042  -29.502  22.024  -27.260 0.2222222239
108658  -31.159  24.019  -27.114 0.1111111119
161079  -31.916  25.090  -27.757 0.1111111119
146151  -33.326  26.056  -28.583 0.1111111119
110384  -31.469  26.539  -31.347 0.1111111119
159428  -26.711  19.196  -22.025 0.1111111119
104427  -27.072  19.309  -22.819 0.1111111119
105205  -28.692  20.862  -24.950 0.2222222239
105191  -28.245  20.421  -23.784 0.2222222239
143966  -29.173  21.488  -25.841 0.3333333433
106880  -29.448  22.378  -25.426 0.2222222239
106895  -29.478  22.609  -26.786 0.2222222239
107784  -29.928  23.365  -26.728 0.1111111119
144938  -30.283  24.161  -26.836 0.1111111119
108673  -30.698  24.747  -27.394 0.1111111119
108674  -31.573  24.606  -27.477 0.1111111119
109501  -31.106  25.260  -27.903 0.1111111119
110350  -31.099  25.953  -29.597 0.1111111119
110351  -32.404  26.058  -28.960 0.1111111119
111171  -33.665  27.052  -30.507 0.1111111119
110370  -33.930  26.805  -29.627 0.1111111119
104428  -27.829  20.018  -22.786 0.1111111119
105187  -28.003  20.771  -21.747 0.1111111119
163662  -29.025  21.436  -22.729 0.1111111119
107761  -29.871  23.303  -24.351 0.1111111119
106868  -29.542  22.468  -24.069 0.1111111119
151821  -29.886  24.220  -24.963 0.1111111119
107773  -29.740  23.308  -25.743 0.1111111119
145200  -29.184  25.476  -25.828 0.1111111119
108672  -29.922  25.092  -27.316 0.1111111119
109499  -29.276  25.836  -28.154 0.1111111119
109500  -30.110  25.423  -28.122 0.1111111119
106002  -28.744  21.328  -22.139 0.1111111119
105999  -28.599  21.799  -21.336 0.1111111119
106003  -29.393  21.890  -22.075 0.1111111119
143348  -29.743  22.888  -23.412 0.1111111119
142793  -30.154  24.486  -24.206 0.1111111119
108639  -29.403  25.225  -24.402 0.1111111119
106858  -30.011  22.539  -21.981 0.1111111119
107754  -30.169  23.553  -23.412 0.1111111119
93335  -34.103  8.156  -19.842 0.1111111119
94436  -33.563  9.488  -20.494 0.1111111119
94421  -34.581  9.626  -19.234 0.1111111119
137734  -34.038  13.410  -20.466 0.1111111119
137347  -34.157  12.576  -19.980 0.1111111119
156129  -33.409  13.646  -21.237 0.1111111119
102705  -35.005  17.457  -22.511 0.1111111119
105228  -33.166  20.201  -25.510 0.3333333433
104460  -34.221  20.031  -24.216 0.1111111119
105208  -35.185  21.139  -23.983 0.1111111119
103641  -35.500  19.140  -23.141 0.1111111119
107762  -34.569  22.552  -24.791 0.2222222239
108662  -34.699  24.486  -26.395 0.1111111119
108663  -35.681  24.628  -26.330 0.1111111119
109521  -33.856  25.760  -27.909 0.1111111119
106014  -29.214  21.728  -24.462 0.2222222239
106861  -29.486  22.019  -23.117 0.1111111119
109489  -29.320  25.870  -26.942 0.1111111119
155500  -29.475  25.763  -23.948 0.1111111119
107749  -30.359  23.131  -22.614 0.1111111119
94406  -35.980  9.768  -18.224 0.1111111119
94422  -35.258  9.269  -18.667 0.1111111119
99792  -33.114  14.699  -22.620 0.2222222239
150697  -27.668  18.272  -26.168 0.4444444478
105239  -30.812  20.560  -26.898 0.4444444478
106045  -32.662  21.419  -27.147 0.4444444478
151207  -27.847  21.298  -20.691 0.1111111119
106000  -29.307  22.420  -21.162 0.1111111119
107748  -29.897  22.785  -22.740 0.1111111119
93306  -36.047  8.933  -18.306 0.1111111119
92222  -33.323  7.685  -20.799 0.1111111119
165005  -33.709  7.948  -20.341 0.1111111119
142619  -34.615  8.738  -19.273 0.1111111119
161269  -36.932  9.612  -18.048 0.1111111119
152143  -35.886  11.113  -18.398 0.1111111119
151251  -35.034  11.030  -18.717 0.1111111119
96621  -35.339  11.773  -18.849 0.1111111119
146910  -34.624  11.997  -19.461 0.1111111119
99775  -34.549  13.896  -20.310 0.1111111119
98789  -34.732  13.381  -19.866 0.1111111119
137348  -34.056  14.158  -20.750 0.1111111119
100745  -35.393  15.841  -21.115 0.1111111119
101697  -35.413  16.923  -22.014 0.1111111119
103626  -35.430  18.271  -22.747 0.1111111119
105193  -36.027  20.828  -23.651 0.1111111119
103642  -36.296  19.531  -23.034 0.1111111119
142669  -26.431  17.289  -25.546 0.4444444478
106872  -36.988  22.842  -24.386 0.1111111119
107778  -36.725  23.859  -25.142 0.1111111119
103648  -25.704  18.628  -25.007 0.2222222239
104455  -26.393  18.884  -25.372 0.3333333433
104439  -26.051  19.016  -24.522 0.2222222239
104456  -26.921  19.518  -24.942 0.2222222239
109505  -36.485  25.763  -27.562 0.1111111119
103625  -26.465  18.848  -22.681 0.1111111119
104441  -27.374  19.752  -23.840 0.2222222239
149823  -34.899  26.775  -29.186 0.1111111119
137817  -34.668  27.205  -30.164 0.1111111119
104418  -26.094  19.186  -20.740 0.1111111119
105184  -27.208  20.267  -20.949 0.1111111119
105180  -27.098  20.543  -20.056 0.1111111119
105986  -28.312  21.640  -20.256 0.1111111119
110349  -28.523  26.447  -28.899 0.1111111119
110366  -29.449  26.595  -30.332 0.1111111119
110383  -30.115  26.561  -31.571 0.1111111119
110392  -30.311  26.972  -32.635 0.1111111119
150326  -28.555  22.014  -20.786 0.1111111119
109470  -28.845  26.107  -23.860 0.1111111119
110329  -28.602  27.100  -26.473 0.1111111119
157434  -30.473  24.774  -24.083 0.1111111119
156176  -33.021  13.510  -22.045 0.1111111119
105226  -32.542  20.103  -26.059 0.4444444478
95558  -33.179  9.926  -21.079 0.1111111119
95544  -33.858  10.825  -19.797 0.1111111119
137354  -33.676  14.433  -21.321 0.1111111119
101687  -34.948  16.292  -21.692 0.1111111119
100744  -34.542  15.595  -21.389 0.1111111119
105192  -35.034  20.417  -23.793 0.1111111119
104444  -35.705  19.951  -23.380 0.1111111119
164172  -33.372  22.085  -26.511 0.2222222239
106882  -33.514  21.753  -25.615 0.2222222239
106883  -33.747  22.579  -25.521 0.1111111119
106870  -35.329  22.347  -24.417 0.2222222239
139563  -33.159  26.420  -29.306 0.1111111119
109490  -35.176  25.050  -26.887 0.1111111119
164748  -35.114  26.406  -28.507 0.1111111119
110338  -35.810  26.164  -28.076 0.1111111119
107765  -37.104  23.384  -24.770 0.1111111119
106871  -36.146  22.568  -24.372 0.1111111119
107777  -35.768  23.724  -25.141 0.2222222239
105224  -28.956  20.763  -26.276 0.3333333433
107787  -32.585  23.494  -26.858 0.2222222239
108660  -32.956  24.152  -26.887 0.1111111119
153547  -32.482  25.256  -27.814 0.1111111119
105223  -28.419  20.163  -25.785 0.3333333433
104440  -26.539  19.238  -23.754 0.1111111119
106896  -30.098  22.602  -27.227 0.2222222239
107785  -30.740  23.303  -26.962 0.1111111119
109519  -31.798  25.566  -28.396 0.1111111119
110368  -32.001  26.399  -29.966 0.1111111119
148213  -30.923  26.244  -30.654 0.1111111119
110369  -32.878  26.684  -30.301 0.1111111119
104422  -26.264  18.938  -21.649 0.1111111119
106006  -28.860  21.227  -23.609 0.1111111119
153113  -29.038  22.045  -26.845 0.3333333433
154188  -29.795  24.090  -26.019 0.1111111119
109518  -30.530  25.617  -28.860 0.1111111119
110367  -30.082  26.330  -30.610 0.1111111119
106005  -28.509  20.822  -22.784 0.1111111119
105186  -27.263  19.747  -21.878 0.1111111119
108648  -29.434  24.852  -25.363 0.1111111119
156709  -29.660  24.860  -26.405 0.1111111119
109488  -28.902  26.713  -26.945 0.1111111119
109517  -29.393  25.962  -29.228 0.1111111119
162921  -29.706  22.302  -22.395 0.1111111119
109480  -28.863  25.679  -24.795 0.1111111119
109479  -28.754  26.301  -25.758 0.1111111119
93320  -34.679  8.027  -19.261 0.1111111119
95526  -35.328  10.281  -18.551 0.1111111119
106017  -35.835  21.750  -24.073 0.1111111119
108651  -36.197  24.252  -25.721 0.1111111119
108678  -36.968  25.201  -27.000 0.1111111119
110336  -28.559  26.399  -27.950 0.1111111119
109461  -28.835  26.639  -23.250 0.1111111119
95511  -36.451  10.491  -18.151 0.1111111119
105181  -27.630  21.180  -19.825 0.1111111119
100737  -34.230  14.887  -21.012 0.1111111119
106018  -36.789  22.088  -24.139 0.1111111119
107789  -37.075  24.212  -25.826 0.1111111119
110354  -36.415  26.405  -28.479 0.1111111119
103624  -26.025  18.551  -22.311 0.1111111119
110353  -35.737  26.649  -28.797 0.1111111119
104423  -26.648  19.484  -21.218 0.1111111119
110365  -28.955  26.811  -29.788 0.1111111119
109531  -30.027  25.992  -29.777 0.1111111119
153554  -28.735  27.070  -25.509 0.1111111119
110335  -28.149  27.106  -27.394 0.1111111119
70963  -26.946  -12.114  -18.335 0.2222222239
87079  -23.832  3.364  -23.051 0.2222222239
154378  -23.973  -1.223  -21.719 0.3333333433
85957  -23.992  2.009  -22.658 0.3333333433
156240  -26.864  16.234  -25.640 0.2222222239
101724  -25.753  17.362  -25.243 0.1111111119
102719  -25.676  18.140  -25.241 0.1111111119
102730  -25.907  17.540  -25.336 0.2222222239
153350  -23.162  13.077  -21.431 0.2222222239
137329  -20.706  13.696  -18.061 0.1111111119
84888  -23.759  0.933  -22.269 0.2222222239
137330  -21.451  13.589  -18.673 0.1111111119
137717  -25.978  14.277  -23.880 0.1111111119
137368  -27.076  13.783  -24.611 0.1111111119
155977  -26.988  15.383  -24.720 0.1111111119
156175  -26.142  15.534  -23.450 0.1111111119
137387  -25.049  16.494  -24.312 0.1111111119
103647  -25.291  18.388  -24.796 0.1111111119
155979  -27.055  15.817  -25.567 0.2222222239
158595  -23.736  -1.524  -20.820 0.2222222239
162528  -24.457  0.730  -22.629 0.3333333433
92180  -18.500  6.959  -19.345 0.2222222239
91114  -19.433  5.932  -19.508 0.1111111119
93302  -18.059  8.027  -18.539 0.3333333433
101726  -26.801  16.728  -25.661 0.3333333433
101725  -26.218  16.973  -25.425 0.1111111119
156115  -26.600  16.637  -25.531 0.1111111119
137805  -25.381  16.256  -24.645 0.1111111119
137519  -27.096  14.642  -24.303 0.1111111119
156036  -27.239  15.180  -23.907 0.1111111119
137607  -26.649  15.188  -23.811 0.1111111119
88097  -33.698  3.103  -21.598 0.1111111119
71998  -27.668  -11.741  -17.842 0.1111111119
70951  -28.047  -12.104  -17.106 0.1111111119
69829  -25.501  -12.826  -18.306 0.1111111119
70961  -25.406  -12.208  -18.810 0.1111111119
72010  -25.787  -11.764  -19.154 0.1111111119
73055  -25.251  -10.399  -19.594 0.1111111119
74124  -24.547  -9.455  -19.191 0.1111111119
82677  -23.876  -2.151  -20.629 0.1111111119
88113  -23.898  4.280  -23.076 0.1111111119
87067  -24.006  2.778  -23.080 0.1111111119
137514  -16.754  10.752  -15.512 0.2222222239
156212  -17.111  11.999  -16.353 0.2222222239
156172  -18.161  11.400  -15.598 0.2222222239
137595  -19.399  11.866  -15.766 0.2222222239
89101  -23.822  5.105  -23.059 0.1111111119
89116  -24.064  5.169  -23.308 0.1111111119
69828  -24.868  -13.055  -18.066 0.1111111119
70949  -26.438  -12.743  -18.022 0.1111111119
70950  -27.284  -12.464  -17.566 0.1111111119
70948  -24.533  -12.522  -18.078 0.1111111119
72009  -25.028  -11.676  -19.057 0.1111111119
73029  -24.662  -11.051  -18.900 0.1111111119
73054  -24.734  -10.280  -19.222 0.1111111119
146339  -24.560  -8.895  -19.527 0.1111111119
75175  -24.454  -8.139  -19.623 0.1111111119
81605  -24.240  -3.042  -20.300 0.1111111119
82676  -23.573  -1.051  -20.978 0.1111111119
162812  -23.136  1.141  -22.025 0.1111111119
88089  -23.658  3.043  -22.665 0.1111111119
156082  -18.057  9.968  -14.847 0.2222222239
156097  -20.251  11.963  -16.068 0.2222222239
97706  -20.705  12.344  -16.449 0.1111111119
71984  -28.829  -11.781  -16.728 0.1111111119
69812  -26.831  -13.181  -17.266 0.1111111119
161028  -19.754  12.701  -16.604 0.2222222239
137553  -20.076  13.481  -17.448 0.1111111119
83822  -23.622  -0.551  -21.809 0.1111111119
137326  -16.818  9.522  -15.319 0.2222222239
90132  -23.694  5.740  -23.062 0.1111111119
162161  -24.230  -1.893  -20.561 0.1111111119
76223  -24.307  -7.408  -19.550 0.1111111119
77288  -24.348  -6.665  -19.759 0.1111111119
77303  -24.458  -5.768  -19.802 0.1111111119
81618  -24.160  -2.862  -20.399 0.1111111119
72011  -26.615  -11.709  -18.936 0.1111111119
72033  -24.933  -10.939  -19.300 0.1111111119
70962  -26.108  -12.297  -18.704 0.1111111119
87066  -23.613  2.516  -22.546 0.1111111119
82689  -23.599  -1.105  -21.140 0.1111111119
85956  -23.334  1.753  -22.133 0.1111111119
69811  -25.976  -13.432  -17.704 0.1111111119
70960  -24.950  -12.386  -18.562 0.1111111119
82657  -24.993  -1.547  -20.071 0.1111111119
137581  -19.411  10.651  -15.310 0.1111111119
73028  -24.502  -10.185  -18.602 0.1111111119
83821  -23.516  -0.659  -21.497 0.1111111119
96579  -21.330  11.996  -16.339 0.1111111119
97714  -21.341  12.633  -16.789 0.1111111119
157683  -23.534  13.070  -21.757 0.1111111119
137722  -18.254  8.512  -16.596 0.1111111119
137331  -22.070  13.542  -19.271 0.1111111119
137547  -25.046  13.927  -23.441 0.1111111119
156032  -24.718  14.788  -23.599 0.1111111119
77287  -24.367  -6.220  -19.471 0.1111111119
87096  -26.973  2.654  -24.941 1.0000000000
87119  -30.038  2.872  -26.264 1.0000000000
88156  -27.175  4.376  -26.505 1.0000000000
88164  -27.041  5.007  -26.794 1.0000000000
89141  -26.709  5.501  -26.770 1.0000000000
89142  -26.778  4.942  -26.402 1.0000000000
89148  -26.914  5.600  -27.011 1.0000000000
89150  -29.430  4.431  -27.886 1.0000000000
89151  -30.163  4.513  -27.557 1.0000000000
89155  -27.957  5.384  -27.465 1.0000000000
90174  -26.436  5.996  -26.781 1.0000000000
90180  -27.054  6.043  -27.176 1.0000000000
90182  -28.097  5.855  -27.766 1.0000000000
90183  -29.763  5.859  -28.134 0.7777777910
91158  -22.223  7.128  -22.117 0.2222222239
91179  -31.253  6.781  -23.598 0.4444444478
91202  -25.713  6.547  -25.499 1.0000000000
91215  -29.673  6.728  -28.145 1.0000000000
91222  -27.345  6.488  -27.279 1.0000000000
91223  -27.921  6.397  -27.673 1.0000000000
92165  -17.936  7.007  -18.832 0.2222222239
92286  -29.592  7.554  -27.194 0.8888888955
92291  -26.515  7.021  -27.045 1.0000000000
92292  -26.991  7.367  -27.001 1.0000000000
92295  -29.379  7.279  -27.784 0.8888888955
92301  -26.775  6.863  -27.105 1.0000000000
92303  -27.797  6.910  -27.431 1.0000000000
93283  -17.576  9.022  -17.992 0.4444444478
93301  -17.446  9.170  -18.666 0.4444444478
93327  -18.628  8.384  -20.114 0.5555555820
93427  -26.914  8.280  -26.882 0.8888888955
94374  -18.192  9.182  -15.502 0.2222222239
94388  -17.262  9.356  -17.965 0.4444444478
94414  -17.510  9.547  -19.116 0.4444444478
94444  -21.006  9.181  -21.840 0.6666666865
94489  -22.774  8.932  -22.751 0.8888888955
94490  -23.439  9.660  -23.269 1.0000000000
94493  -31.096  9.453  -23.754 0.6666666865
94509  -24.803  9.321  -24.741 1.0000000000
94522  -25.779  9.083  -25.901 1.0000000000
94524  -27.047  9.435  -26.913 0.8888888955
95543  -33.494  10.310  -20.461 0.1111111119
95568  -22.595  10.209  -22.377 1.0000000000
95577  -32.287  11.007  -22.483 0.5555555820
95588  -23.709  10.529  -23.413 1.0000000000
95602  -24.512  10.324  -24.371 1.0000000000
95612  -25.316  10.048  -25.384 1.0000000000
95623  -26.528  10.209  -26.477 0.8888888955
95626  -28.972  10.946  -26.212 0.8888888955
96569  -20.840  11.726  -16.111 0.1111111119
96653  -22.542  10.490  -22.244 1.0000000000
96654  -23.298  10.969  -22.786 1.0000000000
96655  -23.567  11.036  -23.140 1.0000000000
96684  -24.965  11.231  -25.167 0.8888888955
96698  -28.427  11.776  -26.282 0.8888888955
97742  -19.326  12.849  -18.837 0.5555555820
97788  -24.725  13.241  -25.031 0.7777777910
97800  -28.511  12.578  -26.016 0.8888888955
98772  -21.025  13.087  -17.096 0.1111111119
98773  -21.316  13.085  -17.276 0.1111111119
98796  -21.363  13.177  -19.747 0.6666666865
98818  -24.539  13.775  -24.610 0.5555555820
98826  -26.007  13.920  -25.589 0.7777777910
102704  -34.243  17.246  -22.875 0.1111111119
102711  -25.258  18.305  -24.757 0.1111111119
102731  -26.292  17.899  -25.570 0.2222222239
106016  -34.701  21.739  -24.408 0.2222222239
106029  -33.198  21.389  -26.597 0.4444444478
107763  -35.468  23.014  -24.714 0.2222222239
108661  -33.787  24.296  -26.587 0.1111111119
108664  -36.593  24.667  -26.381 0.1111111119
109491  -36.141  25.190  -26.891 0.1111111119
109504  -35.528  25.640  -27.418 0.1111111119
109520  -32.877  25.630  -28.201 0.1111111119
110337  -34.853  26.016  -27.937 0.1111111119
137328  -16.422  10.296  -18.220 0.4444444478
137383  -28.937  13.811  -25.696 0.6666666865
137580  -22.716  13.255  -20.725 0.2222222239
137655  -16.390  9.375  -16.600 0.3333333433
137723  -16.678  9.682  -18.018 0.4444444478
137763  -20.480  11.184  -15.665 0.2222222239
137970  -17.509  8.826  -17.004 0.4444444478
141446  -25.109  7.813  -24.777 0.8888888955
141843  -26.026  7.638  -26.298 1.0000000000
147685  -30.812  6.071  -24.595 0.5555555820
147762  -32.496  7.027  -21.778 0.3333333433
148714  -33.902  25.161  -27.435 0.1111111119
149714  -27.848  4.796  -27.123 1.0000000000
153028  -24.240  12.100  -24.143 0.8888888955
155885  -25.388  17.930  -25.084 0.1111111119
156025  -30.661  12.894  -24.718 0.6666666865
156042  -16.000  11.259  -16.629 0.3333333433
156043  -20.628  13.039  -16.968 0.1111111119
156155  -24.231  14.209  -23.553 0.3333333433
156675  -25.944  6.157  -25.771 1.0000000000
157739  -25.681  7.801  -25.704 1.0000000000
159838  -30.126  7.758  -25.834 0.7777777910
160284  -29.199  10.195  -26.156 0.7777777910
160709  -30.767  1.288  -25.047 0.4444444478
161196  -28.202  8.273  -26.830 0.8888888955
163367  -21.574  13.524  -19.289 0.3333333433
163686  -23.704  -1.607  -20.778 0.1111111119
164163  -23.726  13.704  -23.224 0.6666666865
164178  -23.651  13.420  -22.948 0.4444444478
165073  -32.074  -0.863  -22.778 0.3333333433
166261  -36.436  26.123  -28.038 0.1111111119
