#!ascii label  , from subject sub-LJ001 vox2ras=TkReg
631
29919  -41.673  -47.492  -16.917 0.6999999881
32397  -40.340  -46.546  -19.185 0.6000000238
31159  -39.918  -46.749  -20.010 0.6000000238
32414  -41.209  -46.379  -20.426 0.4000000060
33582  -37.572  -44.323  -12.399 0.6999999881
34849  -38.174  -43.315  -12.727 0.6999999881
32299  -38.089  -45.050  -11.910 0.6999999881
33584  -39.257  -44.080  -12.357 0.6000000238
139017  -39.038  -44.968  -12.196 0.6999999881
33585  -40.215  -43.912  -12.575 0.6000000238
156590  -39.770  -45.697  -12.618 0.6000000238
159447  -40.519  -44.666  -12.918 0.6000000238
31113  -40.443  -46.988  -13.602 0.6000000238
33594  -40.923  -45.008  -13.492 0.6000000238
34882  -41.918  -44.074  -14.514 0.5000000000
151368  -41.193  -46.111  -14.777 0.5000000000
34901  -41.941  -44.304  -15.397 0.5000000000
33638  -41.544  -44.826  -16.797 0.6000000238
31137  -41.354  -46.474  -16.731 0.6000000238
34924  -41.456  -44.540  -17.602 0.6000000238
138444  -40.800  -45.129  -18.586 0.6000000238
146560  -40.517  -45.929  -18.653 0.6000000238
36152  -38.471  -42.353  -13.250 0.6000000238
36153  -39.646  -42.330  -12.602 0.6000000238
34851  -39.494  -43.207  -12.466 0.6000000238
34852  -40.409  -42.909  -12.603 0.6000000238
36167  -41.953  -42.365  -13.255 0.6000000238
34853  -41.354  -43.134  -13.000 0.6000000238
34863  -41.753  -43.744  -13.672 0.6000000238
36187  -42.621  -42.775  -14.715 0.6000000238
36208  -42.654  -42.957  -15.682 0.6000000238
164054  -41.858  -44.410  -16.130 0.6000000238
142827  -42.220  -43.794  -15.919 0.6999999881
34916  -41.858  -44.065  -16.730 0.6000000238
34925  -41.867  -43.751  -17.500 0.6000000238
33660  -39.874  -45.471  -20.483 0.5000000000
32435  -39.898  -46.153  -20.565 0.5000000000
36165  -38.284  -41.927  -14.126 0.6000000238
36166  -38.643  -41.642  -13.281 0.6000000238
37420  -39.812  -41.556  -12.708 0.6000000238
37421  -40.501  -41.409  -12.688 0.6000000238
36155  -41.090  -42.103  -12.753 0.6000000238
147434  -41.452  -40.815  -13.100 0.6000000238
38734  -42.117  -40.761  -13.615 0.6000000238
148428  -42.727  -41.126  -14.294 0.6000000238
36168  -42.462  -42.555  -13.902 0.6000000238
37481  -43.148  -41.427  -15.200 0.6000000238
36209  -43.112  -42.167  -15.936 0.6999999881
158752  -41.321  -44.292  -18.347 0.6000000238
34936  -40.539  -44.688  -19.523 0.6000000238
33674  -40.510  -45.320  -21.464 0.4000000060
37446  -37.594  -41.475  -14.209 0.6000000238
37447  -38.151  -41.586  -13.950 0.6000000238
147379  -39.354  -40.955  -12.939 0.6000000238
38707  -40.749  -40.573  -12.828 0.6000000238
38733  -41.406  -39.988  -13.318 0.5000000000
38749  -42.072  -39.895  -13.921 0.6000000238
38764  -43.243  -40.574  -15.762 0.6999999881
37509  -43.412  -41.479  -17.837 0.6000000238
36222  -42.821  -42.744  -16.494 0.6000000238
36237  -42.522  -43.006  -17.353 0.6000000238
36238  -42.820  -42.486  -18.122 0.6000000238
36248  -42.177  -42.759  -19.273 0.6000000238
36257  -40.609  -43.884  -21.231 0.6000000238
34943  -40.134  -44.693  -20.811 0.6000000238
33686  -40.779  -44.162  -22.520 0.4000000060
34957  -40.309  -44.524  -21.732 0.5000000000
37445  -36.492  -41.627  -14.036 0.5000000000
38702  -36.837  -40.984  -12.388 0.6000000238
38704  -38.718  -40.638  -12.783 0.6000000238
38705  -39.231  -40.120  -12.598 0.6000000238
144531  -39.964  -40.772  -12.760 0.5000000000
40005  -40.257  -39.124  -12.832 0.5000000000
38732  -40.701  -39.728  -12.949 0.5000000000
159029  -41.990  -39.354  -14.345 0.6000000238
149429  -41.871  -38.418  -16.271 0.6000000238
41345  -42.341  -38.925  -15.884 0.6999999881
40052  -43.206  -39.989  -16.232 0.6999999881
38779  -43.411  -40.574  -16.667 0.6999999881
40100  -42.934  -39.176  -19.093 0.6000000238
37496  -43.449  -41.302  -17.015 0.6999999881
143102  -43.488  -40.515  -17.892 0.6000000238
38802  -43.498  -40.929  -18.667 0.6000000238
37523  -42.717  -42.098  -19.904 0.6000000238
36265  -40.495  -43.934  -22.058 0.5000000000
33694  -40.863  -43.840  -22.680 0.4000000060
38701  -35.848  -41.090  -12.306 0.6000000238
38682  -36.943  -40.437  -11.996 0.6000000238
38703  -37.793  -40.650  -12.477 0.5000000000
40004  -39.511  -39.269  -12.611 0.6000000238
41298  -39.712  -38.635  -12.829 0.5000000000
41316  -41.062  -38.436  -13.821 0.6000000238
42579  -40.404  -37.798  -14.010 0.5000000000
40020  -41.573  -39.201  -13.789 0.6000000238
41330  -41.067  -38.006  -14.627 0.5000000000
41344  -41.635  -38.384  -15.420 0.5000000000
41356  -41.611  -38.244  -17.107 0.5000000000
41357  -42.371  -38.787  -16.740 0.6000000238
41370  -40.857  -38.032  -18.554 0.5000000000
41371  -41.604  -38.335  -18.093 0.5000000000
41372  -42.332  -38.721  -17.624 0.6000000238
41385  -40.654  -38.205  -19.511 0.4000000060
40087  -42.958  -39.193  -18.114 0.6999999881
41400  -41.387  -38.409  -19.991 0.4000000060
40088  -43.424  -39.891  -18.621 0.6000000238
40110  -42.801  -39.129  -20.191 0.5000000000
40101  -43.336  -39.746  -19.714 0.6000000238
40116  -42.638  -38.953  -21.651 0.5000000000
37524  -43.134  -41.521  -20.401 0.6000000238
37541  -42.195  -42.505  -23.171 0.5000000000
155575  -43.423  -40.652  -20.357 0.6000000238
37531  -43.118  -41.383  -21.305 0.6000000238
36277  -41.475  -42.842  -22.458 0.6000000238
38681  -36.165  -40.505  -11.849 0.5000000000
39981  -37.433  -39.942  -11.940 0.5000000000
41297  -38.990  -38.578  -12.631 0.5000000000
42566  -39.684  -37.804  -13.600 0.4000000060
141564  -40.311  -37.539  -14.895 0.4000000060
158707  -40.949  -37.799  -15.418 0.5000000000
42609  -41.223  -37.951  -16.214 0.5000000000
142929  -39.878  -37.576  -16.957 0.5000000000
41398  -39.555  -37.928  -20.912 0.4000000060
42659  -39.796  -38.073  -19.989 0.4000000060
41399  -40.457  -38.172  -20.461 0.4000000060
149734  -40.373  -37.920  -21.408 0.5000000000
41412  -41.328  -38.179  -20.946 0.5000000000
154108  -40.915  -37.789  -22.143 0.5000000000
41413  -42.182  -38.544  -20.607 0.5000000000
41423  -41.826  -37.909  -22.337 0.5000000000
38815  -43.381  -40.434  -22.962 0.5000000000
37542  -43.147  -41.561  -23.527 0.5000000000
38812  -43.327  -40.491  -21.683 0.6000000238
37536  -42.480  -42.070  -22.171 0.5000000000
42596  -40.237  -37.552  -16.012 0.4000000060
42624  -39.162  -37.385  -17.479 0.5000000000
42640  -39.304  -37.571  -18.549 0.5000000000
159103  -39.364  -37.752  -19.473 0.5000000000
42682  -39.367  -37.573  -21.932 0.4000000060
41432  -41.546  -37.505  -22.743 0.5000000000
40127  -43.556  -39.433  -23.447 0.5000000000
38822  -43.631  -40.573  -23.826 0.3000000119
41431  -40.702  -37.510  -22.427 0.5000000000
41424  -42.400  -38.330  -22.482 0.5000000000
40117  -43.176  -39.583  -22.394 0.5000000000
144176  -38.602  -37.458  -19.276 0.4000000060
42658  -38.852  -37.733  -20.380 0.4000000060
42657  -37.846  -37.348  -20.038 0.4000000060
43949  -37.856  -36.828  -22.377 0.4000000060
42680  -38.103  -37.444  -21.710 0.4000000060
150757  -39.492  -36.992  -22.588 0.4000000060
152605  -39.024  -36.384  -22.691 0.4000000060
152089  -39.989  -36.324  -22.926 0.5000000000
42683  -43.967  -37.746  -22.624 0.4000000060
41435  -44.039  -38.364  -23.251 0.4000000060
42693  -42.099  -37.157  -23.280 0.5000000000
154800  -43.413  -37.898  -23.298 0.5000000000
43952  -41.481  -36.631  -23.200 0.5000000000
43954  -42.691  -36.971  -23.285 0.5000000000
40126  -42.970  -38.627  -23.058 0.5000000000
46218  -38.811  -34.831  -22.395 0.4000000060
45103  -39.903  -35.590  -22.821 0.4000000060
42694  -43.306  -37.337  -22.998 0.4000000060
43943  -43.117  -36.782  -22.455 0.5000000000
45104  -40.818  -35.932  -23.057 0.5000000000
43953  -42.129  -36.694  -23.320 0.5000000000
46219  -39.604  -34.813  -22.478 0.4000000060
43929  -42.772  -36.239  -21.616 0.4000000060
43930  -43.464  -36.671  -21.086 0.3000000119
46220  -40.390  -34.947  -22.409 0.5000000000
45095  -41.283  -35.434  -22.372 0.5000000000
43942  -42.444  -36.436  -22.826 0.5000000000
47351  -39.230  -34.018  -22.134 0.4000000060
45084  -42.415  -35.627  -20.806 0.3000000119
45071  -42.831  -35.437  -19.709 0.3000000119
47352  -39.797  -34.265  -22.074 0.4000000060
149565  -42.079  -35.800  -22.100 0.5000000000
46200  -40.747  -33.921  -20.866 0.4000000060
46212  -40.967  -34.637  -21.560 0.5000000000
46201  -41.414  -34.418  -20.529 0.5000000000
164447  -39.312  -32.743  -21.629 0.4000000060
46188  -42.636  -34.626  -19.025 0.3000000119
46179  -43.503  -34.467  -18.526 0.3000000119
47345  -39.593  -33.398  -21.677 0.4000000060
46187  -41.830  -34.144  -19.571 0.4000000060
47329  -40.179  -33.309  -21.089 0.4000000060
47330  -41.207  -33.665  -20.105 0.4000000060
48386  -39.123  -32.124  -21.654 0.5000000000
47321  -42.242  -33.695  -18.799 0.3000000119
46178  -42.913  -33.920  -18.428 0.4000000060
49428  -43.498  -31.659  -17.606 0.4000000060
47311  -43.665  -33.524  -18.145 0.4000000060
48387  -39.688  -32.526  -21.287 0.4000000060
48353  -41.314  -32.324  -19.254 0.5000000000
47309  -41.922  -32.944  -18.717 0.4000000060
48365  -40.578  -32.070  -20.065 0.5000000000
158146  -40.681  -33.291  -20.501 0.5000000000
49451  -40.816  -31.392  -19.609 0.5000000000
49441  -41.456  -31.411  -18.860 0.4000000060
49442  -42.156  -31.341  -18.181 0.4000000060
49443  -42.836  -31.203  -17.664 0.4000000060
49429  -44.296  -31.870  -17.721 0.3000000119
48375  -39.469  -31.788  -21.287 0.5000000000
49450  -40.203  -31.279  -20.285 0.5000000000
155757  -42.214  -29.244  -17.827 0.4000000060
52712  -43.017  -29.047  -17.331 0.3000000119
50544  -38.699  -30.409  -20.919 0.5000000000
51687  -41.878  -29.823  -18.179 0.4000000060
50525  -42.332  -30.554  -17.885 0.4000000060
51688  -42.624  -29.844  -17.586 0.4000000060
51689  -43.462  -29.888  -17.266 0.4000000060
148595  -44.173  -30.013  -17.245 0.3000000119
49468  -38.998  -30.908  -21.334 0.5000000000
50524  -41.629  -30.574  -18.554 0.5000000000
50546  -39.892  -30.580  -20.307 0.5000000000
52711  -42.156  -28.519  -17.838 0.4000000060
53779  -42.916  -28.032  -17.378 0.4000000060
51715  -38.440  -29.805  -20.463 0.5000000000
52696  -43.848  -28.462  -17.031 0.3000000119
51717  -39.645  -29.947  -20.179 0.5000000000
51701  -39.951  -29.348  -19.745 0.5000000000
151764  -40.507  -29.307  -19.379 0.5000000000
51703  -41.109  -29.726  -18.961 0.5000000000
51702  -40.337  -30.022  -19.698 0.5000000000
53766  -42.814  -27.088  -17.484 0.4000000060
51714  -37.651  -29.678  -20.464 0.5000000000
53792  -40.048  -27.973  -19.317 0.5000000000
54845  -43.585  -26.559  -17.157 0.3000000119
53767  -43.735  -27.495  -17.077 0.3000000119
52722  -38.805  -28.372  -19.690 0.5000000000
52723  -39.546  -28.708  -19.653 0.5000000000
31151  -40.972  -46.336  -17.922 0.6000000238
32413  -40.164  -46.720  -20.363 0.5000000000
32318  -41.191  -45.476  -14.288 0.6000000238
38763  -42.886  -40.506  -14.904 0.6999999881
36258  -41.608  -42.990  -20.523 0.6000000238
40051  -42.787  -39.734  -15.529 0.6999999881
37530  -42.324  -42.296  -21.191 0.6000000238
38792  -43.434  -40.286  -17.284 0.6999999881
41401  -42.295  -38.671  -19.539 0.5000000000
147293  -43.369  -41.282  -19.550 0.6000000238
42625  -40.163  -37.763  -17.907 0.5000000000
41386  -41.550  -38.357  -19.022 0.4000000060
40111  -43.217  -39.697  -20.947 0.5000000000
43950  -38.495  -37.163  -22.254 0.4000000060
42691  -40.004  -37.317  -22.378 0.5000000000
42667  -37.973  -37.571  -21.113 0.4000000060
46202  -42.102  -34.941  -20.065 0.4000000060
48355  -42.759  -32.032  -17.883 0.4000000060
151879  -44.101  -31.150  -17.507 0.3000000119
52742  -38.919  -29.233  -20.023 0.5000000000
52724  -40.289  -28.691  -19.373 0.5000000000
22741  -33.237  -53.119  -16.420 0.5000000000
141703  -34.918  -53.451  -18.054 0.5000000000
22766  -34.592  -53.475  -17.199 0.5000000000
23960  -36.699  -52.277  -19.767 0.5000000000
23959  -35.980  -52.650  -20.075 0.5000000000
147657  -35.234  -53.337  -18.889 0.4000000060
22721  -35.020  -53.180  -15.603 0.5000000000
22767  -35.501  -53.324  -17.389 0.6000000238
22743  -35.215  -53.323  -16.502 0.6000000238
23943  -36.110  -52.873  -19.117 0.5000000000
22787  -36.471  -52.798  -18.373 0.5000000000
25174  -38.484  -51.559  -20.796 0.4000000060
25052  -34.577  -51.508  -13.256 0.6999999881
23864  -35.079  -52.212  -13.580 0.6999999881
22706  -35.671  -52.880  -15.042 0.6999999881
23917  -36.872  -52.647  -17.047 0.5000000000
23899  -36.579  -52.742  -16.166 0.6999999881
23961  -37.370  -51.838  -19.453 0.5000000000
23945  -37.454  -51.914  -18.695 0.5000000000
23934  -37.117  -52.413  -18.013 0.5000000000
25176  -40.446  -52.027  -20.211 0.5000000000
140088  -37.923  -51.556  -20.065 0.5000000000
27484  -34.084  -48.926  -14.022 0.5000000000
141836  -33.754  -50.284  -13.342 0.6999999881
26265  -35.748  -50.390  -12.645 0.6999999881
162363  -33.905  -51.035  -13.264 0.6999999881
25034  -36.012  -51.012  -12.764 0.6999999881
23879  -35.473  -52.654  -14.214 0.6000000238
23918  -37.390  -52.339  -16.409 0.6999999881
145739  -37.034  -52.465  -15.498 0.6000000238
148547  -39.075  -51.525  -18.878 0.5000000000
159977  -38.588  -51.548  -18.168 0.6000000238
23935  -37.644  -52.128  -17.302 0.6000000238
25158  -39.739  -51.776  -19.541 0.5000000000
141164  -41.361  -51.932  -20.067 0.5000000000
28647  -34.742  -48.719  -13.783 0.5000000000
163501  -34.798  -49.351  -13.138 0.6999999881
25054  -36.398  -51.646  -13.178 0.6999999881
25035  -36.862  -51.061  -12.761 0.6999999881
26266  -36.424  -50.385  -12.482 0.6999999881
23880  -36.523  -52.507  -14.492 0.8000000119
25068  -38.043  -51.465  -13.695 0.6999999881
25104  -39.361  -51.350  -16.362 0.6000000238
25088  -39.161  -51.316  -15.619 0.6999999881
25136  -39.538  -51.489  -18.019 0.6999999881
25117  -39.488  -51.420  -17.136 0.6000000238
25159  -40.871  -51.822  -19.249 0.6000000238
148640  -39.969  -51.641  -18.777 0.6000000238
25161  -43.048  -50.609  -19.698 0.6000000238
28682  -34.992  -47.844  -15.590 0.5000000000
29894  -35.501  -47.410  -13.710 0.6000000238
28668  -34.863  -48.102  -14.744 0.5000000000
28648  -35.375  -48.297  -13.280 0.6000000238
28627  -35.926  -48.668  -12.561 0.6000000238
27447  -35.981  -49.627  -12.499 0.6999999881
27450  -38.725  -49.476  -12.383 0.6999999881
27449  -37.625  -49.491  -12.099 0.6000000238
25055  -37.231  -51.623  -13.338 0.6999999881
26269  -39.089  -50.116  -12.942 0.6999999881
25086  -38.200  -51.742  -14.676 0.6999999881
25118  -40.426  -51.391  -17.411 0.6999999881
161580  -42.501  -50.911  -18.949 0.6999999881
25120  -42.063  -51.028  -18.085 0.6999999881
29913  -35.316  -47.372  -15.866 0.5000000000
29895  -35.914  -46.901  -12.883 0.6000000238
28628  -36.575  -48.156  -12.147 0.6000000238
28629  -37.402  -48.531  -11.854 0.6000000238
141601  -39.248  -50.524  -13.617 0.8000000119
27467  -40.273  -49.302  -13.565 0.5000000000
28631  -39.111  -48.750  -12.335 0.6000000238
26311  -39.500  -50.984  -14.947 0.6999999881
161849  -41.306  -49.988  -15.037 0.6999999881
26339  -42.306  -50.122  -17.054 0.6999999881
26338  -41.769  -50.489  -16.496 0.6999999881
26365  -43.059  -50.200  -19.097 0.5000000000
162289  -42.745  -50.376  -18.582 0.6999999881
28750  -42.416  -48.488  -19.808 0.5000000000
31136  -35.456  -46.790  -16.323 0.5000000000
153423  -35.560  -45.829  -14.794 0.5000000000
32315  -35.713  -45.632  -13.914 0.6000000238
31110  -35.691  -46.547  -13.587 0.6000000238
31094  -36.483  -46.395  -12.318 0.6000000238
31095  -37.294  -46.730  -11.771 0.6000000238
139268  -37.739  -45.912  -11.788 0.6000000238
29880  -38.186  -47.340  -11.739 0.6000000238
31096  -38.256  -46.606  -11.770 0.6000000238
28670  -41.194  -48.729  -14.517 0.6000000238
29906  -40.667  -47.909  -13.923 0.5000000000
31097  -39.020  -47.031  -12.054 0.5000000000
27495  -41.658  -49.365  -15.323 0.6000000238
28683  -41.555  -48.327  -15.366 0.6000000238
28698  -42.409  -49.238  -17.007 0.6000000238
27504  -42.107  -49.747  -16.205 0.6000000238
28749  -41.565  -47.848  -19.561 0.5000000000
32344  -35.609  -45.414  -15.527 0.5000000000
32328  -35.891  -44.755  -14.787 0.6000000238
32298  -37.207  -45.197  -12.076 0.6000000238
29897  -40.112  -47.650  -13.092 0.5000000000
32317  -40.375  -46.166  -13.302 0.5000000000
29914  -41.434  -47.413  -15.553 0.4000000060
29907  -41.169  -47.711  -14.746 0.5000000000
31122  -40.833  -47.141  -14.296 0.5000000000
29930  -41.611  -47.548  -17.873 0.6000000238
32363  -35.608  -45.001  -16.389 0.5000000000
33623  -36.037  -44.259  -15.830 0.6000000238
33610  -36.595  -43.888  -14.468 0.6000000238
33592  -36.628  -44.147  -13.432 0.6000000238
32345  -41.394  -45.967  -15.963 0.5000000000
149839  -41.331  -46.243  -15.326 0.4000000060
142591  -35.777  -43.690  -17.605 0.5000000000
153830  -36.026  -43.696  -16.773 0.5000000000
34880  -37.355  -42.872  -15.296 0.6000000238
33593  -37.305  -43.640  -12.986 0.6000000238
34923  -35.642  -43.322  -18.316 0.5000000000
34914  -36.084  -42.922  -17.291 0.5000000000
34915  -36.739  -42.465  -16.466 0.6000000238
34860  -37.420  -43.208  -14.142 0.6000000238
36247  -35.308  -42.804  -19.263 0.5000000000
36221  -36.038  -42.455  -17.068 0.5000000000
151131  -36.634  -42.020  -16.309 0.5000000000
37480  -37.035  -41.748  -15.672 0.6000000238
34900  -37.729  -42.004  -15.447 0.6000000238
36235  -35.077  -42.257  -17.654 0.5000000000
36205  -35.686  -42.070  -16.650 0.5000000000
37508  -33.954  -41.764  -17.441 0.5000000000
36186  -37.999  -41.686  -14.926 0.5000000000
37495  -34.516  -41.868  -16.662 0.5000000000
37479  -36.044  -41.852  -15.847 0.5000000000
38791  -32.713  -40.860  -18.420 0.5000000000
37493  -33.079  -41.094  -17.223 0.5000000000
37478  -34.851  -41.893  -15.840 0.5000000000
37464  -36.246  -41.754  -14.971 0.4000000060
38778  -32.372  -40.562  -17.558 0.5000000000
37477  -33.886  -41.503  -15.769 0.5000000000
37462  -33.761  -41.362  -14.808 0.4000000060
37463  -34.872  -41.855  -14.893 0.4000000060
38761  -32.728  -40.500  -15.435 0.4000000060
38748  -33.121  -40.784  -14.794 0.4000000060
154469  -33.725  -40.919  -13.206 0.4000000060
140611  -41.476  -47.132  -16.416 0.6000000238
29943  -41.028  -47.407  -19.061 0.5000000000
31167  -41.141  -47.250  -20.154 0.4000000060
29896  -39.556  -47.525  -12.492 0.6000000238
38731  -34.517  -41.348  -13.039 0.4000000060
38700  -34.863  -41.015  -12.297 0.4000000060
23866  -36.742  -52.119  -13.680 0.6999999881
26310  -38.934  -51.123  -14.179 0.6999999881
25105  -40.253  -51.199  -16.565 0.6999999881
25089  -40.042  -50.963  -15.674 0.6999999881
27466  -39.620  -49.230  -12.881 0.6000000238
29881  -38.929  -47.958  -12.045 0.6000000238
26345  -42.473  -50.443  -17.970 0.6999999881
26291  -40.309  -49.879  -13.960 0.6999999881
26326  -41.579  -50.197  -15.665 0.6999999881
152073  -42.654  -49.204  -17.856 0.6000000238
28730  -42.578  -48.653  -18.746 0.6000000238
22722  -35.810  -53.018  -15.903 0.6999999881
22742  -34.232  -53.349  -16.251 0.5000000000
22744  -36.075  -53.076  -16.767 0.5000000000
22768  -36.334  -52.979  -17.634 0.6000000238
22786  -35.784  -53.205  -18.233 0.5000000000
22805  -35.471  -53.114  -19.629 0.5000000000
23863  -34.334  -52.165  -13.666 0.6999999881
23865  -35.979  -52.237  -13.626 0.6999999881
23881  -37.391  -52.043  -14.062 0.6999999881
23900  -37.972  -52.063  -15.682 0.6000000238
23919  -38.162  -51.902  -16.691 0.6999999881
23944  -36.873  -52.307  -18.893 0.5000000000
23974  -37.199  -51.774  -20.390 0.5000000000
25036  -37.750  -51.029  -12.905 0.6999999881
25053  -35.531  -51.605  -13.160 0.6999999881
25069  -38.887  -51.384  -14.975 0.6999999881
25087  -38.582  -51.623  -15.437 0.6999999881
25103  -38.667  -51.613  -16.149 0.6999999881
25106  -41.199  -51.088  -16.885 0.6999999881
25116  -38.318  -51.702  -17.473 0.6000000238
25119  -41.380  -51.267  -17.741 0.6999999881
25135  -37.861  -51.811  -18.114 0.6000000238
25137  -40.666  -51.573  -18.276 0.6999999881
25138  -41.642  -51.427  -18.613 0.6999999881
25156  -38.103  -51.549  -19.012 0.5000000000
25157  -38.766  -51.592  -19.784 0.5000000000
25160  -41.959  -51.610  -19.566 0.6000000238
25175  -39.410  -51.832  -20.500 0.4000000060
25177  -42.099  -51.868  -20.583 0.5000000000
26267  -37.289  -50.383  -12.429 0.6999999881
26268  -38.223  -50.292  -12.565 0.6999999881
26287  -34.479  -50.583  -13.079 0.6999999881
26288  -35.215  -50.881  -12.847 0.6999999881
26289  -38.574  -50.805  -13.277 0.6999999881
26290  -39.756  -49.941  -13.505 0.5000000000
26312  -40.708  -50.106  -14.557 0.6999999881
26325  -40.870  -50.486  -15.272 0.6999999881
26337  -41.011  -50.798  -16.054 0.6999999881
26344  -41.929  -50.778  -17.340 0.6999999881
27448  -36.769  -49.785  -12.259 0.6999999881
27464  -34.376  -49.648  -13.356 0.6999999881
27465  -35.119  -49.979  -12.866 0.6999999881
27485  -40.790  -49.409  -14.138 0.6999999881
27486  -41.199  -49.543  -14.677 0.6000000238
27510  -42.592  -49.813  -17.619 0.6000000238
27530  -42.908  -49.752  -18.392 0.6000000238
27548  -43.009  -49.327  -19.350 0.5000000000
27549  -43.255  -49.823  -19.940 0.5000000000
28630  -38.342  -48.725  -11.986 0.6000000238
28649  -39.654  -48.281  -12.649 0.6000000238
28650  -40.210  -48.525  -13.300 0.5000000000
28669  -40.684  -48.777  -13.848 0.6000000238
28697  -42.077  -48.832  -16.079 0.6000000238
28714  -42.111  -48.190  -16.899 0.6000000238
28729  -42.322  -48.430  -17.782 0.6000000238
29877  -35.871  -47.772  -12.743 0.6000000238
29878  -36.503  -47.265  -12.208 0.6000000238
29879  -37.309  -47.671  -11.784 0.6000000238
29905  -35.298  -47.482  -14.883 0.6000000238
29952  -40.724  -47.383  -19.727 0.5000000000
29953  -41.142  -47.546  -19.932 0.4000000060
31111  -36.045  -46.022  -13.022 0.6000000238
31112  -39.811  -46.733  -12.711 0.5000000000
31114  -40.821  -46.348  -14.157 0.6000000238
31121  -35.516  -46.649  -14.408 0.6000000238
31128  -35.466  -46.581  -15.422 0.5000000000
31129  -41.395  -46.674  -15.811 0.5000000000
31166  -40.349  -47.191  -20.005 0.5000000000
32297  -36.556  -45.528  -12.456 0.6000000238
32300  -38.868  -46.009  -12.081 0.6000000238
32301  -40.391  -45.369  -13.080 0.6000000238
32316  -36.196  -45.081  -13.163 0.6000000238
32329  -36.085  -44.683  -13.904 0.6000000238
32330  -41.410  -45.631  -15.173 0.5000000000
32364  -41.342  -45.676  -16.827 0.5000000000
32436  -40.125  -46.042  -20.876 0.4000000060
33581  -36.796  -44.601  -12.638 0.6000000238
33583  -38.419  -44.194  -12.276 0.6000000238
33595  -41.477  -44.584  -13.933 0.5000000000
33611  -41.604  -44.867  -14.856 0.5000000000
33624  -36.797  -43.095  -16.164 0.5000000000
33625  -41.605  -45.089  -15.882 0.6000000238
33648  -41.156  -45.412  -17.723 0.6000000238
33654  -39.980  -45.906  -19.642 0.5000000000
33673  -39.995  -45.386  -21.234 0.5000000000
33685  -40.481  -44.606  -21.916 0.4000000060
33687  -40.806  -44.649  -22.199 0.4000000060
34850  -38.778  -43.466  -12.473 0.6999999881
34861  -38.049  -42.721  -13.683 0.6000000238
34862  -41.086  -44.125  -13.084 0.6000000238
34864  -42.280  -43.316  -14.177 0.6000000238
34881  -37.996  -42.273  -14.788 0.6000000238
34899  -37.244  -42.381  -15.857 0.6000000238
34902  -42.308  -43.549  -15.058 0.6000000238
34917  -42.363  -43.393  -16.596 0.6999999881
34937  -41.721  -43.503  -18.559 0.6000000238
34944  -41.045  -43.761  -19.993 0.6000000238
34970  -40.526  -44.141  -22.321 0.5000000000
36154  -40.283  -42.076  -12.604 0.6000000238
36206  -37.245  -41.974  -15.803 0.6000000238
36207  -37.611  -41.741  -15.434 0.6000000238
36223  -43.221  -42.141  -16.994 0.6000000238
36236  -35.554  -42.760  -18.237 0.5000000000
36249  -43.181  -41.875  -18.864 0.6000000238
36266  -41.038  -43.260  -21.754 0.6000000238
36276  -40.817  -43.642  -22.499 0.5000000000
36288  -41.377  -43.301  -23.042 0.4000000060
37415  -35.563  -41.538  -12.999 0.6000000238
37416  -36.667  -41.437  -13.099 0.6000000238
37417  -37.694  -41.255  -13.224 0.6000000238
37418  -38.459  -41.204  -13.109 0.6000000238
37419  -39.192  -41.654  -12.863 0.6000000238
37422  -41.128  -41.285  -12.812 0.6000000238
37443  -34.141  -41.421  -13.912 0.4000000060
37444  -35.258  -41.713  -13.914 0.4000000060
37448  -41.735  -41.506  -13.154 0.6000000238
37449  -42.401  -41.714  -13.706 0.6000000238
37465  -37.368  -41.579  -15.050 0.4000000060
37466  -42.803  -41.975  -14.448 0.6000000238
37476  -33.153  -41.032  -16.101 0.4000000060
37482  -43.367  -41.373  -16.239 0.6999999881
37494  -33.682  -41.462  -16.599 0.5000000000
37537  -43.061  -41.370  -22.477 0.5000000000
38680  -35.228  -40.445  -11.770 0.5000000000
38706  -40.063  -39.937  -12.733 0.5000000000
38750  -42.492  -40.413  -14.232 0.6999999881
38762  -33.300  -41.048  -15.348 0.5000000000
40003  -38.689  -39.303  -12.377 0.5000000000
40019  -40.958  -39.068  -13.237 0.5000000000
40037  -42.444  -39.822  -14.625 0.6999999881
40050  -42.157  -39.142  -15.037 0.6999999881
40062  -42.873  -39.394  -16.406 0.6999999881
40063  -43.268  -39.833  -16.897 0.6999999881
40076  -42.931  -39.245  -17.223 0.6999999881
40077  -43.323  -39.777  -17.659 0.6999999881
40137  -43.870  -39.910  -23.997 0.3000000119
41314  -39.316  -38.102  -13.073 0.4000000060
41315  -40.255  -38.357  -13.297 0.5000000000
41331  -41.621  -38.724  -14.482 0.6000000238
41355  -40.727  -37.786  -17.006 0.5000000000
41387  -42.343  -38.697  -18.558 0.4000000060
41411  -39.401  -37.731  -21.578 0.4000000060
41422  -40.055  -37.689  -21.978 0.5000000000
41433  -42.504  -37.801  -23.001 0.5000000000
41434  -43.056  -38.055  -23.305 0.5000000000
42641  -40.052  -37.892  -19.014 0.5000000000
42666  -37.098  -37.190  -20.815 0.4000000060
42668  -38.731  -37.720  -21.333 0.4000000060
42681  -38.761  -37.554  -21.781 0.4000000060
42689  -38.342  -37.375  -21.955 0.4000000060
42690  -39.001  -37.404  -22.121 0.4000000060
42692  -41.075  -37.148  -22.936 0.5000000000
43951  -40.512  -36.730  -22.969 0.5000000000
45083  -41.692  -35.152  -21.229 0.5000000000
45085  -43.117  -36.062  -20.384 0.3000000119
45096  -41.738  -36.158  -23.047 0.5000000000
45101  -38.311  -35.845  -22.522 0.4000000060
45102  -39.180  -35.462  -22.633 0.4000000060
46211  -40.254  -34.076  -21.645 0.4000000060
47294  -43.617  -32.567  -17.812 0.4000000060
47310  -42.687  -33.035  -18.185 0.4000000060
47320  -41.564  -33.296  -19.355 0.4000000060
48354  -42.003  -32.209  -18.427 0.4000000060
48366  -40.963  -32.883  -19.972 0.5000000000
48376  -40.339  -32.657  -20.607 0.5000000000
49458  -39.551  -31.162  -20.934 0.5000000000
50510  -43.813  -30.527  -17.346 0.3000000119
50526  -43.057  -30.515  -17.451 0.4000000060
50534  -40.429  -30.757  -19.853 0.5000000000
50535  -40.981  -30.623  -19.306 0.5000000000
50545  -39.296  -30.468  -20.723 0.5000000000
51672  -44.032  -29.351  -17.045 0.3000000119
51716  -39.076  -29.883  -20.430 0.5000000000
52725  -40.912  -28.829  -18.939 0.5000000000
52741  -38.167  -29.022  -19.963 0.5000000000
138154  -35.587  -44.681  -17.325 0.5000000000
139168  -40.364  -47.076  -19.545 0.6000000238
139216  -38.898  -42.548  -12.735 0.6000000238
139743  -33.660  -53.350  -17.159 0.5000000000
139845  -35.460  -45.990  -16.105 0.5000000000
139886  -38.789  -51.575  -16.923 0.6000000238
139924  -42.852  -37.530  -23.212 0.5000000000
139992  -34.021  -53.440  -17.927 0.5000000000
141720  -32.438  -40.477  -16.472 0.5000000000
142456  -39.867  -44.794  -12.570 0.6000000238
142678  -34.975  -42.462  -18.826 0.5000000000
143012  -33.264  -40.730  -13.965 0.4000000060
143100  -35.252  -49.110  -12.892 0.6999999881
143132  -41.281  -46.971  -17.400 0.6000000238
143356  -37.436  -52.206  -14.857 0.8000000119
143889  -39.983  -31.879  -20.793 0.4000000060
144312  -40.819  -46.976  -18.561 0.6000000238
145035  -36.673  -49.043  -12.134 0.6999999881
145332  -42.091  -43.065  -13.528 0.6000000238
145671  -36.950  -45.936  -11.913 0.6000000238
146708  -41.725  -47.884  -16.168 0.6000000238
146807  -43.452  -31.016  -17.473 0.4000000060
146825  -42.942  -42.261  -15.164 0.6999999881
146834  -41.222  -46.808  -14.931 0.5000000000
148063  -39.419  -29.442  -20.001 0.5000000000
148712  -39.825  -50.483  -14.227 0.6999999881
148829  -43.487  -40.471  -19.345 0.6000000238
149802  -42.036  -38.263  -21.612 0.5000000000
152207  -36.545  -43.745  -15.348 0.6000000238
153363  -43.498  -40.838  -17.338 0.6999999881
153572  -43.473  -38.529  -23.376 0.5000000000
154419  -38.286  -40.007  -12.295 0.5000000000
155936  -33.458  -41.414  -18.312 0.5000000000
156708  -40.734  -45.694  -13.687 0.6000000238
158318  -39.157  -31.447  -21.452 0.5000000000
158765  -41.283  -38.019  -21.716 0.5000000000
158971  -38.063  -48.041  -11.784 0.6000000238
159214  -38.887  -51.508  -17.546 0.6000000238
161233  -41.795  -48.033  -20.061 0.5000000000
161744  -41.878  -47.896  -18.617 0.5000000000
161832  -35.119  -48.003  -14.119 0.5000000000
162937  -36.313  -52.742  -15.408 0.6999999881
163082  -34.284  -41.706  -15.285 0.5000000000
163244  -40.781  -43.532  -12.763 0.6000000238
163315  -41.020  -37.959  -17.749 0.5000000000
163663  -36.613  -42.947  -16.775 0.5000000000
164212  -40.203  -50.609  -14.921 0.6999999881
165043  -40.836  -45.866  -20.858 0.4000000060
165490  -38.930  -41.132  -13.132 0.6000000238
