#!ascii label  , from subject sub-LJ001 vox2ras=TkReg
2068
43941  -37.640  -37.220  -22.019 0.5000000000
160821  -36.910  -37.168  -21.953 0.4000000060
42666  -37.098  -37.190  -20.815 0.6000000238
43939  -36.354  -36.905  -21.873 0.6000000238
47349  -37.317  -34.282  -21.926 0.6000000238
43940  -36.935  -37.004  -22.152 0.5000000000
47343  -37.997  -33.213  -21.775 0.6000000238
43927  -35.955  -36.729  -21.336 0.6999999881
42656  -36.708  -36.853  -19.375 0.6999999881
46209  -35.698  -35.736  -21.751 0.6999999881
46210  -36.632  -35.488  -22.117 0.6999999881
47342  -36.893  -33.319  -21.741 0.6999999881
48385  -38.457  -32.274  -21.726 0.5000000000
47344  -38.920  -33.055  -21.841 0.5000000000
47278  -29.711  -33.760  -16.636 0.5000000000
45070  -35.471  -36.129  -20.215 0.6999999881
45092  -35.259  -35.696  -21.288 0.6999999881
151782  -36.085  -34.628  -21.810 0.6999999881
46199  -34.732  -34.982  -20.985 0.6999999881
47341  -35.571  -33.775  -21.645 0.6999999881
46208  -34.999  -34.846  -21.347 0.6999999881
47340  -34.509  -33.891  -21.327 0.6999999881
49466  -37.841  -31.671  -21.622 0.6000000238
45011  -37.295  -35.705  -14.760 0.6999999881
46151  -37.430  -35.192  -16.080 0.6999999881
45062  -35.666  -36.091  -19.230 0.6999999881
45045  -35.878  -36.136  -18.137 0.6999999881
153594  -29.479  -32.508  -17.028 0.6000000238
46165  -28.852  -33.770  -18.344 0.4000000060
45081  -35.139  -35.639  -20.743 0.6999999881
48383  -36.229  -32.686  -21.665 0.6999999881
49465  -36.676  -31.674  -21.543 0.6999999881
145858  -34.639  -32.346  -21.528 0.6999999881
50543  -37.982  -30.348  -20.957 0.6000000238
46116  -38.647  -34.929  -13.836 0.6999999881
46135  -38.311  -35.060  -14.737 0.6999999881
144059  -36.999  -35.264  -16.795 0.6999999881
145746  -38.315  -34.762  -15.617 0.6999999881
46136  -39.206  -34.489  -15.225 0.6999999881
48309  -30.644  -32.407  -15.740 0.6000000238
46167  -37.792  -34.385  -17.211 0.6999999881
45061  -35.809  -35.438  -19.046 0.6999999881
46166  -36.835  -35.005  -17.681 0.6999999881
46152  -38.329  -34.426  -16.428 0.6999999881
46153  -39.030  -34.303  -15.920 0.6999999881
48334  -28.068  -31.577  -18.500 0.5000000000
151873  -28.804  -31.987  -17.902 0.5000000000
152775  -34.244  -34.210  -20.790 0.6999999881
46186  -34.874  -34.988  -20.572 0.6999999881
156928  -38.622  -33.906  -17.005 0.6999999881
163005  -27.860  -32.861  -19.101 0.4000000060
148874  -34.237  -33.235  -21.443 0.6999999881
46176  -35.299  -34.848  -19.891 0.6999999881
156389  -37.522  -33.945  -18.241 0.6999999881
47292  -38.377  -33.516  -17.608 0.6999999881
46175  -27.202  -33.243  -19.408 0.4000000060
47306  -34.327  -33.771  -20.324 0.6999999881
157365  -37.310  -33.064  -18.761 0.6999999881
48335  -38.065  -32.898  -18.231 0.6999999881
141714  -35.714  -32.199  -21.600 0.6999999881
47339  -33.717  -33.590  -21.137 0.6999999881
48350  -35.944  -32.153  -19.337 0.6999999881
142514  -35.090  -33.016  -19.758 0.6999999881
50542  -37.113  -30.248  -20.932 0.6000000238
50556  -35.018  -30.735  -21.281 0.6999999881
151307  -34.512  -31.544  -21.446 0.6999999881
53808  -37.969  -27.895  -19.700 0.5000000000
143090  -40.467  -27.273  -19.120 0.4000000060
147751  -39.915  -27.282  -19.383 0.5000000000
47226  -40.035  -33.790  -14.081 0.6999999881
49398  -31.041  -30.289  -15.304 0.6000000238
46177  -36.545  -34.678  -18.569 0.6999999881
48324  -29.144  -31.307  -17.221 0.5000000000
48311  -39.674  -33.048  -16.434 0.6999999881
47319  -33.581  -33.487  -20.725 0.6999999881
47307  -35.270  -33.961  -19.811 0.6999999881
48381  -33.588  -32.953  -21.329 0.6999999881
48348  -33.325  -32.185  -20.081 0.6999999881
52738  -35.374  -28.372  -20.390 0.6999999881
50557  -36.375  -30.809  -21.312 0.6999999881
52739  -36.026  -29.117  -20.519 0.6999999881
50541  -36.106  -30.053  -20.914 0.6999999881
53806  -36.366  -28.124  -20.072 0.6999999881
49343  -33.999  -31.483  -12.968 0.6999999881
48258  -35.298  -31.559  -12.249 0.6999999881
48237  -36.634  -31.812  -11.687 0.8000000119
159018  -38.027  -32.393  -11.697 0.8000000119
49366  -33.465  -31.037  -13.480 0.6000000238
49367  -34.113  -30.361  -13.197 0.6000000238
148657  -34.673  -31.058  -12.713 0.6000000238
48259  -38.610  -32.583  -11.944 0.8000000119
50441  -33.287  -30.052  -13.573 0.6000000238
50440  -32.545  -29.819  -13.929 0.6000000238
47206  -39.695  -33.556  -13.142 0.6999999881
49383  -31.811  -30.916  -14.866 0.6000000238
49384  -32.252  -30.359  -14.411 0.6000000238
50495  -29.623  -29.973  -16.129 0.6000000238
50478  -30.155  -29.685  -15.537 0.6000000238
47264  -39.754  -33.756  -15.682 0.6999999881
49425  -28.236  -30.913  -17.781 0.5000000000
50494  -28.907  -30.118  -16.471 0.6000000238
47265  -40.339  -33.389  -14.903 0.6999999881
48336  -38.775  -32.586  -17.650 0.6999999881
48380  -33.048  -32.693  -21.119 0.6999999881
48364  -33.873  -32.977  -20.162 0.6999999881
48352  -37.680  -32.321  -18.570 0.6999999881
51711  -33.893  -29.633  -20.779 0.8000000119
158489  -34.982  -29.838  -20.881 0.6999999881
48363  -33.144  -32.794  -20.684 0.6999999881
48351  -36.944  -32.232  -18.957 0.6999999881
51712  -34.923  -29.118  -20.624 0.8000000119
50554  -32.890  -31.749  -21.111 0.6999999881
53790  -38.784  -27.373  -19.603 0.5000000000
54868  -40.153  -26.469  -19.406 0.5000000000
56023  -39.496  -25.896  -19.766 0.5000000000
56025  -40.753  -25.742  -19.189 0.4000000060
162414  -34.747  -30.249  -12.765 0.6000000238
49322  -35.955  -31.182  -12.114 0.6999999881
49323  -36.587  -30.898  -11.864 0.8000000119
48238  -37.461  -31.609  -11.639 0.8999999762
48239  -38.411  -31.861  -11.752 0.8000000119
157034  -39.157  -32.280  -12.132 0.8000000119
162712  -40.457  -32.241  -13.063 0.8000000119
51621  -31.360  -29.325  -14.241 0.6000000238
51604  -30.687  -29.332  -14.200 0.6000000238
48279  -40.274  -32.987  -13.494 0.8000000119
49412  -27.827  -30.502  -17.043 0.6000000238
50477  -29.348  -29.791  -15.641 0.6000000238
50457  -29.557  -29.561  -14.958 0.6000000238
48295  -40.696  -32.549  -14.745 0.6999999881
49424  -27.049  -31.144  -18.204 0.5000000000
49415  -39.771  -31.642  -16.741 0.6999999881
49416  -40.333  -31.751  -16.065 0.6999999881
48332  -26.337  -32.011  -18.036 0.5000000000
48323  -26.699  -31.542  -17.680 0.5000000000
49427  -39.089  -31.537  -17.498 0.6999999881
49426  -38.311  -31.941  -18.199 0.6999999881
138933  -34.031  -28.701  -20.583 0.8000000119
50540  -33.738  -30.474  -21.077 0.8000000119
49457  -32.602  -31.851  -20.852 0.6999999881
49437  -33.770  -31.402  -19.554 0.6999999881
49438  -35.620  -31.325  -19.167 0.6999999881
50539  -32.656  -31.123  -20.917 0.6999999881
54867  -39.435  -26.855  -19.528 0.5000000000
163979  -34.436  -29.599  -12.751 0.6999999881
140297  -34.780  -29.171  -12.158 0.6999999881
50423  -35.206  -29.785  -12.412 0.6999999881
50405  -36.472  -30.000  -11.795 0.8000000119
49324  -37.142  -30.697  -11.625 0.8000000119
164085  -33.324  -29.075  -12.891 0.6999999881
51589  -35.396  -29.399  -11.982 0.8000000119
49325  -38.034  -30.939  -11.550 0.8000000119
148584  -32.061  -29.303  -13.441 0.6000000238
145688  -39.900  -31.931  -12.330 0.8000000119
51585  -31.087  -29.303  -13.780 0.6000000238
49368  -40.965  -31.689  -13.537 0.6999999881
49396  -28.247  -30.514  -16.099 0.6000000238
49381  -28.796  -30.623  -15.261 0.6000000238
49399  -40.735  -31.829  -15.260 0.8000000119
49395  -27.612  -30.827  -16.867 0.6000000238
50461  -40.991  -31.077  -14.865 0.8000000119
47260  -25.967  -33.245  -16.654 0.4000000060
49440  -37.543  -31.527  -18.582 0.6999999881
139393  -38.233  -30.838  -18.032 0.6999999881
152413  -39.591  -30.953  -16.980 0.6999999881
45025  -24.846  -34.700  -17.338 0.4000000060
50523  -37.248  -30.646  -18.537 0.6999999881
145631  -32.749  -30.281  -20.711 0.8000000119
50533  -32.299  -31.193  -20.485 0.8000000119
49439  -36.571  -31.293  -18.937 0.6999999881
148844  -34.795  -31.173  -19.249 0.6999999881
139180  -34.778  -27.718  -20.413 0.8000000119
54883  -36.603  -27.100  -19.960 0.6999999881
54884  -37.480  -26.773  -19.854 0.5000000000
56024  -39.735  -25.059  -20.400 0.5000000000
54886  -38.818  -26.335  -19.728 0.5000000000
57001  -41.182  -24.887  -19.203 0.4000000060
140832  -34.170  -28.908  -12.033 0.6000000238
51566  -35.425  -29.203  -11.649 0.6999999881
50406  -37.300  -30.132  -11.406 0.8000000119
166142  -38.029  -30.247  -11.180 0.8000000119
51587  -32.681  -29.154  -12.938 0.6999999881
51586  -31.781  -29.330  -13.305 0.6999999881
50408  -39.658  -30.739  -11.454 0.8000000119
50422  -31.139  -29.659  -13.413 0.6000000238
50407  -38.777  -30.608  -11.226 0.8000000119
49364  -29.848  -30.983  -14.107 0.6000000238
50425  -40.819  -30.843  -12.360 0.8000000119
50443  -41.137  -30.973  -13.175 0.8000000119
48308  -27.829  -31.606  -16.019 0.6000000238
48292  -28.478  -31.574  -15.220 0.6000000238
147423  -40.627  -31.045  -15.657 0.8999999762
49369  -41.244  -31.041  -14.043 0.8000000119
50509  -39.080  -30.502  -17.376 0.8000000119
50497  -39.729  -30.179  -16.709 0.8000000119
47261  -26.827  -32.896  -16.288 0.5000000000
51669  -36.905  -28.936  -18.279 0.8000000119
46130  -25.923  -34.084  -16.123 0.4000000060
52737  -32.366  -28.769  -20.557 0.8000000119
139920  -32.267  -30.644  -20.400 0.8000000119
51700  -31.932  -30.300  -20.147 0.8000000119
50519  -33.071  -30.775  -19.483 0.8000000119
50522  -36.335  -30.495  -18.706 0.6999999881
146997  -32.310  -30.811  -19.985 0.8000000119
50521  -35.403  -30.594  -18.869 0.6999999881
51686  -32.471  -30.058  -19.482 0.8000000119
164970  -34.363  -27.152  -20.472 0.8000000119
51685  -31.624  -29.541  -19.774 0.8000000119
56040  -37.434  -25.642  -20.365 0.6000000238
156721  -36.856  -26.230  -20.166 0.6000000238
159181  -38.892  -25.313  -20.422 0.5000000000
137954  -34.231  -29.234  -11.382 0.6000000238
51568  -36.658  -29.499  -11.235 0.6999999881
51562  -32.403  -29.386  -12.658 0.6000000238
51545  -36.128  -29.149  -11.142 0.6999999881
51569  -38.459  -29.908  -10.756 0.6999999881
49342  -31.319  -30.827  -12.838 0.6000000238
50404  -32.625  -29.841  -11.999 0.6000000238
51542  -33.613  -29.751  -11.138 0.6000000238
48255  -30.908  -31.812  -12.946 0.6000000238
48293  -29.215  -31.556  -14.513 0.6000000238
49341  -30.532  -30.484  -13.573 0.6000000238
51570  -39.385  -30.134  -10.901 0.6999999881
47245  -28.179  -32.886  -15.176 0.5000000000
50426  -41.272  -30.272  -12.861 0.8000000119
47244  -27.452  -33.644  -15.489 0.3000000119
51637  -40.518  -29.260  -15.803 0.8000000119
51638  -40.965  -29.753  -15.276 0.8000000119
50496  -39.182  -29.779  -17.156 0.8000000119
51653  -39.544  -29.353  -16.712 0.8000000119
164955  -36.245  -28.649  -18.392 0.8000000119
51699  -31.585  -29.508  -20.022 0.8000000119
50506  -34.828  -29.917  -18.686 0.8000000119
156971  -36.243  -29.251  -18.438 0.8000000119
149959  -36.857  -29.790  -18.426 0.6999999881
50505  -33.682  -30.079  -18.888 0.8000000119
51665  -32.235  -29.216  -18.996 0.8000000119
142993  -36.037  -26.285  -20.327 0.6999999881
56052  -38.120  -25.112  -20.896 0.6000000238
58136  -40.786  -23.653  -21.160 0.3000000119
51543  -34.879  -29.320  -10.893 0.6000000238
51544  -35.550  -29.153  -11.086 0.6999999881
51524  -36.362  -29.203  -10.358 0.6999999881
51546  -37.032  -29.160  -10.486 0.6999999881
147978  -29.849  -37.112  -12.678 0.5000000000
49320  -31.852  -31.145  -12.238 0.6000000238
49321  -32.385  -30.872  -11.806 0.6000000238
147458  -29.494  -32.647  -13.999 0.5000000000
144100  -30.583  -32.632  -12.997 0.5000000000
48233  -31.491  -31.973  -12.297 0.6000000238
51549  -40.191  -29.585  -10.635 0.6999999881
46113  -28.452  -34.665  -14.478 0.3000000119
47246  -28.936  -32.729  -14.501 0.5000000000
51571  -40.268  -30.198  -11.300 0.8000000119
51607  -41.661  -29.091  -13.519 0.8000000119
160063  -41.463  -29.744  -13.385 0.8000000119
51652  -38.976  -29.109  -17.186 0.8999999762
52660  -40.443  -28.314  -15.675 0.8999999762
51623  -41.291  -29.447  -14.700 0.8000000119
140882  -41.470  -29.588  -14.058 0.8000000119
52693  -36.783  -28.127  -18.247 0.8999999762
52695  -38.270  -28.830  -17.547 0.8999999762
140175  -39.405  -28.612  -16.708 0.8999999762
53803  -32.450  -27.671  -20.516 0.8000000119
52736  -31.319  -29.068  -20.153 0.8000000119
51667  -34.318  -29.426  -18.566 0.8000000119
50507  -35.839  -29.835  -18.575 0.8000000119
53804  -33.641  -27.832  -20.557 0.8000000119
138155  -35.192  -25.898  -20.587 0.6999999881
56039  -36.704  -25.478  -20.656 0.6000000238
57040  -39.466  -24.590  -22.231 0.6000000238
57021  -39.735  -24.521  -21.331 0.6000000238
49310  -33.740  -30.663  -10.561 0.6000000238
50378  -34.818  -29.866  -10.175 0.6000000238
48221  -32.742  -31.740  -11.164 0.6000000238
51525  -37.162  -28.982  -9.873 0.6999999881
48234  -32.098  -31.952  -11.707 0.6000000238
52583  -37.886  -28.901  -9.639 0.8000000119
47202  -30.117  -33.975  -13.144 0.6000000238
47203  -30.560  -33.439  -12.756 0.5000000000
47184  -31.721  -33.045  -11.748 0.6000000238
51547  -38.065  -29.261  -10.253 0.6999999881
46093  -29.067  -34.584  -13.914 0.4000000060
157431  -40.885  -29.699  -11.303 0.6999999881
151530  -28.138  -33.970  -14.880 0.4000000060
51590  -41.098  -30.149  -11.944 0.8000000119
52676  -39.800  -28.078  -16.282 0.8000000119
52643  -41.481  -28.735  -14.349 0.8000000119
52692  -35.870  -27.929  -18.368 0.8999999762
52675  -38.853  -28.291  -17.150 0.8000000119
52661  -41.060  -28.932  -15.173 0.8000000119
53765  -37.361  -27.581  -17.746 0.8000000119
52709  -31.420  -28.805  -19.424 0.8000000119
53761  -33.167  -27.581  -18.439 0.8000000119
51668  -35.341  -28.993  -18.481 0.6999999881
53802  -31.318  -28.298  -20.309 0.8000000119
52691  -34.262  -28.738  -18.450 0.8000000119
52690  -33.227  -28.549  -18.512 0.8000000119
54881  -34.418  -26.428  -20.519 0.8000000119
52708  -30.945  -28.320  -19.675 0.8000000119
56050  -36.588  -24.840  -21.371 0.6999999881
56051  -37.364  -24.965  -21.220 0.6999999881
57049  -38.087  -24.073  -23.273 0.6000000238
57065  -39.456  -24.302  -23.534 0.6000000238
58191  -40.122  -24.070  -23.814 0.6000000238
48222  -33.098  -32.555  -10.597 0.6000000238
50355  -35.951  -30.507  -8.890 0.8000000119
51504  -36.881  -29.342  -9.382 0.6999999881
42523  -30.667  -37.147  -11.612 0.5000000000
148031  -31.660  -34.018  -11.503 0.5000000000
52593  -38.772  -28.930  -9.703 0.8000000119
51548  -39.086  -29.551  -10.260 0.6999999881
44956  -30.346  -35.457  -12.349 0.5000000000
47183  -31.118  -33.906  -12.143 0.5000000000
52585  -39.434  -28.559  -9.269 0.8000000119
43811  -29.964  -36.215  -12.605 0.5000000000
52594  -39.751  -29.053  -9.866 0.8000000119
52604  -41.145  -29.150  -10.940 0.8000000119
52605  -41.643  -28.604  -11.358 0.8000000119
51572  -41.499  -29.211  -11.843 0.8000000119
52617  -41.795  -28.726  -12.800 0.8000000119
145375  -41.914  -28.283  -12.115 0.8000000119
53742  -37.908  -27.015  -17.219 0.8000000119
53726  -41.015  -28.086  -14.937 0.8000000119
52688  -31.341  -27.958  -19.077 0.8000000119
53763  -35.086  -27.319  -18.342 0.8000000119
53762  -34.187  -27.839  -18.432 0.8999999762
158626  -32.495  -26.576  -20.488 0.8000000119
53801  -30.824  -27.693  -20.054 0.8000000119
56038  -35.925  -25.311  -20.843 0.6999999881
56037  -34.348  -25.620  -20.719 0.6999999881
145212  -37.849  -24.365  -22.740 0.6999999881
57020  -35.102  -25.075  -21.013 0.6999999881
56049  -35.821  -24.630  -21.437 0.6999999881
57037  -36.460  -24.326  -21.990 0.6999999881
57048  -37.095  -24.077  -22.683 0.6999999881
48196  -34.716  -32.674  -9.266 0.8000000119
150420  -34.374  -31.788  -9.722 0.6000000238
49300  -34.991  -31.569  -9.290 0.6000000238
49278  -35.666  -31.325  -8.726 0.8000000119
41234  -32.107  -38.944  -8.702 0.6000000238
42492  -32.240  -37.639  -9.730 0.5000000000
47167  -32.775  -33.441  -10.583 0.6000000238
47168  -33.426  -33.297  -10.110 0.6000000238
143105  -37.596  -28.987  -9.154 0.8000000119
39927  -30.090  -39.930  -7.738 0.6000000238
39914  -31.280  -39.149  -7.531 0.6000000238
41223  -32.467  -38.345  -8.070 0.6000000238
42508  -32.306  -36.751  -9.892 0.5000000000
46039  -31.969  -34.547  -11.012 0.5000000000
43764  -28.148  -36.665  -8.667 0.5000000000
41221  -29.288  -38.106  -7.749 0.5000000000
42465  -30.161  -37.689  -7.166 0.6000000238
41222  -31.948  -38.877  -7.785 0.6000000238
149832  -31.221  -35.748  -11.299 0.5000000000
164337  -32.053  -35.612  -10.523 0.5000000000
52584  -38.686  -28.633  -9.137 0.8000000119
52586  -40.335  -28.469  -9.504 0.8000000119
43752  -29.189  -36.248  -7.611 0.5000000000
46054  -31.308  -34.820  -11.541 0.5000000000
43763  -27.695  -36.025  -9.129 0.4000000060
46073  -30.707  -34.763  -12.183 0.5000000000
52596  -41.472  -28.442  -10.649 0.6999999881
53707  -40.898  -27.238  -14.791 0.8000000119
145503  -42.037  -27.972  -12.907 0.8000000119
54843  -37.102  -26.688  -17.454 0.8000000119
53743  -38.737  -27.378  -16.867 0.8000000119
53692  -41.859  -27.240  -13.476 0.8000000119
158590  -40.540  -27.589  -15.303 0.8000000119
54807  -39.541  -26.541  -15.751 0.8000000119
54878  -31.160  -26.627  -20.212 0.8999999762
53776  -30.926  -27.502  -19.281 0.8999999762
146091  -33.021  -26.641  -18.305 0.8000000119
53764  -36.587  -27.268  -18.013 0.8000000119
53760  -32.103  -27.380  -18.544 1.0000000000
54840  -34.164  -26.736  -18.301 0.8000000119
56036  -33.306  -25.418  -20.648 0.8000000119
57019  -34.247  -24.809  -20.996 0.6999999881
47151  -34.709  -33.639  -9.023 0.8000000119
48197  -35.440  -32.336  -8.622 0.8000000119
49279  -36.298  -31.053  -8.265 0.8000000119
42467  -32.065  -37.915  -6.959 0.6000000238
46028  -34.267  -34.217  -9.214 0.6000000238
47150  -34.087  -33.364  -9.550 0.6000000238
50356  -36.561  -30.144  -8.674 0.8000000119
50357  -37.372  -29.767  -8.324 0.8000000119
42480  -29.258  -37.050  -7.621 0.5000000000
41208  -30.830  -38.563  -7.170 0.6000000238
42481  -32.825  -37.647  -8.300 0.6000000238
46027  -33.581  -34.748  -9.531 0.6000000238
51505  -38.112  -29.121  -8.348 0.8000000119
52566  -38.834  -28.652  -8.359 0.8000000119
143700  -39.302  -28.425  -8.775 0.6999999881
43733  -29.868  -36.509  -7.118 0.5000000000
43754  -33.513  -36.479  -8.250 0.6000000238
148619  -33.678  -33.934  -9.708 0.6000000238
44893  -28.848  -35.619  -7.911 0.4000000060
43734  -30.505  -36.236  -6.694 0.4000000060
52587  -41.185  -28.206  -9.869 0.6999999881
154384  -28.514  -34.765  -8.330 0.4000000060
154850  -29.702  -35.039  -7.176 0.4000000060
43703  -33.011  -36.608  -6.764 0.4000000060
53670  -42.050  -27.803  -11.341 0.6999999881
45985  -29.762  -34.201  -7.328 0.4000000060
45966  -31.133  -34.718  -6.438 0.5000000000
53682  -42.210  -27.305  -12.418 0.6999999881
154451  -29.024  -34.017  -7.939 0.3000000119
45986  -30.518  -34.052  -6.802 0.5000000000
45967  -32.147  -34.881  -6.220 0.5000000000
54827  -38.975  -26.738  -16.322 0.8000000119
54808  -40.306  -26.849  -15.266 0.8000000119
54772  -41.568  -26.371  -13.666 0.8000000119
54788  -41.292  -26.808  -14.194 0.8000000119
54865  -30.605  -26.046  -19.339 0.8000000119
53759  -31.275  -27.050  -18.757 1.0000000000
143397  -32.812  -25.888  -18.081 0.8000000119
158413  -34.462  -25.844  -17.784 0.8000000119
54841  -35.275  -26.280  -17.891 0.8000000119
54824  -36.742  -25.810  -17.019 0.8000000119
54825  -37.554  -26.139  -16.839 0.8000000119
54854  -30.869  -26.620  -18.924 1.0000000000
54823  -35.868  -25.544  -17.128 0.8000000119
56035  -31.992  -25.624  -20.470 0.8000000119
56006  -32.130  -25.457  -18.088 0.8000000119
56009  -34.990  -25.278  -17.192 0.8000000119
57018  -32.646  -24.703  -20.662 0.8999999762
57034  -34.031  -24.042  -21.241 0.6999999881
57036  -35.799  -24.107  -21.832 0.6999999881
58154  -35.446  -23.533  -21.813 0.6999999881
58173  -36.754  -23.322  -22.434 0.6999999881
58175  -38.160  -23.366  -23.152 0.6999999881
59378  -40.306  -23.446  -24.047 0.6000000238
60565  -38.364  -22.302  -22.737 0.6999999881
59368  -36.574  -22.369  -21.951 0.6999999881
139152  -40.426  -22.773  -24.241 0.6000000238
59377  -39.830  -22.599  -23.829 0.6000000238
142337  -35.728  -32.833  -7.960 0.8000000119
49261  -36.135  -32.053  -8.000 0.8000000119
41210  -32.169  -38.302  -7.466 0.5000000000
44895  -34.625  -35.029  -7.960 0.8000000119
45988  -35.380  -34.073  -7.124 0.8000000119
47134  -35.593  -33.453  -7.537 0.8000000119
50342  -37.521  -30.506  -7.241 0.8000000119
144040  -30.784  -37.025  -6.740 0.5000000000
43735  -32.999  -37.068  -7.206 0.6000000238
43704  -33.441  -36.040  -6.763 0.5000000000
46008  -34.862  -34.322  -8.411 0.8000000119
44866  -30.023  -35.641  -6.866 0.4000000060
43702  -32.216  -36.538  -6.512 0.5000000000
44868  -34.549  -35.222  -7.249 0.6999999881
44894  -34.131  -35.753  -7.878 0.6999999881
144599  -37.993  -29.760  -7.606 0.6999999881
52567  -39.660  -28.331  -8.107 0.6999999881
46006  -29.195  -34.876  -7.675 0.3000000119
53652  -40.898  -27.919  -9.133 0.6999999881
53653  -41.612  -27.504  -9.532 0.6999999881
54739  -42.204  -26.954  -9.970 0.6999999881
47095  -31.622  -33.338  -6.205 0.5000000000
53671  -42.351  -26.965  -11.652 0.6999999881
163243  -29.907  -32.883  -7.349 0.4000000060
48166  -31.041  -32.515  -6.376 0.4000000060
55994  -39.165  -25.551  -15.309 0.8000000119
141128  -42.026  -26.295  -12.937 0.6999999881
54806  -38.738  -25.992  -15.963 0.8000000119
56002  -37.967  -25.618  -16.189 0.8000000119
55976  -38.818  -24.676  -14.915 0.6999999881
56007  -33.211  -25.198  -17.661 0.8000000119
56001  -37.174  -25.279  -16.380 0.8000000119
56033  -30.605  -25.464  -19.503 0.8999999762
56022  -30.356  -25.400  -19.085 0.8999999762
56004  -30.658  -25.187  -18.447 0.8000000119
56005  -31.152  -25.330  -18.255 0.8000000119
56980  -33.817  -24.437  -17.256 0.8000000119
58134  -32.130  -23.932  -20.620 0.8999999762
57016  -30.789  -24.699  -19.822 0.8000000119
58135  -33.135  -23.950  -20.961 0.8999999762
58152  -33.600  -23.262  -21.300 0.8000000119
59370  -41.265  -22.982  -23.515 0.4000000060
58153  -34.546  -23.381  -21.565 0.8000000119
59353  -35.075  -22.653  -21.731 0.6999999881
59369  -37.409  -22.710  -22.489 0.6999999881
61674  -39.967  -20.258  -24.010 0.5000000000
48182  -36.037  -32.757  -7.179 0.6999999881
48183  -36.439  -32.077  -7.225 0.8000000119
47099  -35.174  -33.802  -6.469 0.6999999881
49251  -37.165  -31.110  -6.584 0.6999999881
154851  -30.262  -34.865  -6.790 0.4000000060
47097  -33.441  -33.888  -5.820 0.6000000238
48169  -35.763  -32.806  -6.218 0.6999999881
51497  -38.685  -29.294  -7.349 0.6999999881
52553  -39.349  -28.649  -7.389 0.6999999881
53640  -40.350  -27.841  -7.921 0.6999999881
53641  -40.749  -27.697  -8.488 0.6999999881
47096  -32.580  -33.171  -5.775 0.5000000000
53642  -41.344  -27.287  -8.750 0.6999999881
146148  -31.224  -31.805  -6.135 0.4000000060
53660  -42.326  -27.000  -10.861 0.6999999881
153457  -30.353  -31.008  -6.832 0.3000000119
49248  -30.957  -31.137  -6.263 0.3000000119
49249  -32.370  -31.721  -5.424 0.5000000000
55993  -38.356  -25.143  -15.508 0.6999999881
55979  -41.078  -25.935  -14.109 0.6999999881
54751  -42.448  -26.120  -11.407 0.6999999881
49234  -31.706  -31.269  -5.682 0.4000000060
55977  -39.611  -25.090  -14.699 0.6999999881
55963  -41.442  -25.619  -13.450 0.6999999881
55978  -40.390  -25.503  -14.451 0.6999999881
55992  -37.583  -24.772  -15.778 0.6999999881
56979  -32.886  -24.698  -17.703 0.8000000119
56008  -34.134  -25.109  -17.378 0.8000000119
55999  -35.528  -24.663  -16.563 0.8000000119
56000  -36.348  -24.960  -16.477 0.8000000119
159936  -34.185  -24.042  -16.839 0.8000000119
56999  -30.237  -24.684  -18.942 0.8000000119
58150  -31.538  -23.136  -20.644 0.8000000119
58132  -30.490  -23.772  -19.739 0.8000000119
57015  -30.378  -24.650  -19.305 0.8999999762
58151  -32.626  -23.189  -20.929 0.8999999762
59351  -33.035  -22.508  -21.286 0.8000000119
162642  -34.623  -22.101  -21.660 0.8000000119
60566  -39.241  -21.845  -23.130 0.6999999881
60573  -40.107  -21.604  -23.856 0.6000000238
139815  -35.751  -22.277  -21.760 0.6999999881
166240  -37.155  -22.046  -21.985 0.6999999881
61655  -34.622  -20.214  -21.253 0.6999999881
48170  -36.395  -32.225  -6.486 0.6999999881
49237  -34.725  -31.800  -5.016 0.6000000238
49238  -35.608  -31.576  -5.156 0.6000000238
48158  -36.152  -32.035  -5.733 0.6999999881
158443  -37.528  -30.434  -5.724 0.6999999881
50336  -37.643  -30.563  -6.364 0.6999999881
51496  -38.174  -30.036  -6.785 0.6999999881
47098  -34.470  -33.947  -6.067 0.6000000238
51487  -38.076  -30.083  -5.956 0.6999999881
51488  -38.673  -29.551  -6.243 0.6999999881
47084  -34.120  -33.252  -5.579 0.6000000238
146801  -30.017  -31.701  -7.204 0.3000000119
48154  -32.921  -32.349  -5.426 0.5000000000
47083  -33.352  -33.054  -5.578 0.5000000000
50323  -35.767  -30.896  -4.848 0.6000000238
50319  -32.009  -30.352  -5.394 0.4000000060
49235  -32.508  -31.057  -5.138 0.5000000000
50321  -33.907  -30.440  -4.654 0.6000000238
54732  -41.949  -26.783  -9.152 0.6999999881
163097  -42.342  -25.536  -11.745 0.6999999881
54740  -42.432  -26.243  -10.435 0.6999999881
55949  -41.785  -25.321  -12.740 0.6999999881
52525  -31.708  -28.787  -5.617 0.3000000119
56956  -40.092  -24.652  -14.172 0.6999999881
56972  -35.360  -24.061  -16.335 0.8000000119
56973  -36.108  -24.246  -16.202 0.8000000119
158675  -36.686  -24.042  -16.006 0.6999999881
139433  -37.670  -23.751  -15.507 0.6999999881
58058  -39.265  -23.789  -14.417 0.6999999881
58080  -32.666  -24.335  -17.900 0.8000000119
58071  -35.360  -23.827  -16.524 0.8000000119
58119  -30.323  -23.712  -19.313 0.8000000119
58078  -30.741  -24.176  -18.516 0.8000000119
58079  -31.671  -24.246  -18.244 0.8000000119
144802  -33.550  -24.147  -17.359 0.8000000119
59349  -30.996  -22.299  -20.647 0.8000000119
60503  -31.585  -21.732  -19.271 0.8000000119
160384  -32.341  -22.529  -18.948 0.8000000119
154804  -33.525  -22.030  -19.259 0.8000000119
61616  -32.667  -20.734  -19.473 0.8000000119
61668  -39.181  -20.400  -23.190 0.6000000238
151655  -38.448  -21.081  -22.474 0.6999999881
140892  -34.198  -21.531  -21.551 0.8000000119
59354  -36.951  -21.383  -21.709 0.6000000238
62757  -34.607  -19.484  -21.144 0.6999999881
61656  -35.378  -19.968  -21.269 0.6000000238
61658  -37.617  -20.394  -21.891 0.6000000238
50304  -36.281  -30.390  -4.794 0.6000000238
50322  -34.891  -30.912  -4.757 0.6000000238
52531  -39.457  -28.282  -5.942 0.6999999881
157131  -39.630  -28.422  -6.696 0.6999999881
51449  -35.959  -29.574  -4.560 0.6000000238
161441  -40.250  -27.221  -6.156 0.6999999881
53624  -40.526  -27.433  -6.984 0.6999999881
53625  -41.051  -27.159  -7.850 0.6999999881
50320  -32.931  -30.218  -4.821 0.4000000060
164197  -33.518  -29.873  -4.642 0.4000000060
53599  -39.641  -27.371  -5.623 0.6999999881
54725  -41.680  -26.579  -8.328 0.6999999881
51448  -34.973  -29.370  -4.530 0.5000000000
52501  -35.696  -28.687  -4.501 0.5000000000
54726  -42.182  -26.055  -8.752 0.6999999881
54733  -42.336  -26.187  -9.578 0.6999999881
51472  -32.321  -29.454  -5.246 0.3000000119
52526  -32.602  -28.515  -5.257 0.3000000119
51473  -33.266  -29.237  -4.758 0.4000000060
56955  -39.340  -24.304  -14.430 0.6999999881
55920  -42.495  -25.506  -10.018 0.6999999881
53592  -32.891  -27.545  -5.439 0.3000000119
56926  -41.569  -24.468  -12.545 0.6999999881
143120  -42.109  -24.980  -11.987 0.6999999881
58059  -39.890  -23.862  -13.996 0.6999999881
58033  -41.519  -23.628  -12.470 0.6999999881
58081  -34.236  -23.811  -17.047 0.8000000119
58073  -37.927  -23.213  -15.857 0.6999999881
56954  -38.669  -24.004  -14.664 0.6999999881
58047  -41.231  -23.228  -13.088 0.6999999881
58065  -38.992  -23.402  -14.884 0.6999999881
145331  -40.162  -22.464  -15.202 0.6999999881
59292  -31.369  -23.355  -18.654 0.8000000119
58101  -33.703  -23.645  -18.043 0.8000000119
58072  -37.142  -23.681  -16.074 0.6999999881
160700  -39.461  -22.855  -15.225 0.6999999881
59262  -39.713  -22.356  -15.978 0.6999999881
58099  -30.514  -23.567  -18.835 0.8000000119
58100  -32.629  -23.628  -18.359 0.8000000119
58102  -34.684  -23.433  -18.005 0.8000000119
58082  -35.044  -23.645  -17.078 0.8000000119
58083  -35.864  -23.501  -17.033 0.8000000119
59269  -38.426  -22.689  -16.563 0.8000000119
59270  -39.736  -22.000  -16.797 0.6999999881
153235  -30.148  -22.917  -19.650 0.8000000119
155896  -34.199  -22.896  -18.811 0.8000000119
60506  -35.617  -21.924  -19.364 0.8000000119
59296  -36.984  -22.434  -18.507 0.8000000119
152054  -30.169  -22.933  -19.910 0.8000000119
59312  -30.216  -22.133  -19.941 0.8000000119
60504  -32.571  -21.474  -19.317 0.8000000119
60505  -34.630  -22.013  -19.351 0.8000000119
60507  -36.547  -21.804  -19.189 0.8000000119
145741  -31.468  -21.615  -21.086 0.8000000119
60502  -30.841  -21.109  -19.638 0.8000000119
61617  -34.169  -21.166  -19.552 0.8000000119
143669  -35.074  -21.117  -19.565 0.8000000119
61618  -36.084  -20.927  -19.521 0.8000000119
164460  -31.138  -21.127  -21.034 0.8000000119
139982  -33.204  -20.238  -19.542 0.8000000119
141940  -32.390  -21.279  -21.360 0.8000000119
62776  -39.354  -19.346  -23.569 0.5000000000
61667  -38.378  -19.996  -22.552 0.6000000238
61653  -31.658  -19.833  -20.869 0.8000000119
138690  -32.495  -20.481  -21.175 0.8000000119
62769  -38.619  -19.177  -23.082 0.6000000238
62758  -37.027  -19.275  -21.861 0.6000000238
149432  -37.824  -19.228  -22.483 0.6000000238
51450  -36.799  -29.754  -4.780 0.6999999881
51475  -37.526  -29.899  -5.258 0.6999999881
50303  -35.426  -30.224  -4.617 0.6000000238
52529  -38.013  -28.333  -4.848 0.6999999881
54681  -40.168  -26.593  -5.685 0.6999999881
54682  -40.633  -26.638  -6.395 0.6999999881
53579  -36.888  -28.265  -4.542 0.5000000000
146113  -38.966  -27.049  -5.117 0.6999999881
52528  -34.396  -27.995  -4.737 0.4000000060
53594  -34.804  -27.247  -4.883 0.4000000060
53577  -35.239  -27.927  -4.559 0.5000000000
55902  -41.923  -25.784  -7.953 0.6999999881
55912  -42.415  -25.423  -9.149 0.6999999881
54664  -33.652  -26.638  -5.706 0.3000000119
54665  -35.305  -26.556  -5.142 0.3000000119
54666  -36.195  -26.573  -4.838 0.5000000000
56877  -42.437  -24.577  -8.541 0.6999999881
56898  -42.517  -24.781  -10.543 0.6999999881
54663  -32.869  -26.731  -5.865 0.3000000119
55858  -35.392  -25.201  -6.017 0.3000000119
58004  -42.473  -23.821  -10.681 0.6999999881
55857  -34.550  -25.363  -6.316 0.3000000119
59228  -41.864  -22.750  -12.505 0.6999999881
58084  -36.748  -23.335  -16.880 0.8000000119
59261  -38.826  -22.916  -15.703 0.6999999881
59241  -40.882  -22.880  -13.718 0.6999999881
59268  -37.576  -22.981  -16.673 0.6999999881
152531  -39.174  -22.445  -16.503 0.6999999881
59271  -40.505  -21.793  -15.976 0.6999999881
148559  -31.285  -22.465  -18.991 0.8000000119
59294  -35.167  -22.799  -18.828 0.8000000119
59277  -37.311  -22.796  -17.639 0.6999999881
59279  -39.080  -22.138  -17.396 0.8000000119
59291  -30.719  -22.854  -18.981 0.8000000119
153024  -38.532  -21.958  -18.067 0.8000000119
60519  -30.324  -21.575  -19.876 0.8000000119
155029  -36.924  -21.051  -19.247 0.8000000119
61629  -30.224  -20.382  -19.971 0.8000000119
60551  -30.263  -20.874  -20.253 0.8000000119
61615  -31.808  -20.867  -19.506 0.8000000119
158071  -34.600  -20.368  -19.582 0.8000000119
156744  -35.149  -19.550  -19.494 0.8000000119
61619  -36.842  -20.259  -19.256 0.8000000119
61652  -30.916  -19.924  -20.770 0.8000000119
61651  -30.251  -20.052  -20.183 0.8000000119
142834  -32.254  -20.097  -19.572 0.8000000119
62720  -32.957  -19.447  -19.488 0.8000000119
62722  -35.964  -19.142  -19.393 0.8000000119
62756  -33.778  -19.357  -20.940 0.8000000119
52502  -36.500  -28.977  -4.572 0.6000000238
52527  -33.507  -28.222  -4.950 0.3000000119
52500  -34.886  -28.546  -4.553 0.5000000000
138348  -38.146  -27.136  -4.749 0.6000000238
54667  -37.121  -26.733  -4.645 0.5000000000
54669  -39.417  -26.467  -5.269 0.6999999881
55860  -39.896  -25.751  -5.454 0.6999999881
55884  -41.656  -25.421  -7.088 0.6999999881
150260  -37.699  -26.100  -4.863 0.6000000238
147651  -40.384  -25.143  -5.687 0.6999999881
56848  -41.164  -25.011  -6.206 0.6999999881
56865  -42.274  -24.123  -7.638 0.6999999881
54680  -34.108  -26.018  -5.986 0.3000000119
55843  -35.821  -25.862  -5.431 0.3000000119
56863  -41.230  -23.949  -6.458 0.6999999881
143672  -33.745  -25.487  -6.548 0.3000000119
57943  -36.976  -23.642  -7.033 0.3000000119
57967  -42.493  -23.646  -8.274 0.6999999881
152783  -42.601  -23.862  -9.141 0.6999999881
57964  -34.613  -23.770  -8.758 0.3000000119
57965  -35.427  -23.502  -8.505 0.3000000119
57953  -35.846  -23.732  -7.787 0.3000000119
59150  -36.967  -22.907  -7.992 0.3000000119
59170  -34.400  -22.880  -9.662 0.3000000119
59242  -41.635  -22.444  -13.395 0.6999999881
59255  -41.363  -22.177  -14.206 0.6999999881
60486  -39.826  -21.421  -17.434 0.8000000119
61621  -38.483  -20.641  -18.598 0.8000000119
148812  -37.443  -19.826  -19.001 0.8000000119
149781  -30.213  -19.301  -19.911 0.8000000119
61614  -30.976  -19.995  -19.670 0.8000000119
62718  -30.697  -18.937  -19.685 0.8000000119
62719  -31.808  -19.235  -19.562 0.8000000119
138678  -33.638  -18.789  -19.450 0.8000000119
138677  -34.601  -18.835  -19.449 0.8000000119
63880  -35.466  -18.667  -19.400 0.8000000119
62754  -31.135  -19.033  -20.623 0.8000000119
63879  -32.556  -18.591  -19.481 0.8000000119
138688  -32.770  -19.534  -20.886 0.8000000119
63917  -33.074  -18.425  -20.869 0.6999999881
63918  -34.287  -18.560  -21.111 0.6000000238
54668  -38.602  -26.303  -4.955 0.6000000238
56847  -39.512  -24.846  -5.542 0.6000000238
56864  -41.824  -24.502  -6.932 0.6999999881
56844  -37.035  -24.017  -6.479 0.4000000060
57958  -40.252  -23.301  -6.480 0.6000000238
57960  -42.239  -23.445  -7.667 0.6999999881
59153  -39.665  -22.521  -7.044 0.4000000060
59164  -42.387  -22.901  -8.042 0.6999999881
152086  -42.590  -23.031  -8.810 0.6999999881
59190  -42.432  -22.899  -10.824 0.6999999881
60370  -37.597  -21.604  -8.574 0.3000000119
60358  -40.283  -21.886  -7.534 0.4000000060
161348  -42.451  -22.398  -8.521 0.6000000238
144007  -42.444  -22.005  -11.118 0.6999999881
59213  -42.219  -22.730  -11.645 0.6999999881
60436  -42.563  -21.208  -12.540 0.6999999881
60458  -41.767  -21.514  -14.697 0.6999999881
60465  -41.949  -20.878  -15.271 0.6999999881
59297  -37.805  -22.182  -18.253 0.8000000119
60508  -37.389  -21.620  -18.865 0.8000000119
60485  -39.104  -21.224  -18.149 0.8000000119
138778  -36.057  -19.904  -19.440 0.8000000119
62723  -37.675  -19.146  -18.763 0.8000000119
62721  -34.016  -19.668  -19.516 0.8000000119
65073  -35.699  -17.892  -19.259 0.8000000119
65102  -30.433  -17.891  -20.147 0.8000000119
63878  -31.382  -18.375  -19.543 0.8000000119
139980  -33.215  -17.946  -19.467 0.8000000119
156719  -34.232  -18.105  -19.429 0.8000000119
65071  -32.030  -17.749  -19.533 0.8000000119
138101  -36.086  -19.169  -21.578 0.6000000238
63916  -32.013  -17.968  -20.776 0.8000000119
139451  -34.928  -17.830  -21.706 0.6000000238
139978  -32.480  -17.393  -21.128 0.6999999881
65118  -34.091  -16.971  -22.136 0.6999999881
55845  -38.212  -25.504  -5.168 0.6000000238
57946  -39.384  -23.853  -5.986 0.6000000238
57947  -40.407  -24.315  -5.912 0.6000000238
57956  -38.136  -23.103  -7.010 0.3000000119
59155  -41.876  -22.928  -7.468 0.6000000238
60356  -38.386  -22.105  -7.776 0.3000000119
60357  -39.149  -21.923  -7.592 0.3000000119
59154  -41.249  -22.367  -7.376 0.5000000000
60372  -39.512  -21.247  -8.041 0.3000000119
60373  -40.614  -21.058  -8.183 0.5000000000
60396  -42.567  -21.271  -10.485 0.6999999881
145895  -36.813  -20.562  -9.761 0.3000000119
60382  -38.033  -20.918  -8.786 0.3000000119
61480  -42.351  -20.506  -9.899 0.4000000060
60417  -42.630  -21.068  -11.512 0.6999999881
164274  -36.782  -20.063  -10.188 0.3000000119
61562  -42.630  -20.595  -13.150 0.6000000238
61580  -42.122  -19.911  -15.628 0.6000000238
61581  -42.445  -20.254  -14.763 0.6000000238
61605  -40.459  -20.837  -17.203 0.8000000119
61592  -41.504  -20.513  -16.075 0.6999999881
62683  -42.511  -19.537  -14.972 0.6000000238
61604  -39.858  -20.561  -17.759 0.8000000119
61591  -41.047  -20.159  -16.849 0.6999999881
149519  -41.606  -19.812  -16.299 0.6999999881
62724  -38.167  -19.884  -18.735 0.8000000119
61603  -39.094  -19.988  -18.296 0.8000000119
62706  -39.929  -19.592  -17.725 0.6999999881
62707  -40.683  -19.384  -17.252 0.6999999881
62693  -41.331  -19.274  -16.690 0.6999999881
142699  -36.808  -19.274  -19.159 0.8000000119
62705  -39.283  -18.892  -18.039 0.8000000119
63869  -40.134  -18.569  -17.508 0.6999999881
63882  -37.211  -18.343  -18.770 0.8000000119
63883  -37.964  -18.529  -18.525 0.8000000119
160375  -38.531  -17.416  -18.025 0.6999999881
63868  -39.356  -17.907  -17.721 0.6999999881
62734  -29.966  -18.985  -19.956 0.8000000119
65069  -30.429  -17.889  -19.810 0.8000000119
139221  -35.014  -18.201  -19.415 0.8000000119
65075  -37.285  -17.541  -18.570 0.8000000119
65070  -30.904  -17.673  -19.664 0.8000000119
139979  -33.902  -17.312  -19.429 0.8000000119
62753  -30.321  -19.454  -20.270 0.8000000119
65103  -30.822  -17.143  -20.205 0.8000000119
65072  -32.690  -17.088  -19.562 0.8000000119
66172  -34.680  -16.686  -19.308 0.8000000119
63915  -31.160  -17.969  -20.589 0.8000000119
65115  -31.049  -17.181  -20.529 0.8000000119
65116  -31.692  -16.488  -21.234 0.6999999881
65119  -35.833  -17.719  -21.907 0.6000000238
65120  -36.508  -17.761  -21.941 0.6000000238
141212  -31.561  -17.302  -20.750 0.8000000119
65117  -32.885  -16.654  -21.829 0.6999999881
66228  -33.356  -16.114  -22.305 0.6999999881
60375  -42.337  -21.686  -8.718 0.5000000000
60384  -42.476  -21.430  -9.555 0.5000000000
60371  -38.472  -21.494  -8.181 0.3000000119
61462  -41.286  -20.576  -8.737 0.4000000060
60383  -42.105  -20.861  -9.023 0.5000000000
62577  -39.095  -19.702  -9.450 0.3000000119
166125  -42.537  -20.544  -10.756 0.5000000000
153331  -42.668  -20.421  -12.245 0.6000000238
62599  -38.641  -19.207  -10.189 0.3000000119
62601  -40.143  -18.987  -10.168 0.3000000119
152881  -42.628  -19.760  -12.094 0.6000000238
151573  -42.689  -19.868  -12.768 0.6000000238
62597  -36.846  -19.580  -10.651 0.3000000119
62620  -38.246  -18.786  -10.969 0.3000000119
63770  -41.200  -18.533  -10.923 0.3000000119
62619  -37.354  -18.964  -11.198 0.3000000119
62673  -42.698  -19.582  -14.141 0.6000000238
62642  -36.168  -18.841  -12.238 0.3000000119
62694  -41.898  -19.191  -16.099 0.6999999881
63857  -40.966  -18.544  -17.001 0.6999999881
138319  -35.800  -16.939  -19.003 0.8000000119
65057  -37.796  -17.077  -18.290 0.6999999881
66174  -36.946  -16.796  -18.543 0.6999999881
147872  -35.371  -15.990  -19.056 0.8000000119
157334  -31.452  -17.002  -19.769 0.8000000119
66170  -32.121  -16.230  -19.981 0.6999999881
66171  -33.502  -16.441  -19.539 0.8000000119
67312  -35.021  -15.138  -19.177 0.6000000238
65105  -38.382  -17.519  -20.883 0.6000000238
66225  -31.257  -16.358  -20.705 0.6999999881
66226  -31.454  -15.657  -21.361 0.6999999881
66211  -31.320  -15.771  -20.865 0.6999999881
156980  -34.398  -16.664  -22.145 0.6999999881
149309  -35.193  -16.707  -22.011 0.6999999881
66227  -32.131  -15.761  -22.006 0.6999999881
71005  -34.124  -12.586  -22.206 0.5000000000
71006  -35.222  -12.447  -22.199 0.5000000000
62643  -42.562  -19.167  -12.411 0.6000000238
62664  -42.692  -19.263  -13.238 0.6000000238
63827  -42.661  -18.652  -13.821 0.6000000238
63849  -42.379  -18.243  -15.223 0.6000000238
63858  -41.590  -18.512  -16.381 0.6999999881
140583  -41.871  -17.725  -15.838 0.6999999881
65047  -40.573  -17.777  -17.144 0.6999999881
63825  -34.505  -18.310  -13.344 0.3000000119
139724  -39.173  -16.968  -17.540 0.6999999881
157337  -40.906  -17.371  -16.739 0.6999999881
65059  -39.933  -17.340  -17.329 0.6999999881
147855  -34.328  -15.797  -19.405 0.6999999881
67293  -37.184  -15.924  -18.303 0.6999999881
67294  -37.911  -15.825  -17.933 0.6000000238
66173  -36.329  -16.033  -18.659 0.6999999881
66210  -31.187  -16.510  -20.407 0.6999999881
66194  -31.415  -15.932  -20.537 0.6999999881
67311  -33.131  -15.536  -19.811 0.6999999881
68619  -33.775  -14.001  -19.834 0.6000000238
67343  -31.411  -15.213  -20.905 0.6999999881
66230  -36.097  -16.572  -21.567 0.6000000238
66231  -36.683  -17.201  -21.660 0.5000000000
67364  -33.512  -15.332  -22.132 0.6999999881
68663  -32.887  -14.526  -21.982 0.6999999881
140756  -33.847  -14.437  -21.730 0.6999999881
68654  -34.928  -14.259  -21.349 0.6000000238
63808  -42.414  -18.369  -12.895 0.5000000000
64999  -42.062  -17.412  -13.095 0.4000000060
155258  -42.447  -17.927  -13.624 0.5000000000
145662  -42.528  -18.038  -14.387 0.6000000238
65012  -42.314  -17.307  -13.992 0.5000000000
65022  -42.302  -17.406  -14.913 0.6000000238
142824  -41.829  -16.779  -15.365 0.6000000238
146271  -34.115  -17.014  -13.598 0.3000000119
65009  -34.819  -17.540  -13.394 0.3000000119
65046  -40.535  -16.994  -16.848 0.6999999881
66153  -39.121  -16.106  -17.360 0.6000000238
66141  -39.872  -16.507  -17.101 0.6000000238
66152  -38.379  -16.509  -17.837 0.6000000238
68621  -35.578  -14.498  -18.931 0.6000000238
155025  -37.505  -15.200  -18.096 0.6000000238
67325  -32.012  -15.342  -20.400 0.6999999881
68620  -34.744  -14.290  -19.373 0.6000000238
67313  -35.894  -15.256  -18.751 0.6000000238
67326  -32.817  -14.574  -20.208 0.6999999881
140380  -33.593  -13.223  -20.115 0.6000000238
67380  -32.388  -14.373  -21.794 0.6999999881
67365  -34.628  -15.214  -21.614 0.6999999881
66212  -36.352  -15.717  -20.956 0.6000000238
146622  -37.556  -15.738  -20.475 0.5000000000
67344  -36.394  -14.821  -20.797 0.6000000238
164277  -36.981  -15.784  -20.682 0.6000000238
68642  -37.979  -14.659  -20.387 0.5000000000
68664  -33.158  -13.699  -21.866 0.6000000238
68655  -35.950  -14.110  -21.057 0.5000000000
69869  -34.091  -13.513  -21.745 0.5000000000
69871  -36.337  -13.249  -21.313 0.5000000000
68641  -36.951  -14.121  -20.748 0.5000000000
71007  -36.406  -12.382  -22.138 0.5000000000
66094  -41.546  -16.809  -12.990 0.4000000060
67234  -41.282  -16.090  -13.179 0.4000000060
155324  -38.999  -16.513  -12.322 0.4000000060
67258  -41.668  -16.084  -14.825 0.6000000238
66102  -34.795  -16.640  -13.446 0.3000000119
66103  -35.512  -16.325  -13.267 0.3000000119
67229  -37.023  -15.747  -12.665 0.3000000119
149146  -40.598  -16.073  -16.384 0.6000000238
69742  -34.463  -13.884  -13.745 0.3000000119
67283  -39.775  -15.660  -16.858 0.6000000238
68600  -37.859  -14.451  -17.925 0.5000000000
67296  -39.057  -15.193  -17.240 0.6000000238
69832  -36.019  -13.974  -18.818 0.6000000238
68622  -36.337  -14.571  -18.610 0.6000000238
69831  -35.380  -13.718  -19.190 0.6000000238
68599  -37.107  -14.534  -18.340 0.6000000238
69830  -34.469  -13.423  -19.615 0.6000000238
70965  -36.106  -13.221  -18.997 0.6000000238
159654  -32.163  -14.012  -20.852 0.6999999881
70976  -34.085  -12.557  -20.157 0.6000000238
69882  -32.524  -12.866  -21.924 0.6999999881
69870  -35.147  -13.353  -21.536 0.5000000000
71022  -35.359  -11.620  -23.204 0.5000000000
64997  -40.492  -17.204  -12.286 0.4000000060
66105  -41.845  -16.717  -13.584 0.4000000060
149645  -40.594  -15.943  -12.655 0.4000000060
66106  -42.028  -16.678  -14.441 0.5000000000
67232  -40.011  -15.272  -12.495 0.4000000060
165474  -41.491  -15.596  -14.360 0.4000000060
67273  -41.363  -15.452  -15.010 0.4000000060
66129  -41.330  -16.081  -15.628 0.5000000000
67242  -35.607  -15.380  -13.219 0.3000000119
68537  -35.787  -14.426  -13.207 0.3000000119
68524  -36.418  -15.075  -12.901 0.4000000060
67272  -40.885  -15.309  -15.643 0.4000000060
153486  -35.975  -13.652  -13.287 0.3000000119
69735  -37.681  -14.000  -12.548 0.4000000060
68602  -39.404  -14.354  -16.992 0.5000000000
67284  -40.282  -15.111  -16.283 0.6000000238
68601  -38.659  -14.375  -17.475 0.5000000000
69813  -36.679  -13.863  -18.595 0.6000000238
69815  -38.263  -13.635  -17.833 0.5000000000
70964  -35.176  -12.911  -19.465 0.6000000238
161901  -35.846  -12.573  -19.390 0.6000000238
70991  -32.689  -12.362  -21.520 0.6000000238
72037  -34.342  -11.787  -20.594 0.6000000238
71004  -32.615  -12.473  -21.978 0.5000000000
71020  -33.211  -12.809  -22.126 0.5000000000
145353  -33.321  -11.960  -22.527 0.5000000000
71021  -34.226  -11.539  -22.984 0.5000000000
72087  -35.731  -11.182  -24.016 0.5000000000
71023  -36.540  -11.803  -23.144 0.5000000000
67243  -41.313  -15.415  -13.670 0.4000000060
68554  -41.280  -15.049  -14.340 0.4000000060
68538  -40.720  -14.352  -13.163 0.4000000060
68566  -41.117  -14.744  -15.002 0.4000000060
68580  -40.628  -14.353  -15.667 0.4000000060
69743  -35.252  -13.783  -13.515 0.3000000119
69791  -39.762  -13.776  -16.691 0.4000000060
70882  -34.815  -13.098  -13.851 0.3000000119
69816  -39.162  -13.490  -17.241 0.4000000060
69833  -37.838  -12.987  -18.318 0.5000000000
70952  -38.649  -12.676  -17.812 0.4000000060
153234  -36.581  -12.513  -19.086 0.6000000238
144131  -37.021  -13.114  -18.658 0.5000000000
70967  -38.074  -12.270  -18.354 0.5000000000
70977  -35.155  -12.205  -19.823 0.6000000238
70978  -36.091  -12.039  -19.606 0.5000000000
70979  -36.996  -11.860  -19.309 0.5000000000
72075  -33.502  -11.441  -22.525 0.5000000000
72060  -33.687  -11.497  -21.663 0.6000000238
72061  -34.676  -11.237  -21.252 0.6000000238
72038  -35.421  -11.609  -20.262 0.6000000238
73071  -34.012  -10.989  -22.382 0.6000000238
72100  -34.265  -10.914  -23.279 0.5000000000
150014  -35.447  -10.862  -24.067 0.5000000000
72088  -37.846  -11.647  -23.908 0.5000000000
73091  -33.881  -10.920  -23.051 0.5000000000
72985  -33.464  -10.322  -15.391 0.3000000119
72969  -34.808  -10.131  -14.865 0.4000000060
74044  -35.437  -9.562  -14.726 0.4000000060
72062  -35.712  -11.050  -20.866 0.5000000000
74085  -33.237  -8.938  -16.044 0.4000000060
73072  -34.914  -10.720  -21.988 0.5000000000
73073  -37.913  -10.168  -20.489 0.5000000000
73059  -38.038  -10.447  -19.687 0.5000000000
74150  -35.951  -10.071  -23.395 0.5000000000
73083  -37.806  -9.988  -21.321 0.5000000000
73092  -34.517  -10.707  -23.345 0.5000000000
73093  -35.276  -10.437  -23.723 0.6000000238
72104  -38.229  -11.375  -24.629 0.5000000000
72102  -36.215  -10.873  -24.586 0.6000000238
72110  -37.044  -10.733  -25.099 0.5000000000
72111  -37.761  -11.038  -25.180 0.6000000238
73111  -38.682  -10.834  -25.178 0.4000000060
75116  -34.852  -8.431  -15.495 0.4000000060
149267  -36.643  -9.446  -14.186 0.4000000060
153516  -36.258  -10.284  -22.342 0.5000000000
158231  -36.712  -9.753  -23.732 0.5000000000
163548  -36.680  -9.810  -24.468 0.5000000000
74161  -37.395  -9.543  -24.128 0.5000000000
153713  -37.849  -9.582  -23.034 0.5000000000
73102  -35.674  -10.569  -24.148 0.5000000000
74173  -36.724  -9.982  -24.872 0.5000000000
74180  -39.705  -9.554  -26.029 0.4000000060
73116  -37.971  -10.111  -25.522 0.5000000000
73110  -37.763  -10.595  -25.455 0.5000000000
153920  -35.675  -7.891  -15.379 0.4000000060
76177  -34.014  -7.461  -16.659 0.4000000060
74151  -37.133  -9.947  -22.429 0.5000000000
74142  -38.437  -9.677  -20.795 0.4000000060
74167  -37.134  -9.740  -24.804 0.4000000060
74175  -38.346  -9.680  -25.476 0.4000000060
156887  -38.985  -9.645  -25.746 0.5000000000
74186  -39.669  -9.070  -26.325 0.3000000119
74153  -38.906  -9.096  -22.456 0.4000000060
74168  -37.993  -9.448  -24.803 0.4000000060
74185  -39.321  -9.055  -26.138 0.5000000000
75228  -39.682  -8.398  -26.516 0.4000000060
76279  -39.496  -7.830  -26.429 0.4000000060
75215  -39.195  -8.574  -24.989 0.4000000060
77364  -41.079  -6.340  -27.104 0.4000000060
75223  -39.089  -8.849  -25.653 0.4000000060
76285  -39.748  -7.466  -26.980 0.4000000060
149720  -39.554  -7.248  -25.303 0.4000000060
77362  -39.413  -6.628  -27.391 0.4000000060
77369  -40.432  -6.078  -27.662 0.4000000060
77370  -40.914  -6.000  -27.496 0.4000000060
78517  -41.178  -5.662  -27.309 0.4000000060
77345  -39.274  -7.013  -26.131 0.4000000060
77353  -39.297  -6.948  -26.893 0.3000000119
77352  -38.804  -6.118  -27.266 0.4000000060
77337  -39.602  -6.407  -25.260 0.4000000060
77361  -39.035  -5.966  -27.631 0.4000000060
78520  -39.428  -5.671  -27.747 0.4000000060
78522  -40.735  -5.254  -27.668 0.4000000060
77344  -38.763  -6.160  -26.729 0.3000000119
79616  -37.825  -4.707  -27.591 0.4000000060
78519  -38.826  -5.151  -27.710 0.5000000000
78509  -38.026  -5.150  -26.946 0.4000000060
45069  -35.378  -35.577  -19.992 0.6999999881
47205  -39.107  -33.266  -12.376 0.6999999881
49414  -29.430  -30.608  -16.600 0.6000000238
49345  -35.896  -30.339  -12.204 0.6999999881
48280  -40.745  -32.414  -13.901 0.8000000119
142401  -39.141  -31.418  -11.715 0.8000000119
51563  -33.005  -29.253  -12.278 0.6000000238
51565  -34.852  -29.155  -11.611 0.6000000238
50444  -41.351  -30.307  -13.687 0.8000000119
44973  -29.318  -35.318  -13.522 0.4000000060
52721  -31.112  -29.015  -19.913 0.8000000119
50379  -35.297  -30.400  -9.482 0.6000000238
42524  -31.184  -36.649  -11.135 0.5000000000
52595  -40.683  -28.852  -10.224 0.8000000119
53708  -41.455  -27.729  -14.249 0.8000000119
51526  -38.198  -28.713  -9.002 0.8000000119
43751  -28.695  -36.440  -8.074 0.4000000060
46007  -34.247  -35.005  -8.673 0.6000000238
42441  -31.727  -37.230  -6.654 0.5000000000
44867  -33.992  -35.735  -7.021 0.6000000238
55991  -36.861  -24.470  -16.078 0.6999999881
53623  -39.953  -28.136  -7.252 0.6999999881
52503  -37.346  -29.112  -4.796 0.6999999881
158924  -35.382  -20.356  -19.554 0.8000000119
55861  -40.634  -25.856  -5.912 0.6999999881
59263  -41.012  -21.888  -15.068 0.6999999881
60473  -40.895  -21.036  -16.497 0.6999999881
59163  -42.021  -22.105  -7.920 0.6000000238
60449  -42.105  -21.633  -13.847 0.6999999881
60459  -42.311  -20.987  -14.422 0.6000000238
56846  -38.605  -24.328  -5.737 0.6000000238
63791  -42.219  -18.545  -11.954 0.4000000060
67295  -38.533  -15.759  -17.594 0.6000000238
67233  -40.838  -15.122  -12.981 0.4000000060
162143  -36.800  -11.463  -24.043 0.5000000000
163265  -41.123  -14.460  -14.326 0.4000000060
74162  -38.416  -9.240  -23.664 0.4000000060
45100  -37.205  -36.269  -22.378 0.5000000000
47350  -38.403  -34.043  -22.040 0.5000000000
42638  -37.212  -36.935  -18.323 0.6999999881
49467  -38.702  -31.506  -21.596 0.5000000000
47279  -30.372  -33.588  -15.758 0.5000000000
50558  -37.443  -30.919  -21.356 0.6999999881
46098  -39.356  -34.317  -13.562 0.6999999881
47308  -36.079  -34.337  -19.344 0.6999999881
156383  -36.853  -33.834  -18.920 0.6999999881
48349  -34.664  -32.037  -19.594 0.6999999881
154172  -36.298  -33.198  -19.326 0.6999999881
51713  -36.852  -29.601  -20.540 0.6999999881
52722  -38.805  -28.372  -19.690 0.5000000000
52740  -37.182  -28.787  -20.061 0.6000000238
54885  -38.242  -26.860  -19.734 0.5000000000
50459  -31.568  -29.901  -14.707 0.6000000238
48337  -39.452  -32.403  -17.028 0.6999999881
49365  -32.804  -30.740  -13.886 0.6000000238
48260  -39.798  -32.714  -12.717 0.8000000119
48312  -40.314  -32.681  -15.678 0.6999999881
157412  -40.112  -25.615  -19.707 0.4000000060
50438  -29.908  -29.754  -14.333 0.6000000238
49382  -29.308  -30.229  -14.799 0.6000000238
144783  -32.928  -29.473  -20.633 0.8000000119
154242  -34.008  -29.010  -12.612 0.6999999881
49346  -40.129  -31.265  -11.943 0.6999999881
47262  -27.467  -32.565  -15.895 0.5000000000
146688  -40.464  -30.169  -15.966 0.8000000119
56041  -38.147  -25.909  -20.014 0.5000000000
160437  -37.522  -29.660  -10.859 0.6999999881
48275  -29.833  -32.072  -13.931 0.6000000238
51671  -38.435  -29.786  -17.614 0.8000000119
146571  -38.785  -24.782  -21.562 0.6000000238
47204  -31.075  -32.839  -12.475 0.6000000238
139692  -34.975  -28.171  -18.424 0.8999999762
52689  -32.161  -28.326  -18.713 0.8000000119
57039  -38.120  -24.715  -22.100 0.6000000238
58156  -40.728  -23.776  -22.503 0.4000000060
43828  -29.481  -36.628  -13.239 0.3000000119
47224  -30.032  -32.942  -13.402 0.5000000000
47223  -29.422  -33.650  -13.780 0.5000000000
47222  -28.697  -33.784  -14.401 0.5000000000
44972  -28.811  -35.338  -14.113 0.4000000060
52674  -38.138  -27.930  -17.441 0.8999999762
54879  -31.489  -27.436  -20.373 0.8000000119
49299  -34.435  -30.782  -9.942 0.6000000238
49298  -33.938  -31.453  -10.148 0.6000000238
50380  -36.062  -29.722  -9.493 0.6000000238
47185  -32.458  -32.767  -11.163 0.5000000000
46094  -29.631  -34.626  -13.307 0.4000000060
46072  -30.174  -34.745  -12.729 0.5000000000
141640  -30.527  -34.185  -12.573 0.5000000000
53744  -39.425  -27.347  -16.313 0.8000000119
57038  -37.226  -24.550  -22.105 0.6999999881
58190  -38.760  -23.860  -23.613 0.6000000238
59379  -40.915  -22.855  -24.276 0.4000000060
48211  -33.840  -32.397  -9.988 0.6000000238
147032  -30.686  -38.059  -11.499 0.5000000000
43791  -30.631  -36.206  -11.856 0.5000000000
47166  -32.203  -33.700  -11.109 0.5000000000
44935  -30.827  -35.399  -11.831 0.5000000000
158605  -32.167  -38.404  -9.531 0.5000000000
42507  -31.727  -37.127  -10.445 0.5000000000
41235  -32.508  -38.100  -8.919 0.6000000238
159561  -31.764  -38.059  -10.272 0.5000000000
46040  -32.526  -34.259  -10.543 0.5000000000
41207  -30.063  -38.550  -7.371 0.6000000238
39913  -30.488  -39.224  -7.468 0.6000000238
43777  -31.765  -36.143  -10.602 0.5000000000
44911  -32.994  -35.435  -9.740 0.6000000238
43765  -32.998  -36.396  -9.249 0.6000000238
44923  -31.739  -35.318  -10.882 0.5000000000
46026  -32.905  -34.721  -10.094 0.5000000000
44892  -28.283  -35.764  -8.518 0.4000000060
53659  -41.876  -27.706  -10.355 0.6999999881
54842  -36.258  -26.435  -17.601 0.8000000119
54838  -32.067  -26.419  -18.375 0.8999999762
42442  -32.508  -37.243  -6.887 0.5000000000
42469  -33.162  -37.127  -7.791 0.6000000238
43753  -33.062  -37.010  -8.525 0.6000000238
44912  -33.656  -35.695  -8.906 0.6000000238
43736  -33.495  -36.431  -7.350 0.6000000238
44841  -30.767  -35.583  -6.535 0.4000000060
43701  -31.275  -36.403  -6.495 0.4000000060
44844  -33.635  -35.424  -6.475 0.5000000000
44843  -32.799  -35.773  -6.363 0.5000000000
47112  -30.131  -33.368  -7.149 0.4000000060
153322  -31.685  -34.167  -6.301 0.5000000000
141638  -32.426  -34.056  -6.030 0.5000000000
54786  -39.991  -25.951  -15.086 0.6999999881
54837  -31.286  -26.092  -18.538 0.8000000119
49250  -36.774  -31.653  -6.848 0.6999999881
45970  -34.808  -34.593  -6.727 0.6999999881
47113  -35.614  -33.414  -6.797 0.6999999881
44845  -34.268  -35.197  -6.711 0.6000000238
48167  -31.877  -32.316  -5.811 0.5000000000
55950  -42.239  -25.790  -12.199 0.6999999881
48181  -30.302  -32.562  -6.977 0.4000000060
59352  -34.062  -22.468  -21.571 0.8000000119
165115  -35.395  -33.306  -6.334 0.6000000238
48168  -35.018  -33.197  -5.860 0.6000000238
49239  -36.769  -31.613  -6.067 0.6999999881
45969  -33.993  -34.693  -6.244 0.6000000238
45968  -33.100  -34.844  -6.050 0.5000000000
50335  -31.237  -30.459  -5.921 0.3000000119
55962  -40.781  -25.109  -13.823 0.6999999881
55934  -42.421  -25.245  -11.310 0.6999999881
59350  -32.013  -22.441  -21.040 0.8999999762
160596  -33.262  -21.792  -21.468 0.8000000119
164207  -32.435  -21.934  -21.345 0.8000000119
141577  -35.599  -20.880  -21.367 0.6000000238
163456  -37.676  -21.652  -22.119 0.6000000238
61657  -36.445  -20.360  -21.441 0.6000000238
138687  -34.137  -20.011  -21.148 0.8000000119
49236  -33.743  -31.916  -5.065 0.6000000238
51474  -37.012  -30.476  -5.236 0.6999999881
51476  -38.135  -29.336  -5.383 0.6999999881
146859  -33.314  -31.094  -4.833 0.5000000000
51447  -34.062  -29.634  -4.562 0.4000000060
159424  -41.188  -24.779  -13.191 0.6999999881
138747  -36.125  -23.847  -16.313 0.8000000119
59253  -39.757  -23.190  -14.539 0.6999999881
60552  -30.570  -21.441  -20.557 0.8000000119
60554  -33.325  -21.012  -21.448 0.8000000119
54704  -41.005  -26.728  -7.044 0.6999999881
53578  -36.050  -27.981  -4.494 0.5000000000
55903  -42.250  -25.358  -8.410 0.6999999881
56913  -42.336  -24.411  -11.332 0.6999999881
56941  -40.987  -23.994  -12.960 0.6999999881
56927  -41.901  -24.059  -11.922 0.6999999881
157986  -40.275  -23.245  -13.988 0.6999999881
58103  -35.583  -23.261  -17.976 0.8000000119
59276  -36.472  -23.093  -17.855 0.8000000119
59295  -36.095  -22.630  -18.725 0.8000000119
55862  -41.174  -25.993  -6.595 0.6999999881
140034  -34.438  -26.605  -5.437 0.3000000119
55885  -42.123  -24.956  -7.725 0.6999999881
56893  -42.522  -24.721  -9.571 0.6999999881
151691  -36.748  -25.900  -5.080 0.5000000000
57986  -42.520  -24.086  -9.966 0.6999999881
58021  -42.246  -23.543  -11.395 0.6999999881
55883  -34.176  -24.920  -6.992 0.3000000119
59243  -42.229  -21.904  -12.955 0.6999999881
55846  -39.058  -25.635  -5.223 0.6000000238
57944  -37.598  -23.597  -6.710 0.3000000119
59151  -37.794  -22.580  -7.691 0.3000000119
144784  -42.545  -23.156  -9.834 0.6999999881
57966  -36.224  -23.230  -8.274 0.3000000119
59161  -37.255  -22.268  -8.327 0.3000000119
139977  -33.687  -17.634  -21.400 0.6999999881
57957  -39.073  -23.114  -6.647 0.6000000238
165805  -40.576  -22.601  -6.988 0.6000000238
57959  -41.257  -23.074  -6.832 0.6000000238
59172  -42.574  -22.283  -9.239 0.6999999881
139695  -42.550  -22.156  -10.156 0.6999999881
138009  -42.429  -21.969  -12.059 0.6999999881
60450  -42.489  -21.004  -13.754 0.6000000238
63867  -38.591  -18.264  -18.236 0.8000000119
65074  -36.536  -17.654  -18.882 0.8000000119
155531  -34.924  -17.520  -19.356 0.8000000119
146124  -35.073  -17.184  -22.089 0.6000000238
57945  -38.412  -23.648  -6.334 0.5000000000
60374  -41.662  -21.290  -8.355 0.5000000000
61494  -37.321  -19.936  -10.003 0.3000000119
61476  -38.497  -20.305  -9.132 0.3000000119
62603  -42.261  -19.388  -11.008 0.5000000000
161078  -42.706  -19.958  -13.456 0.6000000238
146866  -40.439  -20.129  -17.405 0.8000000119
62682  -42.327  -19.046  -15.451 0.6000000238
65058  -37.896  -17.852  -18.407 0.6999999881
61477  -39.877  -20.089  -9.051 0.3000000119
62598  -37.751  -19.350  -10.444 0.3000000119
62579  -41.048  -19.422  -9.788 0.3000000119
63785  -36.963  -18.576  -11.904 0.3000000119
63787  -38.711  -18.405  -11.606 0.3000000119
63848  -42.060  -18.540  -15.831 0.6000000238
67363  -32.519  -15.180  -22.175 0.6999999881
67362  -31.785  -14.937  -21.782 0.6999999881
66142  -41.264  -16.935  -16.262 0.6999999881
67314  -36.729  -15.265  -18.442 0.6000000238
68653  -32.287  -14.059  -21.495 0.6999999881
66213  -37.018  -16.438  -20.976 0.5000000000
64998  -41.353  -17.267  -12.532 0.4000000060
70975  -32.848  -12.717  -20.745 0.6000000238
72036  -33.250  -12.023  -21.075 0.6000000238
67345  -37.021  -15.144  -20.553 0.6000000238
69872  -37.270  -12.938  -21.289 0.4000000060
66093  -40.980  -16.631  -12.628 0.4000000060
66091  -38.247  -16.400  -12.409 0.4000000060
66104  -36.269  -16.043  -12.993 0.3000000119
68536  -34.867  -14.699  -13.486 0.3000000119
150297  -39.707  -14.940  -16.756 0.5000000000
69814  -37.473  -13.776  -18.296 0.5000000000
69850  -32.387  -12.926  -21.447 0.5000000000
69734  -36.666  -14.035  -12.854 0.4000000060
69744  -36.571  -13.019  -13.238 0.4000000060
69775  -40.682  -13.422  -15.319 0.4000000060
70966  -37.400  -12.371  -18.732 0.5000000000
73080  -34.328  -10.700  -22.906 0.6000000238
72986  -34.122  -9.817  -15.277 0.3000000119
75096  -36.078  -9.071  -14.589 0.4000000060
73082  -37.088  -10.399  -21.245 0.5000000000
75117  -36.135  -8.379  -14.850 0.4000000060
76273  -39.309  -8.062  -25.736 0.4000000060
79622  -40.099  -4.685  -27.815 0.4000000060
78498  -39.039  -5.904  -25.891 0.4000000060
80695  -40.488  -4.236  -27.620 0.3000000119
41314  -39.316  -38.102  -13.073 0.5000000000
42578  -39.496  -37.493  -14.263 0.5000000000
39978  -34.650  -39.533  -11.541 0.4000000060
41276  -36.205  -39.042  -11.547 0.5000000000
41277  -37.014  -39.185  -11.822 0.5000000000
42547  -38.265  -37.988  -12.823 0.5000000000
42565  -38.626  -37.591  -13.563 0.6000000238
42577  -38.265  -37.367  -14.530 0.6000000238
160053  -35.203  -38.196  -11.269 0.5000000000
42545  -33.843  -38.021  -11.563 0.5000000000
153414  -35.843  -38.268  -11.426 0.5000000000
42546  -36.842  -37.773  -12.087 0.5000000000
154237  -33.437  -37.132  -11.818 0.5000000000
43831  -37.218  -37.005  -13.267 0.6000000238
43841  -36.974  -36.930  -14.243 0.6000000238
42564  -37.503  -37.283  -13.942 0.6000000238
42576  -37.163  -37.215  -14.780 0.6000000238
42593  -36.810  -37.134  -15.461 0.6000000238
146019  -36.469  -36.860  -15.909 0.6000000238
42607  -37.002  -37.168  -16.263 0.6000000238
43883  -36.367  -36.769  -17.853 0.6000000238
43870  -36.321  -36.852  -16.804 0.6000000238
141103  -34.805  -36.939  -10.913 0.5000000000
42527  -36.145  -37.589  -11.506 0.5000000000
43816  -36.979  -37.060  -12.313 0.6000000238
43814  -33.113  -36.236  -12.251 0.5000000000
43815  -33.961  -36.289  -11.325 0.5000000000
44974  -32.122  -35.588  -13.493 0.5000000000
44957  -32.746  -35.386  -12.764 0.5000000000
45010  -36.774  -36.274  -15.333 0.6000000238
43869  -36.279  -36.583  -16.675 0.6000000238
43915  -35.864  -36.478  -19.746 0.6000000238
43793  -35.778  -36.670  -11.028 0.5000000000
43795  -36.943  -36.457  -11.833 0.5000000000
44958  -33.471  -35.281  -12.025 0.5000000000
44959  -34.302  -35.181  -11.289 0.5000000000
43792  -34.917  -35.989  -10.782 0.5000000000
44938  -36.575  -35.990  -11.217 0.5000000000
44975  -37.302  -36.297  -13.567 0.6000000238
46074  -32.428  -34.739  -13.274 0.5000000000
46075  -33.070  -34.330  -12.729 0.5000000000
44990  -36.993  -36.379  -14.528 0.6000000238
153752  -31.366  -34.478  -14.459 0.5000000000
46115  -31.826  -33.772  -14.122 0.5000000000
156629  -36.939  -35.781  -15.693 0.6000000238
45029  -36.572  -36.120  -16.175 0.6000000238
43902  -35.958  -36.461  -18.508 0.6000000238
43882  -36.027  -36.516  -17.418 0.6000000238
144290  -36.347  -35.184  -10.891 0.5000000000
44939  -37.281  -35.671  -11.753 0.6000000238
46077  -37.890  -34.919  -12.010 0.6000000238
46076  -33.859  -34.284  -11.933 0.5000000000
44960  -37.657  -35.704  -12.601 0.6000000238
46114  -31.318  -33.604  -14.674 0.5000000000
158923  -30.061  -32.852  -16.302 0.5000000000
45028  -36.150  -35.998  -17.184 0.6000000238
138086  -36.163  -35.539  -18.087 0.6000000238
47186  -34.243  -33.281  -12.043 0.5000000000
46055  -34.820  -34.168  -11.279 0.5000000000
46057  -36.543  -34.356  -11.018 0.5000000000
46058  -37.314  -34.665  -11.415 0.6000000238
47248  -32.213  -33.132  -13.941 0.5000000000
47247  -31.809  -32.944  -14.391 0.5000000000
151467  -32.329  -32.352  -14.103 0.6000000238
47187  -35.069  -33.064  -11.574 0.6000000238
149593  -35.744  -33.721  -11.104 0.5000000000
144379  -37.111  -33.831  -11.328 0.5000000000
46059  -37.820  -33.956  -11.654 0.6000000238
155887  -33.166  -32.432  -13.290 0.6000000238
48256  -33.705  -32.548  -12.762 0.6000000238
46097  -38.751  -34.688  -13.081 0.6000000238
48310  -31.248  -31.545  -15.326 0.5000000000
144819  -32.372  -31.384  -14.297 0.5000000000
48277  -32.922  -31.798  -13.713 0.6000000238
48325  -29.912  -31.713  -16.538 0.4000000060
48278  -33.469  -31.843  -13.273 0.6000000238
48257  -34.606  -32.181  -12.328 0.6000000238
48235  -35.346  -32.336  -11.852 0.6000000238
154046  -35.844  -32.857  -11.470 0.5000000000
47190  -38.275  -33.206  -11.872 0.6000000238
46079  -39.185  -34.074  -12.861 0.6000000238
147826  -36.456  -32.579  -11.514 0.6999999881
57051  -39.325  -24.583  -23.038 0.5000000000
53597  -37.367  -27.572  -4.580 0.5000000000
60472  -40.297  -21.517  -16.785 0.6000000238
138384  -35.221  -18.856  -21.345 0.5000000000
63920  -36.560  -18.338  -21.937 0.5000000000
140576  -35.384  -15.939  -21.523 0.5000000000
79621  -39.285  -4.347  -27.814 0.4000000060
80694  -39.681  -3.525  -27.797 0.3000000119
80687  -40.277  -3.145  -27.656 0.3000000119
81706  -40.063  -1.802  -27.797 0.3000000119
38679  -34.418  -40.313  -11.912 0.4000000060
39980  -36.581  -39.831  -11.706 0.5000000000
40002  -37.847  -39.273  -12.087 0.5000000000
42608  -38.982  -37.277  -16.355 0.5000000000
41293  -33.959  -38.901  -11.634 0.4000000060
42595  -39.249  -37.332  -15.253 0.6000000238
42594  -37.869  -37.267  -15.543 0.6000000238
162668  -38.002  -37.203  -16.271 0.5000000000
42622  -37.056  -37.039  -17.331 0.5000000000
41291  -32.811  -38.683  -12.788 0.4000000060
148256  -32.671  -37.180  -12.708 0.5000000000
43829  -31.737  -36.188  -13.928 0.5000000000
43813  -32.532  -36.180  -12.925 0.5000000000
44988  -31.468  -35.452  -14.282 0.3000000119
46132  -30.112  -34.591  -15.872 0.4000000060
47291  -29.096  -33.204  -17.665 0.4000000060
142662  -40.210  -24.285  -22.171 0.4000000060
57052  -39.903  -24.468  -23.178 0.4000000060
55844  -37.344  -25.302  -5.347 0.5000000000
56845  -37.766  -24.105  -6.061 0.4000000060
63933  -37.373  -18.605  -22.196 0.5000000000
63921  -37.559  -18.347  -22.129 0.5000000000
65121  -37.141  -17.808  -21.879 0.5000000000
62622  -42.427  -19.258  -11.646 0.4000000060
81711  -38.232  -2.515  -28.496 0.3000000119
140977  -39.147  -1.568  -28.288 0.3000000119
40001  -33.705  -39.677  -12.070 0.4000000060
44991  -37.645  -35.569  -14.067 0.6000000238
49397  -30.399  -30.770  -16.052 0.5000000000
162188  -30.877  -33.350  -15.202 0.5000000000
48294  -31.825  -32.004  -14.632 0.6000000238
63934  -38.027  -18.735  -22.592 0.5000000000
46133  -30.744  -34.297  -15.095 0.4000000060
39979  -35.687  -39.736  -11.541 0.4000000060
41294  -36.563  -38.422  -11.751 0.5000000000
160679  -37.685  -37.485  -13.238 0.6000000238
42526  -35.440  -37.561  -11.171 0.5000000000
42544  -33.189  -37.817  -12.126 0.5000000000
44937  -35.769  -35.629  -10.778 0.5000000000
44936  -35.064  -35.114  -10.816 0.5000000000
46096  -33.063  -33.221  -13.040 0.5000000000
80692  -37.780  -3.208  -28.320 0.4000000060
41313  -32.383  -38.146  -13.275 0.4000000060
42639  -38.240  -37.111  -18.135 0.4000000060
163292  -32.116  -37.315  -13.473 0.4000000060
39977  -30.796  -39.112  -11.464 0.4000000060
42542  -30.250  -37.590  -12.140 0.3000000119
43812  -30.276  -36.848  -12.180 0.4000000060
149756  -29.539  -35.916  -13.211 0.4000000060
39957  -31.369  -39.492  -10.568 0.4000000060
41273  -31.316  -38.549  -10.838 0.4000000060
39926  -28.722  -39.686  -8.341 0.4000000060
155504  -30.561  -40.351  -8.094 0.4000000060
38647  -31.291  -40.459  -9.129 0.4000000060
39939  -31.646  -39.753  -8.905 0.4000000060
39937  -27.128  -39.004  -9.613 0.3000000119
39938  -27.851  -39.249  -9.016 0.3000000119
41233  -27.009  -38.168  -9.733 0.4000000060
39928  -30.918  -39.813  -7.796 0.4000000060
163554  -27.490  -38.509  -9.338 0.4000000060
162788  -28.383  -38.865  -8.542 0.5000000000
42490  -27.512  -37.797  -9.304 0.4000000060
42491  -28.049  -37.533  -8.792 0.4000000060
41220  -28.957  -38.911  -8.061 0.5000000000
149948  -27.566  -36.941  -9.231 0.4000000060
55859  -36.383  -25.081  -5.750 0.3000000119
61496  -41.926  -19.735  -9.918 0.3000000119
61478  -40.750  -19.977  -9.137 0.3000000119
61479  -41.650  -20.121  -9.351 0.3000000119
62602  -41.716  -19.166  -10.472 0.3000000119
62621  -41.977  -18.789  -11.213 0.3000000119
72039  -36.429  -11.439  -19.997 0.4000000060
64986  -39.891  -17.744  -11.975 0.3000000119
64996  -39.593  -17.052  -12.288 0.3000000119
72040  -37.390  -11.081  -19.629 0.4000000060
159292  -37.441  -10.578  -20.252 0.4000000060
161143  -37.531  -16.279  -12.566 0.3000000119
68525  -37.292  -14.854  -12.591 0.3000000119
72014  -37.885  -11.575  -18.792 0.4000000060
72041  -38.125  -10.822  -19.071 0.3000000119
74152  -38.254  -9.610  -21.836 0.4000000060
75204  -39.209  -8.731  -23.331 0.3000000119
66092  -39.733  -16.160  -12.400 0.3000000119
68528  -40.264  -14.427  -12.678 0.3000000119
68526  -38.270  -14.740  -12.368 0.3000000119
67231  -38.912  -15.604  -12.315 0.3000000119
68527  -39.316  -14.591  -12.378 0.3000000119
69738  -40.453  -13.712  -12.968 0.3000000119
153112  -40.887  -13.906  -13.801 0.3000000119
69736  -38.677  -13.880  -12.415 0.3000000119
69737  -39.673  -13.751  -12.526 0.3000000119
69747  -39.994  -13.005  -12.824 0.3000000119
69762  -40.793  -13.227  -14.418 0.3000000119
159882  -40.960  -13.994  -14.786 0.3000000119
164647  -37.271  -13.376  -12.791 0.3000000119
69745  -38.094  -13.222  -12.580 0.3000000119
68579  -40.047  -14.352  -16.445 0.3000000119
70884  -36.926  -12.092  -13.305 0.3000000119
70937  -39.892  -13.068  -16.584 0.3000000119
71933  -36.037  -12.221  -13.636 0.3000000119
71949  -35.569  -11.436  -14.096 0.3000000119
70953  -39.473  -12.518  -17.128 0.3000000119
72002  -39.188  -11.980  -17.611 0.3000000119
72016  -39.333  -11.214  -17.776 0.3000000119
74061  -34.788  -9.274  -15.177 0.3000000119
72001  -38.621  -11.781  -18.141 0.3000000119
72015  -38.654  -10.989  -18.482 0.3000000119
75139  -33.530  -8.160  -16.437 0.3000000119
75209  -39.447  -8.306  -24.009 0.3000000119
69748  -40.560  -13.084  -13.534 0.3000000119
153880  -38.492  -12.460  -12.721 0.3000000119
70886  -39.485  -12.331  -12.815 0.3000000119
70888  -40.593  -12.441  -14.101 0.3000000119
69792  -40.287  -13.620  -16.118 0.3000000119
153104  -37.501  -12.662  -12.898 0.3000000119
153471  -38.913  -11.700  -12.944 0.3000000119
70887  -40.247  -12.332  -13.332 0.3000000119
152302  -40.536  -11.804  -14.649 0.3000000119
70901  -40.671  -12.598  -14.966 0.3000000119
70919  -40.412  -12.809  -15.825 0.3000000119
70938  -40.119  -12.228  -16.383 0.3000000119
71936  -38.292  -11.113  -13.175 0.3000000119
154834  -39.301  -10.987  -13.265 0.3000000119
71934  -36.435  -11.431  -13.653 0.3000000119
71935  -37.308  -11.296  -13.366 0.3000000119
71987  -39.796  -11.620  -17.024 0.3000000119
163136  -39.846  -11.076  -17.302 0.3000000119
156991  -36.003  -9.736  -14.389 0.3000000119
164323  -39.353  -10.028  -18.533 0.3000000119
74062  -35.475  -8.760  -15.022 0.3000000119
76148  -36.209  -7.168  -15.549 0.3000000119
73033  -38.790  -10.170  -18.983 0.3000000119
76179  -35.498  -7.119  -16.030 0.3000000119
74130  -39.201  -9.473  -19.542 0.3000000119
74143  -39.106  -9.126  -21.162 0.3000000119
160295  -39.562  -8.563  -22.574 0.3000000119
71937  -40.095  -10.962  -13.702 0.3000000119
154570  -40.370  -11.684  -13.869 0.3000000119
71967  -40.467  -11.161  -15.240 0.3000000119
72955  -37.697  -10.529  -13.448 0.3000000119
72957  -39.651  -10.289  -13.582 0.3000000119
154068  -40.392  -11.034  -14.399 0.3000000119
71988  -40.328  -11.390  -16.161 0.3000000119
72954  -36.805  -10.696  -13.659 0.3000000119
72972  -37.140  -9.950  -13.750 0.3000000119
74028  -38.095  -9.761  -13.575 0.3000000119
73006  -40.188  -10.877  -16.810 0.3000000119
74107  -39.820  -9.853  -18.096 0.3000000119
73017  -39.913  -10.508  -17.520 0.3000000119
75097  -36.887  -8.572  -14.425 0.3000000119
75118  -36.682  -7.677  -14.954 0.3000000119
77200  -36.977  -6.763  -15.376 0.3000000119
77238  -36.298  -6.442  -16.097 0.3000000119
75179  -39.616  -8.839  -20.163 0.3000000119
138451  -38.974  -9.389  -20.289 0.3000000119
75198  -39.642  -8.631  -21.789 0.3000000119
155057  -39.811  -8.176  -23.107 0.3000000119
72973  -40.439  -10.359  -14.928 0.3000000119
74046  -38.518  -9.014  -13.757 0.3000000119
74047  -39.485  -8.989  -13.917 0.3000000119
74048  -40.315  -9.635  -14.631 0.3000000119
72987  -40.428  -10.460  -15.929 0.3000000119
74045  -37.496  -9.167  -13.904 0.3000000119
75101  -40.368  -8.817  -15.035 0.3000000119
74063  -40.456  -9.641  -15.412 0.3000000119
73007  -40.340  -10.110  -16.802 0.3000000119
75098  -37.923  -8.452  -14.166 0.3000000119
75099  -38.943  -8.347  -14.085 0.3000000119
75119  -37.473  -7.937  -14.558 0.3000000119
77201  -38.065  -6.352  -15.320 0.3000000119
78342  -38.832  -5.686  -15.645 0.3000000119
75159  -40.398  -8.399  -18.677 0.3000000119
74131  -39.856  -8.965  -19.198 0.3000000119
77239  -37.218  -6.001  -15.905 0.3000000119
162397  -38.012  -5.665  -15.877 0.3000000119
75180  -40.300  -8.294  -19.595 0.3000000119
75199  -40.269  -8.151  -21.409 0.3000000119
75205  -40.094  -8.143  -22.269 0.3000000119
76259  -39.961  -7.595  -23.730 0.3000000119
165603  -40.140  -9.091  -14.350 0.3000000119
75100  -39.838  -8.454  -14.430 0.3000000119
150179  -40.477  -8.960  -15.955 0.3000000119
145775  -40.444  -9.251  -16.900 0.3000000119
76119  -38.340  -7.770  -14.443 0.3000000119
75120  -40.133  -7.886  -14.976 0.3000000119
75121  -40.409  -8.100  -15.708 0.3000000119
74095  -40.227  -9.824  -17.419 0.3000000119
76150  -38.720  -6.986  -14.698 0.3000000119
77202  -39.173  -6.362  -15.215 0.3000000119
79488  -37.560  -4.666  -17.225 0.3000000119
78343  -39.608  -5.935  -15.725 0.3000000119
78377  -37.523  -5.313  -16.540 0.3000000119
78378  -38.497  -5.171  -16.205 0.3000000119
78379  -39.444  -5.207  -16.244 0.3000000119
75192  -40.299  -8.201  -20.512 0.3000000119
147563  -40.552  -7.519  -21.915 0.3000000119
76254  -40.318  -7.550  -22.811 0.3000000119
77329  -40.038  -6.844  -24.450 0.3000000119
75141  -40.506  -8.307  -16.601 0.3000000119
76152  -40.256  -7.252  -15.530 0.3000000119
76180  -40.485  -7.421  -16.264 0.3000000119
76192  -40.575  -7.576  -17.142 0.3000000119
78344  -40.037  -6.188  -15.815 0.3000000119
77240  -40.324  -6.588  -16.027 0.3000000119
152485  -40.550  -6.754  -16.698 0.3000000119
76206  -40.613  -7.642  -18.096 0.3000000119
79466  -38.191  -4.760  -16.716 0.3000000119
78380  -40.150  -5.843  -16.206 0.3000000119
76225  -40.720  -7.645  -19.029 0.3000000119
79467  -38.892  -4.641  -16.559 0.3000000119
79490  -39.633  -4.378  -16.986 0.3000000119
78398  -40.242  -5.133  -16.765 0.3000000119
77260  -40.608  -5.964  -16.904 0.3000000119
76240  -40.762  -7.578  -19.947 0.3000000119
76249  -40.791  -7.434  -20.946 0.3000000119
140259  -40.757  -6.845  -22.453 0.3000000119
76260  -40.473  -6.806  -23.385 0.3000000119
78497  -38.242  -5.217  -26.269 0.3000000119
79597  -38.721  -4.925  -25.474 0.3000000119
78489  -39.511  -5.440  -25.048 0.3000000119
145508  -40.712  -6.793  -17.512 0.3000000119
79489  -38.507  -4.181  -17.164 0.3000000119
77275  -40.876  -6.864  -18.434 0.3000000119
79503  -40.167  -3.864  -17.793 0.3000000119
79491  -40.515  -4.607  -17.466 0.3000000119
156998  -40.901  -6.016  -17.826 0.3000000119
77276  -41.182  -6.091  -18.731 0.3000000119
77310  -41.209  -6.845  -20.231 0.3000000119
77322  -41.344  -6.153  -21.404 0.3000000119
149627  -41.226  -6.694  -20.948 0.3000000119
153048  -41.176  -5.165  -22.697 0.3000000119
163588  -41.158  -6.322  -22.099 0.3000000119
79583  -39.264  -4.453  -24.704 0.3000000119
78490  -40.124  -5.015  -24.238 0.3000000119
77330  -40.544  -5.968  -23.903 0.3000000119
80561  -38.225  -3.751  -17.941 0.3000000119
80562  -39.251  -3.674  -17.651 0.3000000119
79505  -41.271  -4.637  -18.743 0.3000000119
79523  -41.409  -4.696  -19.602 0.3000000119
78431  -41.417  -5.482  -19.847 0.3000000119
77311  -41.411  -6.002  -20.513 0.3000000119
80597  -41.333  -3.856  -19.850 0.3000000119
78462  -41.468  -5.227  -21.148 0.3000000119
79563  -40.879  -4.274  -22.852 0.3000000119
78476  -41.320  -5.628  -22.060 0.3000000119
79574  -39.767  -3.916  -24.051 0.3000000119
79575  -40.405  -4.355  -23.617 0.3000000119
79596  -37.772  -4.458  -25.723 0.3000000119
79582  -38.451  -3.989  -25.104 0.3000000119
79615  -36.837  -4.413  -27.418 0.3000000119
78508  -36.865  -4.547  -26.923 0.3000000119
79620  -38.281  -4.182  -27.932 0.3000000119
80579  -39.738  -3.241  -18.307 0.3000000119
80580  -40.579  -3.475  -18.575 0.3000000119
165982  -41.102  -3.256  -20.178 0.3000000119
80609  -41.290  -3.752  -20.670 0.3000000119
79537  -41.437  -4.505  -20.473 0.3000000119
79564  -41.153  -3.848  -22.019 0.3000000119
149569  -41.330  -4.734  -22.038 0.3000000119
80670  -36.737  -4.041  -25.684 0.3000000119
79609  -36.009  -4.049  -27.116 0.3000000119
79619  -37.184  -4.037  -27.995 0.3000000119
80596  -40.905  -3.228  -19.409 0.3000000119
153876  -37.756  -37.110  -19.019 0.4000000060
38644  -27.259  -40.017  -9.528 0.3000000119
41254  -31.813  -39.054  -9.842 0.4000000060
156910  -29.466  -40.167  -8.002 0.4000000060
42479  -28.637  -37.321  -8.209 0.4000000060
158484  -28.528  -38.171  -8.382 0.4000000060
56829  -37.156  -24.606  -5.908 0.3000000119
68539  -41.062  -14.695  -13.642 0.3000000119
72970  -35.583  -10.418  -14.398 0.3000000119
75115  -34.051  -8.923  -15.624 0.3000000119
75140  -34.260  -8.077  -16.044 0.3000000119
76147  -34.965  -7.743  -15.807 0.3000000119
38645  -28.168  -40.332  -8.829 0.4000000060
37355  -28.716  -41.278  -8.760 0.4000000060
38627  -30.643  -40.926  -8.636 0.4000000060
38628  -31.130  -40.189  -8.374 0.4000000060
41253  -26.517  -38.669  -10.055 0.3000000119
161088  -27.954  -38.346  -8.903 0.4000000060
71950  -36.125  -10.832  -13.957 0.3000000119
73034  -39.319  -10.475  -18.248 0.3000000119
70885  -37.890  -11.892  -13.077 0.3000000119
72956  -38.701  -10.359  -13.329 0.3000000119
162093  -35.093  -6.785  -16.564 0.3000000119
74029  -39.112  -9.632  -13.559 0.3000000119
74030  -39.959  -9.626  -13.939 0.3000000119
72958  -40.241  -10.308  -14.171 0.3000000119
74108  -40.116  -9.149  -18.382 0.3000000119
147202  -40.278  -9.334  -17.701 0.3000000119
76149  -37.670  -7.216  -14.830 0.3000000119
76120  -39.347  -7.717  -14.502 0.3000000119
78376  -36.701  -5.740  -16.510 0.3000000119
76151  -39.695  -7.063  -14.939 0.3000000119
75148  -40.446  -8.529  -17.653 0.3000000119
77293  -41.326  -6.149  -19.636 0.3000000119
164644  -40.722  -5.333  -17.373 0.3000000119
78475  -41.028  -6.011  -22.913 0.3000000119
79504  -40.928  -4.193  -18.187 0.3000000119
78414  -41.108  -5.144  -18.129 0.3000000119
78415  -41.336  -5.376  -19.097 0.3000000119
79522  -41.257  -3.933  -18.978 0.3000000119
78446  -41.463  -5.189  -20.318 0.3000000119
79595  -36.251  -4.125  -26.506 0.3000000119
80620  -41.164  -3.611  -21.333 0.3000000119
80619  -40.719  -3.151  -21.696 0.3000000119
57022  -40.207  -24.391  -20.760 0.4000000060
153603  -25.432  -33.269  -18.131 0.3000000119
46174  -25.829  -33.384  -18.942 0.3000000119
152588  -25.407  -34.544  -16.458 0.3000000119
47304  -27.339  -31.908  -18.899 0.3000000119
154381  -26.578  -36.913  -10.132 0.3000000119
42506  -27.014  -37.312  -9.740 0.3000000119
43776  -27.020  -36.338  -9.745 0.3000000119
38666  -31.030  -40.942  -10.671 0.3000000119
37357  -30.060  -41.411  -8.564 0.3000000119
38646  -30.989  -41.107  -9.625 0.3000000119
38626  -29.975  -40.776  -8.101 0.3000000119
148869  -31.074  -40.072  -11.081 0.3000000119
38667  -31.317  -40.359  -10.133 0.3000000119
37378  -29.592  -41.987  -8.862 0.3000000119
37379  -30.414  -41.808  -9.252 0.3000000119
57023  -40.826  -24.161  -19.922 0.3000000119
37356  -29.562  -41.282  -8.468 0.3000000119
38625  -29.095  -40.634  -8.338 0.3000000119
39912  -29.672  -39.071  -7.633 0.6000000238
39929  -31.557  -39.522  -8.112 0.6000000238
39958  -31.557  -39.864  -9.709 0.4000000060
41209  -31.620  -38.492  -7.248 0.6000000238
41274  -34.595  -38.550  -11.388 0.5000000000
41275  -35.370  -38.881  -11.392 0.5000000000
41292  -33.321  -38.642  -12.163 0.4000000060
41295  -37.345  -38.583  -12.107 0.5000000000
41296  -38.161  -38.609  -12.376 0.5000000000
42466  -31.247  -37.904  -6.849 0.5000000000
42468  -32.644  -37.714  -7.481 0.5000000000
42493  -32.688  -37.277  -9.113 0.6000000238
42525  -34.671  -37.757  -11.189 0.5000000000
42543  -32.839  -38.094  -12.586 0.4000000060
42623  -38.111  -37.144  -16.969 0.5000000000
42679  -37.354  -37.283  -21.664 0.4000000060
43794  -36.515  -36.920  -11.635 0.5000000000
43830  -32.130  -36.556  -13.418 0.5000000000
43855  -36.749  -36.889  -15.069 0.6000000238
43916  -36.255  -36.838  -20.630 0.6999999881
43928  -36.595  -37.072  -21.532 0.6000000238
44842  -31.711  -35.659  -6.356 0.5000000000
44865  -29.443  -35.650  -7.389 0.4000000060
44924  -32.360  -35.110  -10.428 0.5000000000
44955  -29.792  -35.378  -12.912 0.4000000060
44961  -38.217  -34.998  -12.640 0.6000000238
44976  -38.022  -35.361  -13.270 0.6000000238
44989  -31.897  -34.628  -13.831 0.5000000000
45009  -30.961  -35.077  -14.790 0.3000000119
45082  -35.460  -36.242  -21.035 0.6999999881
45093  -35.762  -36.392  -21.650 0.6999999881
45094  -36.291  -36.479  -22.072 0.5000000000
45987  -35.016  -34.608  -7.541 0.8000000119
46009  -35.350  -34.049  -7.814 0.8000000119
46041  -33.154  -34.074  -10.138 0.6000000238
46056  -35.711  -34.673  -10.828 0.5000000000
46078  -38.551  -34.214  -12.335 0.6000000238
46095  -32.443  -33.801  -13.510 0.5000000000
46117  -39.334  -34.498  -14.391 0.6999999881
46134  -37.429  -35.404  -15.334 0.6999999881
46148  -25.239  -33.756  -17.174 0.3000000119
46198  -34.246  -34.183  -20.981 0.6999999881
46217  -37.793  -35.121  -22.229 0.5000000000
47094  -30.765  -33.287  -6.645 0.5000000000
47133  -35.279  -33.386  -8.412 0.8000000119
47188  -36.504  -33.377  -11.310 0.5000000000
47189  -37.308  -32.830  -11.532 0.6999999881
47225  -32.672  -32.782  -13.585 0.6000000238
47227  -40.509  -33.057  -14.227 0.6999999881
47249  -39.867  -34.090  -14.875 0.6999999881
47263  -31.302  -32.683  -14.963 0.5000000000
47277  -25.743  -32.835  -17.640 0.4000000060
47280  -39.165  -33.833  -16.487 0.6999999881
47290  -25.985  -32.556  -18.458 0.5000000000
47293  -39.086  -33.250  -17.096 0.6999999881
47303  -26.547  -32.495  -18.858 0.3000000119
47305  -28.414  -32.655  -18.713 0.4000000060
47318  -33.147  -33.189  -20.958 0.6999999881
47328  -33.590  -33.584  -20.952 0.6999999881
47338  -33.150  -33.203  -21.034 0.6999999881
48155  -33.730  -32.631  -5.356 0.5000000000
48156  -34.483  -32.557  -5.339 0.6000000238
48157  -35.348  -32.374  -5.501 0.6000000238
48236  -35.919  -32.027  -11.772 0.6000000238
48276  -30.330  -31.876  -13.509 0.6000000238
48306  -26.328  -32.332  -17.201 0.4000000060
48307  -27.056  -31.678  -16.827 0.6000000238
48326  -39.941  -32.300  -16.409 0.6999999881
48333  -26.799  -31.343  -18.099 0.5000000000
48346  -26.652  -31.800  -18.451 0.5000000000
48347  -27.539  -31.140  -18.291 0.5000000000
48374  -32.847  -32.625  -20.936 0.6999999881
48382  -35.150  -33.032  -21.595 0.6999999881
48384  -37.711  -32.506  -21.691 0.6999999881
49260  -30.629  -31.787  -6.618 0.3000000119
49262  -36.600  -31.472  -7.572 0.8000000119
49263  -37.017  -31.133  -7.215 0.6999999881
49308  -33.069  -30.569  -11.237 0.6000000238
49309  -33.397  -31.583  -10.604 0.6000000238
49344  -35.302  -30.676  -12.474 0.6000000238
49347  -40.626  -31.523  -12.695 0.8000000119
49385  -40.988  -31.785  -14.406 0.8000000119
49411  -27.172  -30.909  -17.650 0.5000000000
49413  -28.736  -30.533  -17.067 0.5000000000
49449  -32.744  -31.996  -20.651 0.6999999881
49462  -32.801  -32.258  -21.059 0.6999999881
49463  -33.521  -32.117  -21.333 0.6999999881
49464  -35.556  -31.494  -21.492 0.6999999881
50302  -34.645  -30.117  -4.571 0.5000000000
50324  -36.458  -31.183  -5.348 0.6999999881
50325  -37.166  -30.958  -5.851 0.6999999881
50341  -36.894  -30.697  -7.856 0.8000000119
50395  -33.157  -29.613  -11.666 0.6000000238
50396  -34.224  -29.851  -10.601 0.6000000238
50403  -31.889  -29.987  -12.560 0.6000000238
50409  -40.415  -30.674  -11.758 0.8000000119
50424  -35.762  -29.716  -12.036 0.8000000119
50439  -30.541  -29.399  -13.999 0.6000000238
50442  -33.690  -29.453  -13.127 0.6999999881
50456  -28.947  -29.962  -15.553 0.6000000238
50458  -30.017  -29.408  -14.885 0.6000000238
50460  -31.975  -29.630  -14.269 0.6000000238
50462  -41.236  -30.244  -14.568 0.8000000119
50476  -28.569  -30.171  -16.343 0.6000000238
50479  -30.750  -29.443  -14.808 0.6000000238
50493  -28.192  -30.413  -17.045 0.6000000238
50508  -37.681  -30.067  -18.122 0.6999999881
50520  -34.260  -30.654  -19.069 0.6999999881
50555  -33.650  -31.265  -21.290 0.8000000119
50559  -38.331  -30.930  -21.393 0.6000000238
51523  -35.495  -29.465  -10.278 0.6000000238
51564  -33.607  -29.125  -11.834 0.6000000238
51567  -35.928  -29.414  -11.660 0.6999999881
51588  -33.497  -29.058  -12.472 0.6999999881
51591  -41.510  -29.545  -12.719 0.8000000119
51605  -31.418  -29.287  -13.768 0.6000000238
51606  -32.775  -29.311  -13.377 0.6999999881
51622  -32.045  -29.325  -13.851 0.6000000238
51654  -40.078  -29.556  -16.327 0.8000000119
51666  -33.342  -29.398  -18.709 0.8000000119
51670  -37.620  -29.324  -17.986 0.8000000119
51710  -31.995  -29.822  -20.339 0.8000000119
52499  -34.160  -28.817  -4.608 0.4000000060
52530  -38.817  -28.779  -5.621 0.6999999881
52547  -39.226  -28.942  -6.514 0.6999999881
52568  -40.074  -28.157  -8.763 0.6999999881
52628  -41.787  -28.249  -13.582 0.8000000119
52677  -40.002  -28.849  -16.293 0.8999999762
52694  -37.525  -28.474  -17.880 0.8999999762
52720  -30.883  -28.474  -19.962 0.8000000119
53593  -33.853  -27.326  -5.230 0.3000000119
53595  -35.679  -27.244  -4.658 0.5000000000
53596  -36.546  -27.372  -4.552 0.5000000000
53598  -38.877  -27.853  -5.267 0.6999999881
53613  -39.964  -27.864  -6.416 0.6999999881
53725  -40.061  -27.437  -15.819 0.8000000119
53789  -30.789  -27.736  -19.708 0.8000000119
53791  -39.414  -27.783  -19.504 0.5000000000
53805  -35.746  -27.416  -20.204 0.6999999881
53807  -37.129  -27.769  -19.834 0.6999999881
54679  -33.330  -26.094  -6.183 0.3000000119
54705  -41.454  -26.298  -7.460 0.6999999881
54760  -42.321  -26.499  -12.155 0.6999999881
54787  -40.667  -26.377  -14.666 0.8000000119
54826  -38.331  -26.471  -16.597 0.8000000119
54836  -30.786  -25.743  -18.674 0.8000000119
54839  -33.640  -25.880  -17.925 0.8000000119
54853  -30.669  -26.133  -19.093 1.0000000000
54866  -30.673  -26.873  -19.620 0.8000000119
54877  -30.785  -26.181  -19.735 0.8000000119
54880  -33.661  -26.192  -20.564 0.8000000119
54882  -35.130  -26.807  -20.375 0.8000000119
55842  -34.927  -25.912  -5.708 0.3000000119
55998  -34.661  -24.365  -16.743 0.8000000119
56016  -30.447  -25.302  -18.782 0.8000000119
56034  -31.069  -25.596  -20.063 0.8999999762
56830  -37.945  -24.779  -5.552 0.5000000000
56831  -38.664  -25.009  -5.403 0.6000000238
56940  -40.514  -24.294  -13.549 0.6999999881
56965  -37.281  -24.131  -15.681 0.6999999881
56966  -38.043  -24.268  -15.242 0.6999999881
56971  -34.759  -23.955  -16.610 0.8000000119
56976  -30.447  -24.755  -18.604 0.8000000119
56977  -30.946  -24.812  -18.217 0.8000000119
56978  -31.849  -24.840  -18.007 0.8000000119
57000  -40.438  -24.965  -19.832 0.4000000060
57017  -31.579  -24.750  -20.347 0.8999999762
57035  -34.997  -24.247  -21.486 0.6999999881
57050  -38.688  -24.459  -23.094 0.5000000000
57064  -38.923  -24.153  -23.598 0.6000000238
57955  -37.349  -23.220  -7.361 0.3000000119
58034  -41.892  -23.324  -11.961 0.6999999881
58046  -40.575  -23.608  -13.515 0.6999999881
58064  -38.289  -23.579  -15.210 0.6999999881
58098  -30.278  -24.074  -18.897 0.8000000119
58133  -31.072  -23.895  -20.244 0.8000000119
58149  -30.549  -23.057  -20.289 0.8000000119
58155  -36.238  -23.751  -22.205 0.6999999881
58174  -37.452  -23.600  -22.895 0.6999999881
58176  -40.488  -24.065  -23.291 0.4000000060
58177  -40.887  -23.506  -23.202 0.4000000060
58192  -40.755  -23.451  -23.899 0.4000000060
59152  -38.683  -22.534  -7.278 0.3000000119
59160  -36.515  -22.596  -8.587 0.3000000119
59162  -37.899  -22.022  -8.127 0.3000000119
59254  -40.555  -22.644  -14.435 0.6999999881
59278  -38.143  -22.478  -17.475 0.8000000119
59290  -30.314  -22.526  -19.611 0.8000000119
59293  -33.322  -22.997  -18.750 0.8000000119
59329  -30.341  -22.202  -20.180 0.8000000119
59376  -39.156  -23.095  -23.490 0.6000000238
60359  -41.225  -21.690  -7.798 0.5000000000
60464  -41.265  -21.274  -15.722 0.6999999881
60509  -38.210  -21.420  -18.558 0.8000000119
60536  -30.244  -21.129  -19.864 0.8000000119
60553  -31.374  -20.761  -21.061 0.8000000119
60555  -35.165  -21.696  -21.590 0.8000000119
60556  -36.095  -21.506  -21.545 0.6999999881
61493  -36.184  -20.222  -10.417 0.3000000119
61497  -42.298  -19.866  -10.536 0.4000000060
61523  -42.556  -20.034  -11.385 0.5000000000
61572  -42.601  -20.420  -13.963 0.6000000238
61620  -37.667  -20.662  -18.973 0.8000000119
61640  -30.281  -20.407  -20.096 0.8000000119
61654  -33.457  -20.214  -21.163 0.8000000119
62578  -40.045  -19.538  -9.574 0.3000000119
62618  -36.527  -19.148  -11.459 0.3000000119
62742  -29.998  -19.159  -20.004 0.8000000119
62755  -31.909  -18.819  -20.732 0.8000000119
63807  -41.830  -17.870  -12.318 0.4000000060
63837  -42.612  -18.844  -14.694 0.6000000238
63877  -30.233  -18.352  -19.888 0.8000000119
63881  -36.297  -18.466  -19.202 0.8000000119
63901  -30.182  -18.525  -20.047 0.8000000119
63914  -30.274  -18.699  -20.178 0.8000000119
63919  -35.767  -18.321  -21.749 0.6000000238
65048  -41.224  -17.801  -16.609 0.6999999881
65089  -30.402  -17.892  -19.884 0.8000000119
65090  -30.737  -17.188  -19.955 0.8000000119
65104  -37.500  -17.269  -21.241 0.5000000000
66151  -37.652  -16.412  -18.199 0.6000000238
66229  -34.390  -16.075  -22.089 0.6999999881
67230  -37.857  -15.601  -12.448 0.3000000119
67366  -35.634  -15.033  -21.138 0.6999999881
68630  -31.835  -14.679  -20.741 0.6999999881
68640  -31.747  -14.556  -21.259 0.6999999881
68662  -32.542  -13.506  -21.730 0.6999999881
69746  -39.087  -13.075  -12.523 0.3000000119
69840  -32.887  -13.615  -20.421 0.6999999881
69849  -32.199  -13.676  -20.996 0.6999999881
69868  -32.442  -13.190  -21.673 0.5000000000
69883  -32.625  -13.108  -22.001 0.6999999881
70899  -34.367  -12.424  -14.333 0.3000000119
71019  -32.775  -12.398  -22.135 0.5000000000
72059  -32.903  -11.834  -21.968 0.6000000238
72063  -36.717  -10.874  -20.542 0.4000000060
72074  -33.067  -11.865  -22.394 0.5000000000
72085  -33.697  -11.287  -22.704 0.5000000000
72086  -34.883  -11.034  -23.702 0.5000000000
72101  -34.976  -10.788  -23.670 0.5000000000
72103  -37.276  -11.230  -24.718 0.5000000000
72109  -36.485  -10.363  -24.672 0.5000000000
72971  -36.355  -10.177  -14.039 0.3000000119
73081  -35.175  -10.442  -22.897 0.5000000000
73109  -37.180  -10.272  -25.203 0.5000000000
73117  -38.460  -10.285  -25.552 0.5000000000
73118  -39.194  -10.116  -25.596 0.4000000060
74086  -40.441  -9.684  -16.189 0.3000000119
74129  -38.528  -9.850  -19.913 0.5000000000
74160  -36.034  -10.035  -24.300 0.5000000000
74174  -37.436  -9.888  -25.268 0.5000000000
75191  -39.844  -8.631  -21.000 0.3000000119
75208  -38.867  -8.933  -24.346 0.4000000060
75214  -38.745  -9.191  -25.251 0.4000000060
75222  -38.967  -9.264  -25.795 0.4000000060
76267  -39.559  -7.800  -24.710 0.4000000060
77203  -39.929  -6.520  -15.469 0.3000000119
77292  -41.073  -6.897  -19.343 0.3000000119
77321  -41.006  -6.850  -21.628 0.3000000119
77338  -40.064  -5.934  -24.634 0.3000000119
77363  -40.646  -6.595  -27.367 0.4000000060
77368  -39.719  -6.165  -27.691 0.4000000060
78482  -40.812  -5.128  -23.434 0.3000000119
78516  -38.381  -5.318  -27.414 0.4000000060
78518  -41.372  -5.870  -26.938 0.4000000060
78521  -40.063  -5.532  -27.819 0.4000000060
79550  -41.380  -4.277  -21.294 0.3000000119
79610  -37.202  -4.602  -26.336 0.3000000119
79614  -36.106  -3.732  -27.735 0.3000000119
79617  -41.195  -5.127  -27.387 0.4000000060
80693  -38.739  -3.322  -27.946 0.3000000119
81713  -39.569  -2.518  -27.834 0.3000000119
137968  -35.996  -10.619  -21.612 0.5000000000
138004  -32.743  -31.426  -20.079 0.6999999881
138401  -35.940  -23.005  -22.070 0.6999999881
138473  -33.552  -26.977  -20.517 0.8000000119
138519  -34.848  -20.845  -21.365 0.6999999881
138689  -34.105  -20.663  -21.359 0.8000000119
139285  -41.661  -16.065  -13.968 0.4000000060
139981  -33.868  -20.471  -19.568 0.8000000119
140130  -36.881  -35.190  -11.178 0.5000000000
140465  -30.120  -29.426  -14.491 0.6000000238
140504  -35.395  -17.065  -13.316 0.3000000119
141302  -35.889  -17.246  -21.950 0.6000000238
141712  -39.512  -9.607  -18.792 0.3000000119
141755  -32.432  -35.916  -10.116 0.6000000238
142530  -30.854  -21.955  -19.390 0.8000000119
142777  -37.122  -32.320  -21.633 0.6999999881
143054  -34.105  -17.733  -13.479 0.3000000119
143367  -40.889  -18.861  -10.373 0.3000000119
143586  -30.093  -19.765  -20.029 0.8000000119
143621  -34.109  -31.232  -4.838 0.6000000238
143826  -35.743  -36.509  -20.611 0.6999999881
143884  -38.474  -19.106  -18.458 0.8000000119
144077  -39.290  -8.658  -26.105 0.4000000060
144473  -33.343  -21.005  -19.476 0.8000000119
144564  -42.495  -25.588  -10.755 0.6999999881
145413  -32.393  -13.331  -20.902 0.6000000238
145842  -33.582  -33.530  -12.516 0.5000000000
146385  -37.566  -38.129  -12.471 0.6000000238
146608  -30.705  -20.893  -20.851 0.8000000119
146671  -40.129  -30.955  -16.390 0.8999999762
147613  -37.273  -36.468  -12.549 0.6000000238
148391  -39.275  -27.937  -16.690 0.8000000119
148773  -37.015  -18.161  -22.088 0.5000000000
149423  -38.898  -24.642  -22.510 0.5000000000
149480  -34.117  -37.232  -11.292 0.5000000000
149906  -30.253  -23.298  -19.229 0.8000000119
150656  -27.510  -30.789  -17.660 0.5000000000
150733  -37.328  -37.541  -12.693 0.6000000238
152316  -41.864  -23.645  -7.084 0.6999999881
154096  -40.477  -11.988  -15.528 0.3000000119
154255  -31.126  -33.902  -6.488 0.5000000000
154639  -26.664  -33.712  -15.982 0.4000000060
154646  -39.845  -11.630  -13.237 0.3000000119
155353  -39.598  -5.133  -27.832 0.4000000060
155441  -33.522  -24.567  -20.882 0.8999999762
156593  -37.637  -34.762  -16.610 0.6999999881
156842  -40.283  -16.600  -12.431 0.4000000060
157057  -31.223  -37.590  -10.992 0.5000000000
157527  -34.002  -14.897  -19.589 0.6999999881
158247  -30.457  -18.249  -19.743 0.8000000119
159308  -31.279  -16.519  -20.137 0.6999999881
159382  -39.912  -23.294  -24.059 0.6000000238
159766  -30.775  -27.030  -19.338 0.8999999762
159998  -37.573  -4.794  -27.264 0.4000000060
160391  -34.722  -34.426  -20.366 0.6999999881
160420  -38.246  -15.137  -17.690 0.6000000238
160957  -39.544  -23.891  -23.901 0.6000000238
161285  -40.893  -30.461  -15.283 0.8000000119
161354  -33.042  -13.974  -21.807 0.6999999881
161413  -31.449  -15.211  -21.244 0.6999999881
161437  -30.256  -21.525  -20.124 0.8000000119
161879  -35.861  -27.022  -18.122 0.8000000119
162319  -36.279  -28.472  -4.512 0.5000000000
162410  -40.426  -6.275  -16.446 0.3000000119
162639  -41.527  -21.403  -15.214 0.6999999881
162743  -39.289  -24.749  -21.160 0.6000000238
162811  -40.011  -17.896  -17.447 0.6999999881
163615  -36.007  -30.892  -18.920 0.6999999881
163697  -37.110  -13.474  -20.980 0.5000000000
163794  -33.758  -8.518  -16.019 0.3000000119
164333  -32.951  -31.636  -5.120 0.5000000000
164875  -29.361  -39.570  -7.902 0.4000000060
165125  -28.669  -35.863  -14.317 0.4000000060
165228  -30.194  -18.660  -19.880 0.8000000119
165379  -33.313  -27.064  -5.554 0.3000000119
165883  -33.129  -23.983  -17.794 0.8000000119
166160  -42.452  -21.280  -13.268 0.6999999881
166282  -40.087  -21.931  -16.414 0.6999999881
