#!ascii label  , from subject sub-LJ001 vox2ras=TkReg
1068
144344  -54.233  -47.138  -23.790 0.5000000000
29994  -52.620  -47.391  -23.189 0.8000000119
163272  -50.763  -46.738  -21.047 0.8000000119
29988  -51.385  -47.395  -22.262 0.8000000119
29993  -52.116  -47.102  -22.362 0.8000000119
30001  -54.630  -47.683  -24.108 0.5000000000
31211  -53.486  -47.062  -23.388 0.5000000000
157020  -53.559  -46.373  -22.704 0.6000000238
32437  -50.466  -45.450  -20.174 0.6999999881
31193  -51.090  -46.098  -20.714 0.6999999881
31205  -52.377  -46.336  -21.772 0.8000000119
32451  -53.141  -45.995  -22.051 0.6999999881
141723  -55.956  -47.150  -23.667 0.6000000238
31212  -54.931  -46.815  -23.741 0.5000000000
32456  -55.239  -46.012  -23.425 0.6000000238
33666  -48.662  -44.355  -19.599 0.6999999881
31208  -54.332  -46.389  -23.178 0.6000000238
33698  -55.745  -44.369  -23.093 0.6000000238
33667  -49.338  -44.522  -19.697 0.6999999881
32421  -49.615  -45.328  -19.815 0.6999999881
32447  -51.869  -45.831  -21.058 0.6999999881
32452  -53.890  -45.723  -22.424 0.6000000238
33696  -54.948  -44.636  -22.641 0.6000000238
32448  -52.630  -45.509  -21.404 0.8000000119
32449  -53.377  -45.201  -21.778 0.8000000119
33695  -54.162  -44.916  -22.178 0.6999999881
31214  -56.413  -46.216  -23.509 0.4000000060
32457  -56.090  -45.669  -23.538 0.6000000238
36269  -48.663  -42.809  -21.159 0.6999999881
34992  -55.932  -43.591  -23.182 0.6000000238
36270  -49.315  -42.928  -20.797 0.6999999881
34965  -50.515  -43.478  -20.453 0.6999999881
33679  -51.548  -44.495  -20.574 0.6999999881
33680  -52.128  -44.103  -20.867 0.6999999881
34978  -52.865  -43.630  -21.375 0.6000000238
33690  -54.333  -44.074  -22.096 0.6999999881
37548  -54.756  -41.442  -23.330 0.5000000000
34977  -51.786  -43.097  -21.232 0.6000000238
36283  -52.480  -42.719  -21.665 0.6000000238
36284  -53.278  -42.861  -21.857 0.6000000238
37547  -53.504  -41.590  -22.775 0.6000000238
36293  -52.660  -41.980  -22.280 0.6000000238
37561  -53.427  -40.911  -23.532 0.5000000000
33701  -58.382  -44.012  -23.322 0.4000000060
32458  -56.995  -45.105  -23.428 0.5000000000
34975  -47.338  -43.270  -22.610 0.6999999881
151792  -57.522  -43.613  -23.667 0.6000000238
35002  -57.627  -42.942  -23.816 0.6000000238
36271  -50.142  -42.742  -21.074 0.6999999881
36296  -56.192  -42.944  -23.389 0.6000000238
36281  -50.911  -42.480  -21.623 0.6999999881
37562  -55.996  -41.379  -23.977 0.5000000000
38837  -55.499  -40.644  -24.253 0.6000000238
36282  -51.687  -42.182  -21.966 0.6999999881
38836  -54.268  -40.466  -24.020 0.5000000000
38845  -55.041  -39.902  -24.873 0.5000000000
37546  -52.508  -41.271  -23.215 0.5000000000
34986  -45.187  -43.350  -23.740 0.6000000238
36303  -46.073  -43.036  -24.382 0.6000000238
34993  -58.610  -43.338  -22.908 0.5000000000
36298  -58.407  -42.409  -23.148 0.5000000000
34987  -46.530  -43.454  -23.603 0.6999999881
34974  -46.516  -43.173  -22.023 0.6999999881
35003  -58.144  -43.303  -23.659 0.5000000000
36311  -58.159  -42.424  -24.045 0.5000000000
37564  -58.375  -41.217  -24.020 0.4000000060
36278  -48.024  -42.967  -21.736 0.6999999881
36316  -58.134  -41.660  -24.395 0.5000000000
36290  -48.860  -42.929  -22.994 0.6999999881
36291  -49.713  -42.645  -23.229 0.6999999881
38848  -58.067  -40.551  -24.796 0.5000000000
145364  -50.168  -42.436  -22.056 0.6999999881
36292  -50.720  -42.139  -22.848 0.6000000238
37571  -56.891  -40.861  -24.741 0.5000000000
37545  -51.624  -41.641  -22.959 0.6000000238
40147  -56.275  -39.369  -25.554 0.5000000000
37570  -51.279  -41.152  -24.743 0.5000000000
37560  -52.359  -40.801  -24.287 0.5000000000
38843  -52.842  -40.307  -24.831 0.5000000000
40146  -54.210  -39.560  -25.246 0.5000000000
38844  -53.790  -40.080  -24.711 0.5000000000
149381  -54.608  -38.307  -26.169 0.3000000119
38821  -56.547  -40.696  -22.328 0.3000000119
34996  -43.790  -43.012  -24.162 0.6000000238
34997  -44.952  -43.074  -24.294 0.6000000238
37549  -57.366  -41.234  -22.601 0.4000000060
38829  -57.248  -40.366  -23.104 0.4000000060
36304  -47.191  -43.031  -24.587 0.6000000238
38839  -58.157  -40.647  -24.454 0.5000000000
34989  -48.398  -43.404  -23.979 0.6999999881
36305  -49.067  -43.204  -24.025 0.6999999881
38853  -57.802  -39.840  -25.159 0.5000000000
36307  -50.206  -42.435  -24.216 0.5000000000
40154  -57.282  -39.166  -25.601 0.5000000000
37558  -50.918  -41.888  -23.843 0.5000000000
140353  -56.547  -38.600  -25.927 0.4000000060
40153  -55.704  -38.836  -25.876 0.3000000119
41454  -55.601  -38.225  -26.199 0.4000000060
140158  -52.907  -39.274  -25.565 0.5000000000
41453  -53.675  -38.667  -25.848 0.4000000060
37552  -43.951  -41.733  -24.427 0.6000000238
38833  -45.243  -41.302  -23.974 0.6000000238
161807  -46.029  -41.950  -23.809 0.6000000238
37554  -46.493  -42.667  -24.286 0.6000000238
37555  -47.444  -42.481  -24.285 0.6000000238
40141  -56.630  -38.807  -23.867 0.3000000119
40143  -58.054  -39.855  -24.954 0.4000000060
36312  -48.018  -43.153  -24.704 0.6000000238
41445  -57.049  -38.407  -24.737 0.3000000119
37567  -48.794  -42.852  -24.931 0.6000000238
36306  -49.466  -43.274  -24.433 0.6999999881
41447  -56.686  -37.914  -25.166 0.3000000119
41448  -57.261  -38.486  -25.368 0.3000000119
162386  -49.259  -42.819  -24.989 0.6000000238
43967  -55.654  -36.947  -25.970 0.3000000119
42708  -56.714  -37.961  -25.774 0.3000000119
38840  -49.869  -41.327  -24.848 0.5000000000
36315  -49.715  -42.552  -24.872 0.5000000000
37569  -50.390  -41.610  -24.829 0.5000000000
43973  -54.723  -36.409  -26.288 0.3000000119
42718  -55.426  -36.895  -26.239 0.3000000119
37575  -51.187  -40.750  -25.021 0.5000000000
38850  -51.719  -40.119  -25.163 0.5000000000
42716  -54.088  -37.220  -26.431 0.3000000119
38841  -50.600  -40.552  -24.976 0.5000000000
42712  -52.427  -37.868  -25.823 0.4000000060
41457  -53.325  -37.959  -26.067 0.3000000119
40139  -44.800  -40.301  -23.907 0.5000000000
38823  -45.448  -40.495  -23.352 0.6000000238
38824  -46.194  -41.057  -22.983 0.5000000000
37566  -47.973  -42.887  -24.726 0.6000000238
152125  -48.013  -40.709  -22.537 0.5000000000
43966  -54.443  -36.125  -25.524 0.3000000119
37556  -48.431  -42.097  -24.453 0.6000000238
46232  -53.641  -34.779  -26.263 0.3000000119
43969  -54.915  -36.411  -26.082 0.3000000119
37557  -49.154  -41.764  -24.932 0.6000000238
41446  -50.437  -38.843  -25.031 0.5000000000
41451  -51.677  -38.592  -25.477 0.4000000060
42710  -50.745  -37.236  -25.510 0.4000000060
40118  -45.488  -39.501  -22.491 0.5000000000
40119  -46.169  -39.590  -21.868 0.5000000000
38816  -46.683  -40.251  -22.141 0.5000000000
38817  -47.507  -40.145  -21.991 0.5000000000
46225  -52.586  -34.860  -24.442 0.3000000119
45115  -53.331  -35.141  -25.156 0.3000000119
38826  -48.535  -41.089  -23.368 0.6000000238
38827  -49.080  -40.419  -23.387 0.6000000238
153792  -49.668  -40.457  -24.219 0.5000000000
40145  -50.313  -39.599  -24.831 0.5000000000
42714  -52.375  -36.562  -26.304 0.4000000060
45120  -50.614  -35.740  -25.976 0.4000000060
41415  -45.675  -38.437  -21.009 0.5000000000
41426  -46.392  -38.951  -21.258 0.5000000000
41427  -47.320  -38.743  -21.206 0.5000000000
46224  -51.808  -34.576  -23.765 0.4000000060
47360  -51.455  -33.732  -24.176 0.4000000060
40121  -47.834  -39.351  -21.629 0.5000000000
41437  -48.616  -39.076  -22.047 0.5000000000
46227  -52.310  -34.047  -24.887 0.4000000060
46228  -53.079  -34.388  -25.600 0.3000000119
42685  -48.284  -37.741  -21.551 0.4000000060
46231  -53.303  -34.077  -26.647 0.3000000119
41438  -49.150  -38.880  -22.796 0.5000000000
42696  -49.229  -38.128  -23.094 0.4000000060
42701  -49.423  -37.730  -23.961 0.4000000060
148819  -50.280  -36.613  -25.533 0.4000000060
42672  -45.963  -37.587  -20.440 0.5000000000
149394  -46.760  -36.950  -20.343 0.5000000000
47359  -50.751  -33.301  -23.484 0.4000000060
42684  -47.677  -37.931  -21.061 0.5000000000
43934  -47.521  -36.416  -20.846 0.4000000060
47363  -51.278  -32.830  -24.547 0.4000000060
47364  -52.175  -33.073  -25.472 0.4000000060
152026  -47.967  -37.120  -21.274 0.4000000060
42695  -48.785  -38.084  -22.226 0.4000000060
47369  -52.805  -32.939  -26.599 0.4000000060
42700  -48.940  -37.260  -23.034 0.4000000060
148021  -48.693  -36.416  -23.498 0.4000000060
43959  -49.136  -36.903  -23.899 0.4000000060
42705  -49.778  -37.575  -24.774 0.4000000060
43963  -48.926  -36.267  -24.501 0.4000000060
143920  -49.799  -36.019  -25.533 0.4000000060
45123  -50.559  -34.841  -26.292 0.4000000060
45119  -49.687  -35.306  -25.786 0.4000000060
43919  -45.338  -36.363  -19.637 0.5000000000
43920  -46.086  -35.867  -19.796 0.4000000060
141367  -50.245  -32.704  -22.698 0.4000000060
48396  -50.595  -32.399  -23.889 0.4000000060
45086  -46.567  -35.191  -20.211 0.5000000000
43933  -46.854  -36.008  -20.297 0.4000000060
43944  -48.162  -36.230  -21.853 0.4000000060
49489  -51.835  -31.627  -26.140 0.4000000060
43955  -48.540  -36.560  -22.655 0.4000000060
46233  -50.661  -34.116  -26.502 0.3000000119
45114  -49.149  -35.758  -25.274 0.4000000060
46190  -45.660  -34.824  -19.348 0.4000000060
45075  -46.042  -35.204  -19.701 0.5000000000
47332  -46.360  -33.677  -20.410 0.4000000060
49482  -50.612  -31.492  -24.337 0.4000000060
46203  -46.845  -34.371  -20.869 0.4000000060
45087  -47.161  -35.267  -20.802 0.4000000060
47346  -46.637  -33.440  -21.370 0.4000000060
46214  -47.424  -34.801  -21.598 0.4000000060
45105  -47.892  -35.304  -22.240 0.4000000060
45108  -47.917  -35.042  -23.313 0.4000000060
45109  -48.367  -35.668  -23.905 0.4000000060
45113  -48.464  -35.408  -24.837 0.4000000060
46230  -49.734  -34.468  -26.032 0.4000000060
45118  -48.760  -34.851  -25.565 0.4000000060
47368  -48.963  -33.827  -25.866 0.4000000060
165924  -45.752  -33.281  -19.366 0.4000000060
47331  -46.069  -33.082  -19.926 0.4000000060
48378  -46.252  -32.863  -20.865 0.4000000060
48388  -46.020  -32.123  -21.365 0.4000000060
46213  -47.136  -33.969  -21.921 0.4000000060
47354  -47.142  -33.795  -22.925 0.4000000060
152289  -50.177  -33.601  -26.399 0.4000000060
47357  -46.631  -33.159  -23.407 0.4000000060
46223  -47.535  -34.329  -24.376 0.4000000060
47361  -46.637  -33.077  -24.355 0.4000000060
148822  -47.604  -34.081  -25.045 0.4000000060
47366  -47.490  -33.514  -25.231 0.4000000060
49452  -45.694  -31.851  -19.627 0.4000000060
48377  -45.927  -32.219  -20.337 0.4000000060
153990  -45.852  -31.605  -20.986 0.4000000060
49469  -45.782  -31.382  -21.798 0.4000000060
48389  -46.304  -32.695  -21.859 0.4000000060
48391  -45.920  -31.982  -22.348 0.4000000060
48392  -46.235  -32.569  -22.877 0.4000000060
48394  -45.773  -31.856  -23.365 0.4000000060
48395  -46.187  -32.466  -23.887 0.4000000060
47371  -48.740  -33.053  -25.899 0.3000000119
48402  -46.585  -32.205  -25.207 0.4000000060
47367  -48.029  -33.384  -25.633 0.4000000060
141497  -45.653  -31.069  -19.365 0.4000000060
50536  -45.826  -30.150  -19.583 0.4000000060
140421  -45.779  -30.592  -20.316 0.4000000060
152685  -45.725  -30.918  -21.115 0.4000000060
49475  -45.536  -31.211  -22.791 0.4000000060
154992  -45.363  -31.071  -23.811 0.4000000060
49496  -49.685  -31.392  -26.473 0.4000000060
48407  -49.154  -32.299  -26.154 0.3000000119
48398  -46.284  -32.353  -24.728 0.4000000060
48403  -47.334  -32.796  -25.391 0.5000000000
49494  -47.347  -31.830  -25.561 0.4000000060
49487  -45.949  -31.601  -25.010 0.5000000000
51690  -45.883  -29.537  -18.913 0.4000000060
52726  -46.172  -28.720  -19.304 0.4000000060
51704  -46.084  -29.386  -19.912 0.4000000060
150547  -46.254  -28.649  -20.322 0.4000000060
51718  -45.996  -29.263  -20.919 0.4000000060
50573  -45.025  -30.290  -24.173 0.4000000060
49493  -46.373  -31.381  -25.341 0.5000000000
52713  -46.205  -27.990  -18.680 0.4000000060
53781  -46.372  -27.232  -19.061 0.4000000060
52727  -46.371  -27.863  -19.818 0.4000000060
50581  -45.067  -30.129  -24.802 0.4000000060
51748  -45.872  -29.626  -25.342 0.5000000000
53780  -46.119  -27.209  -18.034 0.4000000060
158085  -46.321  -26.654  -18.607 0.4000000060
147799  -46.433  -26.544  -19.391 0.4000000060
52772  -46.096  -28.525  -24.963 0.5000000000
58107  -45.643  -23.385  -18.294 0.4000000060
158018  -45.663  -25.904  -17.466 0.4000000060
56989  -46.192  -24.548  -18.415 0.4000000060
157688  -46.095  -25.376  -17.989 0.4000000060
57003  -46.480  -24.400  -19.328 0.5000000000
56013  -45.310  -25.232  -17.361 0.4000000060
146193  -50.962  -38.967  -25.240 0.5000000000
41450  -50.765  -38.102  -25.291 0.5000000000
42711  -51.613  -37.465  -25.736 0.4000000060
30000  -53.691  -47.784  -24.198 0.5000000000
29987  -50.666  -47.352  -21.751 0.8000000119
29970  -50.097  -47.024  -21.010 0.8000000119
31191  -49.608  -46.609  -20.408 0.6999999881
30002  -55.403  -48.040  -23.901 0.5000000000
32420  -48.701  -45.242  -19.568 0.6999999881
30003  -56.257  -48.029  -23.415 0.5000000000
34948  -48.216  -43.777  -19.725 0.6999999881
32459  -57.982  -44.931  -23.247 0.4000000060
150787  -56.721  -47.016  -23.320 0.4000000060
34962  -47.552  -43.208  -20.216 0.6999999881
34982  -58.535  -44.057  -22.530 0.4000000060
36287  -58.089  -42.951  -22.285 0.4000000060
149844  -44.197  -43.242  -23.993 0.6000000238
37540  -56.309  -41.254  -21.785 0.4000000060
38831  -43.879  -40.764  -24.265 0.5000000000
41436  -44.729  -39.061  -23.023 0.5000000000
42671  -45.077  -37.847  -20.778 0.5000000000
46189  -44.888  -35.234  -18.998 0.4000000060
150163  -44.453  -34.158  -18.480 0.4000000060
47313  -45.318  -33.491  -18.804 0.4000000060
48357  -45.138  -32.647  -18.494 0.4000000060
145316  -45.315  -31.170  -18.397 0.4000000060
50527  -45.595  -30.367  -18.646 0.4000000060
143658  -45.846  -28.802  -18.197 0.4000000060
52698  -45.364  -28.387  -17.471 0.4000000060
53769  -45.438  -27.528  -17.341 0.4000000060
56983  -44.836  -24.491  -17.457 0.4000000060
29997  -51.047  -48.379  -23.578 0.8000000119
162747  -51.493  -46.725  -21.509 0.8000000119
31213  -55.679  -46.530  -23.663 0.5000000000
31192  -50.334  -46.343  -20.528 0.6999999881
34966  -51.320  -43.735  -20.618 0.6999999881
166110  -56.428  -44.120  -23.408 0.6000000238
36295  -55.222  -42.744  -22.926 0.6999999881
34979  -53.676  -43.613  -21.796 0.6999999881
36309  -56.935  -42.632  -23.821 0.6000000238
150189  -54.244  -42.216  -22.666 0.6000000238
34988  -47.611  -43.486  -23.775 0.6999999881
37563  -56.912  -41.788  -24.196 0.5000000000
34998  -46.209  -43.247  -24.229 0.6000000238
36297  -57.862  -42.106  -22.548 0.5000000000
37565  -58.417  -41.822  -23.850 0.5000000000
40136  -56.989  -39.572  -23.536 0.3000000119
40151  -52.144  -39.400  -25.387 0.5000000000
38825  -47.198  -40.918  -22.621 0.6000000238
40144  -49.857  -39.561  -24.301 0.5000000000
42709  -50.145  -37.401  -25.211 0.4000000060
151103  -49.896  -38.592  -24.581 0.4000000060
43970  -51.805  -35.697  -26.442 0.4000000060
46226  -48.003  -34.664  -25.023 0.4000000060
159182  -47.701  -34.696  -23.877 0.4000000060
139423  -45.448  -31.902  -18.834 0.4000000060
47362  -47.179  -33.623  -24.719 0.4000000060
56019  -46.403  -25.204  -18.943 0.4000000060
19151  -38.343  -58.010  -25.967 0.4000000060
19152  -39.340  -57.815  -25.891 0.4000000060
19153  -40.255  -57.584  -25.890 0.4000000060
19155  -42.008  -57.193  -25.842 0.4000000060
19161  -39.275  -57.175  -26.801 0.4000000060
18028  -40.684  -57.304  -26.259 0.4000000060
19163  -41.634  -57.137  -26.162 0.4000000060
161181  -42.674  -56.704  -26.361 0.4000000060
19157  -44.370  -57.047  -25.992 0.5000000000
21634  -40.319  -56.100  -26.540 0.4000000060
20407  -41.105  -56.752  -26.483 0.4000000060
21636  -42.609  -55.978  -26.432 0.5000000000
20410  -44.187  -56.378  -26.320 0.5000000000
21639  -45.402  -55.520  -26.259 0.6000000238
158982  -39.404  -54.476  -25.991 0.4000000060
165121  -39.720  -55.382  -26.410 0.4000000060
21627  -42.045  -54.851  -25.994 0.4000000060
20411  -45.117  -56.209  -26.288 0.5000000000
31209  -57.946  -45.841  -22.707 0.3000000119
33693  -58.425  -44.882  -22.358 0.4000000060
144145  -57.136  -42.911  -21.618 0.3000000119
20401  -46.465  -55.991  -25.807 0.5000000000
27616  -54.901  -49.773  -24.001 0.5000000000
29995  -57.026  -48.068  -22.751 0.4000000060
24027  -40.306  -52.872  -25.039 0.4000000060
21628  -42.892  -54.723  -26.000 0.5000000000
21638  -44.523  -55.467  -26.263 0.5000000000
146531  -39.861  -53.659  -25.490 0.4000000060
21625  -40.323  -54.785  -26.086 0.4000000060
21632  -46.876  -55.415  -25.849 0.6000000238
21633  -47.635  -54.976  -25.518 0.6000000238
146032  -48.571  -53.686  -25.478 0.6999999881
28809  -54.512  -49.227  -24.343 0.5000000000
159596  -48.113  -54.579  -25.278 0.6999999881
22856  -50.346  -52.984  -25.124 0.6999999881
26447  -53.019  -50.799  -24.806 0.6999999881
139787  -49.267  -53.519  -25.319 0.6999999881
25247  -51.132  -51.662  -25.464 0.6999999881
21629  -43.851  -54.497  -25.940 0.6000000238
22864  -45.807  -53.889  -25.802 0.6000000238
152343  -47.097  -52.698  -25.535 0.6000000238
24028  -41.197  -52.853  -25.234 0.4000000060
24029  -42.041  -52.977  -25.444 0.5000000000
160629  -44.155  -53.273  -25.661 0.6000000238
154792  -46.741  -54.697  -25.982 0.6000000238
24032  -48.122  -52.785  -25.578 0.6000000238
151681  -49.049  -52.801  -25.571 0.6000000238
36286  -56.875  -42.073  -21.847 0.3000000119
149086  -47.796  -53.780  -25.637 0.6000000238
25246  -50.309  -51.753  -25.566 0.6999999881
28808  -53.802  -49.363  -24.663 0.6000000238
30007  -54.745  -48.476  -24.219 0.5000000000
25233  -42.325  -51.608  -24.865 0.6000000238
166073  -43.548  -50.833  -24.983 0.6000000238
25240  -43.518  -51.251  -25.222 0.6999999881
152345  -44.902  -51.975  -25.453 0.6000000238
25242  -46.357  -51.638  -25.302 0.6000000238
25244  -48.483  -51.864  -25.443 0.6000000238
24024  -41.852  -52.094  -25.102 0.5000000000
22863  -42.991  -53.380  -25.627 0.6000000238
26443  -49.834  -51.049  -25.549 0.6000000238
26444  -50.663  -50.955  -25.621 0.6999999881
27617  -51.010  -50.265  -25.447 0.6999999881
26445  -51.494  -50.913  -25.511 0.6999999881
30006  -54.107  -48.519  -24.424 0.6000000238
27619  -52.649  -50.185  -25.084 0.6999999881
26427  -43.737  -50.609  -24.710 0.6000000238
26428  -44.348  -50.341  -24.681 0.6999999881
26429  -45.183  -50.345  -24.678 0.6999999881
26439  -45.721  -50.869  -24.989 0.6999999881
158158  -47.778  -50.568  -24.694 0.6000000238
28803  -52.665  -48.239  -24.325 0.5000000000
26433  -49.325  -50.485  -25.114 0.6999999881
26434  -50.187  -50.357  -25.389 0.6999999881
27613  -52.159  -49.570  -25.062 0.6000000238
28793  -48.317  -48.849  -22.770 0.6999999881
28794  -49.199  -48.692  -22.936 0.6999999881
27598  -46.224  -49.721  -23.817 0.6999999881
27600  -48.269  -49.695  -23.981 0.6000000238
28800  -49.651  -49.014  -23.716 0.5000000000
26430  -46.148  -50.476  -24.624 0.6999999881
27608  -47.755  -50.204  -24.386 0.6000000238
27610  -49.694  -49.883  -24.872 0.6999999881
28802  -51.851  -48.398  -24.147 0.5000000000
26432  -48.414  -50.574  -24.807 0.6000000238
28805  -50.878  -49.211  -24.694 0.6999999881
27612  -51.345  -49.648  -25.152 0.6000000238
29990  -48.734  -48.341  -22.208 0.6999999881
29991  -49.529  -48.176  -22.280 0.6999999881
29969  -49.309  -47.270  -20.914 0.6999999881
152514  -51.166  -48.740  -24.299 0.6000000238
28795  -50.154  -48.479  -23.057 0.6999999881
28804  -55.816  -48.950  -23.475 0.5000000000
28801  -50.485  -48.835  -24.018 0.6000000238
18031  -38.912  -57.752  -26.480 0.4000000060
19165  -43.848  -57.048  -26.170 0.4000000060
21635  -41.685  -55.906  -26.419 0.4000000060
22862  -42.305  -53.924  -25.685 0.4000000060
22860  -40.743  -53.728  -25.556 0.4000000060
25249  -52.606  -51.443  -24.846 0.6999999881
26446  -52.303  -50.893  -25.240 0.6999999881
152344  -45.888  -52.574  -25.506 0.6000000238
25243  -47.435  -51.773  -25.332 0.6000000238
165777  -42.529  -52.326  -25.387 0.6999999881
24030  -43.280  -52.197  -25.470 0.6000000238
26440  -46.753  -50.990  -24.987 0.6000000238
27599  -47.252  -49.762  -23.871 0.6999999881
27609  -48.802  -50.077  -24.537 0.6000000238
27605  -44.737  -49.947  -24.281 0.5000000000
143623  -41.033  -52.066  -24.261 0.4000000060
25222  -42.733  -51.308  -24.328 0.5000000000
27593  -45.810  -49.302  -23.212 0.6000000238
25220  -40.302  -52.119  -23.694 0.4000000060
24008  -41.407  -52.111  -23.559 0.5000000000
24009  -42.237  -51.805  -23.719 0.5000000000
159501  -43.191  -50.931  -23.753 0.5000000000
27592  -44.833  -49.264  -23.155 0.5000000000
28783  -46.014  -48.375  -21.829 0.5000000000
26424  -43.963  -50.045  -24.189 0.5000000000
27594  -46.823  -49.372  -23.249 0.6000000238
28784  -47.012  -48.415  -21.894 0.5000000000
29984  -47.613  -47.828  -21.291 0.6999999881
29983  -46.616  -47.797  -21.199 0.6000000238
31189  -47.881  -46.957  -20.218 0.6000000238
25206  -39.833  -52.151  -22.198 0.5000000000
25193  -42.775  -51.722  -22.309 0.5000000000
26413  -43.495  -50.274  -22.483 0.5000000000
28789  -44.409  -48.846  -22.470 0.5000000000
27591  -44.097  -49.298  -23.064 0.5000000000
29968  -48.402  -47.466  -20.923 0.6000000238
29982  -45.584  -47.788  -21.119 0.6000000238
31188  -47.023  -46.728  -20.014 0.5000000000
32419  -47.654  -45.504  -19.479 0.6000000238
23984  -42.040  -52.230  -21.752 0.5000000000
25194  -43.249  -51.127  -21.883 0.5000000000
26399  -43.395  -50.358  -21.465 0.5000000000
27579  -43.525  -49.440  -21.931 0.5000000000
29981  -44.524  -47.881  -21.082 0.5000000000
31190  -48.812  -46.840  -20.246 0.6000000238
29966  -46.208  -47.138  -20.393 0.5000000000
153877  -46.887  -46.034  -19.575 0.6000000238
23975  -41.191  -52.139  -20.916 0.5000000000
142680  -42.734  -51.597  -21.256 0.5000000000
26389  -43.269  -50.522  -20.507 0.5000000000
147708  -42.995  -48.681  -20.699 0.5000000000
28765  -42.526  -48.349  -20.291 0.6000000238
29980  -43.562  -48.069  -21.006 0.4000000060
31168  -42.452  -46.549  -20.151 0.4000000060
29963  -42.943  -47.632  -20.549 0.5000000000
29964  -43.975  -47.322  -20.515 0.5000000000
33661  -41.943  -45.443  -20.594 0.4000000060
32415  -42.929  -45.754  -19.920 0.5000000000
31170  -44.841  -45.878  -19.511 0.5000000000
33675  -41.588  -44.827  -21.661 0.4000000060
31171  -45.948  -45.771  -19.446 0.6000000238
34947  -47.395  -43.946  -19.592 0.6000000238
34961  -46.592  -43.104  -20.707 0.6000000238
31169  -43.729  -46.064  -19.678 0.5000000000
33676  -42.822  -44.673  -20.707 0.5000000000
34959  -43.970  -44.095  -20.511 0.5000000000
32416  -44.178  -45.327  -19.579 0.5000000000
34971  -41.549  -44.164  -22.709 0.4000000060
34972  -42.839  -43.706  -22.916 0.5000000000
34960  -44.853  -43.470  -20.857 0.6000000238
32417  -45.208  -45.114  -19.372 0.6000000238
145360  -45.778  -43.423  -20.197 0.6000000238
140669  -43.880  -43.671  -21.821 0.5000000000
37551  -43.439  -41.627  -24.115 0.3000000119
34994  -41.905  -43.139  -23.439 0.4000000060
34983  -41.316  -43.662  -22.970 0.4000000060
34985  -43.229  -43.260  -23.728 0.5000000000
34973  -44.852  -43.363  -22.263 0.5000000000
142488  -45.732  -43.339  -22.700 0.6000000238
43918  -44.579  -36.505  -19.717 0.3000000119
42670  -44.445  -37.648  -21.335 0.3000000119
41414  -44.750  -38.317  -21.989 0.4000000060
40128  -43.988  -39.165  -23.761 0.4000000060
46179  -43.503  -34.467  -18.526 0.3000000119
49444  -44.980  -31.909  -18.152 0.3000000119
48356  -44.479  -32.562  -18.002 0.3000000119
50511  -44.522  -30.518  -17.521 0.3000000119
50512  -45.165  -30.466  -17.909 0.3000000119
153463  -45.312  -29.104  -17.606 0.3000000119
52697  -44.702  -28.837  -17.212 0.3000000119
53768  -44.647  -27.943  -17.063 0.3000000119
146465  -45.007  -25.976  -17.008 0.3000000119
34995  -42.783  -43.037  -23.885 0.5000000000
45073  -44.165  -35.789  -19.230 0.3000000119
28785  -47.910  -48.410  -22.046 0.5000000000
25207  -42.767  -51.541  -23.318 0.5000000000
29965  -45.062  -47.214  -20.409 0.5000000000
165066  -46.168  -43.794  -19.724 0.6000000238
27603  -55.458  -49.752  -23.516 0.3000000119
24026  -51.688  -52.246  -24.759 0.6000000238
25237  -53.247  -51.214  -24.358 0.6000000238
32442  -58.727  -46.185  -20.649 0.3000000119
31194  -59.073  -46.817  -20.729 0.3000000119
31206  -58.655  -46.758  -21.469 0.3000000119
31210  -58.172  -46.759  -22.092 0.3000000119
29989  -58.495  -48.686  -21.240 0.3000000119
29996  -57.801  -48.020  -21.953 0.3000000119
30004  -57.459  -46.893  -22.689 0.3000000119
24015  -52.166  -51.981  -24.333 0.6000000238
26436  -54.246  -50.613  -23.795 0.5000000000
32423  -57.998  -45.506  -19.458 0.3000000119
32441  -58.180  -45.627  -20.401 0.3000000119
32450  -58.503  -46.026  -21.504 0.3000000119
33692  -58.353  -44.587  -21.876 0.3000000119
28797  -57.433  -49.340  -22.126 0.3000000119
28796  -56.577  -49.120  -22.891 0.3000000119
26422  -55.730  -50.242  -22.912 0.4000000060
24023  -40.863  -52.326  -24.673 0.4000000060
32399  -57.989  -45.207  -18.680 0.3000000119
32440  -57.326  -45.199  -20.111 0.3000000119
33681  -55.945  -44.179  -20.206 0.3000000119
33683  -57.849  -45.061  -21.014 0.3000000119
155931  -43.049  -55.720  -23.729 0.5000000000
20359  -44.197  -55.238  -23.160 0.5000000000
19137  -39.770  -57.396  -25.296 0.4000000060
20384  -40.873  -56.713  -24.757 0.4000000060
20373  -42.381  -55.960  -24.102 0.4000000060
20357  -42.489  -55.266  -22.936 0.5000000000
21604  -47.056  -54.402  -23.705 0.5000000000
141421  -46.179  -55.275  -23.945 0.5000000000
20387  -44.249  -56.440  -24.816 0.5000000000
154013  -44.643  -55.754  -24.072 0.5000000000
20385  -42.258  -56.831  -25.150 0.4000000060
24002  -49.446  -52.536  -23.523 0.6000000238
22846  -47.728  -54.248  -24.018 0.6000000238
140802  -47.574  -54.888  -24.565 0.5000000000
20376  -46.481  -55.744  -24.686 0.5000000000
19140  -42.996  -57.084  -25.752 0.3000000119
19142  -44.753  -56.702  -25.533 0.4000000060
20388  -45.169  -56.315  -24.873 0.5000000000
25224  -50.937  -52.178  -23.726 0.6000000238
21613  -48.947  -53.994  -24.660 0.6000000238
21617  -47.822  -54.927  -25.239 0.6000000238
19144  -46.021  -56.338  -25.682 0.4000000060
21616  -47.173  -55.492  -25.040 0.5000000000
25225  -51.753  -52.076  -23.926 0.6000000238
165906  -57.956  -48.995  -21.654 0.3000000119
26420  -54.687  -50.664  -23.047 0.4000000060
22855  -50.117  -53.282  -24.919 0.6000000238
20391  -47.094  -55.453  -25.531 0.4000000060
28786  -58.057  -49.617  -21.341 0.3000000119
164095  -59.021  -47.827  -20.752 0.3000000119
160283  -56.647  -50.107  -22.401 0.3000000119
25228  -54.080  -50.771  -23.541 0.5000000000
22854  -49.295  -53.817  -25.037 0.6000000238
24014  -51.432  -52.353  -24.416 0.6000000238
24012  -49.898  -53.086  -24.315 0.6000000238
26409  -56.010  -50.336  -22.401 0.3000000119
25211  -49.957  -51.840  -23.069 0.5000000000
25212  -50.693  -51.510  -23.028 0.5000000000
25213  -51.491  -51.614  -23.320 0.5000000000
26416  -50.998  -50.902  -22.635 0.4000000060
26417  -52.045  -50.980  -22.851 0.5000000000
26415  -50.138  -50.999  -22.459 0.5000000000
142886  -48.995  -51.832  -22.801 0.5000000000
26404  -51.318  -50.280  -22.021 0.4000000060
150370  -52.993  -49.876  -21.793 0.4000000060
26406  -53.667  -50.374  -22.222 0.4000000060
25214  -53.080  -51.345  -23.571 0.5000000000
22842  -47.306  -53.622  -23.284 0.5000000000
24001  -48.473  -52.520  -23.167 0.5000000000
26419  -54.141  -50.706  -22.730 0.4000000060
164196  -39.582  -57.585  -17.986 0.3000000119
16767  -39.763  -57.965  -18.755 0.3000000119
17946  -39.756  -56.657  -16.915 0.3000000119
20271  -40.173  -55.514  -16.454 0.3000000119
20251  -40.790  -55.448  -15.802 0.4000000060
19064  -39.177  -56.285  -17.408 0.3000000119
20304  -39.079  -55.386  -18.023 0.3000000119
21487  -41.212  -54.917  -15.653 0.4000000060
21522  -40.917  -54.591  -16.803 0.4000000060
148690  -40.148  -54.955  -16.859 0.3000000119
21538  -39.559  -54.949  -18.671 0.3000000119
22745  -42.465  -54.033  -16.375 0.4000000060
22769  -42.658  -53.884  -17.229 0.4000000060
21540  -41.276  -54.469  -17.725 0.4000000060
21539  -40.600  -54.626  -18.486 0.4000000060
21557  -40.176  -54.730  -19.620 0.4000000060
138953  -41.266  -54.556  -19.518 0.4000000060
25121  -45.793  -51.383  -17.357 0.3000000119
152913  -43.181  -53.458  -16.545 0.4000000060
161030  -43.956  -52.595  -17.536 0.4000000060
22788  -42.800  -53.900  -18.060 0.4000000060
21559  -42.946  -54.136  -19.548 0.4000000060
21558  -42.168  -54.410  -19.509 0.4000000060
165742  -41.804  -54.531  -20.177 0.4000000060
26383  -47.260  -50.113  -18.820 0.3000000119
23947  -45.041  -51.716  -18.461 0.4000000060
23962  -44.774  -52.661  -19.926 0.4000000060
143528  -44.559  -52.432  -18.999 0.4000000060
22806  -43.625  -53.700  -19.523 0.4000000060
22820  -44.501  -53.333  -20.419 0.4000000060
21572  -43.373  -54.103  -20.465 0.4000000060
21573  -44.130  -53.862  -21.036 0.4000000060
21571  -42.530  -54.388  -20.308 0.4000000060
21570  -41.942  -54.561  -20.961 0.4000000060
26390  -46.958  -50.613  -19.731 0.4000000060
25180  -45.755  -51.572  -19.789 0.4000000060
22832  -44.786  -53.504  -21.060 0.4000000060
143423  -44.172  -54.285  -21.828 0.4000000060
153394  -42.188  -54.774  -21.881 0.4000000060
21584  -42.784  -54.504  -21.181 0.4000000060
21582  -40.420  -54.843  -21.421 0.4000000060
23977  -46.501  -51.827  -20.960 0.4000000060
23985  -45.844  -52.552  -21.094 0.4000000060
21586  -44.772  -53.926  -21.737 0.4000000060
21602  -44.696  -54.606  -22.589 0.4000000060
21599  -41.596  -55.084  -22.558 0.4000000060
20358  -43.392  -55.247  -22.979 0.4000000060
25195  -47.253  -51.713  -21.575 0.4000000060
23999  -46.864  -53.013  -22.468 0.4000000060
140665  -46.286  -54.579  -23.397 0.4000000060
26402  -49.589  -50.534  -21.683 0.4000000060
23987  -47.188  -52.366  -22.211 0.4000000060
25209  -47.791  -52.072  -22.373 0.4000000060
27582  -51.529  -49.716  -21.393 0.3000000119
27584  -53.753  -49.823  -21.610 0.3000000119
21610  -45.517  -54.865  -23.331 0.4000000060
153737  -48.670  -51.406  -22.177 0.4000000060
146982  -55.599  -50.245  -21.780 0.3000000119
24000  -47.596  -52.806  -22.915 0.4000000060
21505  -41.565  -54.497  -16.072 0.4000000060
21523  -41.855  -54.333  -17.005 0.4000000060
21542  -42.535  -54.195  -18.759 0.4000000060
140149  -41.704  -54.446  -18.678 0.4000000060
25140  -45.651  -51.202  -18.060 0.4000000060
23936  -44.538  -52.181  -17.122 0.4000000060
26346  -46.393  -50.774  -17.807 0.3000000119
22789  -43.222  -53.768  -18.690 0.4000000060
26384  -47.830  -49.955  -19.677 0.3000000119
25162  -45.623  -51.304  -18.926 0.4000000060
23963  -45.163  -51.963  -19.397 0.4000000060
22821  -45.118  -52.971  -20.700 0.4000000060
25182  -47.055  -51.144  -20.664 0.4000000060
22834  -46.159  -53.233  -21.940 0.4000000060
21600  -43.036  -54.791  -22.102 0.4000000060
21603  -45.612  -54.040  -22.448 0.4000000060
26401  -48.671  -50.829  -21.513 0.4000000060
21490  -44.172  -54.741  -15.388 0.3000000119
19026  -42.732  -56.398  -15.095 0.3000000119
141169  -42.133  -56.604  -15.365 0.3000000119
161317  -42.638  -55.806  -14.961 0.3000000119
22725  -43.724  -53.884  -15.547 0.3000000119
151552  -42.006  -55.959  -15.025 0.3000000119
21488  -42.011  -54.713  -15.426 0.3000000119
22746  -44.331  -53.144  -15.932 0.3000000119
153325  -43.614  -53.314  -16.030 0.3000000119
27563  -48.717  -49.683  -20.003 0.3000000119
26392  -48.249  -50.294  -20.606 0.3000000119
26393  -49.102  -50.072  -20.870 0.3000000119
27581  -50.798  -49.785  -21.240 0.3000000119
25107  -45.274  -51.900  -16.913 0.3000000119
26400  -47.800  -50.991  -21.094 0.3000000119
17912  -42.271  -57.203  -15.706 0.3000000119
17961  -39.101  -57.458  -18.248 0.3000000119
18027  -39.801  -57.524  -26.373 0.4000000060
19040  -41.273  -56.139  -15.540 0.3000000119
19052  -39.684  -56.020  -16.722 0.3000000119
19138  -40.622  -57.288  -25.376 0.4000000060
19139  -41.399  -57.079  -25.355 0.4000000060
19141  -43.885  -56.997  -25.613 0.4000000060
19143  -45.490  -56.481  -25.494 0.4000000060
19150  -37.203  -57.947  -26.290 0.4000000060
19154  -41.104  -57.384  -25.882 0.4000000060
19156  -43.616  -57.197  -26.017 0.3000000119
19158  -45.274  -56.622  -25.890 0.5000000000
19162  -40.160  -57.007  -26.668 0.4000000060
19164  -42.789  -57.045  -26.132 0.4000000060
19166  -44.738  -56.747  -26.091 0.5000000000
19167  -45.472  -56.478  -26.054 0.5000000000
20235  -42.265  -55.303  -15.014 0.3000000119
20236  -42.990  -55.344  -15.004 0.3000000119
20252  -41.528  -55.372  -15.331 0.3000000119
20286  -38.878  -55.869  -17.756 0.3000000119
20287  -39.488  -55.558  -17.185 0.3000000119
20374  -43.778  -55.786  -23.917 0.5000000000
20375  -44.906  -55.211  -23.446 0.5000000000
20386  -43.236  -56.518  -24.773 0.5000000000
20389  -45.993  -56.239  -25.082 0.5000000000
20390  -46.587  -55.923  -25.400 0.5000000000
20400  -45.916  -56.376  -25.931 0.5000000000
20406  -39.521  -56.316  -26.702 0.4000000060
20408  -42.100  -56.738  -26.385 0.4000000060
20409  -43.269  -56.591  -26.360 0.5000000000
20412  -46.033  -56.044  -26.151 0.5000000000
21476  -42.682  -54.832  -15.147 0.3000000119
21486  -40.674  -54.907  -16.139 0.4000000060
21489  -43.358  -54.726  -15.236 0.3000000119
21521  -39.809  -54.939  -17.719 0.4000000060
21541  -42.168  -54.244  -17.933 0.4000000060
21569  -41.006  -54.691  -20.554 0.4000000060
21583  -41.319  -54.776  -21.618 0.4000000060
21585  -43.547  -54.370  -21.476 0.4000000060
21601  -43.828  -54.737  -22.331 0.4000000060
21611  -46.844  -55.150  -24.260 0.5000000000
21612  -48.271  -54.470  -24.675 0.5000000000
21618  -48.545  -54.366  -25.119 0.6000000238
21626  -41.221  -54.769  -25.993 0.4000000060
21630  -44.994  -54.502  -26.004 0.6000000238
21631  -46.083  -55.118  -26.139 0.6000000238
21637  -43.551  -55.638  -26.302 0.5000000000
22723  -42.377  -54.230  -15.806 0.4000000060
22724  -43.000  -53.735  -15.859 0.3000000119
22770  -43.328  -53.284  -17.591 0.4000000060
22790  -43.897  -53.041  -18.571 0.4000000060
22807  -44.235  -53.197  -19.607 0.4000000060
22819  -43.977  -53.667  -20.212 0.4000000060
22833  -45.388  -53.388  -21.473 0.4000000060
22841  -46.532  -53.802  -22.834 0.4000000060
22847  -49.527  -53.610  -24.702 0.6000000238
22853  -39.405  -52.884  -24.889 0.4000000060
22861  -41.584  -53.806  -25.611 0.4000000060
22865  -47.442  -54.670  -25.703 0.6000000238
22866  -48.082  -54.433  -25.422 0.6000000238
22867  -48.656  -54.166  -25.250 0.6999999881
22868  -49.832  -53.350  -25.167 0.6999999881
23920  -43.918  -52.793  -16.641 0.3000000119
23921  -44.788  -52.505  -16.458 0.3000000119
23946  -44.438  -52.167  -18.011 0.4000000060
23976  -45.414  -52.263  -20.249 0.4000000060
23983  -40.870  -52.283  -21.908 0.5000000000
23986  -46.612  -52.430  -21.702 0.4000000060
23996  -40.548  -52.267  -22.884 0.5000000000
23997  -41.476  -52.298  -22.600 0.5000000000
23998  -42.218  -52.118  -22.867 0.5000000000
24010  -48.267  -53.648  -23.809 0.5000000000
24011  -49.169  -53.341  -24.049 0.6000000238
24013  -50.649  -52.708  -24.473 0.6000000238
24025  -50.948  -52.626  -24.889 0.6999999881
24031  -44.147  -52.054  -25.480 0.6000000238
24033  -49.910  -52.725  -25.416 0.6999999881
24034  -50.749  -52.418  -25.306 0.6999999881
24035  -51.525  -52.228  -25.100 0.6999999881
25139  -45.086  -51.672  -17.582 0.4000000060
25163  -46.196  -50.948  -19.373 0.4000000060
25178  -42.757  -51.247  -20.188 0.5000000000
25179  -43.181  -51.084  -21.020 0.5000000000
25181  -46.372  -51.297  -20.189 0.4000000060
25192  -40.105  -52.154  -21.198 0.5000000000
25196  -48.076  -51.454  -21.858 0.4000000060
25208  -43.243  -51.028  -22.889 0.5000000000
25210  -48.375  -51.824  -22.470 0.4000000060
25215  -53.803  -50.935  -23.334 0.5000000000
25219  -39.349  -51.979  -23.676 0.4000000060
25221  -41.900  -51.837  -24.347 0.4000000060
25223  -50.211  -52.533  -23.825 0.6000000238
25226  -52.789  -51.664  -24.001 0.6000000238
25227  -53.371  -51.243  -23.868 0.5000000000
25232  -41.603  -51.997  -24.705 0.6000000238
25234  -43.124  -51.034  -24.888 0.6000000238
25235  -52.153  -51.953  -24.809 0.6000000238
25236  -52.721  -51.631  -24.372 0.6000000238
25238  -53.761  -50.952  -23.935 0.5000000000
25239  -42.710  -51.599  -25.186 0.6000000238
25241  -45.302  -51.432  -25.289 0.6000000238
25245  -49.456  -51.869  -25.570 0.6000000238
25248  -51.934  -51.605  -25.241 0.6999999881
26366  -46.140  -50.780  -18.565 0.4000000060
26367  -46.702  -50.451  -18.388 0.3000000119
26391  -47.553  -50.555  -20.368 0.4000000060
26403  -50.450  -50.373  -21.860 0.4000000060
26405  -52.191  -50.126  -21.995 0.4000000060
26408  -55.525  -50.435  -22.530 0.3000000119
26414  -49.314  -51.202  -22.292 0.4000000060
26418  -53.126  -50.787  -22.763 0.5000000000
26421  -55.271  -50.477  -22.949 0.4000000060
26423  -43.430  -50.644  -24.336 0.5000000000
26425  -54.641  -50.568  -23.351 0.4000000060
26426  -54.945  -50.344  -23.540 0.3000000119
26431  -47.138  -50.540  -24.657 0.6000000238
26435  -53.686  -50.680  -24.302 0.6000000238
26437  -43.988  -50.746  -25.024 0.6999999881
26438  -44.773  -50.739  -25.030 0.6999999881
26441  -47.843  -51.022  -25.016 0.6000000238
26442  -48.914  -51.117  -25.270 0.6999999881
27561  -42.894  -48.992  -20.236 0.6000000238
27562  -43.247  -49.400  -20.912 0.4000000060
27585  -54.575  -49.961  -21.651 0.3000000119
27590  -43.785  -49.580  -22.868 0.5000000000
27595  -43.931  -49.662  -23.545 0.5000000000
27596  -44.378  -49.617  -23.713 0.5000000000
27597  -45.235  -49.637  -23.790 0.5000000000
27601  -49.216  -49.528  -24.195 0.5000000000
27602  -50.088  -49.373  -24.446 0.6999999881
27604  -56.084  -49.753  -23.047 0.3000000119
27606  -45.659  -50.031  -24.287 0.6999999881
27607  -46.669  -50.129  -24.290 0.6999999881
27611  -50.537  -49.752  -25.094 0.6999999881
27614  -53.446  -50.131  -24.746 0.6000000238
27615  -54.294  -50.123  -24.296 0.5000000000
27618  -51.836  -50.219  -25.339 0.6999999881
28766  -42.883  -48.264  -20.693 0.5000000000
28780  -43.375  -48.711  -21.341 0.4000000060
28781  -43.998  -48.455  -21.724 0.5000000000
28782  -44.971  -48.368  -21.798 0.5000000000
28788  -43.781  -48.998  -22.283 0.5000000000
28790  -45.396  -48.835  -22.520 0.5000000000
28791  -46.423  -48.881  -22.572 0.5000000000
28792  -47.397  -48.915  -22.640 0.6000000238
28798  -47.811  -49.346  -23.339 0.6999999881
28799  -48.751  -49.194  -23.511 0.6000000238
28806  -51.640  -49.062  -24.753 0.6000000238
28807  -52.434  -48.885  -24.718 0.5000000000
28810  -55.137  -49.034  -23.968 0.5000000000
29962  -42.009  -47.871  -20.236 0.4000000060
29967  -47.194  -47.324  -20.617 0.6000000238
29985  -49.021  -47.803  -21.592 0.6999999881
29986  -49.801  -47.584  -21.639 0.8000000119
29992  -50.868  -47.923  -22.674 0.6999999881
29998  -51.759  -47.798  -23.144 0.8000000119
29999  -52.372  -47.879  -23.792 0.5000000000
30005  -53.273  -48.619  -24.596 0.5000000000
31172  -47.562  -46.320  -19.742 0.5000000000
31173  -48.321  -46.212  -19.740 0.6000000238
31174  -49.189  -46.079  -19.848 0.6999999881
31184  -42.289  -47.252  -20.298 0.4000000060
31185  -43.305  -46.782  -20.116 0.5000000000
31186  -44.413  -46.561  -19.874 0.5000000000
31187  -45.496  -46.524  -19.829 0.5000000000
31207  -52.879  -46.696  -22.574 0.8000000119
31215  -57.225  -45.951  -23.188 0.4000000060
32418  -46.748  -45.259  -19.373 0.6000000238
32422  -50.041  -44.684  -19.870 0.6999999881
32424  -58.799  -46.034  -19.650 0.3000000119
32438  -51.345  -45.234  -20.516 0.6999999881
32439  -52.103  -44.985  -20.842 0.6999999881
32453  -54.709  -45.484  -22.816 0.6000000238
32454  -55.540  -45.173  -23.200 0.6000000238
32455  -58.342  -45.145  -22.763 0.4000000060
32460  -58.501  -44.539  -23.014 0.4000000060
33662  -43.444  -44.866  -19.926 0.5000000000
33663  -45.607  -44.199  -19.577 0.6000000238
33664  -46.578  -44.325  -19.488 0.6000000238
33665  -47.998  -44.571  -19.470 0.6999999881
33677  -49.885  -43.883  -19.944 0.6999999881
33678  -50.772  -44.410  -20.204 0.6999999881
33682  -56.984  -44.527  -20.719 0.3000000119
33684  -58.346  -45.463  -21.379 0.3000000119
33688  -52.823  -44.661  -21.232 0.8000000119
33689  -53.580  -44.370  -21.656 0.6999999881
33697  -58.651  -43.981  -22.956 0.5000000000
33699  -57.039  -44.213  -23.565 0.6000000238
33700  -57.740  -44.145  -23.528 0.5000000000
34945  -44.914  -43.731  -20.004 0.6000000238
34946  -46.679  -43.506  -19.893 0.6000000238
34949  -49.022  -43.817  -19.836 0.6999999881
34958  -42.802  -44.253  -21.704 0.5000000000
34963  -48.585  -43.247  -20.370 0.6999999881
34964  -49.337  -43.423  -20.246 0.6999999881
34976  -50.960  -43.028  -20.907 0.6999999881
34984  -42.147  -43.477  -23.405 0.4000000060
34990  -54.214  -43.105  -22.302 0.6999999881
34991  -55.101  -43.765  -22.647 0.6999999881
34999  -47.985  -43.321  -24.546 0.6000000238
35000  -48.732  -43.250  -24.643 0.6000000238
35001  -56.843  -43.484  -23.614 0.6000000238
35004  -58.500  -43.420  -23.276 0.5000000000
35005  -47.516  -43.232  -24.501 0.6000000238
36267  -47.333  -42.938  -21.270 0.6999999881
36268  -48.032  -42.896  -20.859 0.6999999881
36279  -48.609  -42.883  -22.053 0.6999999881
36280  -49.368  -42.697  -21.811 0.6999999881
36289  -48.124  -43.224  -22.903 0.6999999881
36294  -53.566  -42.327  -22.332 0.6000000238
36299  -58.407  -42.639  -23.602 0.5000000000
36300  -42.600  -42.553  -23.761 0.4000000060
36301  -43.428  -42.493  -24.210 0.5000000000
36302  -44.277  -42.617  -24.375 0.6000000238
36308  -56.001  -42.170  -23.548 0.5000000000
36310  -57.681  -42.154  -24.226 0.5000000000
36313  -48.527  -43.151  -24.791 0.6000000238
36314  -49.067  -43.016  -24.956 0.6000000238
36317  -58.359  -41.923  -24.133 0.5000000000
37543  -46.850  -41.781  -23.530 0.6000000238
37544  -47.764  -41.524  -23.382 0.5000000000
37550  -58.218  -41.592  -23.355 0.5000000000
37553  -44.683  -42.014  -24.396 0.6000000238
37559  -51.515  -41.400  -24.063 0.5000000000
37568  -49.542  -42.378  -24.934 0.6000000238
37572  -57.721  -41.344  -24.589 0.5000000000
37573  -58.075  -41.040  -24.626 0.5000000000
37574  -58.260  -41.249  -24.384 0.5000000000
38830  -58.065  -40.805  -23.642 0.4000000060
38832  -44.402  -40.971  -24.318 0.5000000000
38834  -49.185  -41.289  -24.296 0.6000000238
38835  -53.310  -40.496  -24.256 0.5000000000
38838  -57.816  -39.869  -23.966 0.5000000000
38842  -51.961  -40.533  -24.962 0.5000000000
38846  -57.241  -39.974  -25.301 0.5000000000
38847  -57.751  -40.747  -25.088 0.5000000000
38849  -51.123  -40.184  -25.133 0.5000000000
38851  -52.610  -39.924  -25.265 0.5000000000
38852  -53.339  -39.882  -25.134 0.5000000000
40120  -46.987  -39.548  -21.568 0.5000000000
40129  -45.143  -39.778  -23.265 0.5000000000
40130  -45.874  -40.138  -22.572 0.5000000000
40131  -48.282  -39.916  -22.144 0.5000000000
40132  -48.907  -39.702  -22.671 0.5000000000
40138  -44.206  -40.051  -24.113 0.5000000000
40140  -49.407  -39.623  -23.462 0.6000000238
40142  -57.602  -39.091  -24.699 0.4000000060
40148  -57.654  -39.120  -25.379 0.3000000119
40149  -50.787  -39.644  -25.108 0.5000000000
40150  -51.371  -39.530  -25.254 0.5000000000
40152  -53.532  -39.398  -25.476 0.4000000060
41416  -46.729  -38.112  -20.759 0.5000000000
41425  -45.509  -39.000  -21.885 0.5000000000
41428  -48.168  -38.493  -21.500 0.4000000060
41442  -49.499  -38.746  -23.711 0.4000000060
41444  -56.180  -38.173  -24.233 0.3000000119
41449  -50.142  -38.118  -25.004 0.5000000000
41452  -52.674  -38.661  -25.693 0.4000000060
41455  -56.447  -37.973  -26.079 0.4000000060
41456  -57.108  -38.525  -25.756 0.3000000119
41458  -54.127  -37.993  -26.252 0.3000000119
41459  -54.899  -37.685  -26.369 0.4000000060
41460  -55.666  -37.471  -26.248 0.3000000119
42673  -47.274  -37.356  -20.687 0.4000000060
42704  -55.758  -37.510  -24.690 0.3000000119
42706  -55.216  -36.811  -25.284 0.3000000119
42707  -56.089  -37.441  -25.612 0.3000000119
42713  -56.079  -37.421  -26.049 0.3000000119
42715  -53.030  -37.200  -26.242 0.3000000119
42717  -54.953  -36.980  -26.424 0.3000000119
43931  -44.255  -37.077  -20.557 0.3000000119
43932  -45.080  -37.184  -20.108 0.4000000060
43945  -48.489  -37.143  -22.067 0.4000000060
43964  -49.597  -36.648  -25.084 0.4000000060
43968  -51.199  -36.559  -25.891 0.4000000060
43972  -54.395  -36.505  -26.438 0.3000000119
45074  -45.476  -35.607  -19.413 0.4000000060
45097  -47.620  -35.613  -21.334 0.4000000060
45106  -48.328  -35.833  -22.888 0.4000000060
45112  -47.965  -34.993  -24.264 0.4000000060
45116  -54.006  -35.452  -25.839 0.3000000119
45117  -54.359  -35.840  -26.198 0.3000000119
45122  -54.338  -35.862  -26.380 0.3000000119
45124  -51.373  -35.054  -26.516 0.4000000060
46180  -45.187  -34.416  -18.884 0.4000000060
46191  -46.270  -34.512  -19.972 0.5000000000
46221  -47.541  -34.515  -22.565 0.4000000060
46229  -48.065  -34.108  -25.453 0.4000000060
46234  -51.663  -34.172  -26.893 0.3000000119
47312  -44.553  -33.257  -18.245 0.3000000119
47322  -45.863  -33.899  -19.488 0.4000000060
47353  -46.692  -33.254  -22.380 0.4000000060
47358  -47.079  -33.732  -23.902 0.4000000060
47365  -52.951  -33.572  -26.128 0.3000000119
47372  -49.669  -32.949  -26.322 0.4000000060
48367  -45.666  -32.647  -19.308 0.4000000060
48397  -45.776  -31.710  -24.334 0.4000000060
48399  -46.839  -32.963  -25.010 0.4000000060
48401  -51.803  -32.327  -25.546 0.4000000060
48404  -48.137  -32.554  -25.734 0.3000000119
49430  -44.786  -31.195  -17.830 0.3000000119
49459  -45.773  -31.380  -20.294 0.4000000060
49477  -50.130  -31.788  -23.245 0.4000000060
49481  -50.097  -30.925  -23.696 0.4000000060
49486  -45.413  -30.855  -24.714 0.4000000060
49488  -51.323  -31.059  -25.576 0.4000000060
49492  -45.794  -30.936  -25.204 0.5000000000
50547  -45.731  -30.103  -21.132 0.4000000060
50585  -45.479  -30.285  -25.174 0.4000000060
50586  -46.284  -30.443  -25.458 0.5000000000
51673  -44.820  -29.722  -17.457 0.3000000119
51674  -45.502  -29.688  -18.044 0.4000000060
51743  -45.595  -29.084  -25.034 0.5000000000
51747  -45.271  -29.707  -25.046 0.4000000060
53794  -46.433  -27.080  -19.874 0.4000000060
54846  -44.639  -26.883  -16.955 0.3000000119
54847  -45.563  -26.640  -17.354 0.4000000060
54857  -46.108  -26.291  -17.960 0.4000000060
54858  -46.373  -25.984  -18.721 0.4000000060
56988  -45.662  -24.568  -17.774 0.4000000060
58086  -45.234  -23.870  -17.818 0.4000000060
137841  -39.365  -57.089  -17.580 0.3000000119
138198  -43.599  -50.234  -23.530 0.5000000000
138344  -58.403  -45.843  -22.180 0.3000000119
138765  -42.826  -57.143  -15.370 0.3000000119
138793  -45.709  -43.221  -21.340 0.6000000238
139227  -52.980  -49.468  -24.880 0.6999999881
140708  -43.973  -43.446  -23.255 0.6000000238
141315  -40.502  -54.672  -17.483 0.4000000060
141744  -44.557  -44.473  -19.684 0.5000000000
142024  -50.594  -41.876  -24.581 0.5000000000
142244  -50.202  -47.926  -22.287 0.6999999881
142265  -52.990  -47.696  -23.943 0.5000000000
142636  -56.367  -44.791  -23.411 0.6000000238
143655  -49.838  -43.259  -20.466 0.6999999881
143752  -52.366  -51.679  -23.671 0.6000000238
148178  -46.031  -44.950  -19.318 0.6000000238
148419  -44.876  -35.953  -19.314 0.4000000060
148461  -56.239  -40.104  -24.963 0.5000000000
149302  -44.166  -34.983  -18.750 0.3000000119
149798  -45.497  -42.454  -24.264 0.6000000238
150198  -45.871  -29.900  -20.381 0.4000000060
150561  -44.382  -51.273  -25.279 0.6999999881
150739  -46.012  -36.696  -20.036 0.4000000060
150931  -48.584  -40.368  -22.714 0.6000000238
151605  -46.862  -53.768  -25.737 0.6000000238
151606  -44.960  -52.857  -25.610 0.6000000238
151679  -44.526  -39.586  -23.761 0.5000000000
152038  -47.490  -34.347  -23.489 0.4000000060
152627  -55.318  -47.232  -23.829 0.5000000000
153257  -47.165  -43.366  -24.327 0.6000000238
153469  -54.642  -38.914  -25.824 0.3000000119
154534  -48.342  -47.982  -21.605 0.6000000238
154606  -45.862  -24.010  -18.119 0.4000000060
155108  -45.039  -42.771  -24.393 0.6000000238
155368  -45.594  -55.690  -24.195 0.5000000000
155499  -43.265  -56.017  -15.033 0.3000000119
157163  -50.137  -40.339  -24.709 0.5000000000
157632  -45.865  -28.003  -17.874 0.4000000060
158193  -49.856  -45.968  -20.104 0.6999999881
159347  -54.225  -50.383  -22.140 0.3000000119
159412  -46.606  -50.519  -18.968 0.4000000060
160426  -42.855  -54.301  -15.447 0.3000000119
160450  -46.928  -43.210  -24.401 0.6000000238
160746  -52.339  -37.279  -26.012 0.4000000060
160919  -58.464  -47.572  -21.496 0.3000000119
161016  -47.289  -44.724  -19.407 0.6000000238
161047  -49.433  -36.980  -24.475 0.4000000060
161193  -57.520  -42.505  -22.085 0.3000000119
161197  -55.169  -39.314  -25.550 0.3000000119
161869  -45.947  -51.886  -20.485 0.4000000060
162621  -40.940  -55.695  -26.361 0.4000000060
163929  -44.976  -53.618  -25.744 0.6000000238
164186  -46.332  -46.464  -19.797 0.5000000000
164335  -41.872  -42.923  -23.459 0.4000000060
164377  -44.662  -34.715  -18.750 0.4000000060
165229  -46.681  -37.511  -20.519 0.5000000000
165471  -44.072  -33.015  -17.953 0.3000000119
165508  -47.773  -47.404  -20.746 0.6999999881
165661  -47.334  -35.804  -20.779 0.4000000060
165991  -52.718  -51.309  -23.287 0.5000000000
166104  -44.717  -37.461  -20.598 0.4000000060
166345  -53.141  -48.066  -24.345 0.5000000000
