#!ascii label  , from subject sub-LJ001 vox2ras=TkReg
2118
9800  -19.955  -65.005  -25.863 0.5000000000
163406  -17.836  -67.272  -23.973 0.5000000000
144533  -17.744  -67.911  -22.566 0.5000000000
5485  -17.286  -68.617  -22.032 0.5000000000
10989  -20.722  -63.603  -25.715 0.5000000000
9801  -20.397  -64.283  -25.751 0.5000000000
10973  -20.980  -64.245  -25.000 0.5000000000
8632  -20.450  -65.166  -24.864 0.5000000000
9760  -21.327  -64.358  -23.123 0.6000000238
8631  -19.936  -65.947  -24.343 0.5000000000
141719  -16.884  -69.326  -22.314 0.5000000000
149373  -18.363  -66.700  -24.183 0.5000000000
3728  -17.317  -70.502  -21.359 0.5000000000
6459  -18.053  -67.173  -22.882 0.6000000238
4574  -17.067  -69.323  -21.704 0.6000000238
7492  -19.020  -66.946  -21.720 0.6000000238
5474  -17.493  -68.877  -21.218 0.6000000238
3719  -17.852  -70.090  -20.841 0.6999999881
6445  -19.111  -67.253  -20.705 0.6999999881
5461  -17.969  -68.981  -20.605 0.6999999881
6416  -19.411  -67.835  -19.749 0.6999999881
5452  -19.810  -68.957  -19.373 0.6999999881
4554  -19.439  -70.065  -20.182 0.6999999881
10974  -21.314  -63.340  -25.202 0.5000000000
144753  -21.875  -63.475  -24.304 0.6000000238
12191  -22.310  -63.042  -23.962 0.6000000238
143501  -22.384  -62.839  -23.014 0.6000000238
8605  -20.216  -66.191  -22.956 0.5000000000
3730  -18.746  -70.558  -21.386 0.5000000000
3740  -18.883  -70.527  -22.272 0.5000000000
158693  -19.717  -68.928  -23.039 0.6999999881
4562  -19.343  -70.102  -21.744 0.6999999881
4576  -19.796  -69.298  -22.147 0.6999999881
7518  -18.597  -66.649  -23.402 0.6000000238
143022  -19.766  -66.519  -21.765 0.6999999881
4563  -20.067  -69.913  -20.952 0.6999999881
7493  -19.665  -66.640  -21.016 0.6999999881
7470  -19.957  -67.314  -19.410 0.6999999881
161852  -21.459  -68.905  -20.425 0.6999999881
6399  -20.868  -68.246  -18.557 0.6999999881
4534  -20.797  -69.007  -18.920 0.6999999881
4544  -20.424  -69.451  -19.423 0.6999999881
5464  -21.942  -68.245  -20.278 0.6999999881
5448  -21.536  -68.602  -18.460 0.6999999881
6417  -22.897  -68.101  -18.705 0.6999999881
5454  -22.386  -68.262  -19.422 0.6999999881
6418  -23.221  -67.263  -18.988 0.6999999881
12221  -22.358  -62.233  -25.732 0.5000000000
12207  -23.346  -62.282  -24.501 0.6000000238
13319  -24.114  -61.978  -24.201 0.6000000238
12193  -23.434  -62.206  -23.369 0.6000000238
151395  -23.518  -61.886  -22.112 0.6000000238
158457  -21.524  -64.049  -22.365 0.6000000238
12166  -22.466  -62.314  -21.517 0.6000000238
9740  -21.160  -64.883  -22.231 0.6000000238
5498  -20.821  -67.963  -23.514 0.6999999881
160936  -20.766  -65.514  -22.184 0.6999999881
5487  -20.888  -68.067  -22.351 0.6999999881
6494  -21.784  -67.373  -24.613 0.6999999881
6515  -22.025  -66.801  -25.023 0.6999999881
9723  -21.324  -64.863  -21.162 0.6999999881
6461  -21.529  -67.500  -23.054 0.6999999881
7537  -22.623  -66.141  -24.640 0.6999999881
7494  -20.281  -66.097  -21.297 0.6999999881
8580  -21.183  -65.106  -20.096 0.6999999881
5476  -21.137  -68.531  -21.329 0.6999999881
6446  -21.531  -67.573  -21.956 0.6999999881
162947  -22.099  -67.238  -23.523 0.6999999881
159368  -22.734  -66.483  -23.940 0.6999999881
7471  -20.228  -66.536  -19.576 0.6999999881
8557  -20.729  -66.166  -18.990 0.6999999881
5477  -21.525  -68.099  -21.000 0.6999999881
7521  -22.936  -66.216  -23.393 0.6999999881
6400  -21.347  -67.800  -17.990 0.6999999881
7495  -22.375  -66.667  -21.192 0.6999999881
7506  -22.164  -66.876  -21.995 0.6999999881
6387  -22.736  -67.897  -17.390 0.6999999881
154522  -22.879  -66.813  -19.816 0.6999999881
149097  -22.848  -65.976  -21.181 0.6999999881
6402  -23.391  -67.691  -18.127 0.6999999881
146011  -23.047  -65.867  -20.305 0.6999999881
7457  -23.661  -66.679  -18.398 0.6999999881
163959  -22.752  -61.654  -26.052 0.5000000000
151503  -24.735  -61.536  -25.091 0.6000000238
13320  -24.992  -61.666  -23.925 0.6000000238
14420  -25.120  -60.855  -25.797 0.5000000000
166095  -25.660  -61.057  -22.748 0.6000000238
15631  -23.302  -60.147  -26.064 0.5000000000
14431  -23.768  -60.695  -26.206 0.5000000000
13310  -25.107  -61.525  -22.837 0.6000000238
14374  -25.922  -60.640  -22.052 0.6000000238
148278  -24.439  -61.549  -21.846 0.6000000238
14373  -25.221  -61.039  -21.159 0.6000000238
12165  -22.067  -62.895  -21.306 0.6000000238
9741  -21.501  -64.139  -21.596 0.6999999881
12152  -22.361  -62.390  -20.676 0.6999999881
9724  -21.410  -64.546  -20.424 0.6999999881
12151  -22.044  -63.097  -20.470 0.6999999881
8644  -22.803  -65.292  -25.339 0.6999999881
9701  -21.368  -64.735  -18.731 0.6999999881
145369  -21.731  -63.720  -19.479 0.6999999881
8633  -23.109  -65.296  -24.614 0.6999999881
9802  -23.973  -64.518  -26.035 0.6999999881
147436  -21.658  -64.374  -18.240 0.6999999881
8620  -23.374  -65.337  -23.411 0.6999999881
9788  -23.702  -64.780  -24.554 0.6999999881
9816  -23.886  -64.298  -26.771 0.6999999881
7421  -22.165  -66.328  -16.785 0.6000000238
8607  -23.603  -64.967  -22.609 0.6999999881
145044  -23.826  -64.743  -23.856 0.6999999881
144113  -24.875  -64.643  -25.149 0.6999999881
9803  -24.751  -64.454  -25.859 0.6999999881
9833  -25.293  -63.915  -26.925 0.6999999881
7434  -22.458  -67.356  -16.898 0.6999999881
8593  -23.289  -65.515  -21.892 0.6999999881
9761  -24.429  -64.236  -22.680 0.6000000238
9780  -25.255  -64.497  -23.796 0.6999999881
9790  -25.464  -64.873  -24.664 0.6999999881
7458  -24.028  -66.411  -17.660 0.6000000238
7472  -23.252  -66.273  -19.355 0.6999999881
8571  -23.444  -65.395  -19.755 0.6999999881
8581  -23.394  -65.273  -21.077 0.6999999881
9743  -24.421  -64.001  -21.219 0.6000000238
9762  -25.371  -63.791  -22.544 0.6000000238
145728  -24.280  -65.271  -17.562 0.6000000238
8572  -23.732  -64.890  -19.401 0.6000000238
9726  -24.365  -63.893  -20.508 0.6000000238
158279  -25.083  -63.279  -21.075 0.5000000000
9744  -25.621  -63.468  -21.759 0.5000000000
9763  -26.204  -63.978  -22.279 0.5000000000
9702  -24.276  -63.937  -18.494 0.6000000238
10880  -25.625  -62.683  -19.713 0.5000000000
10902  -25.712  -62.926  -20.515 0.5000000000
14409  -26.237  -60.534  -24.389 0.6000000238
14421  -25.865  -60.309  -25.448 0.6000000238
15584  -26.771  -59.075  -22.094 0.5000000000
17999  -27.161  -57.427  -22.111 0.6999999881
14433  -25.100  -60.050  -26.069 0.5000000000
16849  -25.203  -58.448  -25.410 0.6000000238
15626  -26.389  -58.640  -25.015 0.6000000238
15613  -23.278  -59.112  -24.435 0.6000000238
15623  -23.805  -59.465  -25.643 0.6000000238
15557  -26.249  -59.940  -20.645 0.4000000060
16843  -24.349  -58.071  -24.973 0.6000000238
14355  -25.644  -60.534  -20.378 0.5000000000
14354  -24.783  -60.889  -20.149 0.6000000238
13280  -23.320  -61.468  -20.390 0.6000000238
10878  -22.377  -62.631  -19.758 0.6999999881
140283  -22.748  -61.917  -20.068 0.6000000238
141648  -22.441  -63.053  -18.160 0.6999999881
8514  -22.056  -65.291  -16.713 0.6000000238
9688  -22.168  -63.909  -17.257 0.6000000238
7422  -22.940  -66.923  -16.327 0.6000000238
9791  -25.836  -64.818  -23.895 0.6000000238
8634  -26.195  -65.383  -25.190 0.6000000238
9804  -25.512  -64.747  -25.710 0.6999999881
9819  -26.136  -64.174  -26.453 0.6999999881
9834  -25.961  -63.908  -26.790 0.6999999881
7436  -24.144  -66.564  -16.863 0.6000000238
9781  -25.894  -64.285  -23.159 0.6000000238
11009  -26.075  -63.702  -27.184 0.6999999881
10851  -24.553  -63.799  -17.652 0.6000000238
9745  -26.440  -63.766  -21.349 0.4000000060
152503  -27.252  -65.166  -22.266 0.4000000060
8609  -27.235  -65.462  -23.105 0.5000000000
8636  -26.831  -65.842  -24.684 0.6000000238
8662  -27.266  -65.561  -26.046 0.6000000238
11011  -27.714  -63.342  -27.124 0.6000000238
10864  -25.591  -62.613  -18.742 0.5000000000
10865  -26.227  -62.677  -19.226 0.5000000000
10881  -26.467  -63.194  -19.908 0.5000000000
10903  -26.225  -63.260  -20.728 0.5000000000
7523  -28.456  -66.502  -23.867 0.4000000060
164487  -27.995  -66.361  -24.412 0.6000000238
18005  -27.256  -57.428  -23.239 0.6000000238
15602  -26.857  -58.940  -23.334 0.6000000238
17987  -26.866  -57.427  -20.908 0.6000000238
18010  -24.958  -57.504  -24.993 0.6000000238
18011  -26.467  -57.119  -24.696 0.5000000000
20363  -25.847  -55.388  -24.422 0.6000000238
20362  -24.638  -55.487  -24.211 0.6000000238
16803  -26.678  -58.406  -20.515 0.6000000238
16842  -23.519  -58.418  -24.400 0.6999999881
20361  -23.461  -55.903  -23.981 0.6000000238
20346  -24.008  -55.001  -23.683 0.6000000238
15540  -26.065  -60.071  -19.721 0.5000000000
16781  -26.528  -58.544  -19.600 0.6000000238
150079  -22.857  -58.579  -22.554 0.6000000238
20360  -22.416  -56.288  -23.634 0.6999999881
14331  -25.302  -60.482  -19.600 0.5000000000
19113  -21.942  -56.976  -23.341 0.6999999881
14329  -23.733  -60.965  -19.021 0.6000000238
19112  -21.271  -56.669  -22.693 0.6000000238
12110  -22.634  -62.563  -18.598 0.6000000238
13240  -23.277  -61.489  -18.686 0.6000000238
13225  -23.330  -61.653  -17.747 0.6000000238
12094  -22.819  -62.491  -17.703 0.6000000238
158229  -22.465  -64.216  -16.013 0.6000000238
9643  -23.679  -65.093  -14.787 0.6000000238
10814  -25.218  -63.254  -15.662 0.6000000238
9665  -24.704  -64.957  -15.915 0.6000000238
12081  -26.655  -61.943  -16.891 0.6000000238
10852  -25.208  -62.843  -17.715 0.6000000238
7560  -27.716  -66.200  -25.640 0.6000000238
139465  -28.098  -65.466  -26.294 0.6000000238
9821  -28.235  -64.207  -26.572 0.6000000238
12111  -26.460  -62.561  -18.493 0.5000000000
9713  -27.172  -64.084  -19.292 0.5000000000
9728  -27.258  -64.716  -20.005 0.5000000000
11013  -29.666  -62.935  -27.622 0.6000000238
7541  -29.128  -66.889  -24.306 0.4000000060
7576  -29.437  -66.533  -26.044 0.6000000238
141416  -28.964  -64.839  -26.459 0.6000000238
20347  -27.177  -55.795  -22.618 0.6000000238
21578  -27.196  -54.863  -22.652 0.5000000000
20338  -26.939  -55.659  -21.599 0.6000000238
143576  -26.854  -54.817  -21.362 0.5000000000
19123  -27.046  -56.615  -24.057 0.6000000238
21592  -26.492  -54.097  -23.857 0.6000000238
19107  -27.061  -56.556  -21.772 0.5000000000
19095  -26.631  -56.424  -20.776 0.5000000000
19081  -26.024  -56.223  -19.874 0.5000000000
21606  -26.170  -54.606  -24.137 0.5000000000
20364  -26.672  -55.215  -23.991 0.6000000238
154696  -24.547  -54.363  -23.514 0.5000000000
141549  -26.532  -57.838  -20.002 0.6000000238
20344  -21.561  -56.098  -23.236 0.6999999881
21589  -22.663  -54.413  -22.701 0.6000000238
21577  -21.639  -54.534  -22.497 0.6000000238
14290  -24.845  -60.256  -18.034 0.5000000000
19105  -21.346  -56.977  -21.889 0.5000000000
20343  -20.709  -56.210  -22.810 0.6999999881
14306  -23.744  -61.023  -18.188 0.5000000000
12079  -23.291  -62.031  -16.065 0.5000000000
10834  -22.614  -63.563  -15.782 0.6000000238
10770  -24.631  -63.429  -13.662 0.6000000238
9625  -24.123  -64.532  -14.340 0.5000000000
139892  -25.704  -62.668  -14.991 0.6000000238
9627  -25.100  -63.835  -14.697 0.6000000238
12112  -27.136  -62.745  -18.029 0.5000000000
6516  -29.834  -67.113  -24.630 0.5000000000
7562  -30.044  -67.044  -25.540 0.5000000000
8664  -30.565  -65.437  -26.598 0.6000000238
9836  -30.259  -63.414  -27.037 0.6000000238
22827  -27.486  -53.436  -22.747 0.6000000238
151916  -27.300  -54.111  -22.189 0.6000000238
23991  -27.133  -52.820  -23.453 0.6000000238
20315  -25.886  -55.310  -19.655 0.5000000000
22836  -25.329  -53.188  -23.225 0.6000000238
23988  -24.326  -53.019  -22.516 0.6999999881
19072  -26.095  -56.833  -18.888 0.6000000238
22825  -22.465  -53.557  -22.170 0.6000000238
22835  -23.499  -53.631  -22.486 0.6000000238
153955  -26.421  -57.767  -19.064 0.6000000238
21576  -20.411  -54.911  -22.381 0.6000000238
22824  -21.346  -53.627  -22.034 0.6000000238
15522  -25.651  -59.964  -18.260 0.5000000000
13215  -23.725  -61.183  -16.295 0.5000000000
19093  -20.558  -56.488  -21.456 0.5000000000
21575  -19.518  -55.808  -22.144 0.6000000238
12059  -22.865  -62.858  -15.412 0.5000000000
12022  -24.532  -62.655  -13.186 0.6000000238
12021  -23.866  -63.209  -13.520 0.5000000000
12040  -26.344  -62.095  -14.634 0.5000000000
12062  -26.629  -61.970  -15.783 0.5000000000
7564  -31.648  -66.463  -25.668 0.6000000238
7578  -31.167  -66.239  -26.361 0.6000000238
23992  -27.693  -52.026  -23.403 0.6000000238
22814  -27.576  -53.475  -21.612 0.5000000000
149207  -26.960  -53.427  -20.460 0.5000000000
25198  -26.618  -51.821  -23.204 0.6999999881
22799  -26.227  -53.880  -19.907 0.5000000000
25184  -24.783  -51.724  -22.012 0.6999999881
25197  -25.593  -51.954  -22.818 0.6000000238
21552  -25.814  -54.476  -19.314 0.5000000000
22826  -23.397  -52.800  -21.804 0.6000000238
158811  -25.794  -55.951  -19.046 0.5000000000
19061  -26.412  -56.972  -17.771 0.6000000238
23969  -22.021  -52.200  -20.683 0.6999999881
16744  -26.487  -58.947  -17.872 0.6000000238
149811  -20.256  -53.782  -21.794 0.6000000238
15493  -26.032  -59.325  -17.089 0.6000000238
21564  -18.392  -55.184  -21.157 0.6999999881
151710  -19.527  -54.794  -22.038 0.6999999881
14273  -24.133  -60.661  -16.542 0.5000000000
15508  -25.376  -59.885  -17.519 0.5000000000
20336  -19.028  -55.849  -21.432 0.6000000238
14259  -24.080  -60.637  -15.635 0.5000000000
20313  -19.460  -55.598  -20.075 0.5000000000
14243  -23.851  -60.854  -14.533 0.6000000238
13203  -23.587  -61.398  -15.276 0.5000000000
21551  -20.619  -55.124  -19.166 0.6000000238
139668  -23.418  -62.461  -13.945 0.5000000000
12039  -25.699  -62.594  -13.939 0.6000000238
161494  -27.461  -61.726  -14.435 0.5000000000
25200  -28.176  -51.449  -23.086 0.6999999881
25186  -28.464  -51.831  -21.922 0.5000000000
165390  -28.094  -52.158  -20.863 0.5000000000
27574  -25.870  -49.725  -21.729 0.8000000119
27589  -27.530  -50.137  -22.751 0.6999999881
23956  -26.283  -53.076  -19.540 0.5000000000
23941  -25.726  -52.828  -18.701 0.5000000000
26387  -24.583  -50.540  -20.761 0.6999999881
26394  -24.974  -50.880  -21.590 0.6999999881
25185  -25.613  -51.279  -22.457 0.8000000119
25183  -23.915  -52.030  -21.389 0.6999999881
22760  -25.382  -53.693  -17.902 0.5000000000
25168  -22.214  -51.644  -20.093 0.6999999881
25169  -23.598  -51.681  -20.786 0.6999999881
20299  -25.894  -56.091  -18.195 0.6000000238
164843  -25.572  -54.888  -18.069 0.5000000000
25167  -20.567  -51.944  -20.165 0.6000000238
23968  -21.065  -52.294  -20.631 0.6000000238
16721  -26.390  -58.869  -16.211 0.6000000238
22813  -18.917  -53.470  -21.047 0.6999999881
22823  -19.284  -54.044  -21.492 0.6999999881
166218  -24.621  -60.108  -15.591 0.6000000238
15492  -25.729  -59.441  -16.322 0.6000000238
21563  -17.815  -54.284  -20.786 0.6000000238
14260  -24.360  -60.212  -14.833 0.6000000238
146920  -24.150  -61.216  -12.867 0.6000000238
21535  -20.622  -54.592  -18.292 0.6000000238
13148  -25.696  -61.645  -12.807 0.6000000238
12024  -26.083  -61.984  -13.659 0.5000000000
27576  -27.588  -49.320  -22.269 0.6000000238
26412  -28.124  -49.924  -22.658 0.5000000000
25187  -28.706  -51.104  -21.607 0.5000000000
25133  -26.417  -51.514  -18.745 0.5000000000
27558  -25.436  -49.243  -20.880 0.8000000119
25132  -25.805  -52.059  -18.322 0.5000000000
26380  -24.270  -50.271  -20.112 0.6999999881
19051  -26.841  -56.730  -16.754 0.6000000238
22701  -19.097  -54.209  -13.851 0.6000000238
25153  -21.864  -51.212  -19.581 0.8000000119
22713  -18.282  -53.871  -15.553 0.6000000238
25166  -19.632  -52.052  -20.239 0.6999999881
25152  -20.970  -51.303  -19.594 0.8000000119
17944  -26.806  -57.612  -17.067 0.6000000238
21480  -19.906  -54.255  -15.146 0.6000000238
153622  -17.667  -53.445  -20.495 0.6000000238
15477  -24.944  -59.660  -15.136 0.6000000238
154329  -25.000  -59.307  -13.536 0.6000000238
153217  -19.095  -54.133  -17.583 0.6000000238
21516  -19.809  -54.290  -18.010 0.6000000238
21549  -18.093  -54.473  -19.640 0.6000000238
14229  -24.258  -60.556  -12.959 0.6000000238
15419  -25.481  -59.768  -12.096 0.6000000238
139581  -19.308  -54.887  -19.098 0.5000000000
13166  -26.620  -61.513  -13.306 0.5000000000
13187  -27.588  -61.431  -13.905 0.5000000000
13167  -28.158  -60.904  -13.464 0.5000000000
28777  -28.433  -48.139  -21.938 0.5000000000
144293  -29.029  -49.670  -21.587 0.5000000000
28774  -26.114  -48.913  -21.321 0.6000000238
29973  -27.893  -47.384  -21.725 0.5000000000
27557  -24.843  -49.597  -20.379 0.8000000119
28759  -25.557  -48.279  -20.675 0.6999999881
27545  -24.238  -49.559  -19.619 0.8000000119
26379  -23.525  -50.369  -19.397 0.8000000119
20267  -26.038  -55.162  -16.958 0.6000000238
23930  -25.353  -52.519  -16.859 0.5000000000
22687  -16.495  -53.892  -13.412 0.6000000238
26378  -22.433  -50.552  -19.103 0.8000000119
21502  -26.172  -54.945  -16.067 0.5000000000
22733  -16.439  -53.417  -15.936 0.6999999881
22712  -17.276  -53.717  -15.300 0.6000000238
25150  -19.321  -51.425  -19.839 0.8000000119
16703  -26.795  -58.191  -15.706 0.6000000238
17927  -27.043  -57.470  -16.189 0.6000000238
20268  -26.601  -55.796  -16.405 0.6000000238
22734  -17.409  -53.700  -16.244 0.6000000238
16691  -25.626  -58.734  -13.271 0.6000000238
16702  -26.211  -58.692  -15.213 0.6000000238
17908  -27.099  -57.505  -15.231 0.6000000238
22736  -19.252  -54.058  -16.727 0.6000000238
22811  -17.101  -53.062  -20.232 0.6000000238
25164  -18.386  -51.652  -19.911 0.5000000000
16665  -25.758  -58.976  -12.184 0.6000000238
149635  -17.635  -53.990  -19.051 0.6000000238
14211  -26.995  -60.444  -12.257 0.6000000238
159517  -26.849  -59.659  -11.816 0.6000000238
14212  -27.795  -59.896  -12.279 0.5000000000
14245  -29.142  -60.649  -13.807 0.5000000000
13188  -28.665  -61.376  -14.144 0.5000000000
154423  -30.191  -60.787  -15.091 0.5000000000
29957  -27.284  -46.543  -21.276 0.6000000238
28743  -24.944  -47.671  -20.140 0.6999999881
22681  -15.753  -53.669  -12.569 0.6000000238
28741  -23.978  -48.717  -19.207 0.8000000119
22738  -25.472  -53.685  -16.408 0.5000000000
22686  -15.661  -53.203  -13.646 0.6000000238
28724  -23.244  -48.817  -18.813 0.8000000119
22716  -25.918  -53.828  -14.770 0.5000000000
22711  -16.276  -53.467  -15.000 0.6999999881
27543  -20.449  -50.083  -19.041 0.8000000119
19037  -27.142  -56.522  -15.703 0.6000000238
20248  -26.800  -55.517  -15.481 0.6000000238
23929  -15.489  -52.690  -17.396 0.8000000119
151120  -18.979  -50.939  -19.544 0.6999999881
16692  -26.648  -58.134  -14.762 0.6000000238
19023  -27.764  -56.247  -13.991 0.6000000238
22778  -16.307  -53.283  -17.975 0.6999999881
23940  -16.297  -52.956  -19.081 0.6999999881
25149  -17.337  -52.267  -20.027 0.6000000238
150462  -26.346  -58.343  -12.569 0.6000000238
17881  -27.617  -57.433  -12.603 0.6000000238
22779  -17.250  -53.642  -18.338 0.6000000238
141644  -27.734  -57.844  -12.104 0.5000000000
15422  -28.297  -59.185  -12.282 0.5000000000
29956  -26.411  -46.855  -21.017 0.6000000238
31179  -27.509  -45.338  -21.124 0.5000000000
21422  -14.690  -54.313  -10.334 0.6000000238
31177  -25.754  -46.060  -20.617 0.6999999881
21429  -14.973  -54.426  -10.833 0.6000000238
142423  -24.236  -47.787  -19.486 0.6999999881
29946  -24.389  -46.776  -19.740 0.6000000238
23859  -15.503  -52.629  -13.114 0.6000000238
23846  -15.633  -53.026  -11.978 0.6000000238
147666  -23.522  -47.934  -19.048 0.6000000238
145357  -22.734  -48.013  -18.897 0.6999999881
23890  -15.268  -52.394  -15.224 0.8000000119
27526  -21.406  -48.931  -19.018 0.6999999881
29939  -22.259  -47.287  -18.639 0.6000000238
23909  -15.214  -52.442  -16.604 0.8000000119
27542  -19.742  -49.723  -18.990 0.8000000119
28722  -19.870  -48.363  -18.772 0.6999999881
25113  -15.083  -51.495  -17.919 0.6999999881
25147  -16.136  -52.097  -19.396 0.6999999881
26358  -17.882  -50.202  -19.065 0.6000000238
27523  -18.444  -49.422  -18.713 0.8000000119
22633  -14.118  -53.218  -9.962 0.6000000238
23834  -15.751  -53.810  -11.108 0.6000000238
25026  -15.603  -52.124  -12.808 0.6999999881
31156  -22.655  -46.389  -18.322 0.6000000238
23871  -15.464  -52.516  -14.182 0.6999999881
25079  -15.102  -51.409  -15.236 0.6999999881
29938  -21.311  -47.505  -18.465 0.6999999881
29937  -20.263  -47.593  -18.267 0.6000000238
25099  -14.904  -51.821  -16.130 0.8000000119
26334  -15.207  -50.175  -16.723 0.6000000238
26341  -15.754  -50.497  -18.189 0.5000000000
28721  -18.971  -48.597  -18.617 0.6999999881
29936  -19.228  -47.810  -18.268 0.6999999881
31147  -21.078  -45.995  -17.676 0.6000000238
23928  -14.896  -51.922  -17.014 0.8000000119
27521  -16.404  -49.596  -18.127 0.6000000238
27522  -17.430  -49.526  -18.416 0.6000000238
23817  -13.996  -52.383  -10.173 0.6000000238
22634  -15.004  -53.569  -9.686 0.6000000238
23835  -15.897  -53.247  -11.148 0.6999999881
22645  -15.735  -54.064  -10.047 0.6000000238
23847  -15.903  -52.388  -11.951 0.6999999881
25042  -15.827  -51.415  -13.412 0.6999999881
25061  -15.631  -51.149  -14.187 0.6999999881
26300  -15.436  -50.546  -14.926 0.6000000238
31155  -21.730  -46.679  -18.072 0.6000000238
26320  -14.951  -50.771  -15.905 0.6000000238
28718  -16.154  -49.008  -17.688 0.6000000238
32375  -22.379  -45.584  -17.235 0.5000000000
31146  -19.984  -46.147  -17.743 0.6000000238
32374  -21.417  -45.216  -17.248 0.5000000000
32354  -21.913  -45.343  -16.388 0.5000000000
31145  -18.827  -46.153  -17.526 0.6000000238
32373  -20.335  -45.193  -17.423 0.5000000000
26244  -14.946  -50.773  -10.632 0.6000000238
24992  -15.238  -52.177  -9.637 0.6000000238
22646  -16.446  -53.664  -9.945 0.6999999881
23801  -16.506  -52.915  -9.445 0.6999999881
23836  -16.526  -52.810  -11.120 0.6999999881
154709  -16.584  -50.857  -13.331 0.6000000238
164028  -16.043  -50.885  -13.753 0.5000000000
26322  -16.293  -49.786  -15.070 0.6999999881
27476  -18.055  -49.489  -15.051 0.6000000238
27491  -16.242  -49.208  -15.888 0.6000000238
28688  -16.192  -48.698  -16.719 0.6000000238
29911  -16.980  -47.606  -16.555 0.6000000238
29926  -17.410  -47.389  -17.271 0.6000000238
31144  -17.801  -46.368  -17.093 0.5000000000
32351  -18.554  -44.443  -17.005 0.5000000000
33636  -20.111  -43.842  -16.511 0.5000000000
28623  -16.949  -48.278  -12.947 0.6999999881
28612  -16.920  -48.939  -12.000 0.6999999881
29872  -17.582  -47.397  -12.867 0.6999999881
143414  -15.846  -50.555  -10.239 0.6000000238
164893  -16.620  -49.351  -11.347 0.6999999881
28624  -17.547  -48.339  -12.412 0.6999999881
29873  -18.236  -47.911  -12.182 0.6999999881
29858  -18.930  -47.324  -11.670 0.6000000238
24993  -16.004  -52.190  -9.412 0.6999999881
26245  -16.738  -50.488  -9.975 0.6999999881
26246  -17.614  -50.517  -9.945 0.6999999881
27434  -18.265  -49.217  -11.211 0.6999999881
23802  -17.420  -52.792  -9.408 0.6999999881
25012  -16.355  -51.326  -9.631 0.6999999881
26247  -18.505  -50.473  -10.140 0.6999999881
23848  -16.857  -51.922  -11.870 0.6999999881
25043  -17.663  -50.742  -13.089 0.6000000238
26276  -17.460  -50.265  -13.844 0.6000000238
27477  -18.897  -49.401  -15.074 0.6000000238
28675  -18.882  -48.760  -15.311 0.6000000238
27492  -17.173  -49.318  -15.417 0.6000000238
28674  -17.730  -48.160  -15.801 0.6000000238
29912  -18.551  -47.912  -15.449 0.6000000238
29917  -17.507  -47.147  -16.052 0.5000000000
29903  -18.063  -46.769  -15.274 0.6000000238
31118  -18.097  -45.906  -14.676 0.6000000238
31133  -17.532  -45.850  -16.608 0.5000000000
31126  -17.605  -45.648  -15.737 0.5000000000
33615  -18.115  -44.323  -15.310 0.5000000000
29871  -16.731  -47.290  -13.532 0.6999999881
31090  -18.330  -46.847  -12.245 0.6000000238
31076  -18.762  -46.346  -11.400 0.6000000238
29859  -19.540  -47.662  -11.163 0.6000000238
145608  -20.146  -47.928  -10.663 0.4000000060
27422  -18.782  -49.738  -10.786 0.6000000238
27435  -19.056  -49.145  -11.239 0.5000000000
28615  -19.612  -48.631  -11.114 0.5000000000
27413  -21.164  -49.525  -9.898 0.4000000060
28600  -20.968  -48.534  -9.593 0.5000000000
22647  -17.331  -53.434  -9.905 0.6999999881
23803  -18.272  -52.748  -9.422 0.8000000119
26233  -18.205  -51.319  -9.503 0.6999999881
26248  -20.047  -50.618  -10.343 0.5000000000
26249  -21.003  -51.210  -10.223 0.4000000060
26236  -21.515  -50.531  -10.085 0.4000000060
26237  -22.476  -50.702  -9.994 0.4000000060
26238  -23.381  -50.634  -9.992 0.4000000060
22648  -18.243  -53.356  -9.931 0.8000000119
23818  -19.257  -53.225  -9.923 0.8000000119
23804  -19.099  -52.783  -9.564 0.8000000119
156595  -19.710  -52.266  -9.503 0.8000000119
24996  -20.676  -52.331  -9.918 0.6000000238
162272  -21.390  -51.916  -10.170 0.5000000000
26250  -21.998  -51.430  -10.387 0.4000000060
26251  -22.936  -51.200  -10.559 0.4000000060
156632  -17.475  -52.685  -11.126 0.6999999881
25028  -17.890  -51.370  -12.365 0.8000000119
25029  -19.135  -51.748  -12.195 0.6999999881
26278  -20.124  -50.399  -13.962 0.5000000000
25021  -22.856  -51.663  -11.627 0.5000000000
25022  -23.419  -51.221  -11.511 0.4000000060
25014  -23.689  -50.902  -10.865 0.4000000060
25044  -18.666  -50.833  -12.972 0.6000000238
26303  -19.563  -49.887  -14.619 0.5000000000
27478  -19.832  -49.305  -15.111 0.5000000000
28659  -19.827  -48.586  -15.193 0.6000000238
29904  -19.244  -47.629  -14.959 0.6000000238
31119  -18.858  -46.704  -14.428 0.6000000238
160902  -17.141  -46.563  -13.445 0.6000000238
32292  -17.513  -45.125  -12.748 0.5000000000
31075  -18.187  -45.785  -12.035 0.5000000000
32274  -18.451  -45.542  -11.027 0.4000000060
31057  -18.985  -46.012  -10.465 0.5000000000
29842  -19.929  -47.033  -10.303 0.5000000000
29843  -20.550  -48.046  -10.043 0.5000000000
29831  -20.543  -47.704  -9.069 0.5000000000
27404  -21.635  -49.095  -8.834 0.5000000000
145436  -22.183  -49.060  -8.045 0.5000000000
27415  -22.920  -50.222  -9.209 0.5000000000
27406  -23.332  -49.684  -8.540 0.5000000000
23819  -20.245  -53.019  -10.142 0.6999999881
23820  -20.949  -52.714  -10.434 0.6000000238
25031  -21.171  -51.641  -12.535 0.5000000000
23839  -21.374  -52.582  -11.157 0.5000000000
27425  -24.137  -50.279  -10.165 0.5000000000
27417  -24.417  -49.496  -9.474 0.5000000000
146771  -19.150  -52.609  -11.352 0.8000000119
23850  -19.993  -52.523  -11.598 0.6999999881
25030  -20.270  -51.720  -12.416 0.6000000238
25032  -21.951  -51.500  -12.529 0.5000000000
26263  -22.895  -50.657  -12.763 0.4000000060
152545  -23.504  -50.357  -12.456 0.5000000000
26252  -24.270  -50.227  -11.088 0.4000000060
27426  -24.454  -49.684  -10.447 0.5000000000
26304  -20.444  -49.849  -14.624 0.5000000000
27457  -21.190  -49.736  -14.360 0.5000000000
143923  -21.729  -50.285  -13.734 0.6000000238
26281  -22.445  -50.127  -13.382 0.5000000000
27445  -22.632  -49.329  -13.356 0.5000000000
28625  -23.068  -48.520  -12.788 0.5000000000
27479  -20.639  -49.229  -14.949 0.5000000000
29891  -20.714  -47.796  -14.046 0.5000000000
27458  -21.926  -49.581  -13.966 0.5000000000
28642  -22.365  -48.584  -13.346 0.5000000000
31120  -19.774  -47.283  -14.254 0.6000000238
31109  -20.158  -46.767  -13.510 0.6000000238
33574  -17.149  -44.122  -12.560 0.5000000000
33553  -17.272  -43.923  -11.705 0.5000000000
32273  -17.829  -44.772  -11.663 0.5000000000
32255  -18.188  -44.951  -10.436 0.4000000060
32256  -18.585  -45.536  -10.180 0.4000000060
33552  -16.631  -43.455  -12.147 0.5000000000
33537  -17.485  -44.310  -10.701 0.4000000060
31058  -19.388  -46.432  -9.772 0.5000000000
29830  -19.886  -46.966  -9.068 0.6000000238
29820  -20.076  -47.430  -8.214 0.5000000000
28591  -21.090  -48.286  -8.504 0.5000000000
29821  -21.083  -48.135  -7.636 0.4000000060
28585  -22.332  -48.607  -7.403 0.4000000060
28586  -23.363  -48.486  -7.226 0.4000000060
33536  -16.731  -43.486  -10.914 0.4000000060
33522  -16.984  -44.173  -9.839 0.4000000060
33523  -17.583  -44.815  -9.586 0.4000000060
32242  -18.742  -45.942  -9.450 0.5000000000
31032  -18.797  -46.559  -8.428 0.5000000000
31033  -19.364  -47.141  -7.773 0.5000000000
32221  -17.381  -45.597  -8.586 0.4000000060
161756  -17.333  -46.164  -7.864 0.4000000060
31018  -18.515  -46.776  -7.288 0.5000000000
31019  -19.273  -47.060  -6.969 0.4000000060
29811  -20.678  -47.733  -7.154 0.4000000060
29812  -21.510  -48.078  -7.074 0.4000000060
29805  -21.801  -47.432  -6.702 0.4000000060
34788  -15.423  -42.704  -9.761 0.4000000060
34789  -16.176  -43.685  -9.472 0.4000000060
33502  -16.708  -44.804  -8.658 0.4000000060
36083  -14.833  -42.534  -8.339 0.4000000060
158790  -15.395  -43.325  -7.442 0.4000000060
32220  -16.854  -45.684  -7.680 0.4000000060
32201  -16.772  -45.531  -6.883 0.4000000060
32202  -17.260  -46.170  -7.180 0.5000000000
31003  -18.514  -46.481  -6.648 0.5000000000
31004  -19.535  -46.697  -6.536 0.4000000060
29804  -20.942  -47.440  -6.705 0.4000000060
32187  -16.974  -45.164  -6.621 0.4000000060
33474  -18.669  -45.317  -6.600 0.4000000060
32203  -19.604  -45.465  -6.723 0.4000000060
31005  -20.427  -46.798  -6.563 0.4000000060
31006  -21.444  -46.669  -6.741 0.4000000060
36082  -14.117  -41.655  -8.629 0.4000000060
36065  -14.581  -41.922  -7.033 0.3000000119
33470  -15.660  -43.623  -6.779 0.3000000119
33471  -16.304  -44.556  -6.745 0.4000000060
37330  -14.941  -41.558  -6.679 0.4000000060
36057  -15.602  -42.880  -6.585 0.3000000119
34740  -16.126  -43.666  -6.511 0.4000000060
36066  -17.105  -42.341  -6.968 0.5000000000
33487  -18.310  -44.506  -6.760 0.4000000060
33488  -19.256  -44.736  -7.056 0.4000000060
33489  -20.134  -44.937  -7.379 0.4000000060
32223  -21.846  -45.331  -7.941 0.3000000119
146060  -17.260  -41.708  -7.732 0.5000000000
36084  -17.732  -42.291  -7.887 0.5000000000
34754  -18.944  -43.997  -7.465 0.4000000060
33503  -19.767  -44.300  -7.932 0.3000000119
145893  -14.177  -40.859  -7.157 0.4000000060
144670  -14.197  -40.047  -7.144 0.4000000060
38609  -14.868  -40.717  -6.802 0.4000000060
37332  -16.097  -41.294  -6.757 0.5000000000
37316  -16.194  -42.042  -6.495 0.5000000000
38622  -14.933  -40.079  -7.157 0.4000000060
37352  -16.552  -41.057  -7.540 0.5000000000
38624  -16.802  -40.903  -8.790 0.5000000000
37353  -17.275  -41.335  -8.443 0.4000000060
36085  -18.335  -42.665  -8.464 0.4000000060
34769  -19.409  -43.677  -8.474 0.3000000119
38636  -16.044  -40.521  -9.354 0.3000000119
37367  -17.558  -41.459  -9.454 0.3000000119
38621  -14.194  -39.353  -7.960 0.3000000119
160195  -14.721  -39.524  -9.224 0.4000000060
36098  -18.643  -42.544  -9.482 0.3000000119
41232  -14.341  -38.385  -9.624 0.3000000119
15615  -26.695  -59.089  -24.321 0.6000000238
18012  -27.039  -57.566  -24.185 0.5000000000
29927  -18.493  -47.094  -17.688 0.6000000238
29934  -17.336  -48.076  -17.788 0.6000000238
5509  -17.498  -68.541  -23.763 0.5000000000
6444  -18.452  -67.559  -21.249 0.6000000238
8619  -20.469  -65.640  -23.657 0.5000000000
6432  -18.713  -67.989  -20.415 0.6999999881
159535  -19.312  -70.302  -20.926 0.6999999881
4555  -20.502  -69.774  -19.987 0.6999999881
7456  -20.996  -66.731  -18.235 0.6999999881
4556  -21.189  -69.445  -19.933 0.6999999881
142651  -21.501  -68.974  -18.976 0.6999999881
13279  -22.817  -61.893  -20.913 0.5000000000
6462  -22.107  -67.102  -22.838 0.6999999881
140876  -21.492  -64.953  -18.042 0.6999999881
7433  -21.581  -66.777  -17.474 0.6999999881
7496  -22.756  -66.262  -21.979 0.6999999881
160583  -23.688  -67.249  -16.925 0.6999999881
14396  -26.505  -59.862  -22.657 0.6000000238
9778  -23.865  -64.649  -23.215 0.6999999881
8515  -22.686  -65.936  -16.186 0.6000000238
9712  -24.143  -63.956  -19.530 0.5000000000
18009  -23.803  -57.445  -24.584 0.6999999881
7407  -23.787  -66.051  -15.787 0.6000000238
8646  -26.947  -65.843  -25.466 0.6000000238
11000  -26.835  -64.100  -26.547 0.6000000238
9690  -24.790  -63.514  -17.006 0.5000000000
143791  -27.301  -63.823  -18.348 0.5000000000
7561  -29.190  -66.952  -25.246 0.5000000000
19121  -24.583  -56.691  -24.680 0.6000000238
19119  -22.786  -57.049  -24.016 0.6999999881
15523  -26.236  -59.441  -18.472 0.6000000238
10793  -23.193  -63.932  -14.579 0.5000000000
9644  -24.543  -65.124  -15.276 0.5000000000
10835  -25.229  -62.898  -16.698 0.6000000238
9666  -24.847  -63.904  -16.198 0.5000000000
12097  -26.649  -62.272  -17.716 0.5000000000
141736  -28.962  -63.903  -26.637 0.6000000238
7577  -30.304  -66.458  -26.278 0.6000000238
7543  -31.354  -66.726  -24.796 0.5000000000
23970  -23.027  -52.239  -21.010 0.6000000238
143417  -25.428  -53.937  -17.115 0.5000000000
140643  -19.049  -53.998  -14.678 0.6000000238
21517  -20.596  -54.312  -17.558 0.6000000238
147894  -25.361  -60.990  -12.274 0.6000000238
22735  -18.373  -53.909  -16.474 0.6000000238
155511  -21.098  -49.657  -18.996 0.8000000119
22757  -17.386  -53.713  -17.206 0.6000000238
17880  -26.956  -57.695  -12.954 0.6000000238
22797  -16.888  -53.363  -19.560 0.6000000238
15403  -27.216  -58.497  -11.829 0.6000000238
27525  -20.433  -49.099  -18.997 0.8000000119
160832  -27.506  -55.592  -14.091 0.6000000238
26374  -18.270  -50.908  -19.420 0.6000000238
25148  -16.899  -51.853  -19.626 0.6999999881
26357  -16.772  -50.500  -18.769 0.6000000238
27500  -15.754  -49.389  -16.658 0.6000000238
28720  -17.919  -48.707  -18.194 0.6999999881
28705  -16.349  -48.527  -17.338 0.6000000238
32352  -19.642  -44.278  -17.186 0.5000000000
26302  -18.464  -49.935  -14.429 0.5000000000
149049  -16.884  -47.509  -16.949 0.6000000238
33634  -18.151  -44.064  -16.262 0.5000000000
146775  -16.192  -48.792  -12.665 0.6999999881
27432  -15.968  -49.385  -11.720 0.6000000238
27433  -17.272  -49.352  -11.097 0.6999999881
26232  -17.264  -51.311  -9.488 0.8000000119
26234  -19.282  -51.258  -9.769 0.6000000238
31089  -17.734  -46.221  -12.907 0.6000000238
27424  -20.580  -50.048  -10.326 0.5000000000
27423  -19.705  -49.612  -10.856 0.5000000000
28626  -23.904  -48.881  -12.097 0.5000000000
27405  -22.492  -49.593  -8.603 0.5000000000
23851  -20.891  -52.390  -11.802 0.6000000238
25046  -20.636  -50.975  -13.206 0.6000000238
31092  -21.094  -47.047  -13.173 0.5000000000
143112  -20.573  -47.816  -7.954 0.5000000000
32222  -17.945  -46.145  -8.537 0.6000000238
34767  -15.540  -43.460  -8.413 0.4000000060
157017  -15.990  -44.308  -8.173 0.4000000060
34751  -15.141  -42.785  -6.953 0.3000000119
33486  -15.753  -44.151  -7.338 0.4000000060
32188  -18.261  -45.804  -6.492 0.5000000000
32189  -19.090  -46.017  -6.477 0.4000000060
33472  -16.796  -44.387  -6.528 0.4000000060
33473  -17.647  -45.094  -6.526 0.4000000060
32191  -20.709  -46.228  -6.732 0.4000000060
32205  -21.298  -45.826  -7.146 0.4000000060
37315  -15.509  -42.168  -6.474 0.5000000000
36059  -16.603  -42.819  -6.540 0.4000000060
36067  -17.856  -42.921  -7.480 0.5000000000
34752  -17.246  -43.250  -6.703 0.4000000060
33490  -20.967  -45.178  -7.775 0.4000000060
37354  -17.899  -41.969  -8.791 0.5000000000
34768  -18.641  -43.313  -7.972 0.4000000060
38610  -15.558  -40.733  -6.890 0.5000000000
38635  -15.137  -39.869  -8.244 0.5000000000
38623  -15.842  -40.478  -7.881 0.4000000060
38655  -15.325  -40.051  -9.986 0.4000000060
39936  -14.403  -38.998  -9.488 0.3000000119
164456  -27.705  -67.727  -30.318 0.5000000000
5562  -29.118  -67.485  -30.414 0.5000000000
5554  -30.290  -68.020  -29.990 0.5000000000
6551  -29.934  -67.254  -30.492 0.5000000000
5555  -31.175  -67.799  -29.790 0.5000000000
5564  -30.917  -67.407  -30.139 0.5000000000
4662  -32.450  -68.126  -29.345 0.6000000238
7603  -27.387  -66.697  -30.279 0.5000000000
7610  -28.673  -67.069  -30.547 0.5000000000
7611  -29.531  -66.942  -30.686 0.5000000000
8710  -30.810  -66.462  -30.771 0.5000000000
4663  -33.344  -68.239  -29.347 0.6000000238
7614  -31.841  -66.800  -30.679 0.6000000238
5565  -31.739  -67.314  -30.118 0.6000000238
158311  -26.731  -67.003  -30.239 0.4000000060
7593  -21.306  -65.928  -29.276 0.4000000060
8685  -22.132  -65.387  -29.219 0.4000000060
7596  -22.834  -66.167  -29.581 0.5000000000
7597  -23.831  -66.161  -29.462 0.5000000000
7601  -24.277  -66.975  -29.908 0.5000000000
7598  -24.795  -66.223  -29.515 0.5000000000
8692  -24.291  -65.422  -29.078 0.5000000000
7602  -25.194  -66.992  -30.058 0.5000000000
7599  -25.724  -66.238  -29.746 0.5000000000
4648  -33.730  -68.860  -28.874 0.6000000238
4649  -34.518  -68.933  -28.886 0.6000000238
151768  -27.163  -65.326  -29.893 0.5000000000
8699  -28.518  -65.419  -30.256 0.5000000000
8695  -27.793  -64.922  -29.850 0.5000000000
5557  -33.780  -67.793  -29.833 0.6000000238
8700  -29.387  -65.464  -30.406 0.5000000000
8711  -31.468  -66.317  -30.835 0.6000000238
7615  -32.590  -66.879  -30.653 0.6000000238
5558  -34.569  -67.811  -29.744 0.6000000238
8713  -33.251  -65.924  -30.959 0.6000000238
6557  -34.926  -67.102  -30.339 0.6000000238
6546  -35.555  -67.282  -30.067 0.6999999881
153047  -34.644  -66.495  -30.767 0.6000000238
7616  -35.345  -66.687  -30.570 0.6999999881
6521  -20.922  -67.048  -26.309 0.6000000238
6522  -21.028  -66.084  -26.827 0.6000000238
7559  -22.155  -65.868  -25.533 0.6000000238
7589  -20.774  -65.947  -27.876 0.5000000000
8680  -22.075  -64.904  -28.307 0.5000000000
8681  -22.872  -64.719  -27.791 0.6000000238
8691  -23.231  -65.376  -29.146 0.5000000000
8686  -22.870  -64.889  -28.620 0.5000000000
145645  -23.781  -64.892  -28.580 0.5000000000
8693  -25.376  -65.333  -29.131 0.5000000000
8688  -25.562  -64.506  -28.443 0.5000000000
9852  -27.157  -64.653  -29.345 0.5000000000
3786  -35.573  -70.106  -27.466 0.6999999881
4635  -35.380  -68.868  -28.691 0.6000000238
4636  -36.030  -69.103  -28.261 0.8000000119
9861  -29.212  -64.621  -30.066 0.5000000000
9862  -30.180  -64.905  -30.358 0.5000000000
9863  -31.226  -64.782  -30.363 0.6000000238
4666  -35.717  -68.163  -29.172 0.6999999881
4650  -36.172  -68.544  -28.599 0.6999999881
8712  -32.355  -66.240  -30.931 0.6000000238
7607  -36.321  -66.590  -30.248 0.6999999881
163934  -33.076  -65.341  -30.738 0.6000000238
8705  -34.683  -65.234  -30.617 0.6000000238
9867  -35.230  -64.557  -30.403 0.6999999881
8707  -36.852  -65.806  -30.238 0.6999999881
8708  -37.697  -65.627  -29.964 0.6000000238
6513  -20.746  -67.782  -25.960 0.5000000000
7558  -21.543  -66.487  -25.881 0.6000000238
8645  -23.215  -64.766  -26.023 0.6000000238
9831  -23.657  -64.480  -27.396 0.6000000238
9845  -25.212  -64.102  -27.648 0.6000000238
9846  -27.057  -63.831  -28.424 0.5000000000
11024  -27.861  -63.280  -27.832 0.6000000238
3787  -36.450  -70.084  -27.191 0.6999999881
9847  -27.999  -63.930  -29.027 0.5000000000
11025  -28.788  -63.134  -28.288 0.5000000000
4629  -37.401  -69.158  -27.243 0.5000000000
3775  -38.087  -69.666  -25.893 0.6000000238
9848  -28.992  -63.804  -29.289 0.6000000238
9854  -30.758  -63.932  -29.858 0.5000000000
159209  -36.700  -68.219  -28.441 0.6000000238
9855  -31.651  -63.867  -30.013 0.5000000000
5560  -36.123  -67.551  -29.633 0.6999999881
6538  -37.188  -67.134  -29.112 0.6000000238
9856  -32.587  -63.785  -30.122 0.5000000000
6549  -37.319  -66.546  -29.473 0.6000000238
8709  -38.123  -65.424  -29.661 0.6000000238
154079  -33.615  -62.932  -29.514 0.5000000000
11044  -34.853  -63.566  -30.169 0.6000000238
9869  -37.356  -64.973  -30.203 0.5000000000
11030  -36.681  -62.746  -29.276 0.5000000000
11033  -39.106  -63.413  -28.741 0.5000000000
5510  -21.185  -67.845  -24.537 0.6000000238
6514  -21.353  -67.421  -25.372 0.6000000238
4598  -20.405  -68.530  -24.418 0.4000000060
11002  -28.406  -63.483  -26.876 0.5000000000
3789  -37.698  -69.399  -26.566 0.6000000238
9849  -29.681  -63.210  -28.653 0.5000000000
5540  -37.558  -67.972  -27.489 0.5000000000
11035  -31.277  -63.303  -29.214 0.5000000000
5544  -37.478  -67.256  -28.285 0.5000000000
141283  -37.763  -67.236  -27.799 0.5000000000
5536  -37.812  -68.124  -27.170 0.5000000000
11028  -32.442  -62.850  -28.606 0.5000000000
7600  -37.913  -66.206  -29.166 0.5000000000
8689  -38.565  -65.268  -28.933 0.5000000000
155294  -33.194  -62.743  -28.673 0.6000000238
140899  -34.459  -62.699  -27.981 0.6000000238
9870  -38.148  -64.942  -29.897 0.5000000000
8690  -38.958  -64.520  -28.780 0.6000000238
142961  -35.394  -62.537  -27.976 0.6000000238
12236  -36.428  -62.425  -27.762 0.5000000000
4575  -19.267  -69.687  -22.878 0.4000000060
11014  -30.667  -63.006  -27.611 0.5000000000
6523  -37.781  -66.969  -27.039 0.5000000000
11015  -31.490  -62.974  -27.763 0.5000000000
9838  -32.170  -63.462  -27.467 0.5000000000
7591  -38.699  -65.357  -27.655 0.5000000000
7581  -38.535  -65.596  -26.664 0.5000000000
7567  -39.124  -65.823  -25.537 0.5000000000
7547  -39.582  -66.417  -24.788 0.5000000000
143157  -41.237  -68.114  -23.686 0.5000000000
9825  -33.531  -64.350  -26.858 0.6000000238
9840  -34.051  -63.513  -27.210 0.6000000238
161748  -39.397  -64.292  -28.001 0.5000000000
11019  -35.688  -62.838  -27.195 0.6000000238
9843  -41.251  -63.277  -26.873 0.5000000000
157543  -36.502  -63.146  -26.350 0.5000000000
11005  -37.244  -62.703  -26.506 0.5000000000
158382  -32.189  -66.062  -25.635 0.5000000000
8668  -39.207  -65.003  -26.822 0.5000000000
8650  -39.870  -65.367  -26.200 0.5000000000
146146  -40.226  -66.205  -25.489 0.5000000000
6502  -41.012  -67.670  -24.434 0.5000000000
8666  -32.331  -65.294  -26.726 0.5000000000
8648  -33.374  -65.315  -25.589 0.6000000238
8669  -40.084  -64.809  -26.825 0.5000000000
8651  -40.741  -65.279  -26.413 0.5000000000
7549  -41.829  -67.044  -25.120 0.5000000000
6504  -42.218  -67.549  -24.341 0.5000000000
6488  -42.233  -68.173  -23.366 0.5000000000
9827  -35.248  -63.839  -26.072 0.5000000000
8684  -40.039  -64.283  -27.195 0.5000000000
9828  -41.731  -63.924  -26.772 0.5000000000
7544  -32.033  -66.244  -24.941 0.5000000000
7571  -42.753  -65.919  -25.321 0.5000000000
7570  -42.185  -66.407  -25.440 0.5000000000
6505  -43.030  -67.052  -24.352 0.5000000000
6490  -44.058  -66.900  -23.178 0.4000000060
7551  -43.285  -66.197  -24.635 0.4000000060
14430  -22.776  -60.889  -26.141 0.4000000060
139514  -17.627  -54.364  -13.362 0.5000000000
20180  -14.723  -54.763  -11.606 0.5000000000
21443  -15.930  -54.598  -12.493 0.5000000000
21420  -13.073  -54.038  -10.983 0.5000000000
21428  -14.276  -54.563  -11.034 0.5000000000
21444  -16.973  -54.956  -12.832 0.5000000000
28639  -16.184  -48.059  -13.488 0.5000000000
29890  -15.929  -47.110  -14.193 0.5000000000
31088  -16.962  -45.614  -13.513 0.5000000000
9823  -31.818  -64.371  -26.977 0.5000000000
9837  -31.199  -63.522  -27.296 0.5000000000
5556  -32.949  -67.740  -29.845 0.6000000238
8701  -30.930  -65.733  -30.647 0.6000000238
6555  -33.321  -67.039  -30.580 0.6000000238
9864  -32.111  -64.700  -30.419 0.6000000238
8706  -35.449  -65.377  -30.578 0.6999999881
8660  -22.211  -64.875  -27.228 0.6000000238
9853  -29.868  -63.911  -29.597 0.5000000000
9866  -34.321  -64.332  -30.384 0.6000000238
9868  -36.239  -64.952  -30.403 0.6000000238
11040  -36.312  -63.138  -29.879 0.6000000238
3788  -37.178  -69.871  -26.898 0.6999999881
11034  -30.481  -63.315  -28.978 0.5000000000
11037  -32.848  -63.068  -29.441 0.5000000000
153661  -35.077  -62.489  -28.991 0.6000000238
152277  -35.884  -62.647  -29.412 0.6000000238
11041  -37.275  -63.371  -29.727 0.5000000000
9841  -39.845  -63.714  -27.622 0.5000000000
6534  -37.931  -66.442  -28.525 0.5000000000
6530  -38.159  -66.159  -27.364 0.5000000000
11017  -33.597  -62.893  -27.918 0.5000000000
11020  -36.488  -62.771  -26.981 0.5000000000
9824  -32.739  -64.457  -27.045 0.5000000000
166205  -34.131  -64.219  -26.625 0.5000000000
8667  -33.158  -65.175  -26.568 0.5000000000
7568  -40.927  -66.077  -26.013 0.5000000000
8670  -41.035  -64.659  -26.731 0.5000000000
7582  -41.471  -65.532  -26.231 0.5000000000
6489  -43.108  -67.552  -23.641 0.5000000000
8672  -42.796  -64.564  -26.080 0.4000000060
7530  -43.660  -66.750  -23.875 0.4000000060
4579  -36.585  -69.544  -22.723 0.5000000000
146937  -37.234  -69.435  -23.523 0.6000000238
5512  -36.418  -68.468  -24.461 0.6000000238
4590  -37.959  -69.381  -24.128 0.6000000238
3759  -39.123  -69.970  -24.028 0.4000000060
6499  -36.332  -67.943  -24.532 0.4000000060
6517  -37.172  -67.320  -25.731 0.4000000060
5522  -36.691  -68.030  -25.156 0.5000000000
4603  -38.036  -69.263  -24.819 0.6000000238
5523  -37.294  -68.212  -25.856 0.5000000000
5528  -37.596  -67.666  -26.541 0.4000000060
4604  -38.694  -69.691  -24.908 0.5000000000
4621  -37.911  -69.034  -26.465 0.5000000000
2998  -38.595  -70.539  -24.977 0.6000000238
3013  -36.354  -71.021  -26.223 0.6000000238
3012  -35.557  -71.023  -26.221 0.6000000238
3027  -35.159  -70.663  -26.866 0.6000000238
3799  -34.390  -69.822  -27.955 0.6000000238
3039  -34.045  -70.261  -27.563 0.6000000238
153466  -33.838  -69.810  -27.994 0.5000000000
3815  -33.266  -69.319  -28.194 0.5000000000
3814  -32.196  -68.918  -28.146 0.4000000060
3813  -31.140  -69.033  -28.392 0.5000000000
6472  -43.667  -67.568  -22.900 0.3000000119
5553  -29.552  -68.303  -29.983 0.4000000060
21472  -26.549  -54.330  -14.121 0.4000000060
21473  -27.461  -54.803  -13.588 0.4000000060
20212  -28.029  -55.619  -13.461 0.5000000000
33603  -18.597  -44.103  -14.598 0.5000000000
32313  -18.882  -44.929  -13.750 0.5000000000
34874  -19.719  -43.177  -14.264 0.5000000000
32293  -19.295  -44.602  -13.241 0.4000000060
31091  -20.590  -45.981  -12.905 0.4000000060
38759  -22.058  -40.556  -16.073 0.4000000060
32295  -21.128  -45.336  -12.374 0.4000000060
33576  -20.116  -43.986  -12.739 0.4000000060
29893  -22.356  -47.998  -12.972 0.4000000060
145162  -21.534  -46.311  -12.543 0.4000000060
38742  -20.786  -40.658  -14.295 0.4000000060
31093  -22.395  -46.615  -12.250 0.4000000060
32296  -22.069  -45.723  -12.100 0.4000000060
38696  -22.358  -40.908  -13.338 0.4000000060
29876  -23.479  -47.845  -11.993 0.4000000060
31077  -22.902  -46.114  -11.833 0.4000000060
28616  -24.207  -48.210  -11.337 0.4000000060
29861  -23.809  -47.322  -11.389 0.4000000060
28594  -23.808  -49.168  -7.952 0.3000000119
28601  -24.850  -48.673  -9.336 0.4000000060
31020  -22.641  -46.937  -6.773 0.3000000119
147220  -23.307  -47.628  -6.812 0.3000000119
28595  -24.604  -48.930  -8.459 0.3000000119
28587  -24.363  -48.487  -7.583 0.3000000119
36183  -20.607  -41.371  -14.433 0.4000000060
148118  -20.286  -41.651  -14.027 0.4000000060
34843  -19.928  -43.370  -13.188 0.4000000060
34859  -20.073  -42.674  -13.792 0.4000000060
36161  -20.403  -41.931  -13.677 0.4000000060
34828  -20.704  -43.618  -12.621 0.4000000060
38772  -21.792  -39.662  -16.023 0.4000000060
37408  -21.018  -41.602  -13.373 0.4000000060
36144  -21.863  -42.221  -12.828 0.4000000060
33554  -21.417  -44.226  -12.270 0.4000000060
9673  -37.514  -64.480  -16.592 0.3000000119
8524  -37.980  -65.126  -16.999 0.3000000119
8521  -35.477  -65.543  -16.297 0.4000000060
8522  -36.340  -65.426  -16.557 0.3000000119
8544  -37.618  -65.910  -17.236 0.4000000060
6373  -34.342  -66.986  -16.731 0.3000000119
157855  -35.899  -66.195  -16.873 0.3000000119
7441  -36.362  -66.732  -17.428 0.4000000060
6372  -33.770  -67.664  -16.838 0.3000000119
155034  -34.843  -67.313  -17.916 0.3000000119
6390  -35.803  -67.138  -17.961 0.3000000119
5437  -33.837  -68.286  -17.565 0.3000000119
6404  -34.321  -67.919  -18.197 0.3000000119
6422  -34.512  -68.386  -19.023 0.3000000119
4535  -33.826  -69.010  -17.892 0.3000000119
138996  -34.225  -69.111  -19.252 0.3000000119
5455  -34.524  -68.752  -19.953 0.3000000119
3707  -34.467  -70.008  -18.500 0.3000000119
164112  -34.557  -70.047  -19.735 0.3000000119
3721  -34.783  -70.066  -20.310 0.3000000119
3703  -37.074  -70.631  -17.540 0.3000000119
3702  -35.981  -70.452  -17.946 0.3000000119
3708  -35.339  -70.423  -18.740 0.3000000119
3716  -36.090  -70.455  -19.392 0.3000000119
3722  -35.852  -69.937  -21.119 0.3000000119
3710  -37.558  -70.653  -18.320 0.4000000060
151488  -38.046  -66.493  -17.641 0.3000000119
8520  -34.718  -65.713  -15.962 0.4000000060
6391  -36.887  -67.145  -17.988 0.4000000060
6406  -36.322  -67.489  -18.661 0.4000000060
4525  -33.664  -68.809  -17.243 0.3000000119
5456  -35.112  -67.959  -19.619 0.4000000060
5466  -34.945  -68.328  -20.609 0.4000000060
3694  -34.585  -69.919  -16.752 0.3000000119
4557  -34.779  -69.580  -20.914 0.4000000060
3697  -37.022  -70.773  -16.519 0.3000000119
3695  -35.275  -70.443  -16.454 0.4000000060
4567  -36.157  -69.709  -21.893 0.4000000060
3731  -36.894  -69.893  -21.265 0.3000000119
2943  -36.133  -71.254  -15.261 0.3000000119
8545  -38.406  -65.786  -17.374 0.3000000119
8546  -39.194  -65.753  -17.474 0.3000000119
9695  -39.767  -65.030  -17.192 0.3000000119
157483  -38.441  -66.927  -17.976 0.3000000119
6393  -39.219  -67.048  -18.111 0.3000000119
160566  -33.433  -65.409  -14.851 0.4000000060
6407  -37.517  -67.510  -18.598 0.3000000119
6425  -38.460  -67.790  -18.964 0.3000000119
144785  -33.427  -67.851  -16.261 0.3000000119
7410  -33.683  -66.483  -15.652 0.4000000060
145187  -36.904  -67.665  -19.184 0.4000000060
6424  -37.655  -67.742  -19.450 0.3000000119
6436  -35.695  -67.678  -20.304 0.4000000060
164905  -36.204  -67.496  -20.808 0.4000000060
4518  -33.574  -68.989  -16.541 0.3000000119
5413  -32.744  -68.731  -15.026 0.3000000119
141498  -35.460  -67.904  -21.162 0.4000000060
158528  -36.131  -67.501  -21.560 0.4000000060
3688  -34.595  -70.237  -15.952 0.3000000119
147946  -33.763  -70.429  -14.634 0.3000000119
6466  -35.540  -68.423  -22.938 0.4000000060
153984  -36.090  -67.752  -23.234 0.5000000000
4515  -33.876  -69.998  -15.428 0.3000000119
4578  -35.613  -69.402  -22.494 0.4000000060
4589  -36.001  -69.223  -23.411 0.4000000060
6482  -35.961  -68.292  -23.855 0.5000000000
2944  -37.277  -71.518  -15.175 0.3000000119
148877  -40.041  -66.720  -17.939 0.3000000119
7445  -40.770  -66.277  -17.687 0.3000000119
7383  -32.444  -66.296  -14.276 0.4000000060
6439  -38.471  -67.905  -19.823 0.4000000060
6454  -38.861  -67.590  -21.430 0.4000000060
6354  -32.414  -67.843  -14.650 0.4000000060
143351  -37.025  -67.287  -21.878 0.4000000060
6469  -38.087  -67.207  -22.269 0.5000000000
7528  -38.395  -66.730  -23.804 0.4000000060
4513  -32.454  -69.322  -13.902 0.3000000119
6483  -36.621  -67.395  -23.872 0.4000000060
4505  -33.155  -70.184  -13.956 0.3000000119
6500  -36.840  -67.314  -24.842 0.4000000060
7546  -38.463  -66.375  -24.782 0.4000000060
3684  -34.312  -71.039  -14.341 0.3000000119
164555  -35.835  -71.466  -14.675 0.3000000119
2936  -37.177  -71.906  -14.298 0.3000000119
144643  -39.429  -67.731  -18.674 0.3000000119
6426  -39.297  -68.074  -19.379 0.3000000119
6440  -39.313  -68.031  -20.465 0.3000000119
142315  -31.975  -67.863  -13.921 0.4000000060
6470  -39.300  -67.426  -22.363 0.5000000000
6485  -39.621  -67.200  -23.320 0.4000000060
5404  -31.872  -68.384  -13.275 0.4000000060
7529  -39.165  -66.715  -24.036 0.4000000060
2912  -34.683  -70.900  -11.514 0.3000000119
3667  -33.282  -70.212  -12.275 0.3000000119
2923  -34.719  -71.341  -12.802 0.3000000119
2924  -35.482  -71.714  -13.274 0.3000000119
2294  -37.488  -72.676  -13.337 0.3000000119
2925  -36.375  -71.913  -13.632 0.3000000119
5457  -40.083  -68.374  -19.839 0.3000000119
5479  -39.949  -68.023  -21.564 0.4000000060
6471  -40.292  -67.848  -22.671 0.4000000060
2899  -35.624  -71.234  -11.145 0.3000000119
2887  -37.053  -71.264  -10.098 0.3000000119
2913  -35.422  -71.560  -12.263 0.3000000119
2900  -36.500  -71.520  -10.945 0.3000000119
2285  -36.821  -72.272  -12.795 0.3000000119
2889  -38.754  -71.714  -9.835 0.3000000119
2271  -39.316  -71.981  -9.359 0.3000000119
2902  -38.299  -72.175  -10.418 0.3000000119
149686  -38.608  -72.740  -10.240 0.3000000119
2275  -37.814  -72.433  -11.272 0.3000000119
5481  -41.465  -69.179  -21.701 0.3000000119
5490  -41.525  -68.800  -22.512 0.4000000060
2252  -39.612  -72.103  -7.976 0.3000000119
1714  -39.114  -72.490  -7.878 0.3000000119
4549  -42.569  -69.491  -19.362 0.3000000119
4559  -42.131  -69.550  -20.230 0.3000000119
5482  -42.086  -69.022  -21.902 0.3000000119
4551  -43.322  -68.880  -20.227 0.3000000119
4570  -42.458  -69.181  -20.972 0.3000000119
5483  -42.903  -68.665  -21.543 0.3000000119
163477  -19.399  -46.501  -13.822 0.5000000000
28606  -24.707  -48.724  -10.333 0.5000000000
29844  -24.423  -47.742  -10.815 0.4000000060
32294  -20.062  -44.807  -12.748 0.4000000060
162216  -37.681  -70.726  -25.900 0.6000000238
155583  -38.337  -69.550  -25.476 0.5000000000
7580  -37.939  -66.237  -26.480 0.4000000060
6501  -40.109  -67.078  -24.172 0.4000000060
6486  -40.608  -67.773  -23.600 0.4000000060
5502  -41.566  -68.374  -23.210 0.4000000060
5491  -42.524  -68.448  -22.462 0.3000000119
33604  -19.990  -43.221  -14.742 0.5000000000
165676  -20.357  -41.952  -14.210 0.4000000060
37473  -20.855  -40.676  -14.797 0.4000000060
156519  -34.999  -66.292  -16.579 0.3000000119
3700  -34.524  -69.888  -17.608 0.3000000119
3696  -35.970  -70.467  -17.061 0.3000000119
8504  -33.996  -65.774  -15.464 0.4000000060
4577  -35.095  -69.173  -22.205 0.4000000060
151284  -33.250  -66.906  -15.469 0.4000000060
152619  -33.010  -67.718  -15.535 0.3000000119
4516  -33.411  -69.251  -15.660 0.3000000119
6453  -37.897  -67.410  -21.260 0.4000000060
3677  -34.131  -71.063  -13.455 0.3000000119
6484  -38.700  -67.016  -23.059 0.4000000060
144677  -35.663  -71.631  -14.128 0.3000000119
5489  -40.859  -68.652  -22.190 0.4000000060
3658  -33.263  -69.644  -11.597 0.3000000119
2286  -37.575  -72.703  -12.364 0.3000000119
5480  -40.739  -68.808  -21.233 0.3000000119
1719  -39.122  -72.841  -8.896 0.3000000119
3798  -33.377  -70.057  -27.652 0.5000000000
142397  -33.040  -70.642  -26.518 0.5000000000
3010  -33.914  -70.934  -26.113 0.5000000000
2369  -35.911  -71.865  -25.441 0.5000000000
2985  -38.067  -71.406  -24.591 0.4000000060
8638  -33.154  -65.321  -24.528 0.4000000060
4591  -38.648  -69.674  -23.516 0.5000000000
153505  -38.408  -69.858  -21.928 0.3000000119
3725  -38.748  -70.582  -20.486 0.3000000119
4568  -37.301  -69.729  -21.977 0.4000000060
147370  -37.313  -70.542  -19.113 0.3000000119
149920  -36.920  -70.345  -19.977 0.3000000119
4496  -32.272  -69.232  -12.693 0.3000000119
6317  -32.147  -67.406  -12.180 0.3000000119
6329  -31.810  -67.386  -13.305 0.3000000119
9671  -35.861  -64.739  -16.075 0.3000000119
7338  -32.607  -67.146  -11.855 0.3000000119
8469  -32.270  -65.556  -13.184 0.3000000119
7382  -32.368  -65.701  -13.743 0.3000000119
8488  -32.777  -65.499  -14.343 0.3000000119
9648  -34.499  -63.936  -15.099 0.3000000119
9629  -33.652  -63.928  -14.460 0.3000000119
8454  -32.299  -66.016  -12.565 0.3000000119
154640  -32.500  -64.988  -12.828 0.3000000119
8487  -32.587  -64.887  -13.625 0.3000000119
9628  -32.993  -63.990  -13.799 0.3000000119
8505  -34.923  -64.862  -15.706 0.3000000119
149133  -36.216  -63.931  -15.950 0.3000000119
157143  -32.926  -65.349  -12.248 0.3000000119
165806  -35.770  -63.346  -15.541 0.3000000119
10819  -35.033  -63.156  -15.111 0.3000000119
4644  -30.167  -69.000  -29.211 0.3000000119
2986  -39.031  -70.715  -24.164 0.5000000000
2370  -36.867  -71.901  -24.905 0.4000000060
2385  -35.258  -71.581  -25.770 0.5000000000
3733  -38.585  -70.207  -21.222 0.3000000119
40047  -22.004  -38.770  -15.535 0.3000000119
38721  -21.480  -40.210  -13.930 0.3000000119
165869  -23.404  -45.913  -11.681 0.3000000119
3784  -32.466  -69.690  -27.538 0.4000000060
3009  -33.109  -71.017  -25.817 0.4000000060
1017  -34.047  -74.004  -19.451 0.4000000060
1377  -34.000  -72.645  -21.833 0.4000000060
145787  -34.734  -72.603  -22.460 0.4000000060
2350  -35.583  -72.456  -23.830 0.4000000060
139447  -35.799  -72.166  -24.672 0.4000000060
2348  -33.489  -71.942  -24.062 0.4000000060
2367  -34.175  -71.841  -24.838 0.4000000060
2368  -35.074  -71.955  -25.221 0.4000000060
760  -33.436  -74.714  -16.745 0.3000000119
1361  -34.732  -73.891  -19.431 0.4000000060
159726  -35.757  -72.968  -21.272 0.4000000060
2383  -33.716  -71.416  -25.453 0.4000000060
1370  -34.064  -72.947  -20.979 0.4000000060
1825  -33.676  -72.265  -23.430 0.4000000060
998  -34.021  -74.456  -18.166 0.3000000119
1371  -34.953  -73.102  -20.716 0.4000000060
1378  -34.854  -72.757  -21.554 0.4000000060
155808  -34.190  -72.132  -24.057 0.4000000060
1812  -35.471  -72.637  -23.008 0.4000000060
2336  -36.217  -72.646  -23.312 0.4000000060
761  -34.022  -74.777  -16.620 0.3000000119
999  -34.746  -74.453  -18.098 0.3000000119
1372  -35.651  -73.255  -20.505 0.3000000119
1362  -35.402  -73.746  -19.387 0.3000000119
1801  -37.283  -72.787  -22.233 0.3000000119
2330  -38.005  -72.335  -22.540 0.3000000119
1800  -36.426  -72.902  -21.980 0.3000000119
2331  -38.986  -71.979  -22.091 0.3000000119
3742  -39.257  -70.468  -22.606 0.3000000119
2977  -39.058  -71.187  -23.424 0.3000000119
1814  -37.325  -72.577  -22.859 0.3000000119
2353  -38.403  -71.601  -23.766 0.3000000119
2352  -37.458  -72.113  -24.048 0.3000000119
4437  -28.686  -69.580  -7.628 0.3000000119
5325  -28.660  -68.719  -8.098 0.3000000119
3651  -38.451  -70.717  -9.750 0.3000000119
6284  -30.652  -67.553  -9.073 0.3000000119
6285  -31.567  -67.613  -8.657 0.3000000119
154200  -33.726  -68.033  -7.273 0.3000000119
5313  -34.857  -68.324  -7.003 0.3000000119
6259  -36.798  -68.438  -7.346 0.3000000119
5329  -37.905  -68.796  -7.775 0.3000000119
5344  -38.522  -68.909  -8.236 0.3000000119
4472  -38.711  -69.858  -10.085 0.3000000119
7312  -32.005  -66.946  -8.234 0.3000000119
6270  -32.882  -66.996  -7.733 0.3000000119
6271  -33.684  -67.367  -7.350 0.3000000119
6257  -35.305  -67.776  -7.046 0.3000000119
6275  -37.173  -68.133  -7.731 0.3000000119
163358  -36.444  -73.047  -21.327 0.3000000119
4451  -29.823  -69.567  -9.068 0.3000000119
5327  -33.350  -68.657  -7.461 0.3000000119
5342  -31.177  -68.316  -9.052 0.3000000119
6283  -29.814  -68.096  -9.195 0.3000000119
5326  -32.565  -68.576  -7.917 0.3000000119
6286  -32.308  -67.739  -8.052 0.3000000119
7295  -33.716  -66.589  -7.432 0.3000000119
989  -34.340  -74.613  -17.345 0.3000000119
1009  -34.392  -74.249  -18.840 0.4000000060
1010  -35.208  -74.108  -18.709 0.3000000119
1364  -34.192  -73.498  -20.106 0.4000000060
1365  -35.146  -73.497  -19.998 0.3000000119
1703  -38.540  -72.629  -7.533 0.3000000119
1720  -39.278  -72.355  -9.179 0.3000000119
1725  -38.757  -72.937  -9.665 0.3000000119
1790  -36.446  -73.210  -20.656 0.3000000119
1798  -33.880  -72.485  -22.689 0.4000000060
1799  -35.550  -72.747  -22.159 0.4000000060
1811  -34.644  -72.416  -23.445 0.4000000060
1813  -36.723  -72.791  -22.773 0.3000000119
2239  -39.225  -72.097  -7.583 0.3000000119
2258  -39.498  -72.245  -8.597 0.3000000119
2265  -38.989  -72.424  -9.611 0.3000000119
2266  -39.590  -71.832  -8.847 0.3000000119
2276  -38.372  -72.783  -10.983 0.3000000119
2295  -37.583  -72.929  -12.843 0.3000000119
2337  -36.996  -72.548  -23.419 0.3000000119
2338  -37.788  -72.187  -23.278 0.3000000119
2339  -38.651  -71.752  -22.976 0.3000000119
2349  -34.900  -72.157  -24.363 0.4000000060
2351  -36.487  -72.380  -24.059 0.4000000060
2382  -32.961  -71.258  -25.205 0.4000000060
2384  -34.494  -71.538  -25.643 0.4000000060
2386  -35.906  -71.439  -25.849 0.5000000000
2859  -39.517  -71.769  -7.741 0.3000000119
2860  -39.720  -71.575  -7.994 0.3000000119
2888  -38.038  -71.406  -9.914 0.3000000119
2890  -39.115  -71.784  -9.595 0.3000000119
2901  -37.219  -71.836  -10.895 0.3000000119
2903  -38.652  -72.276  -10.091 0.3000000119
2914  -36.214  -71.806  -11.972 0.3000000119
2915  -37.017  -72.145  -11.723 0.3000000119
2926  -37.144  -72.216  -13.639 0.3000000119
2933  -34.870  -71.439  -13.826 0.3000000119
2934  -35.206  -71.271  -14.751 0.3000000119
2935  -36.398  -71.623  -14.529 0.3000000119
2962  -18.325  -71.033  -21.763 0.5000000000
2970  -39.177  -71.197  -22.730 0.3000000119
2996  -36.626  -71.417  -25.665 0.6000000238
2997  -37.633  -71.101  -25.433 0.6000000238
3011  -34.777  -71.021  -26.152 0.5000000000
3014  -37.582  -70.260  -26.251 0.6999999881
3015  -38.138  -70.362  -25.635 0.6000000238
3025  -33.622  -70.519  -26.997 0.6000000238
3026  -34.366  -70.639  -26.858 0.6000000238
3028  -36.010  -70.634  -26.828 0.6000000238
3029  -36.839  -70.556  -26.654 0.6999999881
3040  -34.741  -70.268  -27.477 0.6000000238
3659  -33.881  -70.235  -11.466 0.3000000119
3668  -33.978  -70.780  -12.420 0.3000000119
3676  -33.477  -70.529  -13.195 0.3000000119
3690  -36.107  -70.796  -16.124 0.3000000119
3701  -35.160  -70.293  -17.842 0.3000000119
3709  -36.539  -70.543  -18.512 0.4000000060
3714  -34.653  -70.183  -19.208 0.3000000119
3715  -35.056  -70.347  -19.654 0.3000000119
3720  -18.609  -70.307  -20.684 0.6999999881
3723  -36.580  -70.112  -20.657 0.3000000119
3724  -37.723  -70.168  -20.657 0.3000000119
3727  -16.802  -70.170  -21.817 0.5000000000
3729  -17.982  -70.622  -21.182 0.5000000000
3732  -37.843  -69.877  -21.379 0.3000000119
3741  -38.912  -69.874  -22.626 0.3000000119
3749  -39.247  -69.988  -23.214 0.4000000060
3750  -39.214  -70.541  -23.353 0.4000000060
3767  -38.611  -69.928  -25.253 0.6000000238
3785  -32.949  -70.293  -27.159 0.5000000000
3800  -35.487  -69.455  -28.063 0.6000000238
3801  -36.200  -69.552  -27.735 0.8000000119
3802  -36.824  -69.524  -27.405 0.5000000000
3812  -30.349  -69.361  -28.702 0.3000000119
3816  -34.089  -69.373  -28.398 0.5000000000
3817  -34.789  -69.369  -28.328 0.6000000238
4438  -29.170  -69.515  -8.348 0.3000000119
4462  -39.014  -69.482  -9.606 0.3000000119
4497  -32.792  -69.959  -13.034 0.3000000119
4514  -33.182  -69.687  -14.810 0.3000000119
4519  -33.989  -69.587  -16.244 0.3000000119
4526  -33.974  -69.365  -17.228 0.3000000119
4536  -34.112  -69.355  -18.591 0.3000000119
4543  -19.862  -69.637  -19.660 0.6999999881
4545  -21.054  -69.348  -19.469 0.6999999881
4546  -34.466  -69.528  -20.070 0.3000000119
4552  -17.755  -69.485  -20.778 0.6000000238
4553  -18.446  -69.613  -20.416 0.6999999881
4560  -42.791  -69.285  -20.168 0.3000000119
4561  -17.293  -69.740  -21.227 0.6000000238
4564  -20.871  -69.385  -20.651 0.6999999881
4565  -34.811  -69.174  -21.628 0.4000000060
4566  -35.228  -69.578  -21.627 0.4000000060
4569  -41.990  -69.411  -21.169 0.3000000119
4571  -42.927  -68.958  -20.766 0.3000000119
4580  -37.909  -69.653  -22.713 0.5000000000
4588  -35.383  -69.044  -22.833 0.4000000060
4602  -36.771  -69.097  -24.298 0.6000000238
4611  -38.064  -69.125  -25.615 0.6000000238
4612  -38.011  -69.242  -25.954 0.5000000000
4630  -37.781  -68.674  -26.993 0.6000000238
4637  -36.792  -68.867  -27.929 0.5000000000
4645  -30.879  -68.675  -28.971 0.5000000000
4646  -31.841  -68.516  -28.842 0.4000000060
4647  -32.857  -68.627  -28.800 0.6000000238
4659  -29.111  -68.744  -29.722 0.4000000060
4660  -30.597  -68.331  -29.459 0.5000000000
4661  -31.498  -68.133  -29.356 0.5000000000
4664  -34.150  -68.345  -29.330 0.6000000238
4665  -34.943  -68.327  -29.261 0.6999999881
5314  -35.543  -68.556  -7.012 0.3000000119
5316  -37.423  -68.774  -7.508 0.3000000119
5340  -29.361  -68.776  -8.909 0.3000000119
5343  -31.856  -68.397  -8.481 0.3000000119
5357  -29.992  -68.787  -9.279 0.3000000119
5358  -30.471  -68.361  -9.243 0.3000000119
5360  -39.054  -69.175  -8.907 0.3000000119
5381  -32.183  -68.316  -12.187 0.3000000119
5395  -31.855  -67.674  -12.677 0.3000000119
5412  -32.209  -68.465  -14.193 0.3000000119
5422  -33.526  -68.352  -16.767 0.3000000119
5436  -22.214  -68.325  -17.911 0.6999999881
5438  -34.073  -68.713  -18.428 0.3000000119
5453  -21.727  -68.979  -19.524 0.6999999881
5462  -18.515  -68.786  -20.254 0.6999999881
5463  -19.179  -69.330  -19.873 0.6999999881
5465  -34.529  -69.054  -20.869 0.4000000060
5469  -41.439  -69.314  -20.771 0.3000000119
5475  -18.099  -68.298  -20.884 0.6000000238
5478  -34.877  -68.605  -21.496 0.4000000060
5484  -43.802  -68.097  -21.487 0.3000000119
5486  -20.544  -69.009  -21.652 0.6999999881
5488  -35.001  -68.859  -22.275 0.4000000060
5492  -43.363  -68.126  -22.289 0.3000000119
5496  -17.349  -68.550  -22.855 0.5000000000
5497  -20.287  -68.558  -22.699 0.6999999881
5499  -35.721  -68.861  -23.436 0.4000000060
5500  -36.068  -68.844  -23.909 0.5000000000
5501  -41.094  -68.375  -23.040 0.4000000060
5503  -43.018  -68.031  -22.970 0.3000000119
5513  -37.025  -68.674  -25.134 0.6000000238
5520  -20.754  -68.198  -25.297 0.5000000000
5529  -37.914  -68.627  -26.558 0.5000000000
5539  -37.227  -68.111  -28.044 0.6000000238
5542  -36.384  -67.927  -28.994 0.6999999881
5543  -36.964  -67.680  -28.705 0.6000000238
5551  -27.463  -68.075  -30.264 0.5000000000
5552  -28.790  -68.192  -30.143 0.4000000060
5559  -35.326  -67.751  -29.690 0.6999999881
5561  -36.681  -67.468  -29.271 0.6000000238
5563  -29.671  -67.785  -30.235 0.5000000000
5566  -32.546  -67.307  -30.166 0.6000000238
5567  -33.401  -67.305  -30.258 0.6000000238
5568  -34.270  -67.362  -30.168 0.6000000238
5569  -34.931  -67.407  -30.028 0.6999999881
6258  -36.067  -68.041  -7.160 0.3000000119
6272  -34.440  -67.703  -7.082 0.3000000119
6273  -35.700  -67.298  -7.295 0.3000000119
6274  -36.401  -67.693  -7.495 0.3000000119
6307  -32.562  -67.787  -11.781 0.3000000119
6308  -33.141  -67.744  -11.575 0.3000000119
6337  -32.119  -67.127  -14.100 0.4000000060
6338  -32.731  -67.021  -14.871 0.4000000060
6355  -33.626  -67.117  -16.125 0.4000000060
6371  -23.157  -67.420  -16.809 0.6999999881
6388  -23.326  -67.702  -17.430 0.6999999881
6389  -34.292  -67.476  -17.413 0.3000000119
6392  -37.771  -67.071  -18.010 0.3000000119
6401  -22.868  -68.248  -17.952 0.6999999881
6405  -35.108  -67.580  -18.678 0.3000000119
6408  -38.457  -67.367  -18.385 0.3000000119
6423  -36.065  -67.595  -19.481 0.4000000060
6433  -22.392  -67.347  -20.252 0.6999999881
6437  -36.776  -67.541  -20.066 0.3000000119
6438  -37.730  -67.612  -20.378 0.4000000060
6443  -17.894  -67.985  -21.779 0.6000000238
6447  -21.884  -67.385  -21.104 0.6999999881
6451  -35.354  -68.125  -22.045 0.4000000060
6452  -36.996  -67.392  -20.978 0.4000000060
6460  -18.314  -67.315  -22.112 0.6000000238
6467  -36.062  -67.608  -22.448 0.4000000060
6468  -36.887  -67.284  -22.831 0.5000000000
6477  -17.735  -67.673  -23.427 0.5000000000
6478  -21.710  -67.533  -23.934 0.6999999881
6487  -41.551  -67.991  -23.964 0.5000000000
6495  -22.316  -67.018  -24.180 0.6999999881
6497  -30.364  -67.004  -24.026 0.5000000000
6498  -30.895  -66.893  -24.211 0.5000000000
6503  -41.503  -67.500  -24.611 0.5000000000
6524  -37.975  -67.873  -27.107 0.4000000060
6531  -37.935  -67.231  -27.618 0.5000000000
6539  -37.614  -66.693  -28.924 0.5000000000
6547  -36.232  -67.071  -30.040 0.6999999881
6548  -36.741  -67.088  -29.640 0.6999999881
6550  -28.185  -67.755  -30.328 0.5000000000
6552  -30.670  -67.097  -30.489 0.5000000000
6553  -31.413  -67.067  -30.419 0.6000000238
6554  -32.166  -67.074  -30.387 0.6000000238
6556  -34.083  -67.104  -30.472 0.6000000238
6558  -35.697  -66.991  -30.319 0.6999999881
7294  -33.061  -66.067  -7.722 0.3000000119
7350  -31.923  -66.908  -12.633 0.3000000119
7366  -32.017  -66.384  -13.369 0.3000000119
7406  -23.310  -66.322  -16.016 0.6000000238
7408  -24.126  -65.837  -15.582 0.6000000238
7409  -33.178  -66.191  -15.023 0.4000000060
7423  -23.609  -66.745  -16.397 0.6000000238
7424  -24.137  -66.165  -16.069 0.6000000238
7427  -34.244  -66.396  -16.113 0.4000000060
7428  -36.796  -66.076  -17.058 0.4000000060
7435  -23.784  -67.161  -17.510 0.6999999881
7440  -35.256  -66.885  -17.247 0.3000000119
7442  -37.259  -66.636  -17.554 0.3000000119
7443  -38.780  -66.428  -17.710 0.3000000119
7444  -39.428  -66.391  -17.753 0.3000000119
7455  -20.516  -67.295  -18.714 0.6999999881
7481  -19.679  -66.877  -20.123 0.6999999881
7482  -20.220  -66.213  -20.454 0.6999999881
7483  -22.648  -66.503  -20.553 0.6999999881
7504  -18.600  -66.887  -22.546 0.6000000238
7505  -19.429  -66.534  -22.587 0.6000000238
7507  -23.126  -65.863  -22.690 0.6999999881
7512  -37.672  -66.955  -23.311 0.4000000060
7517  -17.979  -66.983  -23.726 0.5000000000
7519  -19.639  -66.294  -23.559 0.5000000000
7520  -22.498  -66.810  -23.463 0.6999999881
7522  -27.597  -66.003  -23.986 0.6000000238
7527  -37.554  -66.820  -24.279 0.4000000060
7538  -23.060  -65.842  -24.012 0.6999999881
7539  -27.515  -66.262  -24.883 0.6000000238
7540  -28.317  -66.663  -24.902 0.6000000238
7542  -30.585  -67.059  -24.834 0.5000000000
7545  -37.555  -66.620  -25.200 0.4000000060
7548  -41.165  -66.943  -25.249 0.5000000000
7550  -42.570  -66.779  -24.930 0.5000000000
7563  -30.907  -66.898  -25.691 0.6000000238
7565  -37.643  -66.556  -25.886 0.4000000060
7566  -38.298  -66.010  -25.788 0.4000000060
7569  -41.617  -66.370  -25.701 0.5000000000
7574  -21.729  -65.533  -26.493 0.6000000238
7575  -28.567  -66.424  -25.819 0.6000000238
7579  -31.917  -65.931  -26.277 0.5000000000
7590  -21.461  -65.366  -27.560 0.5000000000
7594  -38.413  -65.697  -28.479 0.5000000000
7604  -28.191  -66.456  -30.384 0.5000000000
7605  -29.053  -66.310  -30.481 0.5000000000
7606  -30.040  -66.149  -30.576 0.6000000238
7608  -37.801  -65.955  -29.631 0.6000000238
7609  -27.901  -67.247  -30.398 0.5000000000
7612  -30.345  -66.869  -30.734 0.5000000000
7613  -31.094  -66.835  -30.725 0.5000000000
8486  -24.186  -65.171  -14.878 0.5000000000
8489  -34.041  -64.853  -15.068 0.4000000060
8501  -23.237  -65.579  -15.484 0.6000000238
8502  -23.924  -65.605  -15.223 0.6000000238
8503  -24.249  -65.524  -15.308 0.5000000000
8516  -24.384  -65.592  -15.736 0.6000000238
8523  -37.175  -65.286  -16.775 0.3000000119
8540  -21.648  -65.573  -17.454 0.6999999881
8541  -24.431  -65.608  -16.443 0.6000000238
8558  -21.219  -65.708  -18.309 0.6999999881
8559  -23.606  -65.654  -18.957 0.6000000238
8569  -20.681  -65.758  -19.868 0.6999999881
8570  -21.083  -65.278  -19.285 0.6999999881
8579  -20.836  -65.508  -20.735 0.6999999881
8591  -20.334  -66.087  -22.171 0.6999999881
8592  -20.812  -65.504  -21.626 0.6999999881
8606  -20.658  -65.565  -22.715 0.6999999881
8608  -26.652  -64.719  -22.713 0.6000000238
8621  -26.429  -65.051  -23.521 0.6000000238
8622  -26.824  -65.603  -23.938 0.6000000238
8635  -26.242  -65.313  -24.353 0.6000000238
8647  -32.649  -65.775  -25.155 0.4000000060
8649  -38.953  -65.486  -26.191 0.5000000000
8652  -42.293  -65.580  -25.914 0.5000000000
8661  -23.108  -64.623  -26.867 0.6000000238
8663  -29.674  -65.617  -26.454 0.6000000238
8665  -31.468  -65.347  -26.688 0.6000000238
8671  -42.066  -64.703  -26.403 0.4000000060
8679  -21.356  -65.491  -28.607 0.4000000060
8682  -38.900  -64.929  -28.281 0.5000000000
8683  -39.383  -64.688  -27.485 0.5000000000
8687  -24.740  -64.745  -28.477 0.5000000000
8694  -26.677  -66.092  -30.009 0.5000000000
8696  -28.486  -64.511  -29.774 0.5000000000
8697  -38.541  -64.889  -29.379 0.6000000238
8698  -27.611  -65.815  -30.151 0.5000000000
8702  -31.774  -65.556  -30.734 0.6000000238
8703  -32.566  -65.445  -30.761 0.6000000238
8704  -33.702  -65.105  -30.626 0.6000000238
8714  -34.225  -65.926  -30.869 0.6000000238
8715  -35.086  -65.991  -30.761 0.6999999881
8716  -35.932  -65.977  -30.557 0.6999999881
9606  -24.670  -64.037  -14.141 0.6000000238
9607  -32.733  -64.138  -13.151 0.3000000119
9624  -23.511  -64.448  -14.498 0.5000000000
9626  -24.583  -64.598  -14.728 0.6000000238
9642  -22.900  -64.475  -15.159 0.5000000000
9645  -24.874  -64.391  -15.337 0.5000000000
9649  -35.398  -64.003  -15.588 0.3000000119
9664  -22.188  -64.429  -16.659 0.6000000238
9687  -21.820  -64.581  -17.472 0.6000000238
9689  -24.628  -64.543  -16.778 0.5000000000
9694  -38.819  -65.036  -17.131 0.3000000119
9710  -21.418  -64.419  -19.586 0.6999999881
9711  -23.809  -64.619  -20.101 0.6999999881
9725  -23.920  -64.605  -20.852 0.6999999881
9727  -26.765  -63.897  -20.499 0.5000000000
9742  -23.943  -64.581  -21.751 0.6999999881
9777  -21.008  -64.782  -23.983 0.6000000238
9779  -24.489  -64.384  -23.526 0.6999999881
9789  -24.501  -64.580  -24.381 0.6999999881
9805  -33.850  -64.824  -26.253 0.5000000000
9817  -24.626  -64.161  -26.556 0.6999999881
9818  -25.383  -64.172  -26.414 0.6999999881
9820  -27.366  -64.638  -26.412 0.6000000238
9822  -30.869  -64.330  -26.840 0.6000000238
9826  -34.692  -63.782  -26.684 0.6000000238
9832  -24.452  -64.097  -27.154 0.6000000238
9835  -29.298  -63.378  -26.924 0.6000000238
9839  -33.156  -63.588  -27.413 0.6000000238
9842  -40.751  -63.838  -27.096 0.5000000000
9844  -24.207  -64.481  -27.854 0.5000000000
9850  -39.338  -63.858  -28.468 0.5000000000
9851  -26.306  -64.713  -28.924 0.5000000000
9857  -33.278  -63.398  -29.979 0.5000000000
9858  -37.828  -64.192  -29.973 0.5000000000
9859  -38.511  -64.269  -29.593 0.5000000000
9860  -38.984  -64.125  -29.128 0.5000000000
9865  -33.437  -64.088  -30.323 0.5000000000
10769  -24.219  -63.908  -13.852 0.6000000238
10771  -25.121  -62.965  -13.515 0.6000000238
10772  -33.237  -63.463  -13.312 0.3000000119
10794  -23.691  -63.971  -14.028 0.5000000000
10795  -33.458  -63.371  -13.908 0.3000000119
10813  -22.879  -63.591  -15.025 0.5000000000
10849  -22.028  -63.741  -18.057 0.6999999881
10850  -22.432  -63.261  -17.405 0.6000000238
10853  -27.486  -63.698  -17.573 0.5000000000
10862  -21.648  -63.978  -18.845 0.6999999881
10863  -24.795  -63.152  -18.376 0.5000000000
10866  -26.804  -63.059  -18.933 0.5000000000
10877  -21.655  -63.809  -20.236 0.6999999881
10879  -24.840  -63.110  -19.211 0.5000000000
10901  -24.942  -63.104  -20.158 0.5000000000
10922  -21.743  -63.578  -21.064 0.6999999881
10923  -25.852  -63.128  -21.147 0.5000000000
10943  -21.787  -63.465  -21.913 0.6000000238
10958  -21.470  -64.009  -24.115 0.6000000238
10990  -20.797  -62.877  -25.955 0.5000000000
10991  -36.767  -63.221  -25.730 0.5000000000
10992  -37.637  -62.843  -25.522 0.5000000000
11001  -27.552  -63.741  -26.747 0.6000000238
11003  -35.266  -63.375  -26.751 0.6000000238
11004  -35.869  -63.280  -26.543 0.5000000000
11010  -26.770  -63.667  -26.890 0.6999999881
11012  -28.624  -63.082  -27.344 0.5000000000
11016  -32.763  -62.950  -27.909 0.5000000000
11018  -34.865  -63.011  -27.224 0.6000000238
11023  -26.965  -63.472  -27.440 0.6000000238
11026  -30.999  -62.936  -28.333 0.5000000000
11027  -31.732  -62.932  -28.504 0.5000000000
11029  -36.048  -62.416  -28.688 0.6000000238
11036  -32.077  -63.241  -29.369 0.5000000000
11038  -34.479  -62.879  -29.644 0.6000000238
11039  -35.405  -62.958  -29.819 0.6000000238
11043  -33.974  -63.434  -30.100 0.5000000000
11045  -35.813  -63.807  -30.197 0.6000000238
11046  -36.841  -64.035  -30.099 0.5000000000
12004  -24.701  -61.696  -12.706 0.6000000238
12023  -25.289  -62.298  -13.200 0.6000000238
12038  -23.184  -63.193  -14.377 0.5000000000
12042  -28.177  -61.840  -14.606 0.5000000000
12060  -23.232  -62.236  -14.861 0.5000000000
12061  -25.903  -62.349  -16.284 0.6000000238
12078  -22.736  -62.814  -16.566 0.6000000238
12080  -25.929  -62.321  -17.284 0.5000000000
12095  -23.189  -62.137  -17.012 0.5000000000
12096  -26.011  -62.370  -18.070 0.5000000000
12179  -22.176  -62.825  -22.190 0.6000000238
12180  -22.836  -62.303  -22.476 0.6000000238
12192  -22.823  -62.574  -23.636 0.6000000238
12205  -22.010  -62.897  -25.064 0.5000000000
12206  -22.650  -62.566  -24.782 0.5000000000
12222  -23.097  -62.087  -25.547 0.5000000000
12241  -37.026  -62.438  -28.496 0.5000000000
13149  -26.285  -61.011  -12.458 0.5000000000
13150  -27.245  -61.014  -13.009 0.5000000000
13165  -23.844  -61.994  -13.278 0.6000000238
13185  -23.524  -61.642  -14.189 0.5000000000
13186  -26.857  -61.784  -14.177 0.5000000000
13189  -29.640  -61.329  -14.550 0.5000000000
13224  -22.967  -62.026  -18.392 0.6000000238
13262  -22.796  -62.056  -19.168 0.6000000238
13263  -23.240  -61.443  -19.526 0.6000000238
13294  -22.955  -61.963  -21.631 0.5000000000
13295  -23.475  -61.620  -21.264 0.5000000000
13296  -24.138  -61.231  -20.765 0.6000000238
13297  -25.296  -61.223  -22.095 0.6000000238
13309  -24.142  -61.852  -22.964 0.6000000238
13321  -25.722  -61.176  -23.651 0.6000000238
13330  -23.883  -61.843  -25.346 0.6000000238
13331  -24.299  -61.207  -25.970 0.5000000000
13332  -25.597  -61.142  -24.810 0.5000000000
13340  -23.444  -61.433  -26.049 0.5000000000
14208  -24.662  -60.841  -12.434 0.6000000238
14209  -25.225  -60.414  -12.176 0.6000000238
14210  -26.005  -60.243  -11.964 0.6000000238
14228  -23.857  -61.072  -13.542 0.6000000238
14230  -27.759  -60.561  -12.777 0.5000000000
14231  -28.459  -60.330  -13.026 0.5000000000
14244  -24.159  -60.343  -13.842 0.6000000238
14274  -24.595  -60.213  -16.287 0.6000000238
14288  -23.850  -60.979  -17.252 0.5000000000
14289  -24.546  -60.310  -17.181 0.5000000000
14307  -24.314  -60.610  -18.545 0.5000000000
14308  -25.159  -60.308  -18.851 0.5000000000
14330  -24.475  -60.681  -19.329 0.6000000238
14353  -23.876  -61.046  -19.857 0.6000000238
14375  -26.358  -59.883  -21.581 0.6000000238
14395  -26.167  -60.565  -23.216 0.6000000238
14410  -26.573  -59.816  -23.837 0.6000000238
14432  -24.532  -60.573  -26.133 0.5000000000
15418  -24.781  -60.133  -12.447 0.6000000238
15420  -26.221  -59.374  -11.823 0.6000000238
15421  -27.468  -59.099  -11.827 0.5000000000
15443  -24.547  -59.859  -13.204 0.6000000238
15444  -25.095  -59.414  -12.674 0.6000000238
15446  -29.033  -59.307  -12.797 0.5000000000
15460  -24.684  -59.715  -14.185 0.6000000238
15461  -25.435  -59.086  -14.487 0.6000000238
15478  -25.675  -59.274  -15.579 0.6000000238
15491  -25.123  -59.758  -15.959 0.6000000238
15507  -25.213  -59.825  -16.736 0.5000000000
15509  -26.007  -59.540  -17.840 0.6000000238
15541  -26.344  -59.363  -19.246 0.6000000238
15558  -26.478  -59.264  -20.116 0.6000000238
15614  -26.448  -59.662  -24.925 0.6000000238
15624  -24.796  -59.319  -25.981 0.6000000238
15625  -25.747  -59.271  -25.630 0.6000000238
15632  -24.255  -60.057  -26.116 0.5000000000
16666  -26.517  -58.669  -11.883 0.6000000238
16681  -26.456  -58.161  -13.664 0.6000000238
16722  -26.624  -58.478  -17.135 0.6000000238
16764  -26.500  -58.670  -18.698 0.6000000238
16825  -26.969  -58.288  -21.504 0.6000000238
16844  -26.885  -58.346  -24.269 0.5000000000
16848  -24.155  -58.752  -25.240 0.6000000238
16850  -25.945  -57.803  -25.155 0.6000000238
17875  -27.017  -58.045  -12.193 0.5000000000
17876  -28.298  -57.151  -12.445 0.6000000238
17890  -27.093  -57.621  -14.159 0.6000000238
17891  -27.562  -57.059  -13.553 0.6000000238
17957  -26.595  -57.969  -17.996 0.6000000238
17972  -26.326  -57.120  -19.947 0.6000000238
18004  -22.468  -57.980  -22.969 0.6000000238
18008  -23.034  -58.198  -23.645 0.6999999881
18016  -26.607  -57.872  -24.734 0.5000000000
19005  -28.110  -56.512  -12.989 0.5000000000
19006  -28.493  -55.834  -12.916 0.5000000000
19022  -27.461  -56.853  -14.643 0.6000000238
19104  -20.312  -56.363  -22.293 0.6000000238
19114  -27.244  -56.608  -22.880 0.6000000238
19120  -23.723  -56.571  -24.377 0.6000000238
19122  -26.174  -56.246  -24.625 0.6000000238
19128  -25.587  -56.862  -24.849 0.5000000000
20231  -26.935  -55.194  -14.514 0.4000000060
20232  -27.385  -55.982  -14.823 0.6000000238
20282  -25.777  -55.336  -17.755 0.5000000000
20283  -26.237  -56.024  -17.287 0.6000000238
20297  -21.308  -55.016  -18.443 0.6000000238
20298  -25.641  -55.210  -18.622 0.5000000000
20312  -18.829  -55.783  -20.855 0.5000000000
20327  -19.659  -56.197  -20.936 0.6000000238
20329  -26.363  -55.495  -20.606 0.5000000000
20337  -19.657  -56.200  -21.708 0.6000000238
20345  -22.763  -55.310  -23.345 0.6000000238
21412  -15.204  -54.138  -9.865 0.6000000238
21421  -13.850  -54.249  -10.586 0.5000000000
21423  -15.240  -54.275  -10.243 0.6000000238
21458  -18.092  -54.789  -13.039 0.5000000000
21482  -25.767  -54.145  -15.739 0.5000000000
21483  -26.308  -54.672  -15.111 0.6000000238
21500  -20.737  -54.462  -16.789 0.6000000238
21501  -25.701  -54.406  -16.640 0.5000000000
21518  -21.092  -54.639  -17.639 0.6000000238
21519  -25.568  -54.562  -17.550 0.5000000000
21534  -18.666  -54.340  -18.511 0.6000000238
21536  -25.531  -54.412  -18.400 0.5000000000
21550  -18.460  -55.165  -20.333 0.6000000238
21553  -26.267  -54.666  -20.298 0.5000000000
21565  -26.958  -54.124  -20.924 0.5000000000
21574  -18.877  -55.119  -21.672 0.6999999881
21587  -20.200  -55.969  -22.648 0.6999999881
21588  -20.960  -55.595  -22.844 0.6000000238
21590  -23.625  -54.372  -23.134 0.6000000238
21591  -25.568  -54.012  -23.717 0.6000000238
21593  -26.839  -54.623  -23.679 0.6000000238
21605  -25.158  -54.772  -24.017 0.5000000000
22635  -15.958  -53.635  -9.737 0.6999999881
22636  -16.960  -53.310  -9.685 0.6999999881
22637  -17.840  -53.164  -9.662 0.8000000119
22638  -18.577  -53.105  -9.680 0.8000000119
22643  -13.579  -53.631  -10.440 0.5000000000
22644  -14.398  -53.970  -9.999 0.6000000238
22663  -15.457  -54.176  -10.690 0.6000000238
22664  -15.977  -53.890  -10.375 0.6999999881
22665  -16.617  -53.498  -10.322 0.6999999881
22666  -17.505  -53.258  -10.399 0.6999999881
22682  -16.709  -54.496  -12.961 0.5000000000
22697  -15.604  -53.121  -14.666 0.6000000238
22698  -16.140  -53.515  -14.177 0.6000000238
22699  -17.203  -53.844  -14.213 0.6000000238
22700  -18.365  -54.042  -13.941 0.6000000238
22714  -19.232  -54.000  -15.783 0.6000000238
22756  -16.432  -53.388  -16.891 0.6000000238
22758  -18.304  -53.979  -17.362 0.6000000238
22780  -25.701  -53.633  -18.888 0.5000000000
22798  -17.414  -53.766  -20.062 0.6000000238
22812  -18.104  -53.482  -20.917 0.6000000238
22822  -18.465  -54.307  -21.190 0.6999999881
22837  -26.385  -53.422  -23.620 0.6000000238
22838  -26.996  -53.866  -23.329 0.6000000238
23799  -14.717  -52.681  -9.745 0.6000000238
23800  -15.593  -52.938  -9.525 0.6999999881
23837  -19.694  -53.002  -10.712 0.6999999881
23838  -20.578  -52.878  -10.960 0.6000000238
23849  -18.167  -52.237  -11.593 0.8000000119
23852  -21.690  -52.150  -11.946 0.5000000000
23891  -15.664  -53.107  -15.576 0.6999999881
23910  -15.714  -53.023  -16.430 0.8000000119
23942  -26.343  -52.296  -19.143 0.5000000000
23955  -16.571  -52.644  -19.835 0.6000000238
23957  -27.209  -52.538  -20.201 0.5000000000
23958  -28.060  -52.730  -21.478 0.5000000000
23965  -18.008  -52.681  -20.385 0.5000000000
23966  -18.852  -52.742  -20.674 0.6999999881
23967  -20.002  -52.856  -20.901 0.6999999881
23978  -21.178  -52.900  -21.241 0.6000000238
23979  -22.239  -52.847  -21.482 0.6000000238
23980  -24.287  -52.383  -22.046 0.6000000238
23981  -27.831  -52.873  -22.642 0.6000000238
23989  -25.041  -52.442  -22.713 0.6999999881
23990  -26.078  -52.603  -23.269 0.6000000238
24994  -16.904  -52.165  -9.298 0.6999999881
24995  -18.759  -52.156  -9.331 0.8000000119
25010  -14.537  -51.697  -10.217 0.6000000238
25011  -15.463  -51.409  -9.884 0.6999999881
25013  -23.135  -51.416  -11.083 0.4000000060
25020  -22.126  -52.157  -11.335 0.5000000000
25027  -16.123  -51.599  -12.643 0.6999999881
25033  -22.655  -51.351  -12.390 0.5000000000
25041  -15.473  -51.932  -13.711 0.6999999881
25045  -19.686  -50.950  -13.076 0.5000000000
25060  -15.318  -51.777  -14.567 0.6999999881
25130  -15.908  -51.384  -18.798 0.6999999881
25131  -16.597  -51.369  -19.223 0.6999999881
25151  -20.117  -51.366  -19.695 0.8000000119
25165  -18.861  -52.063  -20.273 0.5000000000
25170  -24.290  -51.324  -21.087 0.6999999881
25199  -27.395  -51.033  -23.216 0.6999999881
26235  -20.244  -51.623  -9.776 0.6000000238
26257  -16.393  -49.798  -10.755 0.6000000238
26258  -23.831  -50.698  -11.727 0.4000000060
26264  -23.307  -51.106  -12.153 0.4000000060
26275  -16.329  -50.369  -14.182 0.5000000000
26277  -19.177  -50.381  -13.813 0.6000000238
26279  -20.959  -50.390  -13.955 0.5000000000
26280  -22.210  -50.814  -13.027 0.5000000000
26301  -17.323  -49.812  -14.646 0.6000000238
26321  -15.574  -49.910  -15.797 0.6000000238
26333  -14.820  -51.108  -16.891 0.6000000238
26359  -18.932  -50.183  -19.096 0.8000000119
26360  -21.916  -49.725  -18.919 0.8000000119
26361  -22.929  -49.731  -18.760 0.8000000119
26373  -17.378  -51.048  -19.301 0.6000000238
26375  -19.714  -50.656  -19.312 0.8000000119
26376  -20.494  -50.797  -19.298 0.8000000119
26377  -21.311  -50.514  -19.116 0.8000000119
26385  -22.820  -51.155  -19.757 0.6999999881
26386  -23.742  -51.044  -20.316 0.6999999881
26388  -25.222  -50.095  -21.178 0.8000000119
26395  -25.669  -50.497  -22.088 0.8000000119
26396  -26.569  -50.292  -22.501 0.6999999881
26397  -28.434  -51.036  -22.568 0.5000000000
26398  -28.581  -50.293  -22.245 0.5000000000
26410  -26.359  -50.967  -22.791 0.8000000119
26411  -28.162  -50.613  -23.057 0.6999999881
27407  -24.035  -49.566  -8.665 0.5000000000
27414  -22.025  -49.995  -9.449 0.5000000000
27416  -23.770  -50.097  -9.258 0.5000000000
27421  -17.919  -49.838  -10.590 0.6999999881
27436  -24.058  -49.880  -11.971 0.5000000000
27437  -24.433  -49.314  -11.256 0.4000000060
27446  -23.422  -49.512  -12.668 0.5000000000
27493  -17.986  -48.957  -15.452 0.6000000238
27508  -15.678  -49.678  -17.539 0.6000000238
27524  -19.158  -49.346  -18.892 0.8000000119
27527  -22.333  -48.871  -18.867 0.8000000119
27544  -23.658  -49.495  -19.031 0.8000000119
27575  -26.722  -49.472  -22.148 0.6000000238
27577  -28.398  -49.221  -22.187 0.5000000000
28592  -21.635  -48.562  -7.867 0.4000000060
28593  -22.919  -49.180  -7.872 0.4000000060
28605  -20.433  -48.901  -10.555 0.4000000060
28613  -17.873  -48.784  -11.826 0.6999999881
28614  -18.844  -48.451  -11.643 0.5000000000
28640  -21.362  -49.101  -14.510 0.5000000000
28641  -21.956  -48.866  -13.932 0.5000000000
28660  -20.738  -48.603  -14.781 0.5000000000
28661  -21.322  -48.518  -14.219 0.5000000000
28673  -16.877  -48.528  -16.114 0.6000000238
28689  -16.577  -48.056  -16.900 0.6000000238
28704  -15.950  -48.977  -17.309 0.6000000238
28719  -16.801  -48.678  -17.873 0.6000000238
28723  -20.845  -48.254  -18.880 0.8000000119
28742  -24.664  -48.662  -19.820 0.8000000119
28758  -25.135  -48.698  -20.321 0.8000000119
28760  -26.285  -47.951  -21.076 0.6999999881
28775  -26.895  -48.615  -21.774 0.6000000238
28776  -27.705  -48.392  -21.999 0.5000000000
29803  -20.090  -47.290  -6.806 0.4000000060
29810  -19.987  -47.451  -7.344 0.4000000060
29813  -22.488  -47.936  -6.793 0.4000000060
29814  -24.129  -47.800  -7.048 0.3000000119
29841  -19.339  -46.734  -10.843 0.6000000238
29860  -23.153  -46.952  -11.893 0.4000000060
29874  -21.967  -47.244  -12.809 0.4000000060
29875  -22.737  -47.512  -12.454 0.4000000060
29892  -21.673  -48.035  -13.488 0.5000000000
29925  -16.837  -48.034  -17.300 0.6000000238
29928  -19.499  -46.981  -17.879 0.6999999881
29935  -18.229  -47.897  -18.068 0.6999999881
29940  -23.108  -47.099  -18.829 0.6999999881
29947  -25.005  -46.445  -20.252 0.6999999881
29955  -25.613  -47.200  -20.632 0.6000000238
29972  -27.103  -47.662  -21.454 0.6000000238
31002  -17.817  -46.488  -6.984 0.5000000000
31017  -17.832  -46.481  -7.615 0.5000000000
31108  -18.791  -45.829  -13.977 0.5000000000
31134  -18.164  -45.386  -17.105 0.5000000000
31148  -22.082  -45.961  -17.643 0.6000000238
31154  -20.786  -46.861  -17.947 0.6000000238
31161  -24.485  -45.733  -19.774 0.6000000238
31162  -25.155  -45.344  -20.169 0.6000000238
32190  -19.975  -46.146  -6.535 0.4000000060
32204  -20.463  -45.615  -6.949 0.4000000060
32241  -18.154  -45.449  -9.438 0.4000000060
32275  -21.723  -44.896  -12.101 0.4000000060
32314  -19.539  -45.653  -13.321 0.5000000000
32322  -17.908  -45.116  -15.168 0.5000000000
32334  -17.778  -44.730  -15.860 0.5000000000
32336  -22.313  -45.448  -15.325 0.5000000000
32350  -17.812  -44.909  -16.561 0.5000000000
32372  -19.204  -45.182  -17.432 0.5000000000
33575  -19.477  -43.935  -13.105 0.4000000060
33577  -20.838  -44.463  -12.399 0.4000000060
33591  -18.995  -44.065  -13.798 0.4000000060
33602  -18.371  -44.965  -14.457 0.6000000238
33635  -19.048  -43.743  -16.508 0.5000000000
34741  -17.379  -44.122  -6.548 0.4000000060
34753  -18.069  -43.685  -7.027 0.5000000000
34829  -21.646  -43.680  -12.375 0.4000000060
34858  -19.506  -43.436  -13.716 0.4000000060
34873  -19.119  -43.584  -14.477 0.5000000000
34875  -20.590  -42.736  -14.420 0.5000000000
34892  -19.338  -43.409  -14.935 0.5000000000
36056  -15.137  -42.261  -6.633 0.3000000119
36058  -16.060  -42.862  -6.417 0.5000000000
36129  -21.104  -43.088  -12.778 0.4000000060
36130  -21.836  -42.988  -12.616 0.4000000060
36142  -20.429  -42.793  -13.236 0.4000000060
36143  -21.009  -42.370  -13.052 0.4000000060
36182  -20.095  -42.530  -14.113 0.4000000060
36184  -20.997  -42.225  -14.572 0.4000000060
37331  -15.480  -41.393  -6.594 0.5000000000
37333  -16.683  -41.617  -6.965 0.5000000000
37409  -22.031  -41.542  -13.076 0.4000000060
37436  -20.394  -41.129  -13.921 0.4000000060
37461  -20.545  -41.044  -14.267 0.4000000060
38695  -21.175  -40.898  -13.685 0.4000000060
38743  -20.994  -39.944  -14.652 0.3000000119
38758  -21.263  -40.056  -15.402 0.4000000060
39948  -14.925  -39.478  -10.419 0.3000000119
40028  -21.618  -39.392  -15.027 0.4000000060
138123  -15.662  -54.082  -11.501 0.6000000238
139139  -22.467  -65.013  -15.944 0.6000000238
139189  -23.910  -64.899  -18.674 0.6000000238
139496  -16.628  -43.544  -6.474 0.4000000060
139705  -29.812  -64.269  -26.624 0.6000000238
140014  -18.069  -53.904  -14.731 0.6000000238
140400  -36.025  -71.923  -12.815 0.3000000119
140434  -26.624  -59.154  -21.051 0.4000000060
140546  -18.551  -53.035  -10.653 0.8000000119
140651  -22.906  -51.685  -20.420 0.6999999881
140928  -26.040  -66.936  -30.137 0.4000000060
141228  -34.138  -69.510  -18.011 0.3000000119
141255  -24.206  -64.620  -25.191 0.6999999881
141271  -26.184  -63.905  -27.957 0.6999999881
141747  -29.863  -60.375  -14.547 0.5000000000
142006  -39.967  -65.909  -17.588 0.3000000119
142558  -22.404  -63.651  -16.629 0.6000000238
142561  -20.148  -68.549  -23.530 0.6999999881
142684  -38.161  -66.377  -28.064 0.5000000000
142741  -22.644  -66.570  -22.760 0.6999999881
142753  -22.211  -68.587  -18.641 0.6999999881
142936  -23.499  -61.592  -16.892 0.5000000000
143148  -38.205  -65.611  -29.312 0.6000000238
143191  -21.462  -51.795  -20.093 0.8000000119
143243  -34.337  -69.733  -19.259 0.3000000119
143365  -38.661  -69.609  -24.295 0.6000000238
143908  -33.899  -66.672  -30.790 0.6000000238
143962  -39.190  -72.630  -8.353 0.3000000119
144160  -21.889  -55.186  -22.949 0.6000000238
144590  -22.476  -65.065  -26.214 0.6000000238
144773  -25.977  -60.008  -18.947 0.5000000000
144787  -32.077  -67.717  -29.796 0.6000000238
144791  -33.160  -64.714  -14.394 0.3000000119
144853  -32.261  -66.750  -12.221 0.3000000119
144862  -17.184  -46.773  -16.709 0.5000000000
144925  -40.487  -66.887  -24.870 0.5000000000
145124  -15.663  -52.385  -18.585 0.6999999881
145428  -24.293  -56.098  -24.361 0.6000000238
145537  -29.096  -70.077  -7.815 0.3000000119
145559  -26.150  -65.548  -29.510 0.5000000000
145673  -27.071  -55.862  -23.557 0.6000000238
145750  -36.075  -72.763  -22.663 0.3000000119
145871  -28.945  -65.815  -26.259 0.6000000238
145896  -15.323  -52.590  -16.013 0.8000000119
146135  -23.486  -64.825  -25.280 0.6999999881
146215  -25.205  -56.079  -24.589 0.6000000238
146301  -16.316  -44.940  -7.427 0.4000000060
146617  -34.279  -67.000  -7.216 0.3000000119
146813  -29.709  -67.259  -8.913 0.3000000119
146875  -33.286  -68.503  -15.954 0.3000000119
146896  -32.805  -67.129  -30.404 0.6000000238
146993  -26.508  -65.034  -26.025 0.6000000238
147426  -33.074  -67.899  -7.596 0.3000000119
147735  -24.777  -63.774  -21.867 0.5000000000
147972  -38.461  -67.700  -20.681 0.3000000119
148182  -20.942  -65.034  -23.128 0.5000000000
148335  -25.362  -53.030  -16.368 0.5000000000
148693  -27.450  -63.047  -17.217 0.5000000000
148757  -21.453  -50.911  -13.174 0.6000000238
148856  -15.267  -54.409  -11.537 0.6000000238
148892  -22.506  -51.770  -10.895 0.4000000060
148943  -34.591  -66.885  -30.604 0.6000000238
149386  -22.018  -57.505  -22.322 0.6000000238
149770  -26.595  -55.828  -24.200 0.6000000238
149788  -36.775  -66.733  -29.872 0.6000000238
149968  -25.344  -53.279  -17.082 0.5000000000
150043  -24.457  -53.738  -23.114 0.5000000000
150212  -25.145  -64.047  -23.197 0.6999999881
150392  -19.637  -48.982  -18.906 0.6999999881
150558  -28.183  -52.249  -22.609 0.6000000238
150612  -30.304  -62.928  -28.186 0.5000000000
150770  -32.897  -64.742  -30.495 0.6000000238
150901  -37.548  -66.898  -26.334 0.4000000060
151224  -35.655  -70.227  -20.309 0.3000000119
151634  -39.007  -70.101  -24.687 0.5000000000
152091  -21.888  -63.527  -23.076 0.6000000238
152402  -31.240  -66.796  -8.730 0.3000000119
152596  -25.938  -60.471  -21.135 0.5000000000
153358  -37.701  -71.854  -10.473 0.3000000119
153709  -22.059  -67.784  -17.424 0.6999999881
153807  -19.074  -68.590  -19.843 0.6999999881
154060  -21.805  -48.100  -19.000 0.6000000238
154128  -24.226  -60.629  -17.841 0.5000000000
154241  -37.184  -70.945  -26.104 0.6000000238
154475  -19.279  -50.299  -10.446 0.6000000238
154554  -32.640  -65.699  -26.059 0.5000000000
154618  -34.042  -62.630  -28.822 0.6000000238
154887  -42.869  -65.133  -25.658 0.5000000000
155154  -34.980  -69.796  -27.861 0.6000000238
155367  -20.198  -68.176  -19.033 0.6999999881
155387  -15.122  -50.541  -17.529 0.6000000238
155580  -31.468  -68.935  -8.863 0.3000000119
155630  -27.112  -58.223  -22.619 0.6999999881
155683  -17.820  -52.130  -9.226 0.8000000119
155685  -21.303  -44.766  -16.619 0.5000000000
155814  -21.619  -52.195  -10.492 0.5000000000
155844  -32.111  -62.899  -27.953 0.5000000000
156291  -20.125  -48.050  -14.764 0.6000000238
156445  -33.726  -70.712  -13.948 0.3000000119
156493  -19.821  -52.785  -9.766 0.8000000119
156582  -26.683  -65.263  -29.591 0.5000000000
156925  -17.537  -45.910  -6.646 0.5000000000
157008  -39.714  -71.807  -8.333 0.3000000119
157366  -22.790  -67.601  -19.431 0.6999999881
157762  -34.474  -64.331  -26.074 0.5000000000
157767  -23.376  -65.157  -24.084 0.6999999881
157785  -21.506  -40.816  -15.491 0.4000000060
158215  -25.211  -63.368  -14.047 0.6000000238
158342  -23.505  -65.145  -20.433 0.6999999881
158355  -38.756  -63.688  -29.239 0.5000000000
158738  -17.500  -54.829  -12.963 0.5000000000
158888  -22.002  -63.295  -19.784 0.6999999881
158931  -17.676  -51.527  -19.671 0.6000000238
159047  -20.161  -46.947  -17.886 0.6999999881
159151  -33.653  -74.577  -17.411 0.3000000119
159282  -26.824  -58.155  -16.477 0.6000000238
159418  -25.665  -60.242  -19.273 0.5000000000
159481  -18.325  -50.404  -13.639 0.5000000000
159537  -26.072  -58.539  -14.318 0.6000000238
159672  -27.083  -55.251  -23.348 0.5000000000
159684  -15.330  -51.195  -14.727 0.6999999881
159714  -37.377  -68.514  -27.454 0.5000000000
159903  -41.919  -68.626  -22.696 0.4000000060
159910  -29.863  -68.602  -29.617 0.5000000000
159917  -23.455  -64.685  -28.068 0.5000000000
160231  -22.321  -51.883  -12.011 0.5000000000
160238  -27.155  -58.099  -23.576 0.6000000238
160337  -33.073  -66.606  -30.842 0.6000000238
160378  -23.020  -50.014  -12.987 0.5000000000
160440  -33.354  -74.434  -18.229 0.3000000119
160564  -17.155  -49.933  -10.407 0.6999999881
160725  -38.260  -65.894  -28.923 0.5000000000
160793  -25.404  -52.770  -17.829 0.5000000000
160804  -37.801  -72.821  -13.898 0.3000000119
161153  -32.770  -69.688  -12.228 0.3000000119
161272  -37.179  -66.258  -29.888 0.6000000238
161462  -16.973  -51.228  -12.637 0.6000000238
161490  -18.216  -54.003  -18.104 0.6000000238
161775  -23.900  -65.810  -18.234 0.6999999881
161862  -22.174  -63.195  -18.981 0.6999999881
162490  -23.453  -62.058  -22.691 0.6000000238
162557  -35.653  -67.649  -19.092 0.4000000060
162762  -18.025  -67.562  -22.363 0.5000000000
162945  -26.835  -59.050  -11.685 0.6000000238
163396  -25.485  -53.226  -18.337 0.5000000000
163439  -22.510  -62.604  -19.132 0.6999999881
163543  -18.666  -44.481  -14.123 0.5000000000
164072  -26.926  -63.987  -19.941 0.5000000000
164137  -26.353  -57.405  -18.403 0.6000000238
164230  -35.098  -70.211  -17.130 0.3000000119
164353  -23.556  -64.551  -26.456 0.6999999881
164539  -25.868  -58.537  -25.350 0.6000000238
164687  -21.278  -65.038  -20.610 0.6999999881
164689  -32.405  -70.666  -26.102 0.4000000060
164900  -35.093  -69.946  -20.891 0.3000000119
165130  -21.523  -64.160  -20.890 0.6999999881
165227  -27.612  -53.147  -20.872 0.5000000000
165231  -38.867  -72.169  -9.792 0.3000000119
165296  -34.443  -65.306  -15.569 0.4000000060
165356  -37.889  -68.678  -26.821 0.5000000000
165865  -38.630  -71.236  -9.705 0.3000000119
165914  -38.977  -66.870  -23.520 0.4000000060
165980  -43.659  -67.231  -23.411 0.5000000000
166034  -17.435  -46.355  -16.170 0.5000000000
166175  -30.280  -67.464  -30.265 0.5000000000
166262  -20.310  -47.430  -9.870 0.5000000000
