#!ascii label  , from subject sub-LJ001 vox2ras=TkReg
1673
11021  -39.537  -63.185  -28.014 0.5000000000
12243  -39.009  -62.631  -28.216 0.6000000238
5493  -43.940  -67.704  -22.228 0.3000000119
11042  -38.168  -63.565  -29.516 0.5000000000
7552  -43.800  -65.980  -24.109 0.4000000060
7531  -44.246  -66.135  -23.502 0.4000000060
7514  -45.125  -65.851  -22.200 0.4000000060
6474  -44.721  -66.688  -22.026 0.3000000119
9770  -45.704  -64.473  -22.753 0.4000000060
10978  -38.945  -62.563  -24.357 0.5000000000
12211  -39.580  -62.194  -24.974 0.5000000000
12240  -40.239  -62.542  -26.909 0.5000000000
10977  -38.289  -62.660  -24.923 0.6000000238
12209  -38.424  -62.434  -25.674 0.5000000000
150012  -39.086  -62.375  -27.479 0.6000000238
5471  -43.952  -68.301  -20.435 0.3000000119
12237  -37.446  -62.294  -27.750 0.5000000000
146299  -43.834  -64.915  -24.119 0.5000000000
8639  -43.531  -65.480  -24.489 0.5000000000
6441  -44.371  -67.587  -21.005 0.3000000119
12231  -37.833  -62.296  -27.109 0.6000000238
12242  -38.038  -62.477  -28.402 0.5000000000
10968  -45.268  -63.932  -22.922 0.5000000000
148396  -44.607  -64.946  -23.190 0.4000000060
8611  -45.711  -65.013  -22.343 0.4000000060
8598  -45.564  -65.500  -21.769 0.3000000119
6456  -44.664  -66.989  -21.405 0.3000000119
9769  -44.929  -63.995  -23.119 0.4000000060
10969  -46.326  -63.373  -23.054 0.4000000060
143069  -46.721  -63.371  -22.698 0.4000000060
10953  -45.704  -63.151  -23.262 0.4000000060
10911  -38.769  -63.674  -20.429 0.6999999881
10932  -39.309  -63.890  -21.127 0.6999999881
140518  -39.810  -63.936  -21.692 0.6999999881
11006  -41.040  -62.711  -26.621 0.5000000000
10890  -37.308  -63.148  -19.846 0.6999999881
10910  -37.751  -63.484  -20.713 0.6999999881
10949  -38.368  -63.383  -22.879 0.8000000119
10963  -39.274  -63.050  -23.299 0.5000000000
144594  -38.172  -62.949  -24.172 0.6999999881
11007  -42.044  -63.107  -26.417 0.5000000000
10930  -37.679  -63.524  -21.687 0.6999999881
10994  -42.925  -63.152  -25.605 0.4000000060
9808  -43.220  -63.948  -25.513 0.5000000000
5458  -44.316  -68.378  -19.508 0.3000000119
10976  -36.835  -63.394  -24.886 0.6000000238
10967  -43.636  -64.069  -24.385 0.5000000000
9786  -44.072  -64.730  -23.465 0.5000000000
5472  -44.589  -67.728  -20.092 0.3000000119
9768  -44.036  -64.420  -22.647 0.5000000000
12171  -43.917  -63.115  -21.966 0.4000000060
10934  -44.735  -63.300  -22.812 0.4000000060
12200  -47.006  -62.020  -23.493 0.4000000060
9754  -46.647  -63.893  -22.179 0.4000000060
8599  -46.102  -64.733  -21.967 0.4000000060
13313  -44.059  -60.933  -23.057 0.3000000119
12186  -45.497  -62.283  -23.552 0.4000000060
15543  -35.410  -59.779  -19.644 0.5000000000
14312  -35.625  -60.383  -18.521 0.6000000238
15527  -36.675  -60.090  -19.346 0.6000000238
12121  -38.526  -62.345  -18.850 0.6000000238
164434  -38.597  -63.035  -19.293 0.6000000238
14379  -33.370  -59.976  -21.303 0.5000000000
14358  -33.384  -59.983  -20.213 0.5000000000
14334  -34.436  -59.901  -19.017 0.6000000238
12119  -36.600  -61.750  -18.534 0.6000000238
12137  -36.965  -62.581  -19.032 0.6999999881
10979  -39.992  -62.415  -24.303 0.6000000238
6374  -43.059  -68.387  -17.141 0.3000000119
164754  -32.031  -61.391  -21.254 0.6999999881
144489  -32.827  -60.324  -20.672 0.6000000238
13243  -33.348  -61.227  -18.889 0.6000000238
14311  -34.805  -60.540  -18.450 0.6000000238
12118  -35.626  -61.731  -18.520 0.6999999881
10909  -36.750  -63.317  -20.648 0.6999999881
138326  -40.732  -63.637  -22.718 0.6000000238
10964  -41.235  -63.064  -23.523 0.6000000238
12227  -42.202  -62.546  -25.475 0.5000000000
160550  -31.011  -62.810  -22.359 0.6999999881
13283  -32.385  -61.353  -20.471 0.6000000238
13265  -32.750  -61.809  -19.313 0.6000000238
13244  -34.356  -61.392  -18.404 0.6000000238
10888  -35.552  -62.915  -19.566 0.6999999881
148244  -36.273  -63.483  -21.455 0.6999999881
10980  -43.003  -63.571  -24.375 0.5000000000
4550  -43.313  -69.271  -19.357 0.3000000119
10945  -30.575  -63.580  -21.994 0.6999999881
12168  -31.218  -63.193  -21.574 0.6000000238
12155  -32.156  -62.654  -19.942 0.6999999881
10887  -34.456  -62.970  -18.634 0.6000000238
165847  -34.936  -63.050  -19.206 0.6000000238
10947  -36.833  -63.566  -22.852 0.6999999881
10952  -41.680  -64.151  -22.627 0.5000000000
9752  -43.225  -64.317  -21.661 0.5000000000
12134  -32.556  -62.813  -18.949 0.6000000238
10886  -33.914  -63.658  -18.555 0.6000000238
9749  -34.759  -64.061  -21.906 0.6000000238
10959  -35.746  -63.844  -23.804 0.6000000238
10975  -36.013  -63.713  -24.535 0.6000000238
9733  -42.797  -63.827  -20.888 0.5000000000
140244  -44.819  -67.020  -20.688 0.3000000119
10885  -31.752  -63.669  -19.498 0.6999999881
10869  -32.502  -63.720  -18.715 0.6000000238
149939  -33.261  -62.893  -18.495 0.6000000238
9729  -34.047  -64.800  -20.179 0.6000000238
9748  -34.468  -64.320  -21.088 0.5000000000
146832  -34.310  -64.540  -21.885 0.5000000000
9794  -35.130  -64.127  -24.351 0.5000000000
158787  -36.250  -63.568  -25.229 0.5000000000
10933  -43.540  -63.774  -21.541 0.5000000000
15593  -43.529  -59.468  -22.139 0.3000000119
15607  -44.330  -59.622  -22.581 0.3000000119
14404  -44.847  -60.083  -23.213 0.3000000119
13302  -46.659  -61.198  -22.494 0.4000000060
165114  -47.015  -61.910  -22.680 0.4000000060
9807  -35.559  -63.852  -25.207 0.5000000000
14386  -42.815  -59.914  -22.330 0.3000000119
13326  -46.571  -61.413  -23.580 0.4000000060
147180  -34.251  -60.550  -22.375 0.5000000000
15587  -34.647  -60.142  -21.539 0.5000000000
14381  -36.025  -60.362  -22.112 0.5000000000
15562  -36.274  -60.087  -21.044 0.5000000000
14412  -31.971  -61.142  -24.829 0.5000000000
14399  -32.756  -60.913  -23.367 0.5000000000
140057  -32.967  -60.380  -22.385 0.5000000000
15560  -34.066  -59.737  -20.535 0.5000000000
15544  -36.498  -59.983  -20.003 0.5000000000
14315  -38.473  -60.705  -19.211 0.6000000238
12122  -39.219  -61.891  -18.935 0.6000000238
14398  -31.906  -61.090  -23.840 0.5000000000
12139  -39.291  -62.833  -19.141 0.6000000238
9750  -40.182  -64.146  -20.981 0.8000000119
140162  -43.092  -66.487  -16.850 0.3000000119
157903  -29.906  -62.055  -23.743 0.6000000238
12196  -30.336  -62.111  -23.567 0.6000000238
14377  -32.017  -60.726  -22.731 0.6000000238
12141  -40.758  -62.430  -19.557 0.4000000060
7429  -43.070  -67.391  -16.989 0.3000000119
12183  -29.871  -62.698  -23.055 0.6999999881
9731  -41.426  -64.264  -20.675 0.5000000000
163775  -40.689  -64.172  -21.797 0.6000000238
4529  -43.363  -69.272  -17.950 0.3000000119
152330  -44.272  -69.143  -18.187 0.3000000119
10924  -29.707  -63.614  -22.038 0.6999999881
12142  -41.521  -62.204  -20.046 0.4000000060
5450  -44.682  -68.539  -18.553 0.3000000119
10925  -30.210  -64.050  -21.687 0.6000000238
10926  -30.814  -64.073  -21.235 0.6999999881
10914  -41.899  -63.852  -20.403 0.4000000060
141460  -45.406  -65.883  -21.173 0.3000000119
10882  -29.816  -64.023  -20.340 0.6000000238
10883  -30.513  -64.155  -19.742 0.6999999881
9706  -32.618  -64.552  -18.622 0.6000000238
8575  -33.418  -65.263  -19.462 0.5000000000
8584  -33.484  -65.463  -20.553 0.5000000000
9783  -34.457  -64.465  -23.732 0.6000000238
13285  -42.035  -61.660  -20.839 0.4000000060
12169  -42.801  -61.941  -21.351 0.4000000060
144345  -41.569  -58.707  -20.807 0.3000000119
15567  -43.036  -59.119  -21.473 0.3000000119
16789  -42.980  -58.822  -19.994 0.3000000119
145493  -43.755  -59.229  -21.631 0.3000000119
14405  -45.718  -60.052  -23.052 0.4000000060
8586  -46.151  -64.577  -21.518 0.3000000119
152152  -32.276  -65.422  -18.606 0.6000000238
8574  -32.903  -65.946  -19.954 0.5000000000
8583  -32.845  -65.998  -21.001 0.5000000000
9764  -33.830  -65.016  -22.223 0.5000000000
9782  -33.765  -64.861  -23.954 0.5000000000
9792  -33.751  -64.989  -24.824 0.6000000238
142564  -34.093  -64.746  -25.464 0.5000000000
13300  -42.318  -60.728  -21.885 0.3000000119
15592  -42.461  -59.455  -21.833 0.3000000119
8564  -32.716  -65.713  -19.063 0.5000000000
8596  -32.737  -65.898  -21.860 0.5000000000
8624  -33.045  -65.275  -23.588 0.5000000000
7526  -31.780  -66.109  -23.365 0.5000000000
14438  -32.889  -60.612  -25.838 0.5000000000
146680  -33.844  -61.287  -24.890 0.5000000000
14380  -35.381  -60.639  -22.544 0.5000000000
14402  -36.101  -60.401  -23.059 0.5000000000
14382  -36.542  -60.185  -22.719 0.5000000000
15563  -37.164  -60.078  -21.369 0.5000000000
13334  -30.624  -60.980  -24.992 0.5000000000
160222  -33.748  -61.337  -24.098 0.5000000000
15564  -38.377  -59.769  -21.397 0.4000000060
13324  -30.994  -61.361  -24.156 0.5000000000
14336  -38.186  -60.245  -19.928 0.4000000060
8527  -42.558  -65.625  -16.830 0.3000000119
8528  -43.516  -65.922  -16.498 0.3000000119
14422  -29.461  -61.112  -24.537 0.6000000238
14337  -38.845  -60.478  -19.902 0.4000000060
13267  -39.787  -61.356  -19.407 0.4000000060
13311  -28.835  -61.689  -23.483 0.6000000238
12182  -29.336  -62.604  -22.990 0.6000000238
6375  -43.625  -68.157  -16.621 0.3000000119
4521  -44.117  -69.231  -16.874 0.3000000119
151703  -28.825  -62.349  -22.136 0.6000000238
13268  -40.877  -61.511  -20.047 0.4000000060
13281  -28.868  -62.247  -21.319 0.6000000238
14361  -40.785  -60.580  -21.136 0.4000000060
13284  -41.372  -61.326  -20.646 0.4000000060
5459  -44.793  -67.904  -19.265 0.3000000119
12153  -29.250  -62.892  -20.656 0.6999999881
14385  -41.896  -59.870  -22.025 0.3000000119
16832  -41.196  -58.912  -21.472 0.3000000119
14426  -34.500  -60.786  -24.957 0.5000000000
14401  -35.194  -60.890  -23.399 0.5000000000
14416  -35.655  -60.384  -23.684 0.5000000000
16840  -36.031  -58.973  -22.915 0.4000000060
14423  -31.626  -60.947  -25.316 0.5000000000
15606  -36.838  -59.139  -22.545 0.4000000060
15588  -37.632  -59.683  -21.900 0.4000000060
15634  -31.154  -60.020  -25.821 0.6000000238
15589  -38.287  -59.247  -21.847 0.4000000060
15565  -39.038  -59.360  -21.684 0.4000000060
6376  -44.442  -68.328  -16.068 0.3000000119
7430  -43.852  -67.131  -16.420 0.3000000119
13298  -28.698  -61.627  -22.619 0.6000000238
14338  -39.525  -60.526  -20.383 0.4000000060
14339  -40.253  -60.956  -20.202 0.4000000060
14360  -40.038  -60.194  -21.288 0.4000000060
16809  -40.141  -58.654  -21.084 0.4000000060
14384  -41.106  -59.821  -21.851 0.3000000119
16810  -40.887  -58.601  -20.874 0.3000000119
12113  -29.796  -62.554  -19.045 0.6000000238
15629  -34.160  -60.149  -25.575 0.5000000000
15618  -35.279  -59.824  -24.102 0.5000000000
16839  -34.851  -58.441  -23.536 0.4000000060
18007  -35.151  -57.548  -22.608 0.4000000060
15635  -32.237  -60.003  -25.969 0.5000000000
15628  -33.307  -59.976  -25.935 0.5000000000
16828  -35.924  -58.064  -22.063 0.4000000060
14435  -29.922  -60.662  -25.174 0.6000000238
16855  -30.402  -59.202  -25.649 0.6000000238
16856  -31.377  -59.056  -25.763 0.6000000238
16829  -36.704  -58.363  -21.770 0.4000000060
160987  -29.373  -60.557  -24.844 0.6000000238
16854  -29.711  -59.378  -25.430 0.6000000238
17991  -37.288  -57.924  -20.650 0.4000000060
16807  -38.591  -58.761  -21.484 0.4000000060
14397  -28.768  -60.865  -23.226 0.6000000238
16808  -39.356  -58.748  -21.304 0.4000000060
16784  -38.725  -58.261  -20.415 0.4000000060
16785  -39.528  -58.314  -20.115 0.4000000060
17977  -38.914  -57.830  -19.193 0.4000000060
4541  -44.788  -69.082  -17.600 0.3000000119
5426  -45.232  -68.845  -16.231 0.3000000119
14376  -28.884  -60.717  -22.104 0.6000000238
6427  -45.510  -66.766  -18.642 0.3000000119
5451  -45.288  -68.348  -17.787 0.3000000119
146436  -28.949  -61.411  -20.575 0.6000000238
13264  -29.288  -62.005  -19.774 0.6000000238
159248  -29.340  -59.933  -19.229 0.6999999881
165569  -30.089  -59.257  -20.096 0.6999999881
14332  -29.173  -60.843  -19.604 0.6000000238
15542  -29.573  -59.599  -19.688 0.6999999881
16765  -30.402  -58.727  -18.945 0.6999999881
15510  -29.491  -59.637  -18.242 0.6000000238
16782  -30.670  -58.826  -19.899 0.6999999881
17973  -31.705  -57.403  -19.302 0.6000000238
143223  -29.751  -59.236  -17.242 0.6999999881
16746  -30.670  -58.454  -18.114 0.6999999881
16847  -34.433  -58.881  -24.465 0.5000000000
18015  -34.257  -57.942  -24.449 0.5000000000
16858  -33.201  -58.954  -25.688 0.5000000000
18019  -33.406  -58.296  -25.653 0.5000000000
16853  -33.932  -59.150  -25.268 0.5000000000
19127  -35.025  -56.491  -23.406 0.5000000000
19118  -35.236  -56.564  -22.517 0.4000000060
19109  -35.492  -56.957  -21.732 0.4000000060
18021  -30.650  -58.234  -25.519 0.6000000238
18022  -31.577  -58.017  -25.647 0.6000000238
18023  -32.591  -57.917  -25.729 0.6000000238
18024  -33.733  -57.724  -25.601 0.6000000238
19098  -36.301  -56.804  -20.538 0.4000000060
141802  -29.290  -59.353  -24.559 0.6000000238
19145  -31.818  -57.117  -25.308 0.6000000238
19146  -32.606  -56.921  -25.445 0.6000000238
17974  -36.819  -57.123  -20.040 0.4000000060
15603  -29.286  -59.802  -22.599 0.6000000238
16845  -29.605  -58.465  -24.304 0.6000000238
18014  -30.112  -57.562  -24.188 0.6000000238
20377  -31.578  -55.750  -24.451 0.6000000238
19131  -32.001  -56.273  -25.001 0.6000000238
17976  -38.136  -57.650  -19.463 0.4000000060
20303  -38.438  -55.788  -18.375 0.4000000060
16838  -30.004  -58.819  -22.438 0.6000000238
16846  -30.014  -58.174  -23.273 0.6000000238
19124  -30.646  -56.734  -23.724 0.6000000238
159301  -31.875  -55.063  -24.201 0.6000000238
21614  -32.556  -54.578  -24.308 0.6000000238
17960  -38.383  -57.143  -18.508 0.4000000060
17945  -38.840  -56.834  -17.899 0.4000000060
15585  -29.331  -59.996  -21.586 0.6000000238
140453  -30.637  -58.041  -22.284 0.5000000000
18006  -30.568  -57.378  -23.077 0.6000000238
20348  -31.017  -56.023  -23.270 0.6000000238
21607  -31.921  -54.479  -23.642 0.6000000238
22848  -33.943  -53.354  -24.328 0.6999999881
14356  -29.039  -60.564  -21.084 0.6999999881
15586  -29.918  -59.302  -21.589 0.6000000238
19108  -31.059  -57.148  -22.060 0.6000000238
19116  -31.121  -56.177  -22.327 0.6000000238
22844  -33.124  -53.060  -23.550 0.6000000238
22845  -33.934  -52.626  -23.730 0.6000000238
24005  -35.329  -51.991  -23.799 0.6000000238
141257  -31.459  -54.743  -22.047 0.6000000238
22839  -31.772  -54.043  -22.310 0.6000000238
24003  -33.686  -52.501  -23.082 0.6000000238
23995  -35.230  -51.902  -23.114 0.6000000238
164224  -31.428  -57.794  -20.808 0.6000000238
146639  -31.340  -56.420  -21.412 0.6000000238
21579  -31.614  -54.204  -21.522 0.5000000000
155730  -32.353  -53.427  -21.777 0.6000000238
23993  -33.718  -52.726  -22.233 0.6000000238
20330  -31.335  -55.741  -20.605 0.5000000000
144890  -30.334  -58.591  -17.222 0.6999999881
16747  -31.422  -57.789  -17.663 0.6999999881
19073  -31.725  -56.411  -18.978 0.5000000000
158685  -31.378  -55.840  -19.709 0.6000000238
21566  -31.449  -54.371  -20.688 0.5000000000
22815  -31.847  -53.752  -21.140 0.5000000000
20316  -31.038  -55.066  -19.671 0.6000000238
26343  -27.178  -50.039  -17.981 0.6000000238
26342  -26.430  -50.452  -17.406 0.6000000238
25101  -25.793  -51.110  -16.980 0.6000000238
19126  -34.559  -57.235  -24.403 0.5000000000
164280  -34.724  -57.498  -25.531 0.5000000000
151742  -35.016  -56.733  -24.434 0.5000000000
20351  -36.352  -55.458  -21.968 0.5000000000
162376  -36.271  -55.651  -21.270 0.4000000060
20392  -32.666  -56.127  -25.219 0.5000000000
140251  -34.388  -57.217  -26.081 0.5000000000
20402  -35.845  -56.853  -26.929 0.5000000000
20341  -36.875  -55.404  -20.990 0.4000000060
21567  -38.228  -55.147  -20.507 0.4000000060
151050  -34.670  -56.421  -26.222 0.5000000000
20396  -36.223  -55.657  -26.498 0.5000000000
19084  -37.317  -56.606  -19.456 0.4000000060
20318  -37.613  -55.607  -19.715 0.4000000060
20319  -38.725  -55.343  -18.860 0.4000000060
141850  -34.112  -54.351  -24.904 0.5000000000
21621  -35.371  -54.508  -25.479 0.5000000000
21620  -34.570  -55.162  -25.588 0.5000000000
19074  -37.914  -56.262  -18.826 0.4000000060
143750  -34.844  -53.059  -24.482 0.6000000238
22849  -35.480  -53.485  -24.813 0.6000000238
24016  -34.628  -52.488  -24.086 0.6000000238
147692  -36.195  -53.079  -24.723 0.5000000000
25201  -36.013  -51.591  -23.432 0.4000000060
25217  -37.533  -51.565  -23.905 0.4000000060
24020  -38.063  -52.119  -24.379 0.4000000060
151725  -35.258  -52.486  -21.350 0.6000000238
25188  -35.950  -51.637  -22.668 0.6000000238
156480  -36.657  -51.376  -22.308 0.5000000000
156924  -37.453  -51.242  -23.377 0.4000000060
158784  -38.660  -51.767  -23.688 0.4000000060
137997  -39.565  -52.057  -23.071 0.4000000060
15494  -29.876  -59.192  -16.279 0.6999999881
22831  -33.932  -53.102  -21.328 0.6000000238
23982  -36.050  -51.926  -21.637 0.5000000000
140040  -38.536  -51.543  -22.408 0.4000000060
19062  -31.963  -56.643  -17.802 0.6000000238
22801  -31.699  -53.877  -20.105 0.5000000000
22817  -33.287  -53.342  -20.636 0.5000000000
156278  -35.800  -52.421  -20.830 0.5000000000
138144  -37.693  -51.454  -21.078 0.5000000000
25190  -38.161  -51.423  -21.815 0.4000000060
25191  -39.054  -51.771  -21.625 0.4000000060
20301  -31.364  -55.612  -18.395 0.6000000238
22804  -34.686  -53.335  -19.620 0.5000000000
27529  -29.441  -49.341  -19.044 0.6999999881
27528  -28.723  -49.430  -18.423 0.6000000238
154526  -30.122  -48.696  -18.064 0.6999999881
159372  -27.251  -49.563  -17.169 0.6000000238
159318  -30.359  -48.445  -17.261 0.6000000238
26336  -26.150  -50.480  -16.386 0.6000000238
28690  -28.633  -48.746  -16.428 0.6000000238
28692  -30.154  -48.262  -16.328 0.6000000238
28708  -30.969  -48.150  -16.841 0.6000000238
139991  -32.446  -47.955  -16.426 0.6000000238
23911  -25.356  -52.401  -15.964 0.5000000000
154916  -26.649  -49.920  -15.589 0.6000000238
27494  -27.424  -49.349  -15.152 0.6000000238
28691  -29.302  -48.402  -15.875 0.6000000238
140437  -30.894  -48.010  -15.825 0.6000000238
150970  -36.188  -55.623  -22.853 0.5000000000
23892  -25.488  -52.350  -15.084 0.5000000000
25080  -25.551  -51.554  -15.497 0.5000000000
28662  -28.280  -48.914  -14.752 0.5000000000
28664  -30.419  -48.322  -14.313 0.5000000000
19148  -35.148  -57.461  -26.234 0.4000000060
19149  -36.126  -57.724  -26.406 0.5000000000
20353  -38.151  -55.303  -22.627 0.5000000000
20352  -37.349  -55.163  -21.852 0.4000000060
23872  -25.787  -52.232  -14.448 0.5000000000
25063  -26.585  -50.934  -14.132 0.5000000000
27482  -28.481  -49.378  -14.086 0.5000000000
28643  -29.877  -48.749  -13.963 0.5000000000
18026  -36.565  -57.685  -26.915 0.5000000000
21580  -38.617  -55.040  -21.167 0.4000000060
146967  -39.070  -55.031  -20.395 0.4000000060
144313  -39.985  -54.830  -20.559 0.4000000060
22703  -26.341  -53.431  -13.976 0.5000000000
25047  -26.844  -51.631  -13.776 0.5000000000
26306  -27.901  -50.131  -13.982 0.6000000238
26307  -28.748  -49.992  -13.968 0.6000000238
139031  -39.227  -55.041  -19.529 0.4000000060
22690  -27.736  -53.125  -13.384 0.6000000238
23861  -27.851  -52.350  -13.567 0.6000000238
25065  -28.125  -50.865  -13.953 0.6999999881
21622  -36.694  -54.456  -25.843 0.4000000060
160382  -36.643  -53.609  -25.129 0.5000000000
17877  -28.630  -57.642  -12.302 0.6000000238
22850  -36.930  -52.895  -24.710 0.5000000000
22852  -38.547  -52.849  -24.805 0.4000000060
153315  -29.472  -57.900  -12.645 0.6000000238
22851  -37.715  -52.844  -24.751 0.4000000060
16694  -30.144  -58.075  -14.484 0.6000000238
17892  -30.753  -57.563  -14.823 0.6000000238
25230  -39.166  -52.032  -24.043 0.4000000060
151087  -31.954  -56.449  -16.145 0.6000000238
156908  -31.087  -57.945  -16.727 0.6999999881
20300  -30.768  -54.913  -18.741 0.6000000238
22781  -30.604  -53.835  -18.402 0.6000000238
22800  -31.062  -53.947  -19.216 0.5000000000
153313  -32.563  -53.492  -20.024 0.5000000000
28726  -30.683  -48.775  -19.092 0.6999999881
144076  -31.643  -48.423  -19.059 0.6999999881
28727  -32.661  -48.086  -19.167 0.6000000238
147081  -32.142  -48.283  -18.168 0.6000000238
28711  -33.051  -48.215  -18.080 0.6000000238
28710  -32.547  -48.068  -17.427 0.6000000238
28694  -33.375  -48.168  -16.163 0.6999999881
28679  -32.777  -48.145  -15.169 0.6000000238
157937  -31.827  -48.122  -14.676 0.6000000238
19135  -37.703  -57.518  -25.345 0.5000000000
20380  -37.058  -56.588  -24.445 0.5000000000
20367  -36.534  -55.894  -23.547 0.5000000000
20368  -37.597  -55.828  -23.573 0.5000000000
28665  -31.323  -48.364  -14.124 0.6000000238
28666  -32.340  -48.480  -14.107 0.5000000000
20381  -38.195  -56.633  -24.451 0.5000000000
21596  -38.940  -55.031  -21.987 0.5000000000
21581  -39.506  -54.928  -21.291 0.4000000060
26309  -30.805  -50.500  -14.124 0.6000000238
27459  -30.196  -49.228  -13.722 0.6000000238
28646  -32.592  -49.149  -13.641 0.5000000000
19159  -36.962  -57.292  -27.153 0.5000000000
18995  -28.689  -56.385  -12.560 0.6000000238
20188  -28.944  -55.644  -12.625 0.4000000060
21463  -28.780  -54.285  -12.950 0.6000000238
25066  -28.814  -51.193  -14.359 0.6000000238
25067  -29.607  -50.845  -14.661 0.6000000238
26284  -31.389  -50.119  -13.645 0.6000000238
20397  -37.103  -55.446  -26.543 0.4000000060
20405  -38.535  -56.504  -26.897 0.4000000060
20190  -30.209  -55.629  -12.869 0.5000000000
21446  -30.053  -54.933  -12.961 0.5000000000
21464  -29.503  -54.101  -13.203 0.6000000238
22692  -29.041  -53.182  -13.756 0.6999999881
142769  -28.895  -51.859  -14.916 0.6000000238
25082  -29.344  -51.479  -15.221 0.6000000238
164809  -30.936  -51.011  -14.808 0.6000000238
21623  -37.636  -54.425  -25.955 0.5000000000
153522  -29.502  -56.975  -12.488 0.6000000238
21465  -30.339  -54.563  -13.611 0.6000000238
22693  -29.689  -53.795  -14.081 0.6000000238
23894  -29.592  -51.753  -16.123 0.6000000238
25084  -30.995  -51.527  -15.641 0.6000000238
25085  -31.905  -51.706  -14.670 0.6000000238
22859  -38.131  -53.623  -25.305 0.4000000060
157977  -31.116  -56.010  -13.908 0.5000000000
20214  -30.639  -55.362  -13.365 0.6000000238
22718  -29.578  -53.714  -15.154 0.6000000238
23913  -29.966  -52.161  -16.916 0.6000000238
23914  -31.123  -52.034  -16.572 0.6000000238
150328  -30.476  -57.463  -13.882 0.6000000238
17893  -31.452  -57.048  -15.168 0.6000000238
20234  -31.352  -55.633  -14.639 0.6000000238
21504  -29.934  -54.440  -16.601 0.6000000238
22739  -29.199  -53.358  -16.706 0.6000000238
20269  -30.703  -54.935  -17.062 0.6000000238
20285  -31.515  -55.637  -17.458 0.6000000238
22783  -31.764  -53.312  -18.702 0.5000000000
22785  -34.308  -53.427  -18.767 0.5000000000
28763  -31.365  -48.029  -20.810 0.6999999881
28746  -31.982  -48.180  -19.990 0.6999999881
154741  -31.434  -46.371  -22.311 0.6999999881
29977  -31.929  -46.922  -22.305 0.6999999881
29959  -32.008  -47.521  -21.701 0.6999999881
160036  -32.678  -47.905  -20.170 0.6999999881
28747  -33.564  -47.825  -20.002 0.6000000238
28712  -34.442  -48.102  -18.231 0.6000000238
160202  -34.902  -47.924  -17.657 0.5000000000
157252  -33.867  -48.253  -17.752 0.6999999881
28695  -34.606  -48.055  -16.163 0.5000000000
141453  -34.018  -48.275  -15.864 0.5000000000
28680  -33.782  -48.456  -14.924 0.5000000000
19136  -38.797  -57.494  -25.269 0.4000000060
20370  -39.708  -55.934  -23.765 0.5000000000
20355  -40.211  -55.394  -23.051 0.5000000000
21597  -39.859  -54.993  -22.165 0.5000000000
21598  -40.746  -55.010  -22.342 0.4000000060
156701  -38.529  -57.369  -26.907 0.4000000060
20383  -40.151  -56.656  -24.629 0.4000000060
27462  -32.885  -49.954  -13.425 0.6000000238
25049  -31.630  -50.931  -13.976 0.6000000238
26286  -33.150  -50.856  -13.373 0.6000000238
23896  -32.555  -52.431  -15.227 0.6000000238
25051  -33.606  -51.723  -13.606 0.6000000238
23932  -30.788  -52.505  -17.460 0.6000000238
23933  -31.685  -52.535  -17.178 0.6000000238
23877  -33.859  -52.470  -14.125 0.6000000238
22762  -30.027  -53.708  -17.823 0.6000000238
23916  -33.032  -52.873  -15.718 0.5000000000
22764  -31.533  -53.034  -17.953 0.6000000238
22740  -32.599  -53.022  -17.330 0.5000000000
139658  -32.479  -53.286  -18.282 0.5000000000
31182  -30.151  -45.325  -21.730 0.6999999881
32443  -31.724  -45.846  -22.184 0.6999999881
31201  -33.233  -46.407  -22.525 0.6999999881
145009  -33.215  -47.459  -21.753 0.6999999881
159718  -34.281  -46.949  -22.065 0.6000000238
29949  -33.941  -47.496  -21.390 0.6999999881
145958  -35.078  -47.393  -19.502 0.4000000060
32428  -29.922  -44.994  -21.160 0.6999999881
32429  -30.965  -45.380  -21.524 0.6999999881
32430  -32.211  -45.553  -21.445 0.6000000238
32445  -33.756  -45.898  -22.263 0.6000000238
138829  -35.405  -47.124  -18.710 0.5000000000
161278  -27.121  -44.529  -20.085 0.6999999881
32406  -28.681  -44.748  -19.801 0.6999999881
140826  -35.433  -47.041  -17.090 0.5000000000
152829  -26.955  -44.576  -19.344 0.6999999881
29918  -35.319  -47.374  -16.533 0.5000000000
32379  -26.056  -45.165  -17.924 0.6000000238
32378  -25.164  -45.328  -17.637 0.6000000238
32377  -24.265  -45.500  -17.532 0.6000000238
32355  -22.871  -46.003  -16.129 0.5000000000
32337  -23.273  -45.906  -15.071 0.5000000000
20371  -40.585  -55.979  -23.991 0.4000000060
20356  -41.067  -55.480  -23.269 0.4000000060
22720  -34.252  -53.151  -15.280 0.6000000238
31204  -34.862  -45.752  -21.659 0.5000000000
29951  -35.164  -46.943  -20.566 0.5000000000
32408  -30.810  -45.409  -20.058 0.6000000238
157197  -31.750  -45.532  -20.326 0.6000000238
32410  -33.167  -45.245  -19.785 0.6000000238
33670  -34.565  -44.759  -21.107 0.6000000238
32412  -35.442  -45.050  -20.678 0.5000000000
29942  -35.407  -46.678  -19.706 0.5000000000
31150  -35.503  -46.616  -17.910 0.5000000000
32391  -28.516  -45.131  -18.645 0.6999999881
32392  -29.533  -45.364  -18.545 0.6000000238
32394  -31.757  -45.472  -18.876 0.6000000238
32395  -32.612  -45.200  -18.823 0.6000000238
33652  -32.808  -44.678  -18.732 0.6000000238
139342  -35.512  -45.989  -17.005 0.5000000000
140675  -27.676  -45.006  -18.544 0.6999999881
32381  -29.184  -45.432  -17.481 0.6000000238
32361  -29.565  -45.245  -16.588 0.6000000238
33644  -31.033  -44.863  -17.152 0.6000000238
34922  -32.224  -44.299  -18.136 0.6000000238
139837  -26.916  -45.657  -17.013 0.6000000238
32360  -28.655  -45.453  -16.563 0.6000000238
32343  -29.116  -45.205  -15.915 0.6000000238
34913  -30.429  -44.557  -16.678 0.6000000238
32358  -26.040  -45.897  -16.622 0.6000000238
32341  -27.572  -45.427  -15.254 0.6000000238
33621  -28.165  -44.965  -15.117 0.6000000238
34898  -29.246  -44.427  -15.738 0.6000000238
138222  -25.948  -46.160  -15.459 0.5000000000
32339  -25.064  -46.243  -15.149 0.5000000000
32326  -25.717  -45.837  -14.803 0.5000000000
33620  -27.227  -45.001  -14.868 0.6000000238
34897  -28.591  -44.320  -15.449 0.6000000238
155764  -41.796  -55.541  -23.430 0.4000000060
32353  -20.904  -44.254  -16.347 0.5000000000
33609  -25.335  -45.196  -14.528 0.5000000000
34895  -26.574  -44.041  -15.009 0.6000000238
36204  -27.112  -43.150  -15.674 0.6000000238
33619  -21.763  -44.731  -14.880 0.5000000000
153327  -23.186  -44.718  -14.569 0.5000000000
33608  -24.576  -45.128  -14.475 0.4000000060
34879  -25.637  -44.320  -14.722 0.5000000000
36203  -26.140  -42.882  -15.594 0.6000000238
33671  -35.025  -44.434  -21.167 0.6000000238
33659  -35.544  -44.027  -20.270 0.5000000000
139836  -35.610  -44.929  -19.372 0.5000000000
34954  -34.555  -43.710  -20.676 0.6000000238
34955  -35.105  -43.536  -20.740 0.5000000000
32385  -35.523  -45.461  -18.094 0.5000000000
34939  -32.520  -43.105  -19.976 0.6999999881
36254  -32.855  -42.560  -20.548 0.6999999881
34921  -31.290  -44.187  -17.321 0.6000000238
34931  -31.662  -43.459  -18.383 0.6999999881
34920  -30.383  -43.651  -16.854 0.6000000238
36233  -30.788  -43.155  -17.927 0.6999999881
36220  -29.479  -43.185  -16.633 0.6000000238
36232  -29.838  -42.782  -17.649 0.6999999881
36219  -28.554  -42.780  -16.505 0.6000000238
36231  -28.920  -42.377  -17.458 0.6999999881
33616  -18.742  -43.678  -15.443 0.5000000000
33606  -22.296  -44.330  -14.683 0.5000000000
34894  -24.964  -43.523  -14.995 0.4000000060
36202  -25.227  -42.736  -15.566 0.6000000238
36218  -27.547  -42.438  -16.430 0.6000000238
33605  -21.183  -43.713  -14.721 0.5000000000
34893  -24.003  -43.636  -14.874 0.4000000060
36201  -24.251  -42.734  -15.443 0.5000000000
33653  -35.548  -43.773  -19.275 0.5000000000
142841  -35.506  -43.369  -19.972 0.5000000000
36263  -34.595  -42.855  -20.443 0.6000000238
154912  -33.549  -41.841  -20.074 0.5000000000
36245  -34.311  -42.187  -19.450 0.5000000000
36253  -32.147  -42.373  -20.633 0.6999999881
36252  -31.378  -42.133  -20.583 0.6999999881
36242  -30.050  -42.434  -19.062 0.6000000238
36230  -27.975  -41.981  -17.341 0.6999999881
37515  -29.516  -41.473  -20.086 0.6000000238
36217  -26.530  -42.188  -16.317 0.6000000238
37492  -26.915  -41.477  -17.176 0.6000000238
36185  -21.991  -42.774  -14.745 0.5000000000
36216  -25.563  -42.051  -16.203 0.6000000238
149317  -21.434  -41.678  -15.099 0.4000000060
36200  -22.932  -42.649  -15.221 0.4000000060
37490  -23.990  -41.278  -16.664 0.5000000000
37491  -24.946  -41.336  -16.736 0.5000000000
37522  -32.646  -41.408  -20.414 0.6000000238
37517  -33.061  -41.301  -19.368 0.5000000000
37521  -31.977  -41.610  -20.847 0.6000000238
38801  -32.364  -40.760  -19.627 0.5000000000
37520  -31.230  -41.180  -20.842 0.6000000238
38808  -30.419  -40.760  -20.782 0.6000000238
38799  -31.141  -40.222  -20.607 0.5000000000
37514  -28.932  -40.617  -20.104 0.6000000238
38789  -28.116  -40.848  -19.149 0.6999999881
38798  -28.470  -39.931  -19.901 0.5000000000
37504  -26.729  -40.761  -17.860 0.6000000238
38776  -25.239  -40.814  -17.288 0.5000000000
37474  -23.000  -41.051  -16.501 0.4000000060
38775  -24.356  -40.760  -17.162 0.5000000000
29845  -24.844  -48.063  -10.066 0.4000000060
29846  -25.185  -47.697  -10.088 0.3000000119
31060  -24.817  -47.022  -10.784 0.4000000060
38790  -31.939  -40.245  -18.646 0.5000000000
31078  -23.597  -46.558  -11.516 0.3000000119
31079  -24.165  -46.285  -11.361 0.4000000060
142446  -30.327  -39.821  -20.620 0.5000000000
40075  -31.192  -39.637  -18.212 0.5000000000
32276  -22.715  -45.267  -11.846 0.3000000119
32277  -23.653  -45.418  -11.717 0.4000000060
40098  -29.714  -38.685  -20.315 0.5000000000
33555  -22.210  -44.411  -12.121 0.3000000119
40085  -28.002  -39.351  -19.462 0.6000000238
40073  -26.636  -40.030  -18.118 0.6999999881
151286  -27.401  -38.770  -18.911 0.6000000238
38785  -23.866  -40.181  -17.325 0.5000000000
40072  -25.812  -39.479  -18.032 0.5000000000
40071  -24.656  -39.141  -17.940 0.4000000060
41367  -25.462  -38.531  -18.273 0.4000000060
29815  -24.845  -47.903  -7.357 0.3000000119
28596  -25.239  -48.287  -8.672 0.3000000119
29833  -25.814  -47.872  -9.185 0.3000000119
32257  -25.176  -46.423  -11.130 0.3000000119
32278  -24.597  -45.638  -11.649 0.4000000060
155626  -30.591  -39.067  -19.254 0.5000000000
163616  -23.261  -43.945  -12.247 0.4000000060
33557  -24.156  -44.838  -12.001 0.4000000060
41384  -30.113  -38.228  -19.683 0.5000000000
36131  -22.685  -42.862  -12.597 0.4000000060
36145  -23.554  -42.591  -12.742 0.4000000060
40097  -28.868  -38.995  -20.093 0.5000000000
41383  -29.638  -37.782  -19.541 0.5000000000
147723  -22.677  -42.181  -12.789 0.4000000060
41382  -28.292  -38.448  -19.613 0.5000000000
40083  -26.557  -39.128  -18.365 0.5000000000
145444  -27.625  -37.822  -19.115 0.5000000000
38773  -22.603  -40.182  -16.694 0.3000000119
40069  -22.863  -38.806  -17.273 0.4000000060
41380  -25.234  -37.644  -18.439 0.4000000060
42636  -26.837  -37.088  -18.838 0.4000000060
31021  -23.782  -46.970  -6.901 0.3000000119
29823  -25.774  -47.820  -8.185 0.3000000119
32258  -26.315  -46.540  -10.934 0.4000000060
32279  -25.709  -45.692  -11.620 0.4000000060
166222  -32.279  -40.138  -15.784 0.4000000060
154635  -24.989  -45.074  -12.032 0.4000000060
144119  -31.137  -39.178  -16.130 0.4000000060
34844  -24.233  -43.382  -12.564 0.4000000060
34845  -25.162  -43.329  -12.677 0.4000000060
41369  -30.149  -38.435  -18.440 0.4000000060
36146  -24.556  -42.624  -12.861 0.4000000060
150482  -29.221  -37.540  -19.495 0.5000000000
37437  -23.519  -41.087  -13.243 0.4000000060
40029  -22.342  -38.735  -14.269 0.3000000119
42654  -28.782  -36.811  -19.348 0.5000000000
42618  -23.241  -37.220  -17.970 0.3000000119
29816  -25.440  -47.569  -7.552 0.3000000119
29824  -26.464  -47.446  -8.555 0.3000000119
31045  -26.492  -47.431  -9.452 0.3000000119
162047  -26.734  -45.961  -11.365 0.4000000060
32280  -26.536  -45.282  -11.867 0.4000000060
33578  -26.815  -43.998  -12.499 0.3000000119
34833  -25.825  -44.038  -12.489 0.4000000060
38747  -32.690  -40.236  -14.541 0.4000000060
38729  -32.726  -40.016  -13.776 0.4000000060
36147  -25.422  -42.533  -13.014 0.4000000060
41354  -30.652  -38.693  -16.647 0.4000000060
41368  -29.735  -37.781  -18.812 0.4000000060
37410  -24.049  -41.889  -13.019 0.3000000119
42637  -29.445  -37.155  -18.959 0.4000000060
38722  -22.735  -40.229  -13.494 0.3000000119
38723  -23.961  -40.426  -13.490 0.3000000119
147320  -22.993  -38.032  -14.745 0.3000000119
42635  -25.727  -37.086  -18.524 0.4000000060
32226  -24.777  -45.492  -7.720 0.3000000119
31046  -27.236  -47.057  -9.145 0.4000000060
32259  -27.417  -46.386  -10.701 0.4000000060
33559  -27.145  -44.846  -12.052 0.4000000060
38699  -33.977  -40.643  -12.489 0.4000000060
40036  -32.303  -39.542  -14.247 0.4000000060
140499  -26.084  -43.246  -12.859 0.4000000060
41343  -30.944  -38.548  -15.682 0.4000000060
37439  -25.556  -41.614  -13.336 0.4000000060
145682  -30.205  -37.935  -16.757 0.4000000060
41342  -30.539  -38.035  -16.043 0.4000000060
38724  -25.039  -40.670  -13.625 0.3000000119
42606  -29.847  -37.214  -17.017 0.4000000060
150481  -24.185  -37.996  -14.279 0.3000000119
43901  -29.150  -36.549  -19.060 0.5000000000
40030  -23.650  -38.662  -13.861 0.3000000119
163589  -23.755  -37.674  -14.756 0.3000000119
43900  -28.692  -35.910  -19.175 0.5000000000
146984  -23.822  -36.635  -18.153 0.3000000119
43899  -27.057  -36.178  -19.177 0.4000000060
42619  -24.110  -37.652  -18.364 0.4000000060
32227  -25.836  -45.633  -7.686 0.3000000119
34846  -27.720  -43.744  -12.515 0.3000000119
36148  -27.020  -43.103  -12.901 0.3000000119
40000  -33.090  -39.281  -12.651 0.4000000060
41329  -32.042  -38.710  -14.060 0.4000000060
41313  -32.383  -38.146  -13.275 0.3000000119
38745  -25.525  -40.037  -14.100 0.3000000119
42591  -30.319  -37.199  -16.020 0.4000000060
42592  -30.854  -37.718  -15.362 0.4000000060
149153  -25.409  -38.326  -14.787 0.3000000119
41340  -25.236  -37.311  -15.271 0.3000000119
140680  -29.082  -35.744  -18.754 0.4000000060
42587  -24.058  -36.891  -15.783 0.3000000119
45024  -24.649  -35.466  -17.756 0.3000000119
45042  -25.189  -35.748  -18.349 0.3000000119
141983  -26.591  -34.360  -19.371 0.3000000119
37440  -26.614  -41.567  -13.460 0.3000000119
37441  -27.591  -41.357  -13.472 0.3000000119
38746  -26.639  -40.207  -14.134 0.3000000119
41312  -31.838  -37.793  -14.040 0.3000000119
43854  -30.845  -36.782  -15.171 0.4000000060
42563  -31.715  -36.930  -13.979 0.4000000060
42589  -26.044  -36.870  -15.408 0.3000000119
43868  -29.931  -36.410  -16.499 0.4000000060
43853  -30.399  -36.187  -15.658 0.4000000060
42588  -24.669  -36.470  -16.047 0.3000000119
43866  -24.155  -35.915  -17.295 0.3000000119
45060  -28.574  -35.023  -19.077 0.3000000119
142126  -25.564  -34.390  -18.915 0.3000000119
43852  -27.068  -36.843  -15.355 0.3000000119
43850  -25.051  -35.864  -16.115 0.3000000119
45027  -29.994  -35.541  -16.130 0.3000000119
45008  -30.496  -35.274  -15.372 0.3000000119
45005  -24.631  -35.375  -17.017 0.3000000119
46149  -29.280  -34.300  -17.529 0.3000000119
45043  -25.078  -34.921  -18.347 0.3000000119
139893  -27.831  -34.501  -19.542 0.3000000119
44986  -27.239  -35.361  -15.345 0.3000000119
43839  -27.583  -36.292  -15.214 0.3000000119
45006  -25.361  -35.235  -16.327 0.3000000119
46150  -29.659  -34.883  -16.726 0.3000000119
45007  -26.191  -34.973  -15.800 0.3000000119
42634  -24.622  -36.896  -18.387 0.4000000060
41338  -22.447  -38.314  -16.323 0.3000000119
42605  -23.682  -36.557  -17.039 0.3000000119
147716  -40.317  -62.948  -23.383 0.6000000238
12212  -40.819  -62.218  -24.852 0.5000000000
12233  -39.605  -62.332  -26.792 0.5000000000
12232  -38.678  -62.273  -26.983 0.5000000000
12234  -40.546  -62.341  -26.340 0.5000000000
8673  -43.090  -64.459  -25.572 0.5000000000
141179  -38.230  -63.536  -22.133 0.6999999881
10912  -39.720  -63.871  -20.281 0.6999999881
148057  -37.080  -63.458  -21.317 0.6999999881
10961  -37.644  -63.323  -23.483 0.6999999881
9830  -43.072  -63.948  -26.194 0.4000000060
138847  -36.288  -63.620  -22.250 0.6999999881
10966  -42.931  -64.269  -23.218 0.5000000000
160062  -45.088  -67.153  -19.499 0.3000000119
164757  -44.075  -63.689  -22.005 0.5000000000
12170  -43.574  -62.073  -22.079 0.3000000119
14314  -37.731  -60.749  -18.786 0.6000000238
15545  -37.511  -60.103  -20.490 0.5000000000
14378  -32.401  -60.570  -21.566 0.6000000238
12136  -36.052  -62.416  -18.937 0.6999999881
5423  -43.170  -68.918  -17.452 0.3000000119
12116  -33.811  -62.176  -18.411 0.6000000238
12135  -35.177  -62.510  -18.783 0.6000000238
10908  -35.781  -63.293  -20.579 0.6999999881
9751  -41.706  -64.487  -21.501 0.5000000000
10965  -42.217  -63.364  -23.857 0.6000000238
12213  -41.661  -62.494  -24.600 0.5000000000
10927  -35.072  -63.731  -21.001 0.6000000238
9765  -35.084  -63.978  -22.594 0.6999999881
9707  -33.126  -64.969  -18.712 0.5000000000
148068  -34.413  -64.469  -22.779 0.5000000000
150208  -45.428  -65.876  -20.460 0.3000000119
10884  -31.202  -64.292  -19.177 0.6000000238
145496  -33.705  -64.966  -23.091 0.5000000000
163448  -44.688  -59.375  -21.967 0.3000000119
10893  -41.362  -63.230  -19.849 0.5000000000
139420  -45.646  -65.213  -20.574 0.3000000119
8610  -33.040  -65.451  -22.592 0.5000000000
16805  -37.257  -58.407  -21.498 0.4000000060
5418  -45.183  -68.582  -15.724 0.3000000119
18013  -29.784  -58.154  -24.903 0.6000000238
15559  -29.640  -59.694  -20.689 0.6999999881
163014  -30.989  -58.501  -21.055 0.6000000238
19096  -31.508  -56.697  -20.661 0.6000000238
19130  -31.316  -56.575  -24.755 0.6000000238
20395  -35.203  -57.078  -26.583 0.5000000000
19083  -36.800  -56.296  -19.999 0.4000000060
20378  -32.256  -55.491  -24.723 0.6000000238
21619  -33.849  -55.048  -25.207 0.5000000000
21594  -31.602  -54.579  -22.924 0.6000000238
24018  -36.458  -52.231  -24.326 0.4000000060
16705  -30.289  -58.157  -15.412 0.6000000238
17928  -31.816  -57.194  -16.682 0.6999999881
27502  -27.291  -49.418  -16.200 0.6000000238
19133  -35.523  -57.494  -25.636 0.4000000060
20404  -37.497  -56.448  -26.989 0.4000000060
24021  -38.892  -52.287  -24.384 0.4000000060
161038  -34.647  -52.905  -21.087 0.4000000060
16704  -29.939  -58.692  -15.072 0.6000000238
28707  -29.491  -48.656  -17.076 0.6000000238
27481  -27.679  -49.592  -14.411 0.6000000238
20354  -39.277  -55.371  -22.854 0.5000000000
22689  -26.938  -53.045  -13.628 0.5000000000
27460  -31.095  -49.328  -13.600 0.6000000238
21461  -27.118  -53.794  -13.508 0.4000000060
20249  -31.006  -54.976  -16.045 0.5000000000
20399  -38.970  -55.360  -26.478 0.5000000000
22717  -29.050  -53.023  -15.936 0.6000000238
21475  -31.111  -54.985  -15.015 0.5000000000
32388  -24.488  -45.064  -18.549 0.6000000238
32323  -22.765  -45.210  -14.692 0.5000000000
32396  -33.299  -44.934  -19.480 0.5000000000
32382  -30.155  -45.372  -17.452 0.6000000238
32384  -31.952  -45.177  -18.133 0.6000000238
34941  -33.836  -43.693  -20.358 0.6000000238
32359  -27.746  -45.634  -16.162 0.6000000238
33618  -20.723  -43.939  -15.404 0.5000000000
36256  -34.967  -42.730  -20.321 0.5000000000
150786  -28.728  -41.415  -19.328 0.6000000238
38788  -27.411  -40.497  -18.507 0.6000000238
31059  -24.221  -47.030  -11.082 0.3000000119
38800  -31.770  -40.286  -19.959 0.5000000000
40060  -23.098  -39.764  -17.199 0.3000000119
38777  -31.763  -40.090  -17.288 0.4000000060
40061  -31.132  -39.470  -16.990 0.4000000060
40070  -23.713  -39.401  -17.587 0.4000000060
40059  -22.223  -39.236  -16.706 0.3000000119
42653  -27.907  -36.902  -19.312 0.5000000000
40048  -31.479  -39.176  -15.391 0.4000000060
32209  -25.300  -46.360  -7.392 0.3000000119
38744  -24.431  -39.739  -13.819 0.3000000119
43881  -29.381  -36.468  -18.437 0.4000000060
43898  -26.022  -36.339  -18.683 0.3000000119
45059  -28.161  -35.353  -19.356 0.4000000060
33509  -26.408  -44.844  -8.164 0.3000000119
41341  -26.333  -37.963  -15.153 0.3000000119
164935  -29.420  -35.120  -17.509 0.4000000060
43851  -26.407  -35.974  -15.606 0.3000000119
140424  -28.118  -66.011  -23.068 0.5000000000
7524  -29.224  -66.756  -23.401 0.5000000000
6480  -30.281  -66.938  -23.199 0.5000000000
6481  -30.822  -66.840  -23.505 0.4000000060
8595  -27.541  -65.395  -21.445 0.5000000000
145870  -28.096  -65.976  -21.552 0.5000000000
7509  -28.591  -66.273  -22.132 0.5000000000
6464  -30.162  -66.945  -22.299 0.5000000000
6465  -30.869  -66.871  -22.586 0.5000000000
7510  -31.557  -66.473  -22.468 0.4000000060
9746  -27.141  -64.621  -20.952 0.4000000060
7497  -28.020  -65.996  -20.817 0.5000000000
6448  -29.803  -66.877  -21.711 0.5000000000
7501  -32.073  -66.388  -21.541 0.4000000060
7484  -28.001  -66.069  -19.965 0.5000000000
7485  -28.555  -66.415  -20.322 0.5000000000
7498  -28.616  -66.331  -21.153 0.5000000000
7473  -28.553  -66.537  -19.486 0.5000000000
6419  -29.783  -67.094  -19.975 0.5000000000
7474  -29.298  -66.929  -19.182 0.5000000000
6420  -30.516  -67.217  -19.725 0.5000000000
7487  -31.802  -66.806  -20.026 0.4000000060
8573  -27.547  -65.180  -19.118 0.5000000000
143478  -29.630  -66.856  -18.207 0.5000000000
7461  -30.519  -66.813  -18.432 0.5000000000
7463  -31.987  -66.164  -18.813 0.5000000000
12082  -27.290  -62.040  -16.430 0.5000000000
9703  -27.507  -64.742  -18.512 0.5000000000
9691  -27.752  -64.777  -17.595 0.5000000000
8542  -28.301  -65.865  -17.265 0.5000000000
8517  -28.748  -65.577  -16.594 0.5000000000
7438  -29.591  -66.438  -17.328 0.5000000000
7426  -29.543  -66.061  -16.800 0.5000000000
7439  -30.192  -66.519  -17.762 0.5000000000
8563  -31.439  -65.899  -18.368 0.5000000000
9646  -28.357  -63.760  -15.981 0.5000000000
10816  -28.843  -63.247  -15.486 0.5000000000
12043  -29.042  -61.882  -14.597 0.5000000000
9647  -28.967  -64.274  -15.843 0.5000000000
145762  -29.577  -63.007  -15.365 0.5000000000
12065  -29.627  -62.183  -15.007 0.5000000000
9670  -29.719  -64.915  -16.419 0.5000000000
10838  -30.032  -64.137  -16.191 0.5000000000
12083  -30.458  -63.215  -16.382 0.5000000000
153678  -30.499  -64.738  -17.448 0.5000000000
10854  -30.323  -64.121  -17.130 0.5000000000
8543  -30.189  -65.958  -17.186 0.5000000000
8562  -30.763  -65.675  -17.841 0.5000000000
10868  -31.768  -64.613  -18.547 0.5000000000
14232  -29.087  -59.925  -13.264 0.5000000000
15479  -29.894  -59.489  -14.785 0.6000000238
13204  -30.192  -61.582  -15.318 0.5000000000
166230  -30.475  -62.468  -16.269 0.5000000000
14291  -30.093  -60.604  -16.972 0.5000000000
13242  -30.187  -62.452  -18.000 0.5000000000
13241  -29.753  -61.468  -18.373 0.5000000000
152475  -30.488  -64.127  -18.994 0.5000000000
12133  -29.996  -63.837  -19.482 0.5000000000
9704  -30.778  -65.096  -17.899 0.5000000000
16667  -27.986  -58.446  -12.042 0.5000000000
16682  -29.567  -58.763  -13.014 0.5000000000
14275  -29.923  -59.774  -16.607 0.6000000238
25155  -27.743  -51.612  -20.049 0.5000000000
26363  -27.352  -50.499  -18.782 0.6000000238
25171  -28.434  -51.637  -20.926 0.5000000000
140494  -27.955  -50.817  -19.493 0.5000000000
26364  -28.068  -49.990  -18.847 0.6000000238
27546  -28.982  -49.769  -19.471 0.6000000238
25172  -28.962  -50.467  -21.170 0.5000000000
27560  -29.468  -49.168  -21.080 0.6000000238
28778  -29.625  -48.161  -21.371 0.5000000000
28761  -29.957  -48.814  -20.650 0.6000000238
28762  -30.464  -48.109  -21.138 0.6000000238
29974  -28.679  -47.136  -21.741 0.5000000000
28779  -30.234  -47.459  -21.713 0.6000000238
29958  -31.120  -47.334  -21.869 0.6000000238
31196  -28.164  -46.261  -21.504 0.5000000000
31198  -29.908  -45.813  -21.992 0.5000000000
31164  -26.875  -44.812  -20.560 0.5000000000
32405  -26.381  -44.514  -19.966 0.6000000238
31157  -23.435  -45.981  -18.847 0.6000000238
31160  -23.992  -46.067  -19.394 0.5000000000
32426  -27.870  -44.638  -20.592 0.6000000238
31180  -28.504  -45.145  -21.334 0.5000000000
32403  -24.708  -44.933  -19.474 0.5000000000
32376  -23.338  -45.685  -17.441 0.6000000238
32387  -23.727  -45.379  -18.361 0.6000000238
32356  -23.925  -46.093  -16.440 0.6000000238
9734  -45.940  -64.336  -20.770 0.3000000119
13270  -45.297  -61.834  -20.097 0.3000000119
13287  -45.948  -61.360  -21.389 0.3000000119
14293  -44.434  -60.598  -17.387 0.3000000119
14364  -45.818  -60.267  -22.241 0.3000000119
12172  -46.602  -62.127  -21.887 0.3000000119
156697  -46.570  -63.973  -21.691 0.3000000119
7500  -31.585  -66.865  -20.793 0.4000000060
12099  -30.441  -63.351  -17.552 0.5000000000
14309  -29.679  -60.513  -17.896 0.5000000000
25115  -25.992  -51.232  -17.923 0.5000000000
154668  -30.714  -66.985  -21.787 0.4000000060
6435  -30.438  -67.153  -20.511 0.5000000000
8561  -28.249  -66.227  -18.101 0.5000000000
12098  -27.212  -62.239  -17.229 0.5000000000
9667  -27.891  -64.102  -16.743 0.5000000000
12063  -27.417  -62.027  -15.709 0.5000000000
153342  -28.942  -62.418  -15.004 0.5000000000
10817  -29.487  -63.796  -15.702 0.5000000000
13216  -30.367  -61.681  -16.324 0.5000000000
12158  -45.862  -62.558  -20.768 0.3000000119
15547  -44.029  -59.900  -19.660 0.3000000119
13269  -44.885  -61.259  -19.626 0.3000000119
13286  -45.178  -60.573  -20.782 0.3000000119
14316  -44.173  -60.577  -18.528 0.3000000119
146627  -30.894  -35.865  -14.936 0.3000000119
4520  -43.522  -69.196  -17.385 0.3000000119
4522  -44.685  -69.210  -16.820 0.3000000119
4530  -44.050  -69.289  -17.531 0.3000000119
4540  -44.047  -68.999  -18.969 0.3000000119
5424  -43.790  -68.906  -16.763 0.3000000119
5425  -44.571  -69.029  -16.298 0.3000000119
5427  -45.876  -68.402  -16.366 0.3000000119
5441  -45.344  -68.816  -16.953 0.3000000119
5470  -43.367  -68.605  -20.902 0.3000000119
6396  -42.348  -67.631  -17.475 0.3000000119
6403  -30.149  -67.145  -19.060 0.5000000000
6421  -31.156  -67.151  -20.052 0.5000000000
6434  -29.809  -66.949  -20.944 0.5000000000
6449  -30.328  -67.014  -21.374 0.5000000000
6450  -30.940  -67.118  -21.034 0.5000000000
6455  -44.314  -67.385  -21.790 0.3000000119
6463  -29.380  -66.715  -22.436 0.5000000000
6473  -44.248  -67.141  -22.488 0.3000000119
6479  -29.766  -66.878  -23.016 0.5000000000
6496  -29.759  -66.958  -23.766 0.5000000000
7425  -28.986  -66.200  -16.854 0.5000000000
7437  -28.835  -66.522  -17.640 0.5000000000
7459  -27.968  -66.073  -19.003 0.5000000000
7460  -28.693  -66.632  -18.571 0.5000000000
7462  -31.252  -66.564  -18.633 0.5000000000
7475  -30.922  -67.117  -19.141 0.5000000000
7476  -31.603  -66.790  -19.324 0.5000000000
7477  -32.260  -66.371  -19.556 0.4000000060
7486  -29.183  -66.714  -20.630 0.5000000000
7488  -32.283  -66.465  -20.472 0.4000000060
7489  -45.188  -66.446  -20.519 0.3000000119
7499  -29.248  -66.645  -21.499 0.5000000000
7502  -45.085  -66.312  -21.427 0.3000000119
7508  -27.811  -65.719  -22.252 0.5000000000
7511  -32.241  -65.961  -22.506 0.4000000060
7513  -44.616  -66.363  -22.745 0.4000000060
7525  -31.297  -66.591  -23.872 0.4000000060
8518  -29.191  -65.786  -16.574 0.5000000000
8519  -29.644  -65.573  -16.627 0.5000000000
8529  -44.365  -66.297  -16.021 0.3000000119
8560  -27.827  -65.565  -18.230 0.5000000000
8582  -27.599  -65.439  -20.482 0.5000000000
8585  -45.710  -65.297  -21.327 0.3000000119
8594  -26.930  -64.561  -21.856 0.5000000000
8597  -33.341  -65.489  -21.602 0.5000000000
8623  -32.450  -65.645  -23.238 0.5000000000
8625  -44.014  -65.418  -23.895 0.4000000060
8626  -44.906  -65.455  -22.928 0.4000000060
8637  -32.362  -65.738  -24.135 0.5000000000
8653  -43.163  -65.279  -25.098 0.5000000000
9668  -28.600  -64.730  -16.327 0.5000000000
9669  -29.162  -65.112  -16.264 0.5000000000
9692  -28.257  -65.100  -16.842 0.5000000000
9693  -30.230  -64.776  -16.817 0.5000000000
9705  -31.484  -65.223  -18.370 0.5000000000
9714  -30.986  -64.566  -18.563 0.5000000000
9715  -33.921  -64.441  -19.062 0.6000000238
9716  -34.496  -63.631  -19.120 0.6000000238
9730  -34.545  -64.045  -20.032 0.5000000000
9732  -42.290  -64.330  -21.044 0.5000000000
9747  -33.969  -64.966  -21.279 0.5000000000
9753  -44.164  -64.051  -22.150 0.5000000000
9766  -42.402  -64.554  -22.193 0.5000000000
9767  -43.178  -64.570  -22.357 0.5000000000
9771  -46.356  -64.134  -22.513 0.4000000060
9784  -35.100  -64.088  -23.369 0.6000000238
9785  -43.788  -64.515  -23.294 0.5000000000
9793  -34.311  -64.561  -24.591 0.6000000238
9795  -43.384  -64.292  -24.701 0.5000000000
9806  -34.783  -64.246  -25.278 0.5000000000
9829  -42.610  -63.876  -26.351 0.4000000060
10815  -27.981  -62.636  -15.869 0.5000000000
10818  -30.086  -63.375  -15.729 0.5000000000
10836  -27.715  -62.881  -16.548 0.5000000000
10837  -29.420  -64.473  -15.997 0.5000000000
10867  -30.583  -64.323  -18.116 0.5000000000
10870  -33.304  -63.621  -18.520 0.6000000238
10871  -33.843  -62.903  -18.433 0.6000000238
10889  -36.372  -62.949  -19.790 0.6999999881
10891  -38.239  -63.327  -19.804 0.6000000238
10892  -40.246  -63.414  -19.653 0.6999999881
10904  -29.691  -63.996  -21.267 0.6000000238
10905  -30.326  -64.188  -20.823 0.6999999881
10906  -30.966  -64.249  -20.242 0.6999999881
10907  -35.061  -63.411  -19.942 0.6000000238
10913  -40.625  -64.084  -20.386 0.8000000119
10915  -45.750  -63.547  -20.408 0.3000000119
10916  -46.451  -63.293  -21.477 0.3000000119
10928  -35.530  -63.736  -21.931 0.6000000238
10929  -36.954  -63.521  -22.024 0.6999999881
10931  -38.456  -63.657  -21.378 0.6999999881
10935  -46.765  -63.431  -22.156 0.4000000060
10944  -30.078  -63.461  -22.319 0.6999999881
10946  -35.890  -63.812  -22.949 0.6000000238
10948  -37.612  -63.494  -22.522 0.6999999881
10950  -39.048  -63.601  -22.147 0.8000000119
10951  -39.952  -63.562  -22.492 0.6999999881
10954  -46.874  -63.040  -22.646 0.4000000060
10960  -36.646  -63.573  -23.848 0.6999999881
10962  -38.458  -63.051  -23.632 0.6999999881
10970  -46.863  -62.677  -23.162 0.4000000060
10981  -43.253  -63.657  -25.336 0.5000000000
10993  -42.436  -62.849  -25.911 0.5000000000
10995  -43.122  -63.542  -25.766 0.4000000060
11008  -42.881  -63.362  -26.007 0.5000000000
11022  -40.351  -63.050  -27.246 0.5000000000
11031  -37.647  -62.879  -29.123 0.5000000000
11032  -38.538  -63.042  -28.944 0.5000000000
12041  -27.237  -61.925  -14.966 0.5000000000
12064  -28.126  -62.307  -15.252 0.5000000000
12066  -30.248  -62.567  -15.614 0.5000000000
12114  -30.272  -63.529  -18.602 0.5000000000
12115  -33.186  -62.182  -18.599 0.6000000238
12117  -34.576  -62.086  -18.458 0.6000000238
12120  -37.625  -61.842  -18.583 0.6000000238
12132  -29.612  -63.123  -19.862 0.6000000238
12138  -37.861  -62.806  -19.170 0.6000000238
12140  -39.960  -62.324  -19.214 0.4000000060
12154  -31.450  -63.549  -20.618 0.6000000238
12156  -42.328  -62.907  -20.429 0.4000000060
12157  -43.241  -63.035  -21.150 0.5000000000
12167  -29.227  -62.951  -22.446 0.6000000238
12173  -46.883  -62.696  -22.400 0.4000000060
12181  -28.876  -62.339  -22.938 0.6000000238
12184  -30.413  -62.855  -22.710 0.6999999881
12185  -44.462  -62.187  -22.841 0.3000000119
12187  -47.121  -62.286  -23.038 0.4000000060
12194  -29.121  -62.115  -23.391 0.6000000238
12195  -29.499  -62.133  -23.528 0.6000000238
12197  -40.813  -62.483  -24.107 0.6000000238
12198  -45.970  -61.533  -23.784 0.4000000060
12199  -46.418  -62.336  -23.633 0.4000000060
12208  -29.688  -61.649  -24.145 0.6000000238
12210  -39.000  -62.260  -25.314 0.5000000000
12214  -42.657  -62.892  -24.898 0.5000000000
12223  -38.143  -62.397  -26.356 0.5000000000
12224  -38.966  -62.252  -26.179 0.5000000000
12225  -39.828  -62.188  -25.783 0.5000000000
12226  -40.756  -62.196  -25.606 0.5000000000
12230  -37.106  -62.443  -27.269 0.6000000238
12235  -41.582  -62.439  -26.007 0.5000000000
12238  -38.368  -62.299  -27.682 0.6000000238
12239  -39.649  -62.625  -27.487 0.5000000000
13226  -30.150  -61.497  -17.432 0.5000000000
13245  -35.199  -61.150  -18.338 0.6000000238
13246  -36.214  -60.937  -18.372 0.6000000238
13247  -37.028  -61.117  -18.440 0.6000000238
13248  -38.462  -61.396  -18.809 0.6000000238
13249  -44.660  -61.299  -18.739 0.3000000119
13266  -39.095  -61.002  -19.259 0.4000000060
13282  -31.857  -62.398  -21.002 0.6999999881
13299  -31.659  -61.667  -22.005 0.6999999881
13301  -43.154  -60.815  -22.396 0.3000000119
13312  -31.132  -61.782  -23.134 0.5000000000
13314  -45.128  -61.197  -23.528 0.3000000119
13315  -46.453  -60.691  -23.134 0.4000000060
13316  -47.024  -61.501  -23.180 0.4000000060
13322  -29.218  -61.624  -23.898 0.6000000238
13323  -30.310  -61.541  -24.344 0.6000000238
13325  -45.857  -60.714  -23.488 0.4000000060
13333  -29.959  -61.226  -24.694 0.6000000238
14261  -30.039  -59.872  -15.517 0.6000000238
14262  -30.272  -60.712  -15.919 0.5000000000
14310  -34.010  -60.790  -18.587 0.6000000238
14313  -36.412  -60.287  -18.764 0.6000000238
14333  -33.618  -60.340  -19.293 0.6000000238
14335  -37.238  -60.256  -19.181 0.6000000238
14340  -44.520  -60.570  -19.687 0.3000000119
14357  -32.991  -60.778  -19.760 0.6000000238
14359  -38.950  -60.064  -20.997 0.4000000060
14362  -41.551  -60.595  -21.503 0.3000000119
14383  -40.488  -59.752  -21.714 0.4000000060
14387  -45.008  -59.602  -22.470 0.3000000119
14400  -34.025  -61.073  -23.312 0.5000000000
14403  -43.745  -59.965  -22.799 0.3000000119
14411  -28.937  -60.961  -24.258 0.6000000238
14413  -32.952  -61.323  -24.549 0.5000000000
14414  -34.554  -61.159  -24.190 0.5000000000
14415  -35.192  -60.649  -24.281 0.5000000000
14424  -32.811  -61.110  -25.403 0.5000000000
14425  -33.696  -60.782  -25.561 0.5000000000
14434  -29.533  -60.059  -25.263 0.6000000238
14436  -30.902  -60.580  -25.542 0.6000000238
14437  -31.995  -60.644  -25.759 0.5000000000
15445  -28.565  -59.764  -12.710 0.5000000000
15462  -29.644  -59.844  -13.943 0.5000000000
15524  -29.607  -59.295  -18.924 0.6999999881
15525  -35.244  -59.928  -18.780 0.5000000000
15526  -35.947  -59.924  -19.027 0.6000000238
15561  -35.099  -59.887  -20.721 0.5000000000
15566  -39.967  -59.241  -21.761 0.4000000060
15568  -43.497  -59.102  -20.815 0.3000000119
15569  -44.273  -59.359  -21.394 0.3000000119
15590  -40.761  -59.241  -21.824 0.3000000119
15591  -41.508  -59.345  -21.765 0.3000000119
15594  -44.339  -59.331  -22.077 0.3000000119
15604  -35.932  -59.773  -23.406 0.5000000000
15605  -36.642  -59.833  -22.858 0.5000000000
15616  -29.043  -60.071  -23.909 0.6000000238
15617  -34.772  -60.009  -24.903 0.5000000000
15627  -29.190  -60.135  -24.803 0.6000000238
15633  -30.164  -60.039  -25.602 0.6000000238
16668  -28.846  -58.542  -12.437 0.5000000000
16683  -29.969  -58.094  -13.464 0.6000000238
16693  -29.866  -58.920  -14.032 0.6000000238
16723  -29.979  -58.820  -16.588 0.6999999881
16724  -30.369  -58.353  -16.261 0.6000000238
16745  -29.792  -58.959  -18.110 0.6999999881
16766  -31.353  -58.036  -18.675 0.6999999881
16783  -31.318  -58.227  -19.583 0.6999999881
16786  -40.403  -58.387  -19.871 0.3000000119
16804  -31.217  -58.307  -20.536 0.6999999881
16806  -37.939  -58.685  -21.593 0.4000000060
16811  -42.816  -58.903  -20.804 0.3000000119
16826  -30.596  -58.612  -21.567 0.6000000238
16827  -31.199  -58.014  -21.355 0.6000000238
16830  -37.526  -59.143  -22.085 0.4000000060
16831  -40.582  -58.882  -21.530 0.4000000060
16837  -29.478  -59.082  -23.508 0.6000000238
16851  -29.503  -58.855  -25.084 0.6000000238
16852  -29.949  -58.540  -25.347 0.6000000238
16857  -32.391  -58.971  -25.796 0.6000000238
17878  -30.178  -56.699  -12.862 0.6000000238
17882  -30.107  -57.344  -12.999 0.6000000238
17909  -31.146  -57.655  -15.829 0.6000000238
17910  -31.796  -57.047  -15.850 0.6999999881
17958  -31.794  -57.333  -18.474 0.6999999881
17959  -37.778  -56.941  -18.957 0.4000000060
17975  -37.452  -57.419  -19.725 0.4000000060
17988  -31.576  -57.491  -20.265 0.6000000238
17989  -36.030  -57.413  -21.224 0.4000000060
17990  -36.643  -57.693  -20.859 0.4000000060
17992  -37.976  -58.151  -20.533 0.4000000060
18000  -31.411  -57.277  -21.091 0.6000000238
18017  -30.258  -57.732  -25.043 0.6000000238
18018  -30.982  -57.378  -25.176 0.6000000238
18020  -34.012  -58.382  -25.332 0.5000000000
18025  -35.878  -57.429  -26.836 0.5000000000
18029  -37.289  -57.701  -26.900 0.5000000000
18030  -38.018  -57.796  -26.658 0.4000000060
18996  -29.271  -56.289  -12.472 0.6000000238
18997  -29.930  -56.231  -12.646 0.5000000000
19007  -30.517  -56.124  -13.127 0.5000000000
19024  -31.070  -56.866  -14.308 0.6000000238
19025  -31.515  -56.318  -14.803 0.6000000238
19038  -31.781  -56.551  -15.487 0.6000000238
19063  -38.515  -56.354  -18.156 0.4000000060
19082  -31.594  -56.600  -19.912 0.6000000238
19097  -35.873  -56.555  -21.077 0.4000000060
19115  -30.870  -56.673  -22.898 0.6000000238
19117  -34.629  -57.168  -23.408 0.4000000060
19125  -31.011  -56.151  -24.122 0.6000000238
19129  -30.695  -56.990  -24.538 0.6000000238
19132  -34.156  -57.634  -25.538 0.5000000000
19134  -36.563  -57.483  -25.518 0.4000000060
19147  -33.388  -56.747  -25.657 0.6000000238
19160  -37.808  -57.267  -27.085 0.4000000060
20189  -29.642  -55.587  -12.640 0.5000000000
20213  -28.454  -54.982  -13.002 0.4000000060
20233  -31.011  -55.088  -14.094 0.6000000238
20250  -31.684  -55.752  -15.498 0.6000000238
20270  -31.661  -55.637  -16.517 0.5000000000
20284  -30.610  -54.934  -17.919 0.6000000238
20302  -37.992  -55.675  -19.100 0.4000000060
20317  -37.377  -55.986  -19.479 0.4000000060
20331  -36.999  -55.709  -20.113 0.4000000060
20332  -37.587  -55.378  -20.318 0.4000000060
20339  -35.807  -56.052  -21.631 0.4000000060
20340  -36.288  -55.958  -20.699 0.4000000060
20342  -37.776  -55.162  -21.074 0.4000000060
20349  -31.295  -55.361  -22.667 0.6000000238
20350  -35.648  -55.924  -22.603 0.4000000060
20365  -31.409  -55.293  -23.655 0.6000000238
20366  -35.665  -56.093  -23.486 0.5000000000
20369  -38.713  -55.892  -23.622 0.5000000000
20372  -41.486  -56.228  -24.325 0.4000000060
20373  -42.381  -55.960  -24.102 0.4000000060
20379  -35.959  -56.645  -24.439 0.5000000000
20382  -39.243  -56.651  -24.509 0.4000000060
20393  -33.146  -55.443  -25.108 0.5000000000
20394  -33.966  -56.045  -25.784 0.5000000000
20398  -38.049  -55.370  -26.557 0.4000000060
20403  -36.586  -56.597  -27.002 0.5000000000
21445  -29.262  -54.871  -12.755 0.5000000000
21462  -28.026  -54.057  -13.182 0.6000000238
21474  -30.425  -54.406  -14.501 0.6000000238
21484  -29.442  -53.849  -16.229 0.6000000238
21485  -30.220  -54.416  -15.590 0.6000000238
21503  -29.378  -54.001  -16.893 0.6000000238
21520  -29.924  -54.311  -17.369 0.6000000238
21537  -30.416  -54.371  -18.123 0.6000000238
21554  -30.807  -54.474  -18.956 0.5000000000
21555  -31.154  -54.532  -19.846 0.6000000238
21556  -38.289  -55.286  -19.732 0.4000000060
21568  -39.621  -54.896  -20.021 0.4000000060
21595  -31.962  -53.849  -23.037 0.6000000238
21599  -41.596  -55.084  -22.558 0.4000000060
21608  -32.485  -53.800  -23.613 0.6000000238
21609  -33.066  -53.752  -24.120 0.6000000238
21615  -34.746  -53.979  -24.864 0.5000000000
21624  -38.535  -54.409  -25.984 0.5000000000
22691  -28.611  -53.558  -13.225 0.6000000238
22702  -25.744  -52.953  -14.530 0.5000000000
22704  -28.986  -52.802  -14.837 0.6000000238
22705  -34.892  -52.963  -14.780 0.6000000238
22715  -25.485  -53.222  -15.530 0.5000000000
22719  -33.647  -53.142  -15.700 0.5000000000
22761  -29.417  -53.596  -17.276 0.6000000238
22763  -30.591  -53.180  -18.012 0.6000000238
22765  -33.231  -53.352  -17.858 0.5000000000
22782  -31.089  -53.438  -18.632 0.6000000238
22784  -33.355  -53.415  -18.605 0.5000000000
22802  -32.470  -53.411  -19.203 0.5000000000
22803  -33.570  -53.397  -19.605 0.5000000000
22816  -32.406  -53.505  -20.892 0.5000000000
22818  -34.236  -53.248  -20.445 0.4000000060
22828  -31.925  -53.711  -21.841 0.5000000000
22829  -32.179  -53.494  -22.453 0.6000000238
22830  -33.063  -53.188  -21.611 0.6000000238
22840  -32.858  -52.976  -22.560 0.6000000238
22843  -32.435  -53.329  -23.063 0.6000000238
22857  -36.066  -53.966  -25.322 0.5000000000
22858  -37.299  -53.639  -25.246 0.5000000000
23860  -27.219  -52.374  -13.594 0.5000000000
23862  -28.389  -52.721  -13.590 0.6999999881
23873  -26.350  -52.471  -13.906 0.5000000000
23874  -28.211  -51.846  -13.871 0.6000000238
23875  -28.573  -52.260  -14.243 0.6999999881
23876  -32.973  -52.180  -14.283 0.6000000238
23878  -34.638  -52.618  -14.109 0.6000000238
23893  -29.031  -52.122  -15.710 0.6000000238
23895  -31.762  -52.063  -15.687 0.6000000238
23897  -33.483  -52.841  -14.927 0.6000000238
23898  -34.223  -52.884  -14.605 0.6000000238
23912  -29.373  -52.865  -17.074 0.6000000238
23915  -32.298  -52.536  -16.349 0.5000000000
23931  -29.906  -52.897  -17.558 0.6000000238
23971  -34.529  -52.566  -21.838 0.6000000238
23972  -35.190  -52.954  -20.444 0.4000000060
23973  -36.468  -52.113  -20.676 0.5000000000
23994  -34.448  -52.266  -22.705 0.6000000238
24004  -34.508  -52.230  -23.474 0.6000000238
24006  -36.136  -51.745  -23.971 0.6000000238
24007  -36.815  -51.693  -24.028 0.4000000060
24017  -35.552  -52.467  -24.325 0.6000000238
24019  -37.249  -52.131  -24.344 0.4000000060
24022  -39.802  -52.416  -24.455 0.4000000060
25048  -27.587  -51.669  -13.736 0.5000000000
25050  -32.560  -51.400  -13.772 0.6000000238
25062  -26.132  -51.655  -14.221 0.5000000000
25064  -27.343  -50.903  -13.891 0.6000000238
25081  -25.934  -51.090  -14.719 0.5000000000
25083  -30.097  -51.148  -15.459 0.6000000238
25100  -25.460  -51.739  -16.482 0.5000000000
25102  -30.325  -51.640  -16.236 0.6000000238
25114  -25.558  -51.888  -17.413 0.6000000238
25134  -27.107  -51.118  -19.176 0.6000000238
25154  -26.922  -51.805  -19.443 0.5000000000
25173  -36.914  -51.579  -21.355 0.5000000000
25189  -37.405  -51.301  -22.070 0.5000000000
25202  -36.510  -51.275  -23.044 0.4000000060
25203  -37.101  -51.093  -22.915 0.5000000000
25204  -37.891  -51.282  -22.795 0.4000000060
25205  -38.682  -51.651  -23.144 0.4000000060
25216  -36.789  -51.343  -23.567 0.4000000060
25218  -38.074  -51.450  -23.525 0.4000000060
25229  -38.372  -51.790  -23.991 0.4000000060
25231  -40.093  -52.167  -24.139 0.4000000060
26282  -29.682  -49.772  -13.919 0.6000000238
26283  -30.539  -49.863  -13.775 0.6000000238
26285  -32.269  -50.483  -13.530 0.6000000238
26305  -27.139  -50.253  -14.206 0.5000000000
26308  -30.024  -50.319  -14.173 0.6000000238
26323  -25.963  -50.680  -15.476 0.5000000000
26324  -26.458  -50.370  -14.728 0.5000000000
26335  -25.699  -51.079  -16.161 0.6000000238
26362  -26.681  -50.754  -18.375 0.5000000000
26381  -28.520  -51.069  -20.498 0.5000000000
26382  -28.726  -50.377  -19.984 0.5000000000
27461  -31.988  -49.584  -13.522 0.6000000238
27463  -33.533  -49.502  -13.621 0.5000000000
27480  -27.010  -49.813  -14.737 0.6000000238
27483  -29.327  -49.248  -13.889 0.5000000000
27501  -26.709  -49.886  -16.696 0.6000000238
27503  -27.993  -48.973  -15.790 0.6000000238
27509  -27.916  -49.125  -16.833 0.6000000238
27547  -29.547  -49.390  -20.110 0.6000000238
27559  -29.201  -49.846  -20.622 0.5000000000
27578  -29.025  -48.748  -21.694 0.5000000000
28601  -24.850  -48.673  -9.336 0.4000000060
28644  -30.754  -48.752  -13.807 0.5000000000
28645  -31.671  -48.868  -13.687 0.6000000238
28663  -29.087  -48.797  -14.234 0.5000000000
28667  -34.432  -48.475  -14.597 0.5000000000
28676  -29.105  -48.433  -14.912 0.5000000000
28677  -30.031  -48.126  -15.174 0.5000000000
28678  -31.749  -47.961  -15.525 0.6000000238
28681  -34.475  -48.188  -15.341 0.5000000000
28693  -31.562  -47.960  -16.369 0.6000000238
28696  -35.062  -47.753  -16.365 0.5000000000
28706  -28.636  -49.013  -17.463 0.6000000238
28709  -31.785  -48.048  -17.232 0.6000000238
28713  -34.735  -47.987  -16.917 0.5000000000
28725  -29.346  -48.970  -18.144 0.6999999881
28728  -33.667  -48.063  -18.749 0.6000000238
28744  -30.028  -49.043  -19.637 0.6000000238
28745  -30.621  -48.609  -20.209 0.6999999881
28748  -34.416  -47.837  -19.218 0.6000000238
28764  -32.270  -47.846  -20.854 0.6999999881
29822  -25.094  -48.209  -7.918 0.3000000119
29832  -25.211  -48.165  -9.410 0.3000000119
29913  -35.316  -47.372  -15.866 0.5000000000
29929  -35.317  -47.447  -17.803 0.5000000000
29941  -35.009  -47.737  -18.511 0.5000000000
29945  -23.748  -46.952  -19.254 0.5000000000
29948  -33.048  -47.755  -20.951 0.6999999881
29950  -34.536  -47.501  -20.377 0.6999999881
29960  -32.652  -47.587  -21.539 0.6999999881
29961  -34.713  -47.025  -21.427 0.5000000000
29975  -29.544  -46.994  -21.874 0.6000000238
29976  -30.498  -46.573  -22.082 0.6999999881
29978  -32.728  -47.046  -22.257 0.6999999881
29979  -33.652  -47.025  -22.258 0.6999999881
31022  -24.824  -47.147  -7.179 0.3000000119
31023  -26.162  -46.511  -7.574 0.3000000119
31061  -25.783  -47.260  -10.302 0.3000000119
31062  -26.912  -47.072  -10.157 0.3000000119
31063  -27.554  -46.681  -9.900 0.4000000060
31127  -23.731  -46.226  -15.547 0.5000000000
31135  -24.418  -46.285  -15.584 0.5000000000
31149  -22.951  -45.694  -18.065 0.6000000238
31158  -35.486  -46.149  -18.916 0.5000000000
31163  -25.979  -45.009  -20.431 0.6000000238
31165  -35.352  -46.111  -20.639 0.5000000000
31178  -26.592  -45.668  -20.910 0.5000000000
31181  -29.433  -45.151  -21.562 0.5000000000
31183  -35.064  -46.346  -21.368 0.5000000000
31197  -29.029  -46.002  -21.790 0.5000000000
31199  -30.767  -45.768  -22.044 0.6999999881
31200  -32.306  -46.321  -22.550 0.6999999881
31202  -34.018  -46.460  -22.320 0.6000000238
31203  -34.585  -46.426  -21.926 0.6000000238
32281  -27.498  -45.604  -11.415 0.4000000060
32324  -23.837  -45.437  -14.559 0.4000000060
32325  -24.822  -45.799  -14.675 0.5000000000
32327  -26.243  -45.131  -14.706 0.6000000238
32335  -21.490  -44.814  -15.688 0.5000000000
32338  -24.208  -46.141  -14.954 0.5000000000
32340  -26.653  -45.668  -15.001 0.6000000238
32342  -28.435  -45.270  -15.587 0.6000000238
32357  -25.024  -46.132  -16.279 0.5000000000
32362  -30.368  -45.057  -16.848 0.6000000238
32380  -27.722  -45.462  -17.378 0.6000000238
32383  -31.161  -45.215  -17.683 0.6000000238
32389  -25.308  -44.824  -18.779 0.6000000238
32390  -26.146  -44.623  -19.065 0.6999999881
32393  -30.615  -45.473  -18.579 0.6000000238
32402  -24.014  -45.332  -19.183 0.6000000238
32404  -25.536  -44.678  -19.753 0.5000000000
32407  -29.700  -45.043  -19.936 0.6000000238
32409  -32.604  -45.464  -19.878 0.6000000238
32411  -33.746  -45.044  -20.589 0.6000000238
32427  -28.969  -44.742  -20.874 0.6999999881
32431  -33.373  -45.442  -21.110 0.6000000238
32432  -34.273  -45.481  -21.558 0.6000000238
32433  -34.806  -45.284  -21.537 0.5000000000
32434  -35.127  -45.013  -21.366 0.6000000238
32444  -32.768  -45.866  -22.275 0.6999999881
32446  -34.413  -45.931  -21.976 0.6000000238
33556  -23.178  -44.538  -12.006 0.4000000060
33558  -25.707  -44.846  -12.176 0.4000000060
33579  -27.606  -44.402  -12.199 0.3000000119
33607  -23.922  -44.552  -14.589 0.5000000000
33617  -19.559  -43.582  -15.628 0.5000000000
33622  -28.899  -44.931  -15.568 0.6000000238
33637  -29.613  -44.859  -16.138 0.6000000238
33645  -31.677  -44.858  -17.694 0.6000000238
33646  -32.272  -44.928  -18.187 0.6000000238
33647  -35.616  -44.294  -18.306 0.5000000000
33658  -33.895  -44.394  -20.423 0.5000000000
33672  -35.278  -44.186  -20.911 0.6000000238
34830  -22.613  -43.706  -12.308 0.4000000060
34831  -23.384  -43.433  -12.448 0.4000000060
34832  -24.840  -44.235  -12.353 0.4000000060
34876  -21.680  -43.274  -14.630 0.5000000000
34877  -22.904  -43.777  -14.691 0.5000000000
34878  -24.772  -44.417  -14.626 0.4000000060
34896  -27.671  -44.214  -15.224 0.6000000238
34910  -28.130  -43.390  -15.762 0.6000000238
34911  -29.044  -43.666  -15.888 0.6000000238
34912  -29.786  -44.106  -16.158 0.6000000238
34932  -32.316  -43.571  -18.894 0.6999999881
34933  -32.918  -43.925  -19.034 0.6999999881
34934  -33.395  -44.277  -19.577 0.6000000238
34935  -35.470  -43.110  -19.230 0.5000000000
34940  -33.232  -43.372  -20.137 0.6000000238
34942  -35.343  -42.950  -20.074 0.5000000000
34953  -33.710  -42.814  -20.406 0.6000000238
34956  -35.319  -43.450  -20.494 0.5000000000
36162  -26.325  -42.391  -13.168 0.4000000060
36163  -27.293  -42.265  -13.233 0.3000000119
36234  -34.213  -42.040  -18.437 0.5000000000
36243  -30.962  -42.714  -19.430 0.6999999881
36244  -31.802  -42.886  -19.718 0.6999999881
36246  -34.970  -42.559  -19.790 0.5000000000
36255  -34.377  -42.404  -20.160 0.5000000000
36261  -32.629  -41.952  -20.717 0.6000000238
36262  -33.158  -42.192  -20.568 0.6999999881
36264  -35.140  -43.047  -20.499 0.5000000000
37411  -24.840  -41.992  -13.096 0.4000000060
37438  -24.528  -41.296  -13.307 0.3000000119
37475  -24.616  -41.945  -16.065 0.5000000000
37505  -27.576  -41.215  -18.101 0.6000000238
37506  -28.384  -41.678  -18.338 0.6000000238
37507  -29.162  -42.117  -18.675 0.6000000238
37516  -30.494  -41.862  -20.384 0.6000000238
37518  -33.694  -41.757  -19.142 0.5000000000
37528  -33.138  -41.843  -20.563 0.6000000238
37529  -33.715  -42.261  -20.379 0.5000000000
38725  -26.049  -40.847  -13.720 0.3000000119
38730  -33.195  -40.124  -13.002 0.4000000060
38760  -31.760  -39.790  -16.147 0.4000000060
38774  -23.493  -40.603  -17.033 0.5000000000
38786  -24.587  -40.147  -17.492 0.4000000060
38787  -25.671  -40.270  -17.684 0.5000000000
38797  -27.860  -40.106  -19.152 0.6000000238
38807  -29.506  -39.534  -20.541 0.5000000000
38809  -31.886  -40.839  -20.617 0.6000000238
40014  -21.875  -39.489  -14.093 0.3000000119
40015  -23.138  -39.445  -13.617 0.3000000119
40018  -32.601  -39.233  -13.374 0.4000000060
40031  -24.910  -39.064  -14.262 0.3000000119
40035  -31.811  -39.152  -14.688 0.4000000060
40049  -32.116  -39.817  -15.148 0.4000000060
40074  -30.602  -39.025  -17.783 0.4000000060
40084  -27.335  -39.690  -18.709 0.6000000238
40086  -31.268  -39.768  -19.565 0.5000000000
40099  -30.207  -38.874  -20.349 0.5000000000
41324  -24.367  -37.522  -14.929 0.3000000119
41328  -31.429  -38.359  -14.802 0.4000000060
41339  -23.313  -37.534  -15.731 0.3000000119
41353  -22.862  -37.851  -17.222 0.3000000119
41366  -23.450  -38.244  -17.849 0.4000000060
41381  -26.444  -38.035  -18.568 0.4000000060
41395  -28.601  -37.615  -19.520 0.5000000000
41396  -29.285  -38.159  -19.891 0.5000000000
41397  -29.949  -38.230  -20.149 0.5000000000
42575  -31.331  -37.332  -14.629 0.4000000060
42604  -23.274  -37.126  -16.809 0.3000000119
42620  -29.616  -37.177  -18.046 0.4000000060
42621  -29.861  -37.885  -17.696 0.4000000060
42655  -29.288  -37.208  -19.276 0.5000000000
43867  -29.611  -36.474  -17.457 0.4000000060
43880  -24.432  -36.143  -18.124 0.3000000119
43897  -25.162  -36.431  -18.383 0.4000000060
43914  -28.055  -36.050  -19.354 0.5000000000
45026  -29.635  -35.725  -17.003 0.4000000060
45044  -29.058  -34.791  -18.420 0.3000000119
45057  -26.022  -35.333  -19.082 0.3000000119
45058  -27.319  -35.305  -19.460 0.4000000060
46131  -26.946  -34.463  -15.623 0.3000000119
46163  -25.120  -34.040  -18.205 0.3000000119
46164  -28.370  -33.807  -19.107 0.3000000119
139239  -31.605  -53.573  -19.283 0.5000000000
139286  -29.209  -63.121  -21.688 0.6999999881
139639  -25.728  -43.472  -15.128 0.5000000000
139643  -31.279  -66.841  -21.692 0.4000000060
139807  -34.096  -48.245  -16.797 0.5000000000
140055  -35.246  -52.107  -22.243 0.6000000238
140184  -36.031  -63.530  -25.863 0.5000000000
140597  -29.259  -52.515  -16.488 0.6000000238
141005  -29.670  -48.428  -14.460 0.5000000000
141175  -23.557  -41.860  -15.935 0.5000000000
141267  -29.366  -35.738  -17.935 0.4000000060
141297  -35.497  -45.810  -19.875 0.5000000000
141394  -35.163  -47.647  -17.050 0.5000000000
141398  -23.843  -44.068  -12.274 0.4000000060
141560  -27.752  -44.633  -19.593 0.6999999881
141772  -30.422  -65.309  -17.266 0.5000000000
141958  -26.900  -45.082  -18.265 0.6999999881
142003  -31.236  -66.585  -23.153 0.4000000060
142136  -36.939  -60.068  -22.300 0.5000000000
142183  -31.017  -48.044  -14.879 0.6000000238
142426  -26.055  -40.936  -17.453 0.5000000000
142511  -27.951  -49.516  -17.776 0.6000000238
143098  -28.621  -48.611  -15.510 0.6000000238
143976  -22.397  -41.455  -15.766 0.4000000060
144110  -29.982  -58.696  -15.891 0.6999999881
144308  -35.368  -55.814  -26.278 0.5000000000
144485  -30.735  -66.260  -18.007 0.5000000000
144496  -43.651  -69.290  -18.408 0.3000000119
144675  -35.206  -45.633  -21.274 0.5000000000
144935  -25.887  -41.387  -16.847 0.6000000238
145863  -33.244  -48.101  -17.116 0.6000000238
145981  -36.986  -55.392  -22.748 0.5000000000
146547  -39.150  -63.438  -19.685 0.6000000238
147010  -26.852  -45.865  -15.826 0.6000000238
147232  -38.990  -53.636  -25.350 0.4000000060
147678  -33.159  -57.538  -25.693 0.6000000238
148065  -23.084  -41.697  -12.972 0.4000000060
148684  -40.191  -62.153  -25.117 0.5000000000
148986  -31.280  -55.554  -21.691 0.6000000238
149612  -33.438  -54.379  -24.646 0.5000000000
149643  -31.097  -61.143  -24.782 0.5000000000
150457  -28.733  -61.482  -21.612 0.6000000238
150640  -32.005  -56.306  -16.917 0.6000000238
150818  -29.725  -40.398  -20.676 0.6000000238
151229  -41.118  -63.882  -20.112 0.5000000000
151734  -29.001  -47.851  -21.651 0.5000000000
151928  -35.940  -54.829  -25.935 0.4000000060
151933  -36.914  -60.609  -18.621 0.6000000238
151960  -31.098  -48.412  -17.978 0.6000000238
152717  -31.340  -36.423  -14.487 0.3000000119
152749  -30.086  -65.343  -16.788 0.5000000000
153031  -41.443  -62.267  -25.354 0.5000000000
153049  -30.630  -56.761  -13.472 0.5000000000
153206  -29.192  -60.288  -20.123 0.6999999881
153220  -37.550  -63.156  -24.478 0.6999999881
153326  -31.300  -54.910  -21.167 0.5000000000
153347  -29.234  -50.411  -14.122 0.6000000238
153549  -27.675  -65.540  -19.713 0.5000000000
154009  -26.398  -44.613  -12.262 0.3000000119
154078  -29.893  -59.136  -15.549 0.6999999881
154290  -39.486  -59.894  -21.420 0.4000000060
154679  -28.777  -66.468  -22.987 0.5000000000
154685  -20.656  -44.470  -17.017 0.5000000000
154944  -29.395  -59.559  -25.144 0.6000000238
155213  -31.747  -66.262  -24.215 0.5000000000
155430  -33.244  -48.799  -14.020 0.5000000000
156386  -31.179  -54.945  -20.397 0.5000000000
156696  -40.919  -64.391  -20.995 0.5000000000
156890  -29.467  -59.388  -13.397 0.5000000000
157141  -42.543  -64.540  -21.691 0.5000000000
157601  -43.188  -63.318  -24.826 0.5000000000
157858  -30.520  -58.962  -20.771 0.6999999881
157967  -37.080  -59.610  -22.420 0.4000000060
158056  -29.908  -48.999  -18.774 0.6999999881
158268  -36.291  -57.313  -27.113 0.5000000000
158282  -24.698  -47.496  -10.634 0.3000000119
158823  -30.435  -62.437  -16.966 0.5000000000
159037  -26.141  -47.233  -7.723 0.3000000119
159150  -31.210  -55.490  -19.169 0.6000000238
159388  -25.632  -46.985  -7.391 0.3000000119
159585  -34.085  -64.690  -23.385 0.5000000000
159695  -25.691  -51.748  -14.755 0.5000000000
159878  -31.256  -48.470  -19.844 0.6999999881
159905  -40.356  -61.695  -19.542 0.4000000060
159929  -29.668  -63.088  -22.518 0.6999999881
160041  -42.107  -59.003  -21.257 0.3000000119
160448  -29.703  -59.820  -17.447 0.6000000238
160825  -39.084  -51.818  -22.512 0.4000000060
161205  -28.355  -45.395  -17.715 0.6000000238
161239  -43.378  -64.780  -24.813 0.5000000000
161395  -33.749  -61.571  -18.505 0.6000000238
161631  -43.772  -68.778  -19.696 0.3000000119
161736  -29.058  -66.785  -19.916 0.5000000000
161902  -29.403  -60.543  -18.761 0.5000000000
162463  -34.446  -48.156  -17.473 0.5000000000
162632  -30.277  -50.752  -14.648 0.6000000238
162773  -33.039  -48.471  -14.486 0.5000000000
162814  -33.533  -48.257  -15.557 0.6000000238
163124  -32.055  -53.529  -19.680 0.5000000000
163239  -30.735  -39.483  -20.269 0.5000000000
163402  -32.909  -62.879  -18.602 0.6000000238
163756  -26.847  -49.928  -17.336 0.6000000238
164359  -38.167  -55.094  -21.745 0.4000000060
164363  -30.263  -38.436  -17.424 0.4000000060
164411  -38.128  -56.639  -18.573 0.4000000060
165147  -33.694  -59.568  -25.684 0.5000000000
165371  -33.406  -64.229  -18.618 0.5000000000
165372  -35.636  -63.546  -21.270 0.6000000238
165529  -28.891  -56.871  -12.337 0.6000000238
165694  -29.433  -61.432  -19.106 0.6000000238
165706  -34.542  -59.692  -19.885 0.5000000000
165907  -28.709  -50.577  -14.036 0.6999999881
166178  -29.971  -59.150  -19.467 0.6999999881
166304  -33.935  -59.787  -19.743 0.6000000238
