#!ascii label  , from subject sub-LJ001 vox2ras=TkReg
679
21399  -54.589  -54.085  -7.566 0.0000000000
20216  -49.457  -56.163  -13.701 0.0000000000
143801  -52.991  -50.612  -5.718 0.0000000000
21453  -55.442  -55.020  -12.173 0.0000000000
26219  -46.863  -50.519  -8.336 0.0000000000
20112  -59.686  -55.533  -4.171 0.0000000000
157478  -50.671  -54.292  -2.464 0.0000000000
23686  -49.826  -51.816  3.016 0.0000000000
28563  -49.330  -48.668  -4.210 0.0000000000
26222  -49.848  -50.589  -7.190 0.0000000000
154425  -46.272  -48.672  -5.977 0.0000000000
20096  -55.305  -55.018  -3.273 0.0000000000
20045  -54.377  -54.962  -0.667 0.0000000000
152589  -49.421  -49.948  5.577 0.0000000000
26056  -46.700  -50.264  3.295 0.0000000000
18986  -52.226  -56.555  -10.195 0.0000000000
20195  -52.557  -55.699  -12.565 0.0000000000
15469  -55.347  -58.358  -14.991 0.0000000000
16711  -53.162  -58.007  -16.854 0.0000000000
24977  -57.607  -51.823  -7.205 0.0000000000
20171  -57.708  -54.918  -10.564 0.0000000000
23825  -51.656  -52.686  -10.135 0.0000000000
22649  -48.041  -53.386  -10.675 0.0000000000
23766  -56.204  -51.826  -4.407 0.0000000000
144364  -52.078  -51.239  -3.474 0.0000000000
142933  -47.705  -50.000  -2.313 0.0000000000
21286  -53.262  -53.745  1.628 0.0000000000
22518  -50.175  -53.021  0.346 0.0000000000
24899  -46.332  -51.521  -0.514 0.0000000000
30907  -45.291  -46.133  -0.261 0.0000000000
16655  -55.553  -58.085  -12.188 0.0000000000
139361  -48.692  -47.370  -13.382 0.0000000000
23884  -48.859  -52.212  -14.913 0.0000000000
22750  -50.923  -53.762  -16.955 0.0000000000
29790  -47.492  -47.885  -3.668 0.0000000000
28574  -47.513  -48.577  -5.105 0.0000000000
20167  -53.878  -55.183  -9.239 0.0000000000
18998  -50.930  -56.212  -13.003 0.0000000000
17883  -52.792  -57.203  -14.355 0.0000000000
19029  -50.686  -57.115  -14.319 0.0000000000
16730  -51.332  -58.404  -17.497 0.0000000000
19028  -49.493  -56.621  -15.241 0.0000000000
148114  -55.416  -51.269  -6.449 0.0000000000
24974  -53.780  -51.380  -7.300 0.0000000000
26228  -48.600  -50.853  -8.093 0.0000000000
25003  -51.411  -51.783  -9.034 0.0000000000
25001  -49.608  -51.803  -9.126 0.0000000000
22651  -50.147  -53.569  -10.641 0.0000000000
23806  -48.144  -52.389  -9.698 0.0000000000
23769  -58.625  -52.863  -5.323 0.0000000000
22574  -58.370  -53.353  -4.300 0.0000000000
21344  -52.617  -54.803  -3.038 0.0000000000
150848  -53.266  -52.941  -3.610 0.0000000000
22567  -51.005  -53.188  -3.318 0.0000000000
24915  -49.537  -50.689  -3.096 0.0000000000
23739  -48.878  -52.514  -2.635 0.0000000000
22499  -51.650  -52.677  2.024 0.0000000000
23716  -52.338  -52.725  1.220 0.0000000000
141994  -50.380  -52.045  1.861 0.0000000000
28441  -46.193  -48.835  2.401 0.0000000000
166046  -46.293  -51.404  1.330 0.0000000000
28456  -45.459  -48.836  1.083 0.0000000000
146940  -45.064  -49.034  -0.401 0.0000000000
21439  -57.622  -54.842  -11.325 0.0000000000
17853  -56.579  -56.705  -11.596 0.0000000000
19001  -56.786  -56.524  -12.469 0.0000000000
14256  -54.005  -59.746  -13.695 0.0000000000
150419  -49.089  -46.147  -13.838 0.0000000000
26294  -49.109  -49.985  -13.990 0.0000000000
25091  -50.944  -51.521  -15.393 0.0000000000
27385  -51.245  -49.481  -4.650 0.0000000000
26211  -51.338  -50.352  -6.124 0.0000000000
27397  -49.711  -49.604  -5.633 0.0000000000
27395  -47.798  -49.572  -6.412 0.0000000000
158473  -46.236  -49.394  -7.252 0.0000000000
151936  -57.375  -55.248  -3.147 0.0000000000
20060  -54.846  -55.562  -1.480 0.0000000000
21327  -52.514  -54.941  -1.368 0.0000000000
24831  -48.915  -51.162  4.422 0.0000000000
24865  -48.382  -51.486  3.015 0.0000000000
26044  -48.052  -50.139  4.531 0.0000000000
28427  -47.328  -48.306  3.641 0.0000000000
29645  -47.599  -47.441  2.245 0.0000000000
20197  -55.024  -55.587  -12.759 0.0000000000
19014  -56.095  -56.814  -13.953 0.0000000000
19031  -54.650  -56.892  -14.604 0.0000000000
17936  -54.905  -57.898  -16.660 0.0000000000
15514  -54.163  -58.848  -17.277 0.0000000000
143544  -52.745  -58.807  -18.896 0.0000000000
16774  -52.067  -58.646  -19.369 0.0000000000
17965  -50.625  -57.552  -19.896 0.0000000000
164148  -57.174  -53.648  -7.749 0.0000000000
21414  -55.670  -54.770  -9.176 0.0000000000
23813  -57.216  -52.966  -10.020 0.0000000000
22656  -55.759  -53.282  -10.657 0.0000000000
24986  -52.482  -51.529  -8.203 0.0000000000
23827  -53.702  -52.567  -9.956 0.0000000000
22673  -53.975  -53.664  -11.136 0.0000000000
153075  -52.464  -54.449  -11.576 0.0000000000
21433  -50.734  -54.715  -11.601 0.0000000000
21449  -49.357  -55.019  -12.101 0.0000000000
22618  -58.060  -52.924  -6.740 0.0000000000
24947  -56.969  -51.456  -5.520 0.0000000000
24939  -54.601  -51.210  -4.544 0.0000000000
22572  -56.172  -53.212  -3.879 0.0000000000
24925  -54.289  -51.505  -4.060 0.0000000000
26178  -52.579  -50.198  -3.984 0.0000000000
27357  -50.955  -49.484  -3.823 0.0000000000
27341  -49.133  -49.025  -3.347 0.0000000000
29760  -47.195  -47.832  -2.922 0.0000000000
22536  -54.286  -53.468  0.720 0.0000000000
22534  -52.625  -53.257  0.191 0.0000000000
22544  -50.213  -54.111  -1.436 0.0000000000
23698  -48.193  -52.223  1.495 0.0000000000
23725  -48.109  -52.966  -0.051 0.0000000000
22542  -48.197  -53.056  -1.752 0.0000000000
159480  -46.477  -50.676  -1.521 0.0000000000
28510  -45.672  -48.527  -1.660 0.0000000000
20173  -55.539  -56.030  -10.265 0.0000000000
17869  -53.904  -57.710  -11.262 0.0000000000
16687  -55.729  -58.285  -13.232 0.0000000000
15435  -53.679  -59.813  -12.735 0.0000000000
166239  -46.467  -51.747  -10.205 0.0000000000
23841  -46.862  -52.777  -11.713 0.0000000000
22694  -47.517  -53.827  -13.130 0.0000000000
25056  -47.657  -51.854  -13.785 0.0000000000
21477  -48.230  -54.389  -14.416 0.0000000000
20257  -49.317  -55.422  -16.015 0.0000000000
20274  -49.778  -55.599  -17.028 0.0000000000
29777  -46.779  -47.526  -3.201 0.0000000000
29789  -46.664  -47.553  -3.945 0.0000000000
20159  -53.112  -54.856  -8.658 0.0000000000
21406  -53.907  -54.530  -8.336 0.0000000000
20217  -50.015  -56.076  -12.998 0.0000000000
165254  -51.375  -57.095  -14.029 0.0000000000
147618  -49.965  -57.172  -15.018 0.0000000000
19008  -49.731  -56.662  -14.386 0.0000000000
26213  -53.900  -50.787  -5.676 0.0000000000
142283  -54.331  -51.146  -6.476 0.0000000000
24958  -53.387  -51.028  -6.484 0.0000000000
138088  -47.714  -50.785  -8.206 0.0000000000
24982  -49.094  -51.331  -8.603 0.0000000000
24981  -48.144  -51.328  -8.661 0.0000000000
23807  -49.145  -52.383  -9.610 0.0000000000
24999  -47.645  -51.781  -9.304 0.0000000000
18925  -59.200  -56.208  -4.822 0.0000000000
21362  -59.424  -54.715  -4.709 0.0000000000
21361  -59.310  -54.046  -4.745 0.0000000000
21349  -59.106  -54.178  -4.123 0.0000000000
21343  -51.924  -54.496  -3.003 0.0000000000
22568  -51.805  -53.652  -3.362 0.0000000000
22553  -50.216  -53.696  -2.782 0.0000000000
23747  -50.225  -52.596  -3.197 0.0000000000
23740  -49.421  -53.057  -2.757 0.0000000000
22497  -49.934  -52.534  3.061 0.0000000000
21278  -50.017  -53.550  2.830 0.0000000000
22498  -50.840  -52.727  2.416 0.0000000000
144284  -51.395  -53.233  2.304 0.0000000000
23687  -50.495  -52.106  2.283 0.0000000000
23700  -51.117  -52.239  1.767 0.0000000000
23699  -49.970  -51.873  2.415 0.0000000000
28458  -46.695  -47.913  2.030 0.0000000000
28457  -45.766  -49.117  1.684 0.0000000000
28474  -45.641  -48.011  0.991 0.0000000000
29693  -46.922  -46.901  1.264 0.0000000000
21455  -57.137  -55.120  -12.011 0.0000000000
20200  -57.257  -55.705  -11.931 0.0000000000
20199  -56.975  -55.728  -12.353 0.0000000000
27487  -49.890  -49.664  -14.131 0.0000000000
26327  -51.702  -50.839  -15.075 0.0000000000
27369  -49.967  -48.900  -4.110 0.0000000000
143393  -50.368  -49.292  -4.745 0.0000000000
27384  -49.565  -49.021  -4.734 0.0000000000
28573  -46.711  -48.402  -5.337 0.0000000000
27383  -48.153  -49.077  -5.455 0.0000000000
28583  -47.066  -49.038  -5.948 0.0000000000
27394  -46.923  -49.512  -6.853 0.0000000000
28582  -46.257  -49.035  -6.616 0.0000000000
20058  -53.100  -55.408  -1.955 0.0000000000
20044  -53.438  -54.987  -0.975 0.0000000000
144065  -49.216  -51.127  5.147 0.0000000000
26045  -48.684  -50.623  4.817 0.0000000000
26058  -48.177  -50.798  4.196 0.0000000000
29626  -47.827  -47.589  3.094 0.0000000000
17849  -51.942  -57.199  -10.620 0.0000000000
20196  -53.773  -55.746  -12.763 0.0000000000
20218  -54.764  -56.077  -13.315 0.0000000000
19012  -53.980  -56.438  -13.648 0.0000000000
17917  -53.542  -57.726  -16.015 0.0000000000
17896  -53.894  -57.342  -15.126 0.0000000000
17935  -54.264  -57.885  -16.910 0.0000000000
16732  -53.838  -58.208  -17.523 0.0000000000
155245  -53.754  -59.002  -18.026 0.0000000000
17934  -50.377  -57.906  -17.230 0.0000000000
16753  -51.337  -58.412  -18.599 0.0000000000
153269  -50.602  -58.074  -17.910 0.0000000000
16773  -51.135  -58.231  -19.638 0.0000000000
17952  -50.635  -57.790  -18.765 0.0000000000
22628  -58.066  -52.734  -8.015 0.0000000000
22630  -57.857  -53.353  -8.294 0.0000000000
23828  -55.489  -52.823  -10.214 0.0000000000
139067  -50.790  -50.682  -6.901 0.0000000000
26223  -51.842  -50.866  -6.900 0.0000000000
24971  -51.265  -51.120  -7.719 0.0000000000
155558  -52.004  -52.195  -9.535 0.0000000000
23826  -52.649  -52.600  -10.068 0.0000000000
22654  -53.319  -53.110  -10.582 0.0000000000
22653  -52.264  -53.214  -10.614 0.0000000000
21435  -53.509  -54.391  -11.588 0.0000000000
22650  -49.049  -53.541  -10.547 0.0000000000
22670  -50.803  -54.106  -11.142 0.0000000000
21432  -49.944  -54.582  -11.439 0.0000000000
21450  -50.248  -55.152  -11.967 0.0000000000
21431  -48.923  -54.532  -11.623 0.0000000000
23768  -58.063  -52.227  -5.165 0.0000000000
24942  -57.372  -51.730  -5.177 0.0000000000
24941  -56.594  -51.561  -4.886 0.0000000000
24946  -56.038  -51.329  -5.200 0.0000000000
24940  -55.639  -51.454  -4.685 0.0000000000
20097  -56.135  -55.284  -3.059 0.0000000000
21347  -56.483  -54.453  -3.545 0.0000000000
21346  -55.341  -54.016  -3.648 0.0000000000
23750  -52.874  -51.892  -3.581 0.0000000000
160196  -54.019  -52.886  -3.671 0.0000000000
145288  -53.520  -51.205  -3.845 0.0000000000
24924  -52.781  -50.797  -3.708 0.0000000000
140978  -52.015  -49.872  -3.863 0.0000000000
24923  -51.355  -50.654  -3.438 0.0000000000
24914  -48.753  -50.713  -2.759 0.0000000000
26162  -49.013  -49.905  -3.018 0.0000000000
27340  -48.458  -49.420  -2.789 0.0000000000
28532  -47.566  -48.419  -2.771 0.0000000000
27339  -47.878  -49.085  -2.614 0.0000000000
22509  -53.521  -53.307  1.229 0.0000000000
22519  -51.251  -52.768  0.561 0.0000000000
22520  -52.169  -52.740  0.739 0.0000000000
22533  -51.639  -53.439  -0.116 0.0000000000
21310  -51.095  -54.227  -1.100 0.0000000000
22532  -50.601  -53.633  -0.425 0.0000000000
24864  -47.585  -51.490  2.676 0.0000000000
24881  -48.427  -51.798  2.323 0.0000000000
24880  -47.474  -51.928  1.879 0.0000000000
155472  -46.347  -51.653  0.486 0.0000000000
23710  -46.972  -52.307  0.561 0.0000000000
23723  -46.726  -52.158  -0.212 0.0000000000
22529  -47.669  -52.780  -0.973 0.0000000000
23733  -47.191  -52.169  -1.259 0.0000000000
158980  -47.489  -51.762  -1.810 0.0000000000
24906  -46.704  -51.438  -1.312 0.0000000000
28491  -45.083  -48.059  -0.386 0.0000000000
159996  -45.171  -48.583  -1.001 0.0000000000
29740  -45.311  -47.691  -1.233 0.0000000000
29741  -45.885  -47.758  -2.014 0.0000000000
20169  -56.297  -55.307  -9.857 0.0000000000
20168  -55.038  -55.319  -9.563 0.0000000000
20174  -56.814  -55.847  -10.575 0.0000000000
17871  -56.113  -57.372  -11.848 0.0000000000
17851  -54.769  -57.136  -11.032 0.0000000000
17870  -55.216  -57.768  -11.577 0.0000000000
16654  -53.343  -58.443  -11.710 0.0000000000
17898  -55.658  -57.305  -14.793 0.0000000000
16688  -55.987  -57.630  -13.657 0.0000000000
149579  -55.502  -58.253  -14.034 0.0000000000
14238  -53.495  -60.117  -13.386 0.0000000000
14239  -54.051  -59.801  -13.201 0.0000000000
24997  -46.042  -51.184  -9.893 0.0000000000
25015  -45.641  -50.707  -10.433 0.0000000000
25037  -46.607  -51.561  -12.421 0.0000000000
22683  -47.191  -53.201  -12.575 0.0000000000
23867  -47.242  -52.534  -13.226 0.0000000000
26313  -48.809  -50.753  -14.251 0.0000000000
25057  -48.024  -51.005  -13.903 0.0000000000
25070  -48.127  -52.250  -14.334 0.0000000000
22707  -47.757  -53.621  -13.993 0.0000000000
22708  -48.324  -53.594  -14.698 0.0000000000
21492  -48.610  -54.752  -15.024 0.0000000000
22727  -48.775  -53.984  -15.262 0.0000000000
22749  -50.154  -53.993  -16.576 0.0000000000
21508  -49.794  -54.727  -16.543 0.0000000000
21526  -50.453  -55.107  -17.717 0.0000000000
29778  -48.126  -48.253  -3.724 0.0000000000
28575  -48.869  -48.728  -4.707 0.0000000000
149527  -47.945  -48.224  -4.160 0.0000000000
28561  -47.227  -48.080  -4.499 0.0000000000
29798  -46.293  -47.851  -4.800 0.0000000000
27243  -49.007  -49.176  5.257 0.0000000000
28414  -49.548  -48.393  5.228 0.0000000000
18973  -52.520  -55.949  -9.704 0.0000000000
18999  -51.996  -56.326  -13.143 0.0000000000
19011  -52.870  -56.704  -13.664 0.0000000000
159357  -51.973  -56.952  -13.837 0.0000000000
17895  -51.778  -57.440  -14.595 0.0000000000
17916  -52.258  -57.908  -15.696 0.0000000000
16710  -51.741  -58.239  -16.542 0.0000000000
141608  -50.843  -57.762  -15.411 0.0000000000
16709  -50.547  -57.961  -16.489 0.0000000000
17933  -49.963  -57.459  -16.784 0.0000000000
24976  -56.596  -51.430  -6.888 0.0000000000
165803  -55.784  -51.498  -7.353 0.0000000000
24989  -55.355  -51.747  -8.102 0.0000000000
24988  -54.226  -51.706  -8.071 0.0000000000
24984  -50.384  -50.991  -7.832 0.0000000000
160937  -50.890  -51.388  -8.467 0.0000000000
24983  -50.011  -51.344  -8.541 0.0000000000
25002  -50.532  -51.774  -9.101 0.0000000000
23808  -50.127  -52.318  -9.611 0.0000000000
22652  -51.244  -53.368  -10.631 0.0000000000
23823  -49.644  -52.923  -10.102 0.0000000000
150991  -47.804  -52.803  -10.265 0.0000000000
22593  -58.576  -52.902  -4.863 0.0000000000
22592  -57.765  -52.561  -4.487 0.0000000000
20094  -53.762  -55.156  -3.062 0.0000000000
154833  -54.315  -54.602  -3.412 0.0000000000
22569  -52.690  -54.010  -3.458 0.0000000000
149966  -52.496  -53.019  -3.536 0.0000000000
23749  -51.899  -52.481  -3.486 0.0000000000
23748  -51.153  -51.901  -3.424 0.0000000000
23746  -49.501  -51.997  -2.993 0.0000000000
24907  -48.029  -51.129  -2.363 0.0000000000
21280  -51.519  -54.047  2.242 0.0000000000
22508  -52.671  -53.142  1.561 0.0000000000
23703  -52.910  -52.964  1.187 0.0000000000
23701  -51.775  -52.590  1.614 0.0000000000
23715  -51.651  -52.473  1.279 0.0000000000
23713  -49.816  -52.426  1.132 0.0000000000
27263  -46.311  -49.681  2.987 0.0000000000
24863  -46.684  -51.400  2.139 0.0000000000
27279  -45.876  -49.858  2.035 0.0000000000
164854  -45.706  -50.298  1.310 0.0000000000
26109  -45.516  -50.210  0.575 0.0000000000
26128  -45.369  -50.044  -0.438 0.0000000000
27292  -45.237  -49.388  0.412 0.0000000000
29691  -45.299  -47.517  0.351 0.0000000000
158748  -45.548  -46.464  0.347 0.0000000000
20176  -57.627  -55.305  -10.962 0.0000000000
18991  -57.283  -55.797  -10.996 0.0000000000
17854  -56.938  -56.419  -11.716 0.0000000000
16656  -56.194  -57.529  -12.288 0.0000000000
151858  -54.945  -58.833  -14.133 0.0000000000
29899  -49.466  -47.493  -13.771 0.0000000000
149134  -48.960  -47.999  -13.452 0.0000000000
28652  -48.737  -48.691  -13.467 0.0000000000
27470  -49.328  -49.231  -13.742 0.0000000000
26314  -49.779  -50.483  -14.499 0.0000000000
25072  -49.312  -51.318  -14.727 0.0000000000
23902  -49.561  -52.678  -15.547 0.0000000000
23903  -50.540  -52.409  -15.842 0.0000000000
23925  -51.199  -53.023  -16.524 0.0000000000
26196  -52.516  -50.044  -5.094 0.0000000000
148861  -52.171  -50.441  -5.915 0.0000000000
26195  -51.721  -49.860  -5.290 0.0000000000
162741  -50.768  -50.273  -6.247 0.0000000000
140769  -50.199  -50.176  -6.375 0.0000000000
138756  -49.006  -49.219  -5.311 0.0000000000
27396  -48.720  -49.647  -6.049 0.0000000000
26209  -49.301  -50.125  -6.594 0.0000000000
26221  -48.967  -50.472  -7.422 0.0000000000
26220  -48.105  -50.429  -7.602 0.0000000000
163642  -47.382  -50.331  -7.806 0.0000000000
20098  -58.620  -54.811  -3.457 0.0000000000
20081  -56.510  -55.674  -2.377 0.0000000000
20080  -55.325  -55.630  -2.498 0.0000000000
20078  -53.765  -55.459  -2.495 0.0000000000
21336  -52.261  -55.049  -2.368 0.0000000000
21335  -51.359  -54.615  -2.426 0.0000000000
23680  -49.424  -52.099  3.824 0.0000000000
24848  -49.199  -51.654  3.766 0.0000000000
24866  -49.239  -51.645  2.874 0.0000000000
24847  -48.648  -51.318  3.672 0.0000000000
24846  -47.771  -51.124  3.492 0.0000000000
26057  -47.343  -50.387  3.857 0.0000000000
27242  -48.224  -49.320  4.736 0.0000000000
27241  -47.481  -49.544  4.232 0.0000000000
27253  -46.878  -49.638  3.655 0.0000000000
28426  -46.669  -48.901  3.331 0.0000000000
29669  -47.306  -47.207  1.729 0.0000000000
20198  -56.198  -55.617  -12.703 0.0000000000
20219  -55.781  -56.160  -13.345 0.0000000000
19013  -55.252  -56.580  -13.997 0.0000000000
19032  -55.559  -57.137  -14.831 0.0000000000
16712  -55.429  -58.004  -15.752 0.0000000000
15481  -54.262  -59.158  -16.344 0.0000000000
16754  -52.467  -58.582  -18.471 0.0000000000
16794  -52.113  -58.848  -19.823 0.0000000000
16815  -51.550  -58.665  -20.648 0.0000000000
16792  -50.980  -57.966  -20.730 0.0000000000
21400  -55.959  -53.997  -7.797 0.0000000000
21407  -55.096  -54.417  -8.439 0.0000000000
21408  -57.144  -53.996  -8.466 0.0000000000
21409  -57.846  -53.857  -9.074 0.0000000000
21416  -57.836  -54.434  -9.883 0.0000000000
22639  -57.948  -53.438  -9.752 0.0000000000
22659  -58.016  -54.038  -10.251 0.0000000000
22676  -57.425  -54.069  -11.040 0.0000000000
22675  -56.409  -53.830  -11.194 0.0000000000
21437  -55.892  -54.403  -11.671 0.0000000000
26212  -52.619  -50.859  -6.475 0.0000000000
24987  -53.286  -51.601  -8.077 0.0000000000
24985  -51.713  -51.484  -8.364 0.0000000000
23810  -53.002  -52.169  -9.318 0.0000000000
22655  -54.569  -53.045  -10.515 0.0000000000
22674  -55.161  -53.716  -11.155 0.0000000000
21436  -54.652  -54.375  -11.619 0.0000000000
21451  -53.071  -55.104  -12.046 0.0000000000
21434  -52.039  -55.118  -12.008 0.0000000000
22671  -51.857  -53.860  -11.151 0.0000000000
154075  -51.506  -54.558  -11.569 0.0000000000
20181  -51.119  -55.183  -11.959 0.0000000000
20193  -50.596  -55.664  -12.458 0.0000000000
20192  -49.712  -55.549  -12.537 0.0000000000
20191  -48.916  -55.340  -12.801 0.0000000000
22626  -56.537  -53.631  -7.084 0.0000000000
22627  -57.810  -53.172  -7.424 0.0000000000
24978  -58.047  -52.348  -7.320 0.0000000000
23773  -58.364  -52.511  -5.914 0.0000000000
24962  -58.026  -52.021  -6.582 0.0000000000
24961  -57.329  -51.530  -6.334 0.0000000000
24960  -56.323  -51.307  -5.953 0.0000000000
139063  -55.364  -51.181  -5.501 0.0000000000
26198  -54.420  -50.888  -5.069 0.0000000000
21348  -57.936  -54.226  -3.705 0.0000000000
22573  -57.280  -53.301  -3.986 0.0000000000
23752  -56.753  -52.405  -4.214 0.0000000000
153059  -54.562  -53.432  -3.664 0.0000000000
146929  -54.736  -52.294  -3.847 0.0000000000
24926  -55.205  -51.706  -4.264 0.0000000000
26190  -53.732  -50.759  -4.510 0.0000000000
26189  -52.581  -50.075  -4.472 0.0000000000
27359  -52.148  -49.825  -4.128 0.0000000000
27358  -51.558  -49.551  -4.054 0.0000000000
27356  -50.124  -49.159  -3.725 0.0000000000
26176  -50.577  -49.962  -3.416 0.0000000000
28553  -49.356  -48.703  -3.831 0.0000000000
28551  -47.827  -48.155  -3.288 0.0000000000
162484  -47.379  -47.825  -3.249 0.0000000000
22521  -52.936  -52.871  0.874 0.0000000000
22535  -53.491  -53.250  0.485 0.0000000000
21312  -53.019  -54.087  -0.375 0.0000000000
21311  -52.037  -54.239  -0.753 0.0000000000
21326  -51.618  -54.740  -1.701 0.0000000000
21324  -50.076  -54.165  -2.160 0.0000000000
143811  -49.361  -51.971  1.898 0.0000000000
23712  -48.719  -52.582  0.904 0.0000000000
24879  -46.801  -51.906  1.280 0.0000000000
23711  -47.759  -52.547  0.664 0.0000000000
22517  -49.079  -53.132  0.109 0.0000000000
22530  -48.493  -53.313  -0.942 0.0000000000
22543  -48.853  -53.647  -1.780 0.0000000000
22552  -49.411  -53.702  -2.298 0.0000000000
23738  -48.209  -52.328  -2.236 0.0000000000
26160  -46.757  -50.052  -1.893 0.0000000000
26144  -45.581  -50.145  -1.059 0.0000000000
27338  -47.117  -49.185  -2.310 0.0000000000
28511  -46.606  -48.276  -2.355 0.0000000000
29758  -45.611  -46.986  -1.919 0.0000000000
21413  -54.656  -54.806  -9.003 0.0000000000
18975  -54.422  -55.761  -9.872 0.0000000000
18987  -53.200  -56.487  -10.260 0.0000000000
153460  -55.382  -56.670  -10.799 0.0000000000
162129  -53.810  -56.988  -10.724 0.0000000000
17850  -52.944  -57.129  -10.691 0.0000000000
17868  -52.672  -57.773  -11.161 0.0000000000
19015  -56.522  -56.666  -13.112 0.0000000000
16675  -56.195  -57.652  -12.851 0.0000000000
16674  -55.721  -58.220  -12.688 0.0000000000
15453  -54.535  -59.390  -13.500 0.0000000000
142638  -54.667  -59.360  -13.019 0.0000000000
143215  -54.312  -59.339  -12.668 0.0000000000
29787  -44.716  -47.071  -4.799 0.0000000000
28588  -45.562  -48.997  -7.213 0.0000000000
27399  -45.765  -49.525  -7.846 0.0000000000
26226  -46.046  -50.114  -8.418 0.0000000000
26240  -46.260  -50.766  -9.092 0.0000000000
24998  -46.743  -51.531  -9.545 0.0000000000
23805  -47.152  -52.264  -10.072 0.0000000000
23821  -47.255  -52.873  -10.863 0.0000000000
25023  -45.787  -50.818  -11.098 0.0000000000
23840  -46.514  -52.170  -10.958 0.0000000000
22667  -47.519  -53.562  -11.596 0.0000000000
21430  -48.027  -54.296  -11.949 0.0000000000
21447  -47.881  -54.406  -12.765 0.0000000000
21467  -48.306  -54.944  -13.161 0.0000000000
27469  -48.512  -49.509  -13.575 0.0000000000
26292  -47.744  -50.561  -13.517 0.0000000000
25038  -47.423  -51.134  -13.392 0.0000000000
155793  -47.431  -53.197  -13.373 0.0000000000
21466  -47.909  -54.400  -13.551 0.0000000000
152986  -48.235  -54.971  -13.840 0.0000000000
20237  -49.046  -55.977  -14.606 0.0000000000
19027  -49.218  -56.026  -15.563 0.0000000000
19044  -49.456  -56.152  -16.416 0.0000000000
19055  -49.830  -56.346  -17.467 0.0000000000
19066  -50.303  -56.308  -18.859 0.0000000000
13180  -52.953  -60.466  -13.589 0.0000000000
14224  -52.893  -60.445  -13.229 0.0000000000
14225  -53.669  -59.965  -12.947 0.0000000000
15413  -53.685  -59.194  -12.281 0.0000000000
15414  -54.502  -58.552  -12.035 0.0000000000
15436  -55.059  -58.788  -12.632 0.0000000000
15437  -55.311  -58.781  -12.964 0.0000000000
15454  -55.137  -58.864  -13.404 0.0000000000
15468  -54.885  -59.010  -14.898 0.0000000000
15533  -53.289  -58.867  -18.375 0.0000000000
15550  -52.215  -59.138  -19.856 0.0000000000
15573  -51.226  -58.676  -21.306 0.0000000000
15574  -51.779  -58.966  -20.584 0.0000000000
16657  -56.600  -57.017  -12.376 0.0000000000
16695  -55.607  -57.658  -14.757 0.0000000000
16756  -53.914  -58.501  -17.606 0.0000000000
16793  -51.577  -58.513  -20.305 0.0000000000
16814  -51.168  -58.320  -21.201 0.0000000000
17848  -50.963  -57.229  -10.578 0.0000000000
17852  -55.804  -57.049  -11.365 0.0000000000
17872  -56.656  -56.901  -11.952 0.0000000000
17884  -56.469  -57.089  -13.071 0.0000000000
17894  -49.812  -57.259  -15.919 0.0000000000
17899  -56.113  -57.158  -13.950 0.0000000000
17918  -54.636  -57.614  -16.181 0.0000000000
17919  -55.200  -57.675  -16.015 0.0000000000
17920  -55.391  -57.628  -15.564 0.0000000000
17937  -55.213  -57.888  -16.285 0.0000000000
17964  -50.371  -57.088  -19.261 0.0000000000
18915  -59.641  -56.180  -4.318 0.0000000000
18974  -53.501  -55.856  -9.796 0.0000000000
18988  -54.348  -56.428  -10.397 0.0000000000
18989  -56.134  -56.409  -10.825 0.0000000000
18990  -57.032  -56.118  -11.266 0.0000000000
18993  -57.220  -56.014  -11.659 0.0000000000
19000  -53.016  -56.204  -13.109 0.0000000000
19002  -57.109  -56.165  -12.090 0.0000000000
19009  -50.312  -56.536  -13.623 0.0000000000
19010  -51.190  -56.734  -13.610 0.0000000000
19016  -56.932  -56.175  -12.445 0.0000000000
20059  -53.950  -55.484  -1.632 0.0000000000
20077  -53.105  -55.196  -2.750 0.0000000000
20079  -54.432  -55.622  -2.253 0.0000000000
20095  -54.451  -55.350  -2.963 0.0000000000
20099  -59.445  -55.181  -3.580 0.0000000000
20127  -59.455  -55.452  -4.719 0.0000000000
20158  -52.316  -54.998  -8.437 0.0000000000
20166  -52.835  -55.346  -9.183 0.0000000000
20170  -57.335  -55.135  -10.225 0.0000000000
20175  -57.415  -55.544  -10.857 0.0000000000
20182  -57.477  -55.388  -11.365 0.0000000000
20194  -51.540  -55.703  -12.494 0.0000000000
20215  -48.743  -55.550  -13.650 0.0000000000
20220  -56.426  -56.221  -13.228 0.0000000000
20256  -48.873  -55.367  -15.217 0.0000000000
21313  -53.973  -53.937  -0.034 0.0000000000
21325  -50.785  -54.484  -1.922 0.0000000000
21345  -53.325  -54.688  -3.259 0.0000000000
21350  -59.510  -54.908  -4.204 0.0000000000
21378  -59.286  -53.937  -5.110 0.0000000000
21410  -58.005  -53.739  -9.632 0.0000000000
21415  -57.031  -54.587  -9.326 0.0000000000
21417  -57.901  -54.357  -10.240 0.0000000000
21424  -57.759  -54.743  -10.772 0.0000000000
21438  -57.029  -54.542  -11.613 0.0000000000
21448  -48.510  -54.789  -12.398 0.0000000000
21452  -54.206  -55.036  -12.142 0.0000000000
21454  -56.621  -55.079  -12.138 0.0000000000
21456  -57.413  -55.326  -11.638 0.0000000000
21493  -49.089  -54.705  -15.654 0.0000000000
21509  -50.662  -54.450  -17.318 0.0000000000
22500  -52.041  -53.168  2.038 0.0000000000
22507  -52.121  -52.842  1.713 0.0000000000
22522  -53.624  -53.147  0.957 0.0000000000
22531  -49.483  -53.684  -0.884 0.0000000000
22551  -48.753  -53.161  -2.306 0.0000000000
22554  -51.102  -54.118  -2.980 0.0000000000
22570  -53.665  -53.828  -3.583 0.0000000000
22571  -55.312  -52.979  -3.800 0.0000000000
22575  -58.987  -53.516  -4.681 0.0000000000
22594  -59.011  -53.406  -5.086 0.0000000000
22607  -58.523  -52.965  -6.136 0.0000000000
22608  -58.806  -53.296  -5.473 0.0000000000
22657  -56.877  -53.402  -10.641 0.0000000000
22658  -57.723  -53.704  -10.408 0.0000000000
22668  -48.450  -53.999  -11.151 0.0000000000
22669  -49.431  -54.126  -10.991 0.0000000000
22672  -52.878  -53.741  -11.134 0.0000000000
22677  -57.790  -54.315  -10.723 0.0000000000
23688  -51.222  -52.336  1.977 0.0000000000
23697  -47.401  -52.233  1.174 0.0000000000
23702  -52.361  -52.851  1.442 0.0000000000
23714  -50.841  -52.320  1.260 0.0000000000
23724  -47.312  -52.621  -0.127 0.0000000000
23732  -46.737  -51.996  -0.848 0.0000000000
23751  -53.833  -52.020  -3.686 0.0000000000
23767  -57.167  -51.952  -4.665 0.0000000000
23779  -58.121  -52.532  -6.673 0.0000000000
23811  -54.893  -52.455  -9.695 0.0000000000
23822  -48.633  -52.924  -10.124 0.0000000000
23824  -50.667  -52.813  -10.143 0.0000000000
23829  -56.292  -52.967  -10.283 0.0000000000
23854  -46.818  -52.360  -12.500 0.0000000000
23882  -47.655  -52.739  -13.917 0.0000000000
23883  -48.202  -52.911  -14.547 0.0000000000
23901  -48.765  -53.103  -15.188 0.0000000000
24922  -50.387  -51.276  -3.298 0.0000000000
24938  -53.865  -51.009  -4.211 0.0000000000
24945  -55.221  -51.186  -4.955 0.0000000000
24948  -57.809  -51.817  -5.792 0.0000000000
24959  -54.693  -51.045  -5.770 0.0000000000
24972  -52.004  -51.271  -7.720 0.0000000000
24973  -52.756  -51.257  -7.318 0.0000000000
24975  -54.794  -51.467  -7.299 0.0000000000
25000  -48.638  -51.830  -9.165 0.0000000000
25004  -52.252  -51.811  -8.883 0.0000000000
25071  -48.439  -51.554  -14.357 0.0000000000
26071  -46.334  -50.545  2.607 0.0000000000
26072  -46.961  -50.948  3.094 0.0000000000
26090  -45.547  -49.614  1.199 0.0000000000
26091  -46.012  -50.812  1.759 0.0000000000
26110  -45.877  -50.922  0.919 0.0000000000
26129  -45.878  -50.858  -0.002 0.0000000000
26145  -45.941  -50.742  -0.966 0.0000000000
26146  -47.154  -50.884  -1.911 0.0000000000
26161  -48.418  -50.216  -2.609 0.0000000000
26175  -49.734  -49.620  -3.323 0.0000000000
26177  -51.489  -49.870  -3.672 0.0000000000
26179  -53.252  -50.664  -4.085 0.0000000000
26197  -53.338  -50.445  -4.917 0.0000000000
26208  -48.405  -50.062  -6.886 0.0000000000
26210  -50.785  -49.803  -5.582 0.0000000000
26227  -47.201  -51.156  -8.827 0.0000000000
26229  -49.497  -50.889  -7.988 0.0000000000
26239  -45.574  -50.473  -9.678 0.0000000000
26253  -45.256  -49.990  -10.273 0.0000000000
26293  -48.316  -50.282  -13.779 0.0000000000
27320  -45.404  -49.464  -1.204 0.0000000000
27321  -46.178  -49.316  -1.876 0.0000000000
27370  -50.759  -49.241  -4.100 0.0000000000
27386  -51.992  -49.720  -4.556 0.0000000000
27400  -46.679  -49.903  -7.686 0.0000000000
27401  -47.550  -49.976  -7.216 0.0000000000
27468  -47.772  -49.917  -13.343 0.0000000000
28415  -50.116  -47.778  5.138 0.0000000000
28442  -46.944  -48.071  2.802 0.0000000000
28473  -45.168  -48.474  0.371 0.0000000000
28533  -48.280  -48.692  -3.089 0.0000000000
28552  -48.585  -48.525  -3.581 0.0000000000
28562  -48.704  -48.406  -4.070 0.0000000000
28572  -45.875  -48.227  -5.586 0.0000000000
29719  -45.183  -46.997  -0.445 0.0000000000
29759  -46.354  -47.505  -2.621 0.0000000000
29898  -48.116  -47.262  -13.082 0.0000000000
32057  -45.503  -45.695  0.089 0.0000000000
141584  -48.168  -48.546  -4.675 0.0000000000
141996  -52.104  -50.328  -3.633 0.0000000000
142255  -49.331  -53.390  -15.645 0.0000000000
144761  -48.517  -55.222  -14.463 0.0000000000
145623  -49.445  -56.598  -15.954 0.0000000000
145939  -55.755  -52.280  -4.039 0.0000000000
146290  -52.812  -57.559  -15.096 0.0000000000
146846  -55.440  -57.483  -15.405 0.0000000000
147864  -53.060  -50.428  -4.362 0.0000000000
148205  -45.965  -50.124  -1.466 0.0000000000
148841  -56.163  -54.369  -8.653 0.0000000000
153238  -57.821  -52.883  -9.292 0.0000000000
153370  -47.076  -52.386  -0.713 0.0000000000
154579  -48.778  -51.604  -2.715 0.0000000000
155443  -47.133  -49.002  3.911 0.0000000000
155634  -47.559  -53.892  -12.409 0.0000000000
155865  -49.632  -56.866  -16.691 0.0000000000
155874  -47.044  -51.772  -13.078 0.0000000000
157667  -45.980  -48.409  1.622 0.0000000000
157956  -47.721  -52.459  -1.654 0.0000000000
158101  -57.091  -56.506  -11.915 0.0000000000
159953  -58.094  -52.633  -7.296 0.0000000000
160644  -48.696  -49.982  5.103 0.0000000000
162996  -54.085  -59.772  -12.964 0.0000000000
163275  -45.247  -46.961  -1.182 0.0000000000
163885  -49.314  -55.790  -13.112 0.0000000000
164642  -49.527  -53.977  -1.794 0.0000000000
164758  -50.090  -54.121  -11.018 0.0000000000
165108  -46.041  -51.385  -10.676 0.0000000000
165399  -47.717  -48.365  -4.605 0.0000000000
165650  -54.486  -59.325  -14.107 0.0000000000
