#!ascii label  , from subject sub-LJ001 vox2ras=TkReg
935
73016  -30.161  -9.863  -17.160 0.4285714328
75158  -30.349  -8.149  -18.194 0.2857142985
142245  -30.411  -8.992  -17.564 0.4285714328
75146  -31.079  -8.273  -17.654 0.4285714328
76190  -31.670  -7.647  -17.740 0.4285714328
76204  -30.324  -7.411  -18.990 0.2857142985
159696  -31.607  -7.168  -18.292 0.4285714328
77272  -31.931  -6.655  -18.694 0.4285714328
77309  -31.306  -6.134  -20.232 0.4285714328
78427  -32.075  -5.829  -19.976 0.4285714328
78443  -31.757  -5.543  -20.739 0.4285714328
79534  -32.921  -4.770  -20.646 0.4285714328
79549  -31.454  -4.408  -21.983 0.5714285970
78461  -32.212  -4.799  -21.162 0.5714285970
80605  -32.897  -4.174  -20.866 0.4285714328
80606  -33.554  -3.652  -20.445 0.2857142985
80633  -31.723  -3.578  -22.000 0.7142857313
142071  -32.776  -3.296  -20.901 0.7142857313
82678  -33.032  -1.465  -20.839 0.7142857313
144451  -33.754  -1.291  -20.114 0.4285714328
81619  -32.770  -2.363  -20.874 0.7142857313
83807  -33.423  -0.529  -20.887 0.5714285970
82692  -32.501  -1.831  -21.544 0.5714285970
84875  -33.176  -0.038  -21.611 0.5714285970
84859  -33.821  0.545  -21.092 0.5714285970
83823  -32.807  -0.892  -21.544 0.5714285970
158747  -34.536  0.578  -20.352 0.4285714328
84877  -33.905  1.513  -21.399 0.5714285970
163022  -34.335  2.041  -21.169 0.5714285970
85960  -32.763  1.218  -22.477 0.7142857313
152336  -34.299  2.730  -21.175 0.7142857313
87056  -34.828  2.293  -20.739 0.5714285970
84876  -33.383  1.005  -21.795 0.5714285970
84902  -31.906  0.410  -23.528 0.5714285970
87068  -32.794  2.139  -22.560 0.8571428657
88076  -34.786  3.118  -20.693 0.5714285970
85959  -32.270  1.685  -23.175 0.7142857313
89086  -33.985  4.368  -20.991 0.7142857313
88077  -35.334  3.557  -20.237 0.5714285970
87069  -33.265  2.617  -22.053 0.7142857313
88098  -34.167  3.543  -21.134 0.7142857313
89065  -34.455  4.738  -20.433 0.5714285970
88115  -33.134  3.397  -22.113 0.7142857313
88114  -32.773  2.940  -22.604 0.5714285970
162031  -32.692  3.582  -22.599 0.7142857313
90096  -34.313  5.561  -20.174 0.7142857313
89103  -32.456  4.893  -22.354 0.7142857313
144371  -33.414  4.815  -21.355 0.7142857313
164845  -33.323  5.337  -21.214 0.7142857313
150488  -33.534  6.741  -20.595 0.7142857313
91122  -33.779  5.996  -20.494 0.5714285970
90119  -32.849  5.362  -21.612 0.7142857313
150523  -31.767  3.709  -23.614 0.5714285970
92200  -33.848  7.399  -20.149 0.5714285970
93320  -34.679  8.027  -19.261 0.5714285970
90134  -32.303  5.798  -22.190 0.8571428657
165005  -33.709  7.948  -20.341 0.7142857313
92222  -33.323  7.685  -20.799 0.7142857313
91145  -32.622  6.270  -21.641 0.8571428657
91146  -32.956  6.919  -21.227 0.7142857313
94451  -33.144  9.154  -21.148 0.8571428657
94437  -34.031  9.077  -19.860 0.5714285970
93353  -33.054  8.406  -21.152 0.8571428657
92221  -32.659  7.818  -21.582 0.8571428657
91165  -32.182  6.630  -22.219 0.8571428657
164658  -32.929  10.357  -21.457 0.8571428657
152386  -32.960  10.989  -21.405 0.8571428657
137682  -32.709  12.150  -22.216 0.8571428657
93352  -32.660  8.797  -21.718 0.8571428657
95557  -32.639  10.606  -21.948 0.8571428657
95594  -31.828  10.699  -22.984 1.0000000000
96645  -32.677  11.381  -22.007 1.0000000000
94473  -32.258  9.273  -22.395 0.8571428657
164436  -32.416  11.652  -22.535 1.0000000000
137658  -32.670  12.984  -22.618 1.0000000000
160859  -31.976  13.362  -23.786 0.7142857313
137716  -32.333  12.206  -22.885 1.0000000000
137807  -31.848  12.118  -23.474 1.0000000000
137349  -32.203  12.821  -23.333 1.0000000000
101706  -32.566  16.261  -23.883 1.0000000000
148357  -32.313  17.841  -24.555 0.8571428657
102721  -32.436  17.016  -24.188 1.0000000000
105227  -33.004  20.672  -26.130 0.8571428657
104473  -32.729  19.500  -25.408 0.8571428657
104458  -32.919  19.070  -24.807 1.0000000000
106881  -33.105  22.003  -27.223 0.8571428657
164172  -33.372  22.085  -26.511 0.8571428657
106044  -31.523  21.117  -27.064 0.5714285970
106897  -31.267  22.592  -27.266 0.7142857313
108659  -32.062  24.063  -27.135 0.5714285970
106042  -29.502  22.024  -27.260 0.5714285970
106043  -30.053  21.329  -27.208 0.5714285970
153113  -29.038  22.045  -26.845 0.4285714328
107784  -29.928  23.365  -26.728 0.4285714328
144938  -30.283  24.161  -26.836 0.4285714328
106014  -29.214  21.728  -24.462 0.2857142985
106868  -29.542  22.468  -24.069 0.2857142985
106861  -29.486  22.019  -23.117 0.2857142985
76189  -31.020  -7.582  -18.258 0.2857142985
166312  -33.342  0.501  -21.648 0.5714285970
93335  -34.103  8.156  -19.842 0.5714285970
93334  -33.565  8.556  -20.532 0.8571428657
95558  -33.179  9.926  -21.079 0.8571428657
158096  -33.188  10.542  -21.021 0.8571428657
96646  -33.067  11.896  -21.324 0.8571428657
156100  -32.191  14.106  -23.721 0.8571428657
106000  -29.307  22.420  -21.162 0.1428571492
75157  -29.756  -8.109  -18.761 0.2857142985
76239  -29.967  -7.004  -19.982 0.2857142985
158883  -31.194  -6.951  -18.862 0.2857142985
77290  -31.604  -6.384  -19.431 0.4285714328
78428  -32.840  -5.563  -19.743 0.4285714328
77308  -30.518  -6.400  -20.568 0.2857142985
78445  -33.287  -5.059  -20.193 0.4285714328
78460  -31.247  -5.282  -21.481 0.5714285970
80618  -32.243  -3.894  -21.459 0.5714285970
81620  -33.332  -2.780  -20.450 0.4285714328
81649  -31.560  -2.951  -22.396 0.2857142985
81633  -32.203  -2.876  -21.613 0.7142857313
149025  -32.313  -1.273  -22.232 0.5714285970
84861  -35.244  0.980  -19.844 0.4285714328
83838  -32.563  -0.351  -22.304 0.7142857313
84890  -32.431  0.407  -22.771 0.7142857313
84860  -34.595  1.409  -20.725 0.5714285970
87055  -33.811  2.299  -21.552 0.7142857313
88097  -33.698  3.103  -21.598 0.7142857313
85968  -31.669  1.171  -23.867 0.5714285970
157611  -32.242  0.978  -23.175 0.5714285970
89043  -34.908  5.065  -19.830 0.5714285970
87083  -32.322  2.516  -23.186 0.5714285970
89066  -35.117  4.333  -20.110 0.5714285970
89104  -32.848  4.095  -22.233 0.7142857313
89085  -33.472  3.992  -21.607 0.7142857313
90120  -33.216  5.964  -21.043 0.7142857313
94436  -33.563  9.488  -20.494 0.5714285970
93373  -32.230  8.369  -22.282 1.0000000000
137665  -33.041  12.816  -21.726 1.0000000000
164531  -31.482  10.496  -23.382 1.0000000000
162396  -31.763  12.723  -23.820 0.8571428657
137350  -31.818  14.685  -24.127 0.7142857313
137778  -32.413  14.867  -23.635 1.0000000000
99800  -32.894  14.999  -23.163 1.0000000000
100758  -32.092  15.539  -24.108 0.7142857313
100759  -32.738  15.589  -23.464 1.0000000000
103651  -32.903  18.462  -24.428 1.0000000000
106045  -32.662  21.419  -27.147 0.7142857313
106895  -29.478  22.609  -26.786 0.7142857313
146021  -30.685  21.917  -27.416 0.7142857313
106028  -29.188  21.428  -26.984 0.4285714328
107773  -29.740  23.308  -25.743 0.2857142985
108658  -31.159  24.019  -27.114 0.4285714328
107761  -29.871  23.303  -24.351 0.2857142985
158973  -31.769  -1.534  -22.875 0.4285714328
106896  -30.098  22.602  -27.227 0.7142857313
106880  -29.448  22.378  -25.426 0.2857142985
74093  -29.618  -9.474  -17.775 0.4285714328
74094  -31.243  -8.972  -17.105 0.4285714328
75145  -29.708  -8.743  -18.247 0.2857142985
75147  -31.818  -8.327  -17.182 0.4285714328
78442  -31.025  -5.862  -20.939 0.2857142985
78444  -32.550  -5.271  -20.455 0.4285714328
82707  -31.984  -2.143  -22.287 0.5714285970
84891  -32.946  0.457  -22.090 0.5714285970
85946  -33.330  1.799  -21.960 0.7142857313
83852  -32.061  -0.264  -23.122 0.7142857313
144727  -34.636  3.937  -20.606 0.5714285970
89064  -33.769  5.239  -20.805 0.7142857313
89119  -32.299  4.123  -22.918 0.8571428657
89102  -31.970  4.820  -22.974 0.8571428657
94450  -32.718  9.753  -21.757 0.8571428657
92240  -32.159  7.480  -22.260 0.8571428657
95576  -32.236  10.176  -22.462 1.0000000000
137708  -31.601  13.911  -24.201 0.8571428657
105241  -32.536  20.747  -26.644 0.8571428657
143728  -32.156  21.906  -27.451 0.7142857313
106898  -32.405  22.686  -27.239 0.7142857313
143966  -29.173  21.488  -25.841 0.4285714328
107785  -30.740  23.303  -26.962 0.4285714328
163662  -29.025  21.436  -22.729 0.2857142985
162921  -29.706  22.302  -22.395 0.1428571492
77289  -30.794  -6.683  -19.655 0.2857142985
81648  -31.413  -2.329  -23.001 0.2857142985
111156  -28.206  27.281  -29.155 0.2857142985
111147  -27.419  27.730  -27.638 0.1428571492
109499  -29.276  25.836  -28.154 0.2857142985
110365  -28.955  26.811  -29.788 0.2857142985
110335  -28.149  27.106  -27.394 0.1428571492
111137  -27.232  27.947  -26.941 0.1428571492
108648  -29.434  24.852  -25.363 0.1428571492
156709  -29.660  24.860  -26.405 0.2857142985
145200  -29.184  25.476  -25.828 0.1428571492
109531  -30.027  25.992  -29.777 0.2857142985
109517  -29.393  25.962  -29.228 0.2857142985
110370  -33.930  26.805  -29.627 0.2857142985
110368  -32.001  26.399  -29.966 0.2857142985
153554  -28.735  27.070  -25.509 0.1428571492
108672  -29.922  25.092  -27.316 0.2857142985
109502  -33.198  25.192  -27.634 0.2857142985
109518  -30.530  25.617  -28.860 0.2857142985
109490  -35.176  25.050  -26.887 0.1428571492
146151  -33.326  26.056  -28.583 0.2857142985
109519  -31.798  25.566  -28.396 0.2857142985
109479  -28.754  26.301  -25.758 0.1428571492
109501  -31.106  25.260  -27.903 0.2857142985
109500  -30.110  25.423  -28.122 0.2857142985
108679  -37.595  24.845  -27.436 0.1428571492
108678  -36.968  25.201  -27.000 0.1428571492
109503  -34.612  25.436  -27.405 0.4285714328
106870  -35.329  22.347  -24.417 0.2857142985
108649  -34.137  23.952  -25.902 0.4285714328
108660  -32.956  24.152  -26.887 0.2857142985
106007  -36.678  21.438  -23.827 0.1428571492
107777  -35.768  23.724  -25.141 0.2857142985
107788  -33.314  23.731  -26.292 0.4285714328
106869  -33.957  22.040  -24.914 0.5714285970
107774  -33.145  22.875  -26.437 0.7142857313
103642  -36.296  19.531  -23.034 0.1428571492
105193  -36.027  20.828  -23.651 0.1428571492
107775  -33.670  23.341  -25.753 0.7142857313
107787  -32.585  23.494  -26.858 0.4285714328
105207  -34.440  20.856  -24.324 0.4285714328
147718  -36.335  18.199  -22.439 0.2857142985
103626  -35.430  18.271  -22.747 0.7142857313
106030  -33.333  20.977  -25.588 0.7142857313
102722  -33.097  17.636  -23.932 0.8571428657
104443  -34.794  19.583  -23.604 0.8571428657
105206  -33.691  20.500  -24.841 0.5714285970
101698  -36.324  16.995  -21.848 0.2857142985
102706  -35.888  17.595  -22.265 0.2857142985
104460  -34.221  20.031  -24.216 0.7142857313
104472  -31.845  19.376  -26.009 0.5714285970
104459  -33.449  19.633  -24.762 0.8571428657
101688  -35.833  16.402  -21.524 0.1428571492
161184  -34.611  17.893  -22.969 0.7142857313
100746  -36.264  15.903  -21.060 0.1428571492
153094  -29.086  9.457  -26.345 0.5714285970
137357  -31.462  11.224  -23.607 0.8571428657
137360  -30.796  11.204  -24.391 0.8571428657
137586  -31.237  12.187  -24.187 0.5714285970
101707  -33.147  16.298  -23.307 0.8571428657
99792  -33.114  14.699  -22.620 0.8571428657
102713  -33.553  17.036  -23.361 0.8571428657
100738  -34.988  15.240  -20.683 0.2857142985
101695  -33.852  16.472  -22.802 0.8571428657
146463  -33.364  18.977  -24.380 0.8571428657
99782  -35.508  14.690  -20.281 0.4285714328
101687  -34.948  16.292  -21.692 0.7142857313
102705  -35.005  17.457  -22.511 0.7142857313
93421  -29.018  8.431  -26.595 0.2857142985
95593  -31.021  10.311  -23.848 0.5714285970
156362  -30.316  9.891  -24.859 0.5714285970
96660  -32.008  11.501  -22.977 0.8571428657
156066  -32.819  13.897  -22.618 0.8571428657
156170  -32.671  14.343  -23.198 0.8571428657
100751  -33.378  15.584  -22.771 0.8571428657
137348  -34.056  14.158  -20.750 0.4285714328
137354  -33.676  14.433  -21.321 0.8571428657
100752  -34.176  15.963  -22.152 0.8571428657
99776  -35.164  14.026  -20.037 0.4285714328
89129  -30.614  4.651  -25.126 0.7142857313
145045  -30.471  5.842  -27.185 0.4285714328
158094  -31.203  4.302  -24.195 0.7142857313
165478  -30.939  6.598  -24.172 0.8571428657
92277  -30.350  7.055  -25.674 0.5714285970
93422  -29.755  8.096  -26.347 0.5714285970
93430  -28.738  7.605  -27.056 0.4285714328
92256  -31.266  7.661  -23.458 0.8571428657
92268  -30.463  7.765  -24.917 0.5714285970
93412  -29.655  8.936  -25.967 0.5714285970
93372  -31.840  8.820  -22.810 0.8571428657
93387  -30.894  8.928  -24.058 0.7142857313
93402  -30.507  8.723  -24.664 0.5714285970
96647  -33.551  12.012  -20.497 0.7142857313
137346  -33.467  12.742  -20.828 0.7142857313
156129  -33.409  13.646  -21.237 0.7142857313
156176  -33.021  13.510  -22.045 0.8571428657
97745  -35.175  12.666  -19.358 0.2857142985
137347  -34.157  12.576  -19.980 0.4285714328
98789  -34.732  13.381  -19.866 0.5714285970
88130  -31.802  2.873  -23.775 0.4285714328
88143  -30.653  3.626  -25.147 0.4285714328
89135  -30.427  4.013  -26.255 0.4285714328
146763  -31.875  6.198  -22.606 0.7142857313
144715  -31.540  6.110  -23.173 0.7142857313
91164  -31.677  6.984  -22.846 0.7142857313
92239  -31.704  8.008  -22.809 0.8571428657
95544  -33.858  10.825  -19.797 0.7142857313
146910  -34.624  11.997  -19.461 0.2857142985
96632  -33.923  11.651  -19.867 0.5714285970
95559  -33.379  11.174  -20.597 0.5714285970
87082  -31.721  2.043  -23.810 0.4285714328
147767  -30.769  1.886  -25.201 0.5714285970
90133  -31.910  5.494  -22.776 0.7142857313
95525  -34.513  10.496  -19.223 0.4285714328
151251  -35.034  11.030  -18.717 0.4285714328
96620  -34.519  11.305  -19.284 0.4285714328
83851  -31.516  -0.228  -23.868 0.5714285970
89044  -35.792  4.047  -19.649 0.4285714328
156507  -35.499  4.702  -19.615 0.4285714328
92185  -35.106  7.535  -18.917 0.4285714328
91123  -34.185  6.512  -19.913 0.4285714328
92186  -36.042  7.904  -18.399 0.4285714328
142619  -34.615  8.738  -19.273 0.4285714328
79535  -33.504  -4.439  -20.412 0.1428571492
91099  -34.828  5.870  -19.504 0.4285714328
91100  -35.444  6.128  -18.902 0.4285714328
138908  -35.636  6.941  -18.671 0.4285714328
82679  -33.789  -2.315  -19.948 0.1428571492
84843  -34.808  0.096  -19.685 0.2857142985
88058  -37.443  3.223  -18.666 0.2857142985
89047  -38.389  4.522  -18.231 0.2857142985
139858  -37.620  3.915  -18.526 0.2857142985
162629  -35.742  2.189  -19.981 0.4285714328
89046  -37.247  4.608  -18.495 0.2857142985
88056  -36.033  3.237  -19.746 0.2857142985
90060  -37.859  5.497  -17.973 0.2857142985
154017  -36.868  5.331  -18.465 0.4285714328
80607  -34.162  -3.515  -20.019 0.1428571492
161186  -34.526  -1.889  -19.469 0.2857142985
82662  -34.540  -0.804  -19.553 0.2857142985
85910  -36.694  1.327  -18.681 0.2857142985
85911  -37.554  1.865  -18.536 0.2857142985
153702  -36.683  2.166  -18.951 0.2857142985
85909  -35.992  1.701  -19.526 0.2857142985
156996  -37.265  2.572  -18.685 0.2857142985
81606  -34.362  -2.868  -19.745 0.1428571492
83790  -36.730  -0.493  -18.585 0.2857142985
81607  -35.487  -1.991  -19.130 0.2857142985
147846  -35.943  -0.091  -18.688 0.2857142985
82663  -35.132  -1.249  -19.167 0.2857142985
84844  -35.436  0.271  -19.231 0.2857142985
76205  -32.252  -7.025  -17.976 0.2857142985
78429  -33.589  -5.305  -19.521 0.1428571492
78411  -33.114  -5.865  -19.004 0.2857142985
79519  -33.966  -4.733  -19.915 0.1428571492
74082  -30.799  -9.540  -16.974 0.2857142985
73004  -30.818  -10.281  -16.548 0.2857142985
73003  -29.954  -10.681  -16.790 0.2857142985
74083  -31.391  -9.625  -16.610 0.1428571492
71985  -29.680  -11.520  -16.453 0.1428571492
82664  -35.939  -1.135  -18.703 0.2857142985
84845  -36.667  0.417  -18.581 0.2857142985
147093  -38.039  2.641  -18.474 0.2857142985
162439  -37.869  6.450  -17.706 0.2857142985
90157  -30.625  5.498  -25.071 0.7142857313
91101  -36.094  6.395  -18.547 0.4285714328
92201  -34.442  7.382  -19.529 0.4285714328
149154  -33.988  9.961  -19.851 0.4285714328
96621  -35.339  11.773  -18.849 0.2857142985
102712  -32.945  16.847  -23.718 0.8571428657
105240  -31.734  20.232  -26.585 0.4285714328
105228  -33.166  20.201  -25.510 0.7142857313
98790  -35.542  13.451  -19.612 0.2857142985
151187  -33.925  17.823  -23.389 0.8571428657
108674  -31.573  24.606  -27.477 0.2857142985
106017  -35.835  21.750  -24.073 0.4285714328
109469  -28.647  26.509  -24.287 0.1428571492
108663  -35.681  24.628  -26.330 0.1428571492
110367  -30.082  26.330  -30.610 0.2857142985
149026  -32.390  -7.667  -17.354 0.1428571492
77291  -32.368  -6.118  -19.227 0.2857142985
79536  -34.176  -4.099  -20.106 0.1428571492
80593  -35.616  -3.409  -19.214 0.1428571492
160731  -35.794  -2.714  -19.093 0.1428571492
83808  -34.138  -0.213  -20.272 0.2857142985
83789  -35.287  -0.474  -19.139 0.2857142985
143326  -35.938  0.788  -18.922 0.2857142985
87016  -38.609  1.987  -18.483 0.2857142985
87097  -31.270  2.368  -24.511 0.5714285970
156923  -35.362  1.865  -20.258 0.2857142985
88158  -30.374  3.178  -26.857 0.2857142985
90061  -38.789  5.331  -17.845 0.2857142985
138316  -38.262  7.185  -17.662 0.2857142985
90158  -30.986  5.291  -24.374 0.7142857313
90149  -31.505  5.205  -23.521 0.5714285970
92296  -30.112  7.142  -27.792 0.4285714328
91210  -30.404  6.420  -26.415 0.5714285970
93420  -28.304  9.098  -26.718 0.2857142985
91084  -36.563  7.114  -18.315 0.2857142985
92269  -30.856  7.303  -24.121 0.7142857313
94511  -29.633  9.796  -25.777 0.2857142985
93307  -36.720  8.579  -18.128 0.1428571492
94406  -35.980  9.768  -18.224 0.4285714328
94422  -35.258  9.269  -18.667 0.4285714328
95511  -36.451  10.491  -18.151 0.1428571492
152143  -35.886  11.113  -18.398 0.1428571492
99775  -34.549  13.896  -20.310 0.5714285970
100744  -34.542  15.595  -21.389 0.7142857313
103639  -33.614  18.464  -23.906 0.8571428657
100740  -36.778  15.371  -20.721 0.2857142985
163354  -36.990  15.910  -21.099 0.1428571492
151821  -29.886  24.220  -24.963 0.2857142985
100739  -35.877  15.349  -20.619 0.4285714328
102707  -36.892  17.674  -22.160 0.1428571492
103627  -36.323  18.871  -22.736 0.1428571492
155066  -36.670  20.146  -23.254 0.1428571492
109480  -28.863  25.679  -24.795 0.1428571492
105208  -35.185  21.139  -23.983 0.5714285970
106018  -36.789  22.088  -24.139 0.1428571492
108677  -34.299  24.801  -27.029 0.2857142985
108650  -35.171  24.125  -25.740 0.2857142985
107764  -36.402  23.285  -24.687 0.2857142985
107765  -37.104  23.384  -24.770 0.1428571492
107789  -37.075  24.212  -25.826 0.1428571492
110352  -34.177  26.367  -28.665 0.2857142985
149823  -34.899  26.775  -29.186 0.2857142985
110353  -35.737  26.649  -28.797 0.1428571492
110354  -36.415  26.405  -28.479 0.1428571492
76176  -33.218  -7.504  -17.075 0.1428571492
157424  -35.073  -4.770  -19.006 0.1428571492
88059  -38.481  3.495  -18.390 0.2857142985
97747  -36.689  12.688  -19.117 0.2857142985
109522  -37.559  25.927  -28.521 0.1428571492
137817  -34.668  27.205  -30.164 0.2857142985
73015  -29.420  -10.255  -17.434 0.2857142985
76191  -32.811  -7.151  -17.596 0.1428571492
162718  -32.879  -6.722  -17.972 0.1428571492
163915  -33.293  -2.024  -20.403 0.2857142985
87039  -35.489  2.675  -20.253 0.4285714328
89118  -31.742  4.428  -23.415 0.5714285970
88131  -32.336  3.307  -23.140 0.4285714328
93321  -35.260  8.387  -18.758 0.4285714328
94472  -31.640  9.741  -23.128 0.8571428657
137653  -32.458  13.570  -23.254 0.8571428657
105226  -32.542  20.103  -26.059 0.5714285970
106882  -33.514  21.753  -25.615 0.7142857313
107786  -31.707  23.336  -27.132 0.2857142985
108675  -32.531  24.676  -27.441 0.2857142985
108673  -30.698  24.747  -27.394 0.2857142985
82706  -31.626  -0.917  -23.414 0.5714285970
90075  -35.503  5.364  -19.284 0.4285714328
94492  -30.621  9.586  -24.406 0.5714285970
154188  -29.795  24.090  -26.019 0.2857142985
110349  -28.523  26.447  -28.899 0.2857142985
110348  -27.902  27.100  -28.355 0.1428571492
110336  -28.559  26.399  -27.950 0.2857142985
110329  -28.602  27.100  -26.473 0.1428571492
109489  -29.320  25.870  -26.942 0.2857142985
110366  -29.449  26.595  -30.332 0.2857142985
109488  -28.902  26.713  -26.945 0.1428571492
148213  -30.923  26.244  -30.654 0.2857142985
110351  -32.404  26.058  -28.960 0.2857142985
153547  -32.482  25.256  -27.814 0.2857142985
109521  -33.856  25.760  -27.909 0.2857142985
108676  -33.461  24.665  -27.203 0.2857142985
110350  -31.099  25.953  -29.597 0.2857142985
108662  -34.699  24.486  -26.395 0.2857142985
110338  -35.810  26.164  -28.076 0.1428571492
109505  -36.485  25.763  -27.562 0.1428571492
161079  -31.916  25.090  -27.757 0.2857142985
109506  -37.301  25.594  -27.737 0.1428571492
108651  -36.197  24.252  -25.721 0.1428571492
110339  -36.937  26.129  -28.119 0.1428571492
164748  -35.114  26.406  -28.507 0.1428571492
106871  -36.146  22.568  -24.372 0.1428571492
106883  -33.747  22.579  -25.521 0.5714285970
107776  -34.608  23.367  -25.292 0.4285714328
144450  -37.415  22.279  -24.383 0.1428571492
104444  -35.705  19.951  -23.380 0.1428571492
107778  -36.725  23.859  -25.142 0.2857142985
107762  -34.569  22.552  -24.791 0.4285714328
106015  -33.824  21.342  -24.837 0.5714285970
103641  -35.500  19.140  -23.141 0.4285714328
105192  -35.034  20.417  -23.793 0.5714285970
103640  -34.528  18.635  -23.378 0.7142857313
104442  -33.958  19.237  -23.997 0.7142857313
101697  -35.413  16.923  -22.014 0.5714285970
100745  -35.393  15.841  -21.115 0.4285714328
94512  -30.146  9.374  -25.193 0.5714285970
95603  -30.491  10.386  -24.655 0.5714285970
95614  -30.162  11.077  -25.209 0.4285714328
144042  -30.069  10.192  -25.243 0.4285714328
137343  -33.241  14.235  -21.938 0.8571428657
100743  -33.739  15.080  -21.878 0.8571428657
100737  -34.230  14.887  -21.012 0.4285714328
99781  -34.713  14.520  -20.453 0.5714285970
101696  -34.577  16.754  -22.300 0.8571428657
90163  -30.480  5.326  -26.070 0.4285714328
91193  -31.211  6.013  -23.905 0.7142857313
91203  -30.538  6.196  -25.409 0.7142857313
91192  -30.650  6.832  -24.795 0.7142857313
161769  -30.354  6.685  -27.358 0.4285714328
92287  -30.141  7.322  -26.787 0.5714285970
93413  -30.111  8.463  -25.472 0.5714285970
92294  -28.348  7.281  -27.418 0.2857142985
92255  -30.830  8.180  -24.059 0.7142857313
93388  -31.348  8.687  -23.442 0.8571428657
137734  -34.038  13.410  -20.466 0.7142857313
88144  -31.225  3.242  -24.386 0.5714285970
87110  -30.739  2.686  -25.196 0.5714285970
94421  -34.581  9.626  -19.234 0.4285714328
149907  -36.322  11.726  -18.511 0.2857142985
140022  -36.675  3.796  -19.014 0.2857142985
89045  -36.225  4.778  -19.042 0.4285714328
92184  -34.892  6.707  -19.190 0.4285714328
93306  -36.047  8.933  -18.306 0.4285714328
90076  -36.127  5.677  -18.687 0.4285714328
88057  -36.718  2.927  -19.195 0.2857142985
87015  -36.136  2.490  -19.690 0.2857142985
91085  -36.991  6.243  -18.227 0.4285714328
79521  -35.403  -4.136  -19.267 0.1428571492
80592  -34.815  -3.633  -19.661 0.1428571492
143706  -35.113  -2.763  -19.408 0.1428571492
161446  -31.541  -10.204  -16.237 0.1428571492
71986  -30.548  -11.212  -16.211 0.1428571492
74084  -32.041  -9.733  -16.224 0.1428571492
95526  -35.328  10.281  -18.551 0.2857142985
109470  -28.845  26.107  -23.860 0.1428571492
75138  -31.925  -9.024  -16.644 0.1428571492
108639  -29.403  25.225  -24.402 0.1428571492
103649  -31.593  17.974  -25.181 0.5714285970
101715  -31.286  16.504  -24.843 0.4285714328
102735  -31.051  17.274  -25.321 0.4285714328
100767  -31.515  15.884  -24.527 0.4285714328
102720  -31.799  17.150  -24.763 0.5714285970
103650  -32.263  18.691  -25.158 0.4285714328
156076  -30.886  13.742  -24.669 0.4285714328
100766  -31.377  15.233  -24.516 0.4285714328
161699  -30.751  15.056  -24.824 0.4285714328
101716  -31.985  16.373  -24.410 0.5714285970
137577  -31.399  13.131  -24.252 0.5714285970
89048  -40.018  4.241  -18.555 0.1428571492
89030  -39.316  4.804  -18.194 0.1428571492
90062  -39.476  5.695  -18.045 0.1428571492
79562  -30.640  -4.284  -22.619 0.2857142985
157272  -41.002  3.854  -21.852 0.1428571492
88078  -40.857  3.851  -20.054 0.1428571492
138845  -40.756  4.456  -22.192 0.1428571492
157799  -40.547  4.228  -19.246 0.1428571492
78474  -30.619  -5.067  -22.216 0.2857142985
87017  -39.696  1.927  -18.693 0.1428571492
145594  -40.945  2.918  -20.082 0.1428571492
146705  -39.088  2.680  -18.445 0.1428571492
143383  -40.335  4.009  -23.734 0.1428571492
140909  -41.111  3.449  -21.055 0.1428571492
90164  -40.786  5.733  -26.875 0.1428571492
88132  -39.897  4.312  -24.939 0.1428571492
89130  -40.033  5.269  -25.603 0.1428571492
154072  -29.913  -5.403  -22.326 0.2857142985
83791  -38.176  -0.082  -18.733 0.1428571492
84847  -38.811  0.621  -18.742 0.1428571492
156510  -39.063  1.377  -18.614 0.1428571492
84846  -37.633  0.800  -18.517 0.1428571492
154444  -41.225  1.857  -21.212 0.1428571492
148827  -40.969  1.910  -20.254 0.1428571492
87071  -41.152  2.505  -22.936 0.1428571492
143846  -40.261  3.476  -24.416 0.1428571492
150606  -39.990  4.550  -26.143 0.1428571492
89144  -41.135  5.177  -27.141 0.1428571492
78459  -30.261  -5.929  -21.593 0.2857142985
77320  -29.411  -6.446  -21.634 0.2857142985
77307  -29.726  -6.715  -20.940 0.2857142985
83792  -38.965  -0.234  -19.177 0.1428571492
84862  -40.197  0.415  -19.801 0.1428571492
85948  -41.270  1.439  -21.862 0.1428571492
166303  -40.331  0.955  -19.541 0.1428571492
160234  -40.391  2.422  -24.850 0.1428571492
87111  -39.781  3.728  -25.758 0.1428571492
87098  -40.121  3.000  -24.920 0.1428571492
90165  -41.605  5.551  -26.407 0.1428571492
82665  -36.985  -1.401  -18.751 0.1428571492
82666  -37.700  -0.815  -18.783 0.1428571492
149667  -37.741  -1.541  -18.922 0.1428571492
83810  -40.147  -0.177  -20.476 0.1428571492
148290  -39.040  -0.976  -19.724 0.1428571492
151738  -40.762  0.066  -23.680 0.1428571492
84848  -39.504  0.281  -19.294 0.1428571492
84903  -41.029  0.963  -23.799 0.1428571492
84878  -41.012  0.520  -21.801 0.1428571492
85969  -40.794  1.854  -24.351 0.1428571492
155665  -40.834  4.414  -27.400 0.1428571492
142068  -39.768  2.745  -25.758 0.1428571492
89137  -41.539  4.716  -26.657 0.1428571492
143080  -41.162  4.474  -27.294 0.1428571492
82693  -39.616  -1.597  -21.247 0.1428571492
82680  -39.374  -1.553  -20.374 0.1428571492
157590  -38.353  -1.293  -19.155 0.1428571492
155632  -40.344  -0.343  -21.395 0.1428571492
83824  -39.649  -0.899  -20.747 0.1428571492
152323  -38.453  -0.721  -19.075 0.1428571492
84924  -40.198  0.294  -25.833 0.1428571492
139206  -40.328  1.117  -25.523 0.1428571492
164999  -39.483  2.575  -26.643 0.1428571492
159132  -40.688  1.256  -24.735 0.1428571492
88151  -40.093  4.231  -27.025 0.1428571492
145686  -40.351  1.894  -25.223 0.1428571492
81634  -39.642  -2.102  -21.661 0.1428571492
82667  -38.894  -1.706  -19.586 0.1428571492
82725  -39.902  -1.299  -23.443 0.1428571492
82724  -39.473  -1.805  -22.879 0.1428571492
83863  -40.296  -0.528  -25.233 0.1428571492
83853  -40.434  -0.612  -24.103 0.1428571492
156610  -39.667  3.350  -26.942 0.1428571492
86002  -39.701  1.151  -26.435 0.1428571492
83839  -39.827  -1.131  -21.703 0.1428571492
83809  -39.630  -0.306  -19.849 0.1428571492
141547  -40.613  -0.189  -22.235 0.1428571492
85947  -41.070  1.179  -20.958 0.1428571492
85912  -38.323  1.348  -18.511 0.1428571492
89138  -42.071  4.789  -25.682 0.1428571492
90166  -42.141  5.386  -25.420 0.1428571492
89136  -40.527  4.967  -26.953 0.1428571492
137894  -40.769  3.276  -23.340 0.1428571492
138408  -39.195  4.075  -18.304 0.1428571492
89049  -40.383  4.938  -19.005 0.1428571492
88160  -40.348  3.556  -27.545 0.1428571492
90159  -42.383  5.648  -24.534 0.1428571492
90171  -41.115  6.025  -26.812 0.1428571492
89120  -40.004  4.776  -24.144 0.1428571492
90063  -40.196  5.691  -18.676 0.1428571492
91086  -38.697  6.242  -17.656 0.1428571492
162391  -31.490  18.626  -25.699 0.4285714328
137398  -35.525  27.329  -30.369 0.1428571492
165408  -37.373  -0.032  -18.569 0.1428571492
140480  -36.422  -2.195  -18.895 0.1428571492
140801  -37.033  7.903  -18.035 0.1428571492
88060  -39.626  3.397  -18.465 0.1428571492
89031  -39.903  5.057  -18.464 0.1428571492
140340  -40.937  4.357  -21.125 0.1428571492
88116  -40.765  3.883  -22.739 0.1428571492
87070  -41.141  3.124  -22.149 0.1428571492
88061  -40.493  3.365  -19.017 0.1428571492
89067  -40.769  4.840  -20.012 0.1428571492
89105  -40.456  5.119  -22.498 0.1428571492
147942  -40.399  4.563  -23.097 0.1428571492
85914  -40.414  1.511  -19.397 0.1428571492
87018  -40.503  2.374  -19.247 0.1428571492
153591  -39.979  2.720  -18.634 0.1428571492
87057  -41.203  2.581  -21.108 0.1428571492
85913  -39.777  0.982  -19.052 0.1428571492
87058  -41.274  2.223  -21.972 0.1428571492
87084  -40.731  2.637  -24.040 0.1428571492
84863  -40.654  0.419  -20.717 0.1428571492
85970  -41.147  1.831  -23.419 0.1428571492
84893  -41.250  1.126  -22.724 0.1428571492
81608  -37.369  -2.110  -18.893 0.1428571492
84914  -40.651  0.351  -24.732 0.1428571492
82708  -39.587  -1.720  -22.064 0.1428571492
150638  -40.212  -0.716  -22.167 0.1428571492
85989  -39.747  1.924  -26.073 0.1428571492
87120  -39.565  2.714  -27.487 0.1428571492
83840  -40.420  -0.567  -22.982 0.1428571492
82709  -39.865  -1.264  -22.505 0.1428571492
70951  -28.047  -12.104  -17.106 0.1428571492
72000  -29.160  -11.028  -17.085 0.1428571492
71998  -27.668  -11.741  -17.842 0.1428571492
71999  -28.399  -11.372  -17.431 0.1428571492
73014  -28.680  -10.614  -17.750 0.1428571492
73032  -28.955  -9.883  -18.098 0.1428571492
75156  -29.074  -8.633  -19.042 0.1428571492
74128  -28.275  -9.028  -19.650 0.1428571492
75178  -28.632  -8.162  -20.044 0.1428571492
75177  -27.507  -9.209  -20.157 0.1428571492
76237  -28.059  -8.190  -20.652 0.1428571492
76238  -29.209  -7.391  -20.443 0.1428571492
76247  -28.147  -7.172  -21.482 0.1428571492
77319  -28.626  -6.446  -21.932 0.1428571492
78473  -29.377  -5.894  -22.153 0.1428571492
137888  -29.283  -5.234  -22.653 0.2857142985
79561  -29.918  -4.745  -22.785 0.1428571492
157193  -31.167  -3.681  -22.520 0.1428571492
151098  -29.245  -4.689  -23.021 0.2857142985
80647  -30.977  -3.080  -23.042 0.2857142985
84913  -30.571  0.602  -24.948 0.4285714328
85978  -31.238  1.607  -24.563 0.4285714328
96687  -30.409  11.997  -24.849 0.2857142985
137365  -29.932  12.701  -25.278 0.2857142985
165110  -30.146  16.010  -25.339 0.2857142985
101729  -30.547  16.579  -25.333 0.2857142985
157587  -30.731  18.145  -25.871 0.4285714328
79572  -29.537  -4.293  -23.176 0.2857142985
73031  -28.273  -10.284  -18.520 0.1428571492
157796  -28.005  -8.665  -20.302 0.1428571492
144580  -27.703  -7.780  -21.073 0.1428571492
78472  -28.627  -5.631  -22.400 0.1428571492
80645  -29.505  -3.715  -23.493 0.2857142985
80632  -30.593  -3.661  -22.959 0.2857142985
80646  -30.240  -3.240  -23.546 0.2857142985
82736  -30.993  -0.897  -24.194 0.4285714328
84912  -30.067  0.173  -25.126 0.2857142985
95613  -29.611  10.584  -25.729 0.2857142985
96699  -29.108  11.777  -25.934 0.2857142985
96686  -29.726  11.889  -25.459 0.2857142985
97801  -29.178  12.532  -25.751 0.2857142985
137830  -30.130  13.538  -25.160 0.2857142985
137355  -31.148  14.503  -24.588 0.2857142985
100765  -30.163  15.325  -25.194 0.2857142985
100773  -29.465  14.922  -25.427 0.2857142985
81663  -30.786  -2.460  -23.638 0.2857142985
164685  -29.534  11.257  -25.722 0.2857142985
162588  -28.790  12.175  -26.001 0.2857142985
95625  -28.114  10.808  -26.657 0.2857142985
137784  -29.413  13.320  -25.562 0.2857142985
137749  -29.511  14.087  -25.473 0.2857142985
137377  -30.304  14.446  -25.068 0.2857142985
97799  -27.781  12.483  -26.221 0.2857142985
97798  -26.948  12.790  -26.060 0.2857142985
137388  -28.734  13.223  -25.806 0.2857142985
83862  -30.974  -0.079  -24.461 0.4285714328
84901  -31.316  0.465  -24.271 0.4285714328
76224  -29.470  -7.754  -19.517 0.1428571492
82723  -31.239  -1.684  -23.608 0.4285714328
74106  -29.204  -9.256  -18.406 0.1428571492
101714  -30.795  15.803  -24.868 0.2857142985
79573  -30.068  -4.012  -23.120 0.1428571492
76248  -28.967  -7.043  -21.294 0.1428571492
74105  -28.585  -9.492  -18.836 0.1428571492
147868  -28.468  -7.651  -20.862 0.1428571492
79571  -28.932  -4.177  -23.287 0.2857142985
83861  -30.427  -0.285  -24.741 0.4285714328
138992  -28.169  13.139  -25.969 0.2857142985
86000  -29.788  2.350  -25.758 0.2857142985
154061  -30.218  1.505  -25.504 0.2857142985
88150  -30.286  3.058  -25.909 0.2857142985
137579  -31.575  28.719  -33.889 0.1428571492
137402  -32.488  28.728  -34.360 0.1428571492
137391  -31.031  27.536  -33.437 0.1428571492
110385  -32.759  26.999  -31.320 0.1428571492
111171  -33.665  27.052  -30.507 0.1428571492
137404  -32.634  29.472  -32.939 0.1428571492
111181  -31.675  27.060  -32.437 0.1428571492
110382  -29.368  26.825  -31.381 0.1428571492
111897  -29.734  28.059  -28.937 0.1428571492
87109  -30.176  2.335  -25.677 0.2857142985
87126  -30.129  2.732  -26.983 0.2857142985
137556  -33.950  27.410  -31.455 0.1428571492
137789  -32.972  28.623  -34.456 0.1428571492
137396  -32.259  27.513  -33.193 0.1428571492
137670  -33.318  27.490  -32.684 0.1428571492
139563  -33.159  26.420  -29.306 0.1428571492
110383  -30.115  26.561  -31.571 0.1428571492
110369  -32.878  26.684  -30.301 0.1428571492
111188  -29.833  27.621  -32.606 0.1428571492
158020  -29.579  28.082  -30.917 0.1428571492
111180  -29.245  27.348  -31.770 0.1428571492
111169  -29.054  27.348  -29.966 0.1428571492
110381  -29.009  27.118  -30.884 0.1428571492
110384  -31.469  26.539  -31.347 0.1428571492
155089  -31.104  1.010  -24.594 0.2857142985
137668  -30.932  28.151  -33.736 0.1428571492
137403  -30.592  28.559  -32.517 0.1428571492
137395  -31.972  28.164  -34.040 0.1428571492
110392  -30.311  26.972  -32.635 0.1428571492
111189  -30.353  27.647  -33.252 0.1428571492
157383  -32.053  29.042  -32.148 0.1428571492
110391  -29.525  26.967  -32.147 0.1428571492
137765  -33.109  27.880  -33.719 0.1428571492
96696  -26.752  11.228  -26.376 0.1428571492
96697  -27.603  11.490  -26.487 0.1428571492
140873  -27.106  12.023  -26.271 0.1428571492
98832  -27.477  13.452  -25.901 0.1428571492
137648  -25.370  14.264  -25.228 0.1428571492
137389  -27.413  14.201  -25.730 0.1428571492
137385  -28.192  13.893  -25.777 0.1428571492
137381  -27.693  14.877  -25.655 0.1428571492
101728  -28.568  16.520  -25.763 0.1428571492
91216  -30.274  6.372  -27.883 0.2857142985
91224  -28.803  6.159  -28.151 0.1428571492
94523  -26.412  9.176  -26.496 0.1428571492
94525  -27.727  9.796  -26.913 0.1428571492
95624  -27.280  10.509  -26.732 0.1428571492
99777  -35.973  14.093  -19.908 0.1428571492
96685  -26.321  12.082  -26.001 0.1428571492
150434  -29.455  15.794  -25.525 0.1428571492
144387  -29.698  16.603  -25.680 0.1428571492
102733  -29.143  17.385  -26.078 0.2857142985
103660  -29.661  18.110  -26.344 0.2857142985
104469  -27.760  19.684  -25.615 0.2857142985
104457  -27.897  20.073  -24.852 0.2857142985
105187  -28.003  20.771  -21.747 0.1428571492
162263  -30.111  18.720  -26.426 0.2857142985
104471  -30.899  19.783  -26.651 0.2857142985
160800  -29.992  19.484  -26.540 0.2857142985
145798  -28.340  19.423  -26.138 0.2857142985
105225  -29.846  20.472  -26.753 0.2857142985
104468  -27.385  19.029  -25.890 0.2857142985
105191  -28.245  20.421  -23.784 0.1428571492
104440  -26.539  19.238  -23.754 0.2857142985
143348  -29.743  22.888  -23.412 0.1428571492
107748  -29.897  22.785  -22.740 0.1428571492
104455  -26.393  18.884  -25.372 0.1428571492
103658  -26.139  18.390  -25.415 0.1428571492
156760  -27.569  16.840  -25.816 0.2857142985
104456  -26.921  19.518  -24.942 0.2857142985
105205  -28.692  20.862  -24.950 0.1428571492
104441  -27.374  19.752  -23.840 0.2857142985
104428  -27.829  20.018  -22.786 0.1428571492
104427  -27.072  19.309  -22.819 0.1428571492
156335  -26.842  15.382  -25.566 0.2857142985
103625  -26.465  18.848  -22.681 0.1428571492
105184  -27.208  20.267  -20.949 0.1428571492
159428  -26.711  19.196  -22.025 0.1428571492
137717  -25.978  14.277  -23.880 0.1428571492
99783  -36.401  14.721  -20.304 0.1428571492
165320  -36.681  12.170  -18.667 0.1428571492
94535  -27.550  8.619  -26.915 0.1428571492
95622  -25.920  9.872  -26.078 0.1428571492
99784  -37.341  14.611  -20.570 0.1428571492
161397  -24.774  10.511  -24.818 0.1428571492
153351  -24.547  12.240  -24.851 0.1428571492
98825  -24.913  13.959  -25.019 0.1428571492
137785  -28.733  14.502  -25.637 0.1428571492
137628  -26.381  14.937  -25.403 0.1428571492
101727  -27.405  15.992  -25.611 0.2857142985
149914  -28.618  18.199  -26.390 0.1428571492
152103  -29.124  18.973  -26.462 0.2857142985
157969  -28.203  18.799  -26.301 0.1428571492
103638  -26.002  18.745  -23.493 0.2857142985
106006  -28.860  21.227  -23.609 0.1428571492
98791  -36.350  13.416  -19.562 0.1428571492
99778  -36.809  14.006  -19.986 0.1428571492
105239  -30.812  20.560  -26.898 0.2857142985
106002  -28.744  21.328  -22.139 0.1428571492
105224  -28.956  20.763  -26.276 0.2857142985
106005  -28.509  20.822  -22.784 0.1428571492
93429  -27.892  7.763  -26.987 0.1428571492
92293  -27.598  7.362  -27.131 0.1428571492
94526  -28.570  10.074  -26.558 0.1428571492
96604  -37.128  11.731  -18.455 0.1428571492
141368  -30.881  18.996  -26.239 0.2857142985
102734  -30.167  17.343  -25.819 0.1428571492
152624  -25.802  10.998  -25.920 0.1428571492
97789  -25.341  12.374  -25.433 0.1428571492
97790  -26.120  13.075  -25.708 0.1428571492
96674  -24.514  11.267  -24.489 0.1428571492
98831  -26.707  13.501  -25.803 0.1428571492
155934  -26.761  14.069  -25.688 0.1428571492
100772  -28.551  15.435  -25.615 0.1428571492
147695  -28.098  17.491  -26.077 0.2857142985
105223  -28.419  20.163  -25.785 0.2857142985
104470  -29.119  19.904  -26.358 0.2857142985
104439  -26.051  19.016  -24.522 0.1428571492
151207  -27.847  21.298  -20.691 0.1428571492
107754  -30.169  23.553  -23.412 0.1428571492
150697  -27.668  18.272  -26.168 0.2857142985
105186  -27.263  19.747  -21.878 0.1428571492
81647  -27.197  -3.347  -22.883 0.1428571492
81661  -29.457  -2.961  -23.940 0.1428571492
81659  -27.239  -2.678  -23.231 0.1428571492
82720  -27.312  -1.367  -23.808 0.1428571492
82732  -27.901  -0.988  -24.388 0.1428571492
81660  -28.590  -2.494  -24.023 0.1428571492
83850  -27.341  -0.483  -24.296 0.1428571492
81672  -28.834  -1.739  -24.396 0.1428571492
162618  -30.011  -1.788  -24.462 0.1428571492
146762  -28.144  0.696  -24.907 0.1428571492
83859  -29.102  -0.391  -24.908 0.1428571492
82735  -30.247  -1.102  -24.615 0.1428571492
84911  -29.582  0.248  -25.173 0.1428571492
83860  -29.809  -0.433  -24.927 0.1428571492
84909  -27.430  0.377  -24.608 0.1428571492
84923  -29.978  0.788  -25.471 0.1428571492
85999  -29.548  2.429  -25.810 0.1428571492
88168  -29.996  3.555  -27.478 0.1428571492
89143  -30.421  3.938  -27.143 0.1428571492
81673  -29.428  -2.142  -24.321 0.1428571492
82722  -30.599  -1.769  -24.174 0.1428571492
165145  -27.478  -3.918  -22.780 0.1428571492
151326  -27.695  -2.223  -23.666 0.1428571492
90170  -30.501  4.790  -27.097 0.1428571492
80644  -28.743  -3.401  -23.591 0.1428571492
80631  -28.058  -3.909  -23.146 0.1428571492
81662  -30.135  -2.456  -24.127 0.1428571492
85988  -29.733  1.676  -25.616 0.1428571492
80643  -27.907  -3.038  -23.480 0.1428571492
82719  -26.426  -1.464  -23.252 0.1428571492
82721  -28.140  -1.676  -24.220 0.1428571492
83858  -28.180  -0.243  -24.750 0.1428571492
82733  -28.594  -1.060  -24.593 0.1428571492
82734  -29.442  -1.247  -24.651 0.1428571492
84910  -28.893  0.378  -25.117 0.1428571492
153195  -27.484  1.229  -24.758 0.1428571492
84922  -29.434  0.977  -25.452 0.1428571492
84900  -26.730  0.174  -24.159 0.1428571492
80630  -26.956  -3.989  -22.414 0.1428571492
77256  -32.660  -6.448  -18.523 0.1428571492
79520  -34.662  -4.416  -19.588 0.1428571492
81621  -33.836  -3.046  -20.106 0.1428571492
84892  -40.925  0.294  -22.863 0.1428571492
85934  -40.717  1.030  -20.056 0.1428571492
85961  -41.293  1.829  -22.584 0.1428571492
87119  -30.038  2.872  -26.264 0.2857142985
89084  -32.972  4.610  -21.795 0.7142857313
91179  -31.253  6.781  -23.598 0.8571428657
91215  -29.673  6.728  -28.145 0.4285714328
92286  -29.592  7.554  -27.194 0.4285714328
92295  -29.379  7.279  -27.784 0.2857142985
94493  -31.096  9.453  -23.754 0.7142857313
94524  -27.047  9.435  -26.913 0.1428571492
95543  -33.494  10.310  -20.461 0.8571428657
95577  -32.287  11.007  -22.483 1.0000000000
95612  -25.316  10.048  -25.384 0.1428571492
95623  -26.528  10.209  -26.477 0.1428571492
95626  -28.972  10.946  -26.212 0.1428571492
96684  -24.965  11.231  -25.167 0.1428571492
96698  -28.427  11.776  -26.282 0.1428571492
97746  -35.979  12.394  -18.810 0.2857142985
97800  -28.511  12.578  -26.016 0.2857142985
98821  -24.573  13.675  -24.705 0.1428571492
98826  -26.007  13.920  -25.589 0.1428571492
102704  -34.243  17.246  -22.875 0.7142857313
105194  -37.078  20.836  -23.563 0.1428571492
106016  -34.701  21.739  -24.408 0.4285714328
106029  -33.198  21.389  -26.597 0.8571428657
107763  -35.468  23.014  -24.714 0.2857142985
108661  -33.787  24.296  -26.587 0.4285714328
108664  -36.593  24.667  -26.381 0.1428571492
108665  -37.283  24.469  -26.653 0.1428571492
109491  -36.141  25.190  -26.891 0.1428571492
109504  -35.528  25.640  -27.418 0.1428571492
109520  -32.877  25.630  -28.201 0.2857142985
110337  -34.853  26.016  -27.937 0.1428571492
111138  -27.862  27.707  -26.688 0.1428571492
111196  -30.226  28.000  -33.273 0.1428571492
111918  -29.944  28.149  -32.930 0.1428571492
137383  -28.937  13.811  -25.696 0.2857142985
137397  -32.812  27.292  -32.162 0.1428571492
137400  -31.492  28.990  -33.370 0.1428571492
137405  -31.911  28.576  -34.058 0.1428571492
137700  -32.525  28.958  -34.385 0.1428571492
147685  -30.812  6.071  -24.595 0.7142857313
147762  -32.496  7.027  -21.778 0.8571428657
148714  -33.902  25.161  -27.435 0.2857142985
152938  -37.811  7.992  -17.720 0.1428571492
153028  -24.240  12.100  -24.143 0.1428571492
153241  -37.428  7.172  -17.869 0.1428571492
154280  -35.933  12.951  -19.241 0.1428571492
156025  -30.661  12.894  -24.718 0.2857142985
157994  -28.570  27.638  -29.364 0.1428571492
159838  -30.126  7.758  -25.834 0.5714285970
160284  -29.199  10.195  -26.156 0.1428571492
160709  -30.767  1.288  -25.047 0.2857142985
161196  -28.202  8.273  -26.830 0.1428571492
165073  -32.074  -0.863  -22.778 0.5714285970
166261  -36.436  26.123  -28.038 0.1428571492
