#!ascii label  , from subject sub-LJ001 vox2ras=TkReg
357
84859  -33.821  0.545  -21.092 0.0000000000
88143  -30.653  3.626  -25.147 0.0000000000
100767  -31.515  15.884  -24.527 0.0000000000
137349  -32.203  12.821  -23.333 0.0000000000
93352  -32.660  8.797  -21.718 0.0000000000
156507  -35.499  4.702  -19.615 0.0000000000
157587  -30.731  18.145  -25.871 0.0000000000
95594  -31.828  10.699  -22.984 0.0000000000
92268  -30.463  7.765  -24.917 0.0000000000
85959  -32.270  1.685  -23.175 0.0000000000
89104  -32.848  4.095  -22.233 0.0000000000
87056  -34.828  2.293  -20.739 0.0000000000
78460  -31.247  -5.282  -21.481 0.0000000000
82706  -31.626  -0.917  -23.414 0.0000000000
106895  -29.478  22.609  -26.786 0.0000000000
143728  -32.156  21.906  -27.451 0.0000000000
105227  -33.004  20.672  -26.130 0.0000000000
104459  -33.449  19.633  -24.762 0.0000000000
151187  -33.925  17.823  -23.389 0.0000000000
137350  -31.818  14.685  -24.127 0.0000000000
100752  -34.176  15.963  -22.152 0.0000000000
156129  -33.409  13.646  -21.237 0.0000000000
96632  -33.923  11.651  -19.867 0.0000000000
94422  -35.258  9.269  -18.667 0.0000000000
144715  -31.540  6.110  -23.173 0.0000000000
150488  -33.534  6.741  -20.595 0.0000000000
93412  -29.655  8.936  -25.967 0.0000000000
93430  -28.738  7.605  -27.056 0.0000000000
84876  -33.383  1.005  -21.795 0.0000000000
87055  -33.811  2.299  -21.552 0.0000000000
84860  -34.595  1.409  -20.725 0.0000000000
75146  -31.079  -8.273  -17.654 0.0000000000
159696  -31.607  -7.168  -18.292 0.0000000000
77290  -31.604  -6.384  -19.431 0.0000000000
83862  -30.974  -0.079  -24.461 0.0000000000
82736  -30.993  -0.897  -24.194 0.0000000000
106045  -32.662  21.419  -27.147 0.0000000000
102735  -31.051  17.274  -25.321 0.0000000000
103650  -32.263  18.691  -25.158 0.0000000000
148357  -32.313  17.841  -24.555 0.0000000000
103639  -33.614  18.464  -23.906 0.0000000000
102721  -32.436  17.016  -24.188 0.0000000000
160859  -31.976  13.362  -23.786 0.0000000000
99800  -32.894  14.999  -23.163 0.0000000000
156066  -32.819  13.897  -22.618 0.0000000000
137354  -33.676  14.433  -21.321 0.0000000000
137658  -32.670  12.984  -22.618 0.0000000000
94473  -32.258  9.273  -22.395 0.0000000000
152386  -32.960  10.989  -21.405 0.0000000000
95558  -33.179  9.926  -21.079 0.0000000000
95525  -34.513  10.496  -19.223 0.0000000000
94437  -34.031  9.077  -19.860 0.0000000000
89135  -30.427  4.013  -26.255 0.0000000000
90157  -30.625  5.498  -25.071 0.0000000000
158094  -31.203  4.302  -24.195 0.0000000000
89065  -34.455  4.738  -20.433 0.0000000000
164845  -33.323  5.337  -21.214 0.0000000000
90096  -34.313  5.561  -20.174 0.0000000000
92184  -34.892  6.707  -19.190 0.0000000000
90076  -36.127  5.677  -18.687 0.0000000000
79534  -32.921  -4.770  -20.646 0.0000000000
79549  -31.454  -4.408  -21.983 0.0000000000
80618  -32.243  -3.894  -21.459 0.0000000000
81619  -32.770  -2.363  -20.874 0.0000000000
137360  -30.796  11.204  -24.391 0.0000000000
96660  -32.008  11.501  -22.977 0.0000000000
95593  -31.021  10.311  -23.848 0.0000000000
93387  -30.894  8.928  -24.058 0.0000000000
92239  -31.704  8.008  -22.809 0.0000000000
88130  -31.802  2.873  -23.775 0.0000000000
150523  -31.767  3.709  -23.614 0.0000000000
88114  -32.773  2.940  -22.604 0.0000000000
88098  -34.167  3.543  -21.134 0.0000000000
88077  -35.334  3.557  -20.237 0.0000000000
78427  -32.075  -5.829  -19.976 0.0000000000
147767  -30.769  1.886  -25.201 0.0000000000
85968  -31.669  1.171  -23.867 0.0000000000
84890  -32.431  0.407  -22.771 0.0000000000
83838  -32.563  -0.351  -22.304 0.0000000000
144938  -30.283  24.161  -26.836 0.0000000000
106028  -29.188  21.428  -26.984 0.0000000000
106042  -29.502  22.024  -27.260 0.0000000000
107787  -32.585  23.494  -26.858 0.0000000000
107774  -33.145  22.875  -26.437 0.0000000000
106883  -33.747  22.579  -25.521 0.0000000000
104472  -31.845  19.376  -26.009 0.0000000000
105228  -33.166  20.201  -25.510 0.0000000000
106015  -33.824  21.342  -24.837 0.0000000000
105208  -35.185  21.139  -23.983 0.0000000000
104443  -34.794  19.583  -23.604 0.0000000000
103626  -35.430  18.271  -22.747 0.0000000000
100766  -31.377  15.233  -24.516 0.0000000000
101707  -33.147  16.298  -23.307 0.0000000000
101695  -33.852  16.472  -22.802 0.0000000000
102705  -35.005  17.457  -22.511 0.0000000000
101687  -34.948  16.292  -21.692 0.0000000000
99776  -35.164  14.026  -20.037 0.0000000000
137682  -32.709  12.150  -22.216 0.0000000000
137347  -34.157  12.576  -19.980 0.0000000000
161769  -30.354  6.685  -27.358 0.0000000000
91192  -30.650  6.832  -24.795 0.0000000000
92240  -32.159  7.480  -22.260 0.0000000000
89103  -32.456  4.893  -22.354 0.0000000000
91145  -32.622  6.270  -21.641 0.0000000000
92222  -33.323  7.685  -20.799 0.0000000000
93320  -34.679  8.027  -19.261 0.0000000000
92186  -36.042  7.904  -18.399 0.0000000000
158973  -31.769  -1.534  -22.875 0.0000000000
82692  -32.501  -1.831  -21.544 0.0000000000
83807  -33.423  -0.529  -20.887 0.0000000000
166312  -33.342  0.501  -21.648 0.0000000000
84877  -33.905  1.513  -21.399 0.0000000000
158747  -34.536  0.578  -20.352 0.0000000000
75147  -31.818  -8.327  -17.182 0.0000000000
76189  -31.020  -7.582  -18.258 0.0000000000
76190  -31.670  -7.647  -17.740 0.0000000000
101715  -31.286  16.504  -24.843 0.0000000000
102720  -31.799  17.150  -24.763 0.0000000000
101716  -31.985  16.373  -24.410 0.0000000000
137586  -31.237  12.187  -24.187 0.0000000000
137577  -31.399  13.131  -24.252 0.0000000000
162396  -31.763  12.723  -23.820 0.0000000000
137653  -32.458  13.570  -23.254 0.0000000000
94450  -32.718  9.753  -21.757 0.0000000000
94451  -33.144  9.154  -21.148 0.0000000000
94436  -33.563  9.488  -20.494 0.0000000000
93334  -33.565  8.556  -20.532 0.0000000000
89129  -30.614  4.651  -25.126 0.0000000000
89043  -34.908  5.065  -19.830 0.0000000000
91099  -34.828  5.870  -19.504 0.0000000000
90075  -35.503  5.364  -19.284 0.0000000000
154017  -36.868  5.331  -18.465 0.0000000000
89045  -36.225  4.778  -19.042 0.0000000000
80605  -32.897  -4.174  -20.866 0.0000000000
144042  -30.069  10.192  -25.243 0.0000000000
95603  -30.491  10.386  -24.655 0.0000000000
156362  -30.316  9.891  -24.859 0.0000000000
93413  -30.111  8.463  -25.472 0.0000000000
93402  -30.507  8.723  -24.664 0.0000000000
93388  -31.348  8.687  -23.442 0.0000000000
92255  -30.830  8.180  -24.059 0.0000000000
87083  -32.322  2.516  -23.186 0.0000000000
87068  -32.794  2.139  -22.560 0.0000000000
152336  -34.299  2.730  -21.175 0.0000000000
88097  -33.698  3.103  -21.598 0.0000000000
88076  -34.786  3.118  -20.693 0.0000000000
88056  -36.033  3.237  -19.746 0.0000000000
87039  -35.489  2.675  -20.253 0.0000000000
142245  -30.411  -8.992  -17.564 0.0000000000
74093  -29.618  -9.474  -17.775 0.0000000000
78428  -32.840  -5.563  -19.743 0.0000000000
85978  -31.238  1.607  -24.563 0.0000000000
83851  -31.516  -0.228  -23.868 0.0000000000
84902  -31.906  0.410  -23.528 0.0000000000
83852  -32.061  -0.264  -23.122 0.0000000000
107773  -29.740  23.308  -25.743 0.0000000000
107784  -29.928  23.365  -26.728 0.0000000000
107785  -30.740  23.303  -26.962 0.0000000000
106043  -30.053  21.329  -27.208 0.0000000000
146021  -30.685  21.917  -27.416 0.0000000000
106897  -31.267  22.592  -27.266 0.0000000000
108659  -32.062  24.063  -27.135 0.0000000000
106898  -32.405  22.686  -27.239 0.0000000000
105241  -32.536  20.747  -26.644 0.0000000000
106881  -33.105  22.003  -27.223 0.0000000000
164172  -33.372  22.085  -26.511 0.0000000000
107775  -33.670  23.341  -25.753 0.0000000000
106882  -33.514  21.753  -25.615 0.0000000000
162391  -31.490  18.626  -25.699 0.0000000000
104458  -32.919  19.070  -24.807 0.0000000000
104473  -32.729  19.500  -25.408 0.0000000000
105206  -33.691  20.500  -24.841 0.0000000000
105207  -34.440  20.856  -24.324 0.0000000000
104460  -34.221  20.031  -24.216 0.0000000000
103640  -34.528  18.635  -23.378 0.0000000000
103641  -35.500  19.140  -23.141 0.0000000000
161184  -34.611  17.893  -22.969 0.0000000000
156076  -30.886  13.742  -24.669 0.0000000000
100758  -32.092  15.539  -24.108 0.0000000000
137778  -32.413  14.867  -23.635 0.0000000000
100751  -33.378  15.584  -22.771 0.0000000000
101696  -34.577  16.754  -22.300 0.0000000000
101697  -35.413  16.923  -22.014 0.0000000000
100737  -34.230  14.887  -21.012 0.0000000000
137348  -34.056  14.158  -20.750 0.0000000000
99781  -34.713  14.520  -20.453 0.0000000000
99775  -34.549  13.896  -20.310 0.0000000000
164436  -32.416  11.652  -22.535 0.0000000000
96645  -32.677  11.381  -22.007 0.0000000000
95559  -33.379  11.174  -20.597 0.0000000000
96647  -33.551  12.012  -20.497 0.0000000000
146910  -34.624  11.997  -19.461 0.0000000000
94421  -34.581  9.626  -19.234 0.0000000000
94406  -35.980  9.768  -18.224 0.0000000000
92296  -30.112  7.142  -27.792 0.0000000000
91193  -31.211  6.013  -23.905 0.0000000000
91203  -30.538  6.196  -25.409 0.0000000000
165478  -30.939  6.598  -24.172 0.0000000000
91164  -31.677  6.984  -22.846 0.0000000000
89119  -32.299  4.123  -22.918 0.0000000000
89102  -31.970  4.820  -22.974 0.0000000000
91122  -33.779  5.996  -20.494 0.0000000000
90120  -33.216  5.964  -21.043 0.0000000000
91146  -32.956  6.919  -21.227 0.0000000000
165005  -33.709  7.948  -20.341 0.0000000000
92200  -33.848  7.399  -20.149 0.0000000000
138908  -35.636  6.941  -18.671 0.0000000000
92185  -35.106  7.535  -18.917 0.0000000000
82678  -33.032  -1.465  -20.839 0.0000000000
144451  -33.754  -1.291  -20.114 0.0000000000
153094  -29.086  9.457  -26.345 0.0000000000
93422  -29.755  8.096  -26.347 0.0000000000
85960  -32.763  1.218  -22.477 0.0000000000
85946  -33.330  1.799  -21.960 0.0000000000
163022  -34.335  2.041  -21.169 0.0000000000
84861  -35.244  0.980  -19.844 0.0000000000
74094  -31.243  -8.972  -17.105 0.0000000000
77272  -31.931  -6.655  -18.694 0.0000000000
84913  -30.571  0.602  -24.948 0.0000000000
83861  -30.427  -0.285  -24.741 0.0000000000
143966  -29.173  21.488  -25.841 0.0000000000
106044  -31.523  21.117  -27.064 0.0000000000
105240  -31.734  20.232  -26.585 0.0000000000
103649  -31.593  17.974  -25.181 0.0000000000
103651  -32.903  18.462  -24.428 0.0000000000
146463  -33.364  18.977  -24.380 0.0000000000
102722  -33.097  17.636  -23.932 0.0000000000
102712  -32.945  16.847  -23.718 0.0000000000
137708  -31.601  13.911  -24.201 0.0000000000
156100  -32.191  14.106  -23.721 0.0000000000
156170  -32.671  14.343  -23.198 0.0000000000
99792  -33.114  14.699  -22.620 0.0000000000
100743  -33.739  15.080  -21.878 0.0000000000
137343  -33.241  14.235  -21.938 0.0000000000
156176  -33.021  13.510  -22.045 0.0000000000
95576  -32.236  10.176  -22.462 0.0000000000
95557  -32.639  10.606  -21.948 0.0000000000
164658  -32.929  10.357  -21.457 0.0000000000
158096  -33.188  10.542  -21.021 0.0000000000
95544  -33.858  10.825  -19.797 0.0000000000
96620  -34.519  11.305  -19.284 0.0000000000
149154  -33.988  9.961  -19.851 0.0000000000
145045  -30.471  5.842  -27.185 0.0000000000
90163  -30.480  5.326  -26.070 0.0000000000
90158  -30.986  5.291  -24.374 0.0000000000
90149  -31.505  5.205  -23.521 0.0000000000
89086  -33.985  4.368  -20.991 0.0000000000
144371  -33.414  4.815  -21.355 0.0000000000
89064  -33.769  5.239  -20.805 0.0000000000
91123  -34.185  6.512  -19.913 0.0000000000
91100  -35.444  6.128  -18.902 0.0000000000
91101  -36.094  6.395  -18.547 0.0000000000
162439  -37.869  6.450  -17.706 0.0000000000
91085  -36.991  6.243  -18.227 0.0000000000
78461  -32.212  -4.799  -21.162 0.0000000000
80633  -31.723  -3.578  -22.000 0.0000000000
81633  -32.203  -2.876  -21.613 0.0000000000
142071  -32.776  -3.296  -20.901 0.0000000000
81620  -33.332  -2.780  -20.450 0.0000000000
95614  -30.162  11.077  -25.209 0.0000000000
137807  -31.848  12.118  -23.474 0.0000000000
137357  -31.462  11.224  -23.607 0.0000000000
164531  -31.482  10.496  -23.382 0.0000000000
94512  -30.146  9.374  -25.193 0.0000000000
94492  -30.621  9.586  -24.406 0.0000000000
94472  -31.640  9.741  -23.128 0.0000000000
93372  -31.840  8.820  -22.810 0.0000000000
93373  -32.230  8.369  -22.282 0.0000000000
88144  -31.225  3.242  -24.386 0.0000000000
88131  -32.336  3.307  -23.140 0.0000000000
162031  -32.692  3.582  -22.599 0.0000000000
87069  -33.265  2.617  -22.053 0.0000000000
88115  -33.134  3.397  -22.113 0.0000000000
89085  -33.472  3.992  -21.607 0.0000000000
144727  -34.636  3.937  -20.606 0.0000000000
89066  -35.117  4.333  -20.110 0.0000000000
89044  -35.792  4.047  -19.649 0.0000000000
162629  -35.742  2.189  -19.981 0.0000000000
73016  -30.161  -9.863  -17.160 0.0000000000
78442  -31.025  -5.862  -20.939 0.0000000000
77309  -31.306  -6.134  -20.232 0.0000000000
78443  -31.757  -5.543  -20.739 0.0000000000
78444  -32.550  -5.271  -20.455 0.0000000000
78445  -33.287  -5.059  -20.193 0.0000000000
87110  -30.739  2.686  -25.196 0.0000000000
87097  -31.270  2.368  -24.511 0.0000000000
87082  -31.721  2.043  -23.810 0.0000000000
84901  -31.316  0.465  -24.271 0.0000000000
157611  -32.242  0.978  -23.175 0.0000000000
84891  -32.946  0.457  -22.090 0.0000000000
84875  -33.176  -0.038  -21.611 0.0000000000
153113  -29.038  22.045  -26.845 0.0000000000
106896  -30.098  22.602  -27.227 0.0000000000
108658  -31.159  24.019  -27.114 0.0000000000
107788  -33.314  23.731  -26.292 0.0000000000
108649  -34.137  23.952  -25.902 0.0000000000
107776  -34.608  23.367  -25.292 0.0000000000
105226  -32.542  20.103  -26.059 0.0000000000
106030  -33.333  20.977  -25.588 0.0000000000
106869  -33.957  22.040  -24.914 0.0000000000
107762  -34.569  22.552  -24.791 0.0000000000
106870  -35.329  22.347  -24.417 0.0000000000
106017  -35.835  21.750  -24.073 0.0000000000
104442  -33.958  19.237  -23.997 0.0000000000
105192  -35.034  20.417  -23.793 0.0000000000
161699  -30.751  15.056  -24.824 0.0000000000
101706  -32.566  16.261  -23.883 0.0000000000
102713  -33.553  17.036  -23.361 0.0000000000
100759  -32.738  15.589  -23.464 0.0000000000
100744  -34.542  15.595  -21.389 0.0000000000
100745  -35.393  15.841  -21.115 0.0000000000
100739  -35.877  15.349  -20.619 0.0000000000
99782  -35.508  14.690  -20.281 0.0000000000
137716  -32.333  12.206  -22.885 0.0000000000
137665  -33.041  12.816  -21.726 0.0000000000
96646  -33.067  11.896  -21.324 0.0000000000
137346  -33.467  12.742  -20.828 0.0000000000
137734  -34.038  13.410  -20.466 0.0000000000
98789  -34.732  13.381  -19.866 0.0000000000
151251  -35.034  11.030  -18.717 0.0000000000
92287  -30.141  7.322  -26.787 0.0000000000
91210  -30.404  6.420  -26.415 0.0000000000
92277  -30.350  7.055  -25.674 0.0000000000
92269  -30.856  7.303  -24.121 0.0000000000
92256  -31.266  7.661  -23.458 0.0000000000
92221  -32.659  7.818  -21.582 0.0000000000
89118  -31.742  4.428  -23.415 0.0000000000
90133  -31.910  5.494  -22.776 0.0000000000
90119  -32.849  5.362  -21.612 0.0000000000
90134  -32.303  5.798  -22.190 0.0000000000
146763  -31.875  6.198  -22.606 0.0000000000
91165  -32.182  6.630  -22.219 0.0000000000
93353  -33.054  8.406  -21.152 0.0000000000
93335  -34.103  8.156  -19.842 0.0000000000
142619  -34.615  8.738  -19.273 0.0000000000
92201  -34.442  7.382  -19.529 0.0000000000
93321  -35.260  8.387  -18.758 0.0000000000
93306  -36.047  8.933  -18.306 0.0000000000
82723  -31.239  -1.684  -23.608 0.0000000000
82707  -31.984  -2.143  -22.287 0.0000000000
149025  -32.313  -1.273  -22.232 0.0000000000
83823  -32.807  -0.892  -21.544 0.0000000000
89084  -32.972  4.610  -21.795 0.0000000000
91179  -31.253  6.781  -23.598 0.0000000000
91215  -29.673  6.728  -28.145 0.0000000000
92286  -29.592  7.554  -27.194 0.0000000000
94493  -31.096  9.453  -23.754 0.0000000000
95543  -33.494  10.310  -20.461 0.0000000000
95577  -32.287  11.007  -22.483 0.0000000000
102704  -34.243  17.246  -22.875 0.0000000000
106016  -34.701  21.739  -24.408 0.0000000000
106029  -33.198  21.389  -26.597 0.0000000000
108661  -33.787  24.296  -26.587 0.0000000000
147685  -30.812  6.071  -24.595 0.0000000000
147762  -32.496  7.027  -21.778 0.0000000000
159838  -30.126  7.758  -25.834 0.0000000000
165073  -32.074  -0.863  -22.778 0.0000000000
