#!ascii label  , from subject sub-LJ001 vox2ras=TkReg
1032
53174  33.020  -24.559  63.075 0.0000000000
70634  59.649  -10.137  41.321 0.0000000000
77482  67.240  -3.637  38.024 0.0000000000
144055  58.767  -15.157  49.715 0.0000000000
56669  39.652  -21.400  57.404 0.0000000000
54239  37.175  -23.533  61.837 0.0000000000
74076  63.629  -6.602  41.252 0.0000000000
69371  65.114  -10.447  42.784 0.0000000000
64788  53.540  -14.648  54.737 0.0000000000
61254  45.770  -18.397  59.502 0.0000000000
89096  65.150  7.897  34.765 0.0000000000
81686  62.494  0.555  39.505 0.0000000000
67013  53.920  -13.058  49.705 0.0000000000
70533  60.204  -10.211  48.125 0.0000000000
55466  35.515  -22.948  60.258 0.0000000000
162365  35.116  -24.104  62.425 0.0000000000
72884  61.300  -8.049  41.228 0.0000000000
72868  64.740  -8.025  42.113 0.0000000000
72844  62.799  -8.551  44.264 0.0000000000
60135  53.388  -18.792  52.919 0.0000000000
142590  41.255  -20.384  61.158 0.0000000000
57853  42.345  -20.344  58.078 0.0000000000
150160  45.024  -21.000  59.733 0.0000000000
86952  63.518  6.115  34.611 0.0000000000
85863  65.738  4.911  36.050 0.0000000000
163667  63.267  4.774  37.840 0.0000000000
77483  63.241  -3.033  38.490 0.0000000000
78492  60.409  -1.596  38.159 0.0000000000
79495  65.178  -1.344  39.686 0.0000000000
80563  65.338  -0.653  38.072 0.0000000000
77514  65.077  -3.350  36.811 0.0000000000
63744  56.004  -14.726  51.785 0.0000000000
68085  53.112  -12.234  52.962 0.0000000000
66976  56.619  -12.592  51.844 0.0000000000
69250  57.289  -11.274  49.609 0.0000000000
164583  59.829  -12.634  49.598 0.0000000000
65915  61.955  -13.308  46.856 0.0000000000
63789  61.350  -15.720  47.387 0.0000000000
57832  37.860  -21.340  60.540 0.0000000000
75245  61.727  -5.475  38.595 0.0000000000
75224  66.057  -5.412  39.859 0.0000000000
72893  66.770  -7.849  39.785 0.0000000000
69431  66.737  -10.516  39.992 0.0000000000
62556  50.248  -16.478  57.211 0.0000000000
62593  52.214  -16.817  54.098 0.0000000000
61371  54.107  -16.931  51.540 0.0000000000
145479  57.517  -17.532  50.669 0.0000000000
60221  60.226  -17.808  48.382 0.0000000000
61302  46.415  -17.621  56.555 0.0000000000
145053  49.175  -19.024  57.368 0.0000000000
86969  66.174  5.384  32.248 0.0000000000
82813  61.196  2.549  36.726 0.0000000000
83773  64.537  2.611  39.176 0.0000000000
80579  62.641  -0.428  35.541 0.0000000000
70579  60.390  -9.288  45.196 0.0000000000
69303  62.881  -10.428  46.054 0.0000000000
65964  64.422  -13.327  43.665 0.0000000000
52092  33.561  -25.387  63.407 0.0000000000
53173  33.783  -24.454  62.955 0.0000000000
52091  34.822  -24.925  63.040 0.0000000000
70633  60.456  -9.558  41.433 0.0000000000
71740  62.004  -8.262  42.716 0.0000000000
70603  61.530  -9.056  43.182 0.0000000000
57776  43.380  -21.023  60.631 0.0000000000
85878  62.616  4.582  34.445 0.0000000000
144193  63.629  6.117  36.449 0.0000000000
85865  62.575  4.625  36.383 0.0000000000
78471  65.158  -2.910  39.662 0.0000000000
146203  64.246  -1.999  39.374 0.0000000000
78469  66.089  -2.536  39.252 0.0000000000
79522  66.200  -1.900  37.978 0.0000000000
64816  56.742  -14.447  51.358 0.0000000000
65869  56.543  -13.407  52.233 0.0000000000
65876  57.596  -13.502  51.260 0.0000000000
67002  58.733  -12.751  50.560 0.0000000000
65888  59.153  -13.799  49.961 0.0000000000
64838  60.085  -14.283  48.867 0.0000000000
63768  59.752  -15.098  48.986 0.0000000000
56619  36.768  -21.991  60.628 0.0000000000
56599  37.865  -22.127  61.531 0.0000000000
56597  39.308  -21.708  61.471 0.0000000000
74087  61.889  -6.666  40.454 0.0000000000
74105  60.677  -6.467  38.453 0.0000000000
75227  62.653  -5.629  39.972 0.0000000000
76458  63.475  -5.179  40.068 0.0000000000
75216  64.796  -6.056  40.649 0.0000000000
74085  66.331  -6.312  39.869 0.0000000000
74074  65.094  -6.696  40.881 0.0000000000
70602  65.192  -9.836  42.497 0.0000000000
70631  66.214  -9.634  40.932 0.0000000000
68192  66.170  -10.897  41.297 0.0000000000
67118  66.250  -12.133  39.612 0.0000000000
67083  65.752  -12.473  41.545 0.0000000000
61300  50.658  -17.454  55.717 0.0000000000
62583  51.258  -16.615  55.806 0.0000000000
60119  51.100  -18.064  54.226 0.0000000000
60152  53.809  -18.077  52.230 0.0000000000
61369  55.616  -17.150  50.893 0.0000000000
60073  44.090  -18.984  59.214 0.0000000000
58940  44.391  -19.402  57.669 0.0000000000
62529  46.168  -17.445  58.931 0.0000000000
61271  48.684  -17.332  58.468 0.0000000000
58924  47.919  -18.649  59.001 0.0000000000
89110  64.156  7.949  33.790 0.0000000000
145681  65.993  6.305  33.478 0.0000000000
84787  65.404  3.943  36.344 0.0000000000
80555  61.187  -0.405  38.823 0.0000000000
80557  59.604  -0.760  37.973 0.0000000000
81706  60.258  0.699  37.935 0.0000000000
81712  60.141  1.085  37.000 0.0000000000
82799  61.417  1.742  38.410 0.0000000000
83780  62.801  2.979  39.008 0.0000000000
159731  63.386  2.026  39.689 0.0000000000
79532  63.773  -1.541  36.592 0.0000000000
163723  63.652  -0.331  36.801 0.0000000000
151458  52.209  -14.111  55.424 0.0000000000
66960  51.906  -13.063  54.443 0.0000000000
66989  53.526  -12.531  51.371 0.0000000000
65877  52.320  -13.372  51.090 0.0000000000
70514  58.980  -10.494  49.009 0.0000000000
68139  57.302  -11.339  47.877 0.0000000000
70551  59.044  -10.049  47.790 0.0000000000
69326  58.301  -10.431  45.325 0.0000000000
71698  60.147  -9.386  46.828 0.0000000000
71696  61.673  -9.399  46.408 0.0000000000
152203  61.893  -10.199  46.923 0.0000000000
64879  62.507  -14.557  45.717 0.0000000000
65929  63.452  -13.366  45.021 0.0000000000
143431  63.706  -14.762  43.461 0.0000000000
140523  63.933  -14.317  41.837 0.0000000000
55460  35.336  -23.476  61.421 0.0000000000
54240  36.375  -23.675  62.028 0.0000000000
53190  36.969  -25.026  61.455 0.0000000000
52112  35.966  -25.175  62.166 0.0000000000
74078  62.331  -6.953  41.135 0.0000000000
74065  64.563  -7.293  41.615 0.0000000000
72870  63.473  -7.633  42.441 0.0000000000
72858  63.568  -8.038  42.965 0.0000000000
164671  64.314  -9.389  43.563 0.0000000000
57829  40.446  -20.472  59.712 0.0000000000
139051  41.092  -20.805  57.850 0.0000000000
58927  41.863  -19.975  59.838 0.0000000000
60052  43.776  -19.472  60.220 0.0000000000
58915  45.716  -19.425  59.710 0.0000000000
57825  46.805  -19.744  58.855 0.0000000000
56650  46.573  -21.396  58.724 0.0000000000
89086  64.483  7.361  35.395 0.0000000000
86944  65.328  6.363  36.070 0.0000000000
87970  64.563  6.474  36.583 0.0000000000
86926  64.471  5.533  37.493 0.0000000000
84772  64.785  4.308  38.027 0.0000000000
77498  61.760  -3.735  37.516 0.0000000000
78491  62.492  -2.475  38.220 0.0000000000
162641  63.051  -1.525  39.025 0.0000000000
148558  63.056  -0.063  39.646 0.0000000000
155420  64.873  0.606  39.572 0.0000000000
80540  65.455  -0.486  39.236 0.0000000000
79530  65.619  -2.111  37.342 0.0000000000
63732  54.928  -14.799  53.127 0.0000000000
158732  53.603  -13.155  54.274 0.0000000000
65862  55.397  -13.280  53.352 0.0000000000
68066  55.516  -12.437  52.582 0.0000000000
68106  55.614  -11.681  51.245 0.0000000000
68130  55.938  -11.966  49.559 0.0000000000
160619  57.163  -11.483  50.741 0.0000000000
68117  59.026  -11.213  50.035 0.0000000000
68127  60.259  -11.467  49.278 0.0000000000
67028  61.571  -12.016  47.595 0.0000000000
65906  60.670  -12.939  48.571 0.0000000000
64848  61.209  -14.177  47.592 0.0000000000
62661  61.745  -15.458  46.344 0.0000000000
55497  35.615  -22.675  58.490 0.0000000000
56652  37.464  -21.816  58.902 0.0000000000
164369  38.615  -21.423  58.543 0.0000000000
57805  39.418  -20.696  60.714 0.0000000000
56595  41.107  -21.472  61.424 0.0000000000
76474  62.698  -4.534  38.708 0.0000000000
77466  64.239  -4.039  39.628 0.0000000000
77463  66.219  -3.889  39.357 0.0000000000
143499  67.404  -5.901  38.401 0.0000000000
72912  67.482  -7.526  38.337 0.0000000000
70672  67.266  -9.196  37.903 0.0000000000
72881  65.842  -7.888  40.922 0.0000000000
136962  67.169  -9.193  39.256 0.0000000000
63714  48.076  -16.048  56.021 0.0000000000
153352  50.193  -15.250  56.967 0.0000000000
63697  51.739  -15.282  55.909 0.0000000000
62592  52.850  -15.979  54.373 0.0000000000
60136  52.448  -18.329  53.113 0.0000000000
62600  53.186  -16.683  52.840 0.0000000000
63733  54.137  -15.277  53.524 0.0000000000
63758  54.738  -15.804  51.531 0.0000000000
63756  56.316  -15.214  50.818 0.0000000000
63771  57.556  -15.841  50.033 0.0000000000
62636  59.277  -16.517  49.555 0.0000000000
61389  59.227  -17.916  50.161 0.0000000000
63670  48.582  -16.275  58.047 0.0000000000
61286  49.546  -17.691  57.733 0.0000000000
60090  49.852  -18.722  56.165 0.0000000000
57869  48.808  -20.297  57.398 0.0000000000
57878  49.547  -20.308  56.441 0.0000000000
88018  66.324  7.219  31.604 0.0000000000
83804  61.318  2.839  35.772 0.0000000000
84782  62.107  3.687  37.317 0.0000000000
84774  64.067  3.958  38.947 0.0000000000
83779  64.546  2.782  38.376 0.0000000000
81696  64.977  0.959  38.925 0.0000000000
81705  63.894  0.936  37.338 0.0000000000
82812  63.487  1.187  36.429 0.0000000000
65870  51.430  -13.473  52.274 0.0000000000
164629  58.515  -10.400  43.789 0.0000000000
70605  59.784  -10.167  43.203 0.0000000000
71718  61.848  -8.696  45.001 0.0000000000
151900  63.116  -9.458  45.178 0.0000000000
69322  64.281  -10.850  44.158 0.0000000000
67041  62.546  -11.915  46.453 0.0000000000
67054  63.936  -12.185  44.724 0.0000000000
67064  65.262  -12.017  42.914 0.0000000000
64917  65.079  -13.425  41.818 0.0000000000
61414  61.035  -17.056  47.856 0.0000000000
61472  61.032  -16.738  45.787 0.0000000000
53161  33.263  -24.892  63.380 0.0000000000
51039  32.914  -25.862  63.459 0.0000000000
52093  32.691  -25.493  63.554 0.0000000000
53160  34.111  -24.890  63.198 0.0000000000
70618  60.929  -9.598  42.332 0.0000000000
136862  60.238  -10.061  41.966 0.0000000000
85871  62.558  4.642  35.361 0.0000000000
84805  62.170  3.945  34.822 0.0000000000
77473  66.459  -3.292  39.008 0.0000000000
78470  65.725  -2.870  39.531 0.0000000000
78477  66.511  -2.781  38.620 0.0000000000
78488  66.841  -2.981  38.139 0.0000000000
77495  67.099  -3.947  37.665 0.0000000000
63754  58.007  -14.835  50.157 0.0000000000
64815  57.495  -14.218  51.033 0.0000000000
64814  58.134  -13.911  50.715 0.0000000000
65889  58.668  -13.521  50.451 0.0000000000
64829  58.662  -14.261  50.115 0.0000000000
64828  59.208  -14.620  49.612 0.0000000000
55445  36.950  -22.856  61.692 0.0000000000
56600  37.151  -22.271  61.427 0.0000000000
55444  37.893  -22.806  61.736 0.0000000000
161604  38.555  -22.813  61.585 0.0000000000
74086  62.558  -6.334  40.607 0.0000000000
161325  62.096  -6.143  40.093 0.0000000000
75218  63.332  -5.978  40.624 0.0000000000
75226  63.939  -5.423  40.408 0.0000000000
75217  64.100  -6.009  40.757 0.0000000000
74075  64.332  -6.627  41.180 0.0000000000
142868  65.422  -10.256  42.322 0.0000000000
69392  65.732  -10.380  41.859 0.0000000000
146825  65.756  -11.039  41.914 0.0000000000
164414  66.320  -11.509  40.945 0.0000000000
68184  65.535  -11.498  42.374 0.0000000000
60089  50.249  -18.257  55.509 0.0000000000
148735  50.656  -17.907  54.968 0.0000000000
61263  45.043  -18.604  59.602 0.0000000000
60072  44.543  -18.905  58.460 0.0000000000
61273  44.928  -18.458  59.137 0.0000000000
61289  45.187  -18.366  58.294 0.0000000000
151539  46.275  -17.790  59.200 0.0000000000
61261  46.978  -17.536  59.119 0.0000000000
160068  47.178  -18.476  59.311 0.0000000000
89109  64.759  8.467  34.147 0.0000000000
90098  65.105  8.974  33.553 0.0000000000
90088  65.378  8.348  34.122 0.0000000000
89108  65.834  8.161  33.638 0.0000000000
89095  65.554  7.737  34.348 0.0000000000
81697  61.542  0.487  39.054 0.0000000000
81698  60.682  0.275  38.517 0.0000000000
161272  61.123  0.763  38.723 0.0000000000
82800  60.898  1.039  38.416 0.0000000000
151385  61.532  1.200  38.889 0.0000000000
82792  62.384  1.975  39.203 0.0000000000
148787  63.003  1.330  39.747 0.0000000000
78527  63.256  -2.168  36.213 0.0000000000
64778  52.779  -14.510  55.160 0.0000000000
66944  51.559  -13.488  55.149 0.0000000000
65842  52.740  -13.760  54.960 0.0000000000
67004  53.728  -12.782  50.534 0.0000000000
162603  52.815  -13.779  49.658 0.0000000000
70513  59.687  -10.559  48.921 0.0000000000
158247  59.212  -10.223  48.311 0.0000000000
147519  59.650  -9.944  47.808 0.0000000000
70550  59.572  -9.717  47.261 0.0000000000
71668  60.589  -9.890  47.592 0.0000000000
71681  61.131  -9.688  47.128 0.0000000000
154179  61.082  -10.449  47.867 0.0000000000
62678  63.058  -15.046  44.670 0.0000000000
63816  63.351  -14.710  44.497 0.0000000000
62683  63.351  -15.207  43.934 0.0000000000
138314  63.215  -15.177  43.090 0.0000000000
54259  34.619  -23.840  61.511 0.0000000000
54242  35.022  -23.826  62.066 0.0000000000
55446  35.915  -23.274  61.775 0.0000000000
54241  35.609  -23.905  62.258 0.0000000000
53170  36.104  -24.400  62.244 0.0000000000
53171  35.359  -24.573  62.543 0.0000000000
71762  60.530  -8.725  40.780 0.0000000000
71769  60.199  -8.269  39.910 0.0000000000
72896  60.891  -7.797  40.416 0.0000000000
72895  61.624  -7.324  40.840 0.0000000000
72883  62.032  -7.584  41.666 0.0000000000
74068  62.721  -7.304  41.817 0.0000000000
72859  62.939  -8.155  43.520 0.0000000000
150402  63.214  -7.959  43.057 0.0000000000
72843  63.178  -8.327  43.704 0.0000000000
71727  64.256  -8.763  43.228 0.0000000000
71716  63.813  -8.972  43.919 0.0000000000
57828  41.270  -20.322  59.308 0.0000000000
58917  41.673  -20.033  60.478 0.0000000000
57775  44.218  -20.820  60.334 0.0000000000
58904  43.786  -20.168  60.397 0.0000000000
58903  44.526  -20.066  60.152 0.0000000000
60051  44.475  -19.531  60.053 0.0000000000
57802  45.195  -20.194  59.797 0.0000000000
57826  46.301  -20.610  58.976 0.0000000000
85877  63.086  5.242  34.039 0.0000000000
88004  63.849  7.020  34.219 0.0000000000
87992  63.921  7.084  35.222 0.0000000000
89074  64.494  6.891  36.038 0.0000000000
87980  63.940  6.798  35.782 0.0000000000
86939  63.223  5.389  36.855 0.0000000000
136828  63.836  5.917  37.181 0.0000000000
86927  64.065  5.458  37.661 0.0000000000
85845  64.656  4.951  37.800 0.0000000000
85846  64.378  4.479  38.352 0.0000000000
77497  62.470  -3.334  37.939 0.0000000000
78505  61.670  -2.836  37.698 0.0000000000
79500  64.495  -1.260  39.707 0.0000000000
79501  63.626  -1.390  39.335 0.0000000000
79502  62.833  -0.940  39.224 0.0000000000
80531  64.710  -0.414  39.815 0.0000000000
80530  65.356  -0.764  39.571 0.0000000000
78518  65.866  -2.639  37.293 0.0000000000
78519  65.140  -2.526  37.002 0.0000000000
154996  64.225  -2.272  36.632 0.0000000000
161726  64.437  -2.898  36.643 0.0000000000
64811  55.683  -14.284  52.819 0.0000000000
153239  55.158  -14.197  53.491 0.0000000000
65868  57.024  -13.078  51.756 0.0000000000
65861  56.386  -12.995  52.406 0.0000000000
66977  56.084  -12.542  52.299 0.0000000000
149091  55.470  -11.778  51.874 0.0000000000
69203  55.898  -11.829  51.712 0.0000000000
69222  56.511  -11.689  51.173 0.0000000000
68080  56.837  -12.168  51.448 0.0000000000
67001  59.358  -12.466  50.075 0.0000000000
66987  58.840  -11.935  50.434 0.0000000000
145100  59.402  -11.681  50.028 0.0000000000
69248  59.748  -11.240  49.698 0.0000000000
68128  59.849  -11.882  49.711 0.0000000000
67019  60.751  -12.206  48.623 0.0000000000
67010  60.310  -12.293  49.135 0.0000000000
64849  60.900  -14.968  47.777 0.0000000000
64837  60.634  -13.997  48.358 0.0000000000
164243  61.433  -14.894  47.271 0.0000000000
64862  61.734  -14.912  46.947 0.0000000000
63798  61.597  -15.758  46.846 0.0000000000
55498  34.897  -23.054  58.714 0.0000000000
55478  35.532  -22.796  59.384 0.0000000000
137705  37.291  -21.663  60.358 0.0000000000
56632  36.877  -21.944  59.661 0.0000000000
56631  37.640  -21.540  59.755 0.0000000000
137483  38.058  -21.688  58.232 0.0000000000
57831  38.322  -21.163  59.902 0.0000000000
57830  39.054  -20.814  60.003 0.0000000000
57806  38.540  -20.969  60.676 0.0000000000
75246  61.124  -5.790  38.028 0.0000000000
75256  61.541  -5.091  37.698 0.0000000000
75244  62.135  -4.838  38.225 0.0000000000
76457  64.271  -4.708  40.034 0.0000000000
76465  63.667  -4.474  39.624 0.0000000000
76456  65.133  -4.618  39.985 0.0000000000
77464  65.598  -3.687  39.611 0.0000000000
76455  65.823  -4.603  39.746 0.0000000000
76463  67.041  -5.042  38.738 0.0000000000
75234  66.589  -5.467  39.408 0.0000000000
74084  66.886  -6.945  39.522 0.0000000000
72903  67.252  -7.608  39.102 0.0000000000
71776  67.419  -8.389  37.971 0.0000000000
142369  67.123  -8.339  39.376 0.0000000000
72882  65.250  -7.541  41.321 0.0000000000
72867  65.387  -8.358  41.658 0.0000000000
69411  66.431  -10.351  40.711 0.0000000000
71750  66.401  -9.021  40.560 0.0000000000
158009  66.965  -10.011  39.469 0.0000000000
70658  67.161  -9.958  38.770 0.0000000000
69469  66.882  -10.635  38.481 0.0000000000
64745  49.054  -15.771  57.557 0.0000000000
63699  48.676  -15.456  56.374 0.0000000000
63683  50.522  -15.628  56.878 0.0000000000
61316  51.768  -16.701  54.955 0.0000000000
62567  51.468  -15.886  56.091 0.0000000000
62582  51.947  -15.944  55.469 0.0000000000
62581  52.495  -15.680  55.024 0.0000000000
60118  51.742  -18.729  53.596 0.0000000000
61355  53.787  -17.348  51.904 0.0000000000
61344  53.308  -17.364  52.427 0.0000000000
62610  53.626  -16.757  52.106 0.0000000000
63734  53.402  -15.997  53.582 0.0000000000
63747  53.755  -16.063  52.661 0.0000000000
63746  54.437  -15.505  52.430 0.0000000000
62609  54.110  -16.224  51.842 0.0000000000
139405  56.577  -17.267  50.741 0.0000000000
62620  56.068  -16.274  50.541 0.0000000000
62637  57.076  -16.617  50.325 0.0000000000
63772  56.799  -15.757  50.336 0.0000000000
62619  58.001  -16.898  50.110 0.0000000000
61390  58.887  -17.181  49.978 0.0000000000
57854  41.538  -20.533  58.390 0.0000000000
138123  41.085  -20.939  57.093 0.0000000000
57871  41.774  -20.731  57.514 0.0000000000
60079  45.869  -18.068  57.005 0.0000000000
61320  45.967  -18.324  56.057 0.0000000000
61319  46.554  -17.763  55.815 0.0000000000
62569  47.509  -16.569  56.513 0.0000000000
145523  46.923  -17.041  56.969 0.0000000000
145860  48.983  -17.827  58.255 0.0000000000
60078  49.677  -18.308  57.136 0.0000000000
58947  49.459  -19.287  56.663 0.0000000000
57850  48.226  -20.189  57.765 0.0000000000
57877  50.238  -20.823  55.786 0.0000000000
145801  66.161  6.360  32.791 0.0000000000
160033  66.218  6.467  32.120 0.0000000000
147879  66.425  4.519  31.593 0.0000000000
86938  65.576  5.598  36.272 0.0000000000
78506  60.651  -2.372  37.689 0.0000000000
78507  59.717  -2.022  37.629 0.0000000000
78493  59.691  -1.346  37.955 0.0000000000
82814  60.716  1.854  36.897 0.0000000000
150904  60.405  1.583  36.235 0.0000000000
83795  60.792  2.162  36.024 0.0000000000
83814  60.908  2.326  35.247 0.0000000000
84790  61.636  3.236  36.606 0.0000000000
83786  61.688  2.954  37.487 0.0000000000
84768  63.719  3.216  39.276 0.0000000000
84775  63.300  3.783  38.696 0.0000000000
84767  64.285  3.241  39.190 0.0000000000
157801  64.562  3.218  38.831 0.0000000000
81695  65.218  0.323  39.186 0.0000000000
82789  64.838  1.101  39.296 0.0000000000
81703  65.040  0.247  38.567 0.0000000000
80573  63.260  -0.584  36.397 0.0000000000
80565  63.439  0.283  36.676 0.0000000000
81718  63.032  0.438  35.911 0.0000000000
68053  53.596  -12.578  53.678 0.0000000000
68055  52.535  -12.654  53.876 0.0000000000
66979  52.618  -12.647  52.483 0.0000000000
68118  56.576  -11.544  50.083 0.0000000000
68148  57.191  -11.402  46.937 0.0000000000
70580  59.608  -9.633  45.547 0.0000000000
69349  58.431  -10.380  44.486 0.0000000000
69325  59.005  -10.070  44.962 0.0000000000
69348  59.178  -10.097  43.976 0.0000000000
70593  59.745  -9.737  44.603 0.0000000000
70592  60.476  -9.452  44.249 0.0000000000
70564  62.789  -9.653  45.811 0.0000000000
71694  62.690  -9.217  45.489 0.0000000000
70578  63.294  -10.073  45.350 0.0000000000
157362  63.606  -9.773  44.684 0.0000000000
69323  63.799  -10.466  44.715 0.0000000000
67027  62.059  -12.414  46.982 0.0000000000
68147  62.058  -11.555  47.063 0.0000000000
67026  62.505  -12.851  46.307 0.0000000000
65945  63.928  -13.091  44.517 0.0000000000
67039  63.514  -12.665  45.193 0.0000000000
67053  64.385  -12.449  44.003 0.0000000000
68164  64.278  -11.605  44.253 0.0000000000
67065  64.859  -12.602  43.289 0.0000000000
66004  65.306  -12.991  42.187 0.0000000000
66005  64.796  -13.609  42.578 0.0000000000
64937  63.606  -14.005  41.236 0.0000000000
61405  60.186  -17.468  49.116 0.0000000000
62646  60.410  -16.875  48.836 0.0000000000
60205  60.630  -17.384  48.233 0.0000000000
54243  34.225  -24.162  62.214 0.0000000000
53172  34.619  -24.349  62.710 0.0000000000
52114  34.495  -25.485  63.005 0.0000000000
71753  61.124  -8.885  41.647 0.0000000000
163170  62.091  -7.938  42.167 0.0000000000
71741  61.504  -8.863  42.357 0.0000000000
149441  62.125  -8.422  43.532 0.0000000000
57753  42.292  -20.996  61.222 0.0000000000
57778  41.909  -20.400  61.082 0.0000000000
56607  43.067  -21.669  60.829 0.0000000000
152884  44.207  -21.717  60.354 0.0000000000
86953  63.030  5.352  34.990 0.0000000000
86945  63.535  6.182  35.585 0.0000000000
86946  63.004  5.428  35.961 0.0000000000
85859  62.907  4.801  37.330 0.0000000000
77474  64.492  -3.307  39.492 0.0000000000
78479  64.025  -2.780  39.084 0.0000000000
78478  64.635  -2.591  39.533 0.0000000000
79494  65.504  -2.188  39.560 0.0000000000
155127  65.734  -1.551  39.225 0.0000000000
78489  66.451  -2.317  38.283 0.0000000000
78517  66.374  -2.909  37.523 0.0000000000
64810  56.387  -13.992  52.219 0.0000000000
64809  56.971  -13.733  51.668 0.0000000000
65867  57.659  -12.902  51.298 0.0000000000
66975  57.288  -12.468  51.392 0.0000000000
65875  58.175  -13.164  50.915 0.0000000000
160206  59.097  -13.173  50.183 0.0000000000
65896  59.541  -13.252  49.764 0.0000000000
65895  60.088  -13.343  49.122 0.0000000000
64827  59.643  -14.045  49.439 0.0000000000
63779  60.433  -15.034  48.454 0.0000000000
56620  36.173  -22.434  60.046 0.0000000000
56618  37.418  -21.696  60.939 0.0000000000
57782  38.036  -21.334  61.077 0.0000000000
57781  38.759  -21.040  61.178 0.0000000000
56598  38.672  -21.602  61.403 0.0000000000
74097  60.889  -6.750  39.330 0.0000000000
74096  61.518  -6.384  39.779 0.0000000000
75236  61.907  -5.794  39.481 0.0000000000
75235  62.320  -5.169  39.136 0.0000000000
155305  65.359  -5.461  40.234 0.0000000000
141389  65.654  -6.154  40.314 0.0000000000
74073  65.739  -7.000  40.560 0.0000000000
71739  65.028  -8.665  42.246 0.0000000000
70632  65.794  -9.695  41.584 0.0000000000
69412  66.082  -10.191  41.311 0.0000000000
68200  66.521  -11.062  40.524 0.0000000000
67117  66.457  -11.725  39.668 0.0000000000
67094  66.421  -11.661  40.350 0.0000000000
67106  66.212  -12.177  40.292 0.0000000000
66040  65.881  -12.579  40.379 0.0000000000
61284  50.586  -16.977  56.544 0.0000000000
62568  50.898  -16.147  56.527 0.0000000000
61317  51.122  -17.295  54.976 0.0000000000
158691  51.567  -17.296  54.354 0.0000000000
61354  54.377  -17.582  51.665 0.0000000000
62622  54.523  -16.487  51.334 0.0000000000
61353  55.215  -17.729  51.443 0.0000000000
61352  56.259  -17.921  51.415 0.0000000000
58935  42.902  -19.886  58.692 0.0000000000
156255  42.575  -20.571  57.152 0.0000000000
57870  43.137  -20.055  57.740 0.0000000000
140702  44.303  -19.850  56.903 0.0000000000
58948  44.886  -19.135  56.950 0.0000000000
60080  45.330  -18.484  57.432 0.0000000000
62545  46.285  -17.430  58.310 0.0000000000
62558  46.882  -17.026  57.807 0.0000000000
62528  46.633  -17.327  58.884 0.0000000000
60071  48.394  -17.965  58.835 0.0000000000
150277  48.605  -18.496  58.387 0.0000000000
151001  65.851  8.748  33.075 0.0000000000
88011  66.159  7.306  33.206 0.0000000000
86963  66.047  5.258  33.054 0.0000000000
85864  65.488  4.531  36.595 0.0000000000
79513  60.996  -1.136  38.548 0.0000000000
80556  60.272  -0.695  38.357 0.0000000000
80566  59.850  -0.073  38.091 0.0000000000
81707  59.658  0.248  37.453 0.0000000000
82807  60.747  1.440  37.739 0.0000000000
82806  61.229  2.204  37.626 0.0000000000
83781  61.941  2.561  38.373 0.0000000000
157527  63.300  2.563  39.434 0.0000000000
83774  64.071  2.505  39.633 0.0000000000
79524  64.841  -0.821  37.460 0.0000000000
159769  64.542  0.130  37.860 0.0000000000
80572  64.064  -0.906  36.981 0.0000000000
65832  51.240  -13.907  55.745 0.0000000000
66978  53.317  -12.308  52.218 0.0000000000
66990  52.784  -12.811  51.636 0.0000000000
155684  52.587  -13.617  50.313 0.0000000000
70515  58.417  -10.751  49.311 0.0000000000
69269  57.241  -11.352  48.743 0.0000000000
146245  57.939  -10.903  48.122 0.0000000000
69288  57.752  -10.948  47.291 0.0000000000
69305  57.655  -10.970  46.466 0.0000000000
69327  57.672  -10.868  45.655 0.0000000000
70567  58.795  -10.088  46.868 0.0000000000
70566  59.532  -9.604  46.467 0.0000000000
70565  60.310  -9.240  46.146 0.0000000000
71712  61.182  -8.940  45.740 0.0000000000
159904  61.167  -9.388  46.712 0.0000000000
71680  61.762  -9.713  46.680 0.0000000000
69285  62.362  -10.444  46.608 0.0000000000
65914  62.368  -13.860  46.169 0.0000000000
64878  63.119  -14.024  45.160 0.0000000000
64892  63.466  -14.299  44.586 0.0000000000
64902  64.142  -14.057  43.635 0.0000000000
64910  64.303  -14.199  43.093 0.0000000000
63837  63.756  -14.809  42.990 0.0000000000
55479  34.846  -23.208  59.595 0.0000000000
55467  34.876  -23.406  60.377 0.0000000000
136891  35.504  -23.197  60.900 0.0000000000
55459  35.930  -23.026  61.296 0.0000000000
54258  37.308  -24.185  61.719 0.0000000000
53169  36.774  -24.310  62.022 0.0000000000
158322  36.528  -24.979  61.996 0.0000000000
52113  35.280  -25.372  62.531 0.0000000000
74088  61.210  -7.044  40.091 0.0000000000
74077  62.975  -6.699  41.257 0.0000000000
74067  63.272  -7.223  41.846 0.0000000000
72869  64.058  -7.704  42.316 0.0000000000
72871  63.003  -7.685  42.643 0.0000000000
72857  64.143  -8.224  42.809 0.0000000000
71726  64.790  -9.211  42.734 0.0000000000
70590  64.739  -9.939  43.153 0.0000000000
58972  51.082  -19.173  54.053 0.0000000000
57872  39.790  -20.992  58.176 0.0000000000
56668  40.416  -20.987  57.638 0.0000000000
57855  40.606  -20.722  58.608 0.0000000000
58936  42.093  -20.127  58.987 0.0000000000
58905  42.284  -20.014  60.562 0.0000000000
58916  42.424  -19.722  60.140 0.0000000000
58926  42.630  -19.715  59.554 0.0000000000
156736  43.726  -19.096  59.738 0.0000000000
60058  45.112  -18.971  59.747 0.0000000000
60057  45.897  -18.790  59.699 0.0000000000
60066  46.479  -19.030  59.491 0.0000000000
57852  47.050  -20.714  58.507 0.0000000000
56649  47.361  -21.710  58.349 0.0000000000
89098  64.386  7.804  34.688 0.0000000000
89097  64.837  7.969  34.763 0.0000000000
89084  65.160  7.172  35.479 0.0000000000
89085  64.824  7.379  35.437 0.0000000000
89073  64.849  6.873  36.109 0.0000000000
87955  65.236  5.939  36.766 0.0000000000
87957  64.281  6.067  37.144 0.0000000000
157696  65.433  5.230  36.771 0.0000000000
85857  65.121  4.792  37.363 0.0000000000
84780  65.079  4.145  37.309 0.0000000000
84788  64.792  3.432  37.183 0.0000000000
77499  60.944  -3.275  37.184 0.0000000000
157024  61.505  -1.873  38.240 0.0000000000
78490  63.332  -2.116  38.840 0.0000000000
79512  62.499  -1.662  38.703 0.0000000000
80554  61.810  -1.077  38.875 0.0000000000
80542  62.109  -0.251  39.245 0.0000000000
81685  63.336  0.686  39.837 0.0000000000
147199  63.939  0.192  39.850 0.0000000000
156322  65.134  0.018  39.691 0.0000000000
80553  65.543  -0.472  38.671 0.0000000000
79511  65.850  -1.232  38.252 0.0000000000
79523  65.678  -1.535  37.667 0.0000000000
79531  64.866  -1.682  37.094 0.0000000000
64801  54.613  -14.484  53.899 0.0000000000
64787  54.098  -14.110  54.464 0.0000000000
65853  54.867  -13.734  53.862 0.0000000000
66956  54.731  -13.114  53.655 0.0000000000
66968  54.553  -12.669  53.393 0.0000000000
64799  56.031  -13.475  52.879 0.0000000000
66967  55.173  -12.772  53.168 0.0000000000
160067  54.211  -12.164  52.996 0.0000000000
68108  54.075  -12.044  51.927 0.0000000000
68121  54.258  -12.209  51.071 0.0000000000
67003  54.464  -12.519  50.229 0.0000000000
67012  54.650  -12.779  49.386 0.0000000000
68119  55.800  -11.780  50.443 0.0000000000
69236  56.366  -11.565  50.833 0.0000000000
69235  57.194  -11.366  50.391 0.0000000000
68104  57.509  -11.811  51.069 0.0000000000
69221  57.621  -11.424  50.613 0.0000000000
69249  57.886  -10.966  49.817 0.0000000000
70493  58.973  -10.786  49.604 0.0000000000
158825  59.554  -10.891  49.554 0.0000000000
68126  60.677  -11.162  48.752 0.0000000000
69266  61.067  -10.937  48.074 0.0000000000
68137  61.026  -11.655  48.248 0.0000000000
67018  61.101  -12.501  48.085 0.0000000000
65916  61.547  -12.857  47.469 0.0000000000
65905  61.093  -13.340  47.915 0.0000000000
139391  61.514  -13.589  47.353 0.0000000000
64861  62.050  -14.672  46.314 0.0000000000
63807  62.275  -15.107  45.654 0.0000000000
162160  38.552  -21.869  56.666 0.0000000000
56633  36.219  -22.379  59.094 0.0000000000
56672  37.171  -21.968  57.938 0.0000000000
56670  38.862  -21.552  57.816 0.0000000000
56651  39.181  -21.186  58.464 0.0000000000
148020  39.762  -20.571  60.113 0.0000000000
57779  40.681  -20.295  61.035 0.0000000000
57780  39.504  -20.813  61.070 0.0000000000
148466  40.069  -20.801  61.156 0.0000000000
57755  40.787  -20.790  61.271 0.0000000000
76483  62.401  -4.154  37.958 0.0000000000
77484  62.998  -3.843  38.489 0.0000000000
76466  63.009  -4.888  39.469 0.0000000000
77476  63.241  -4.299  39.089 0.0000000000
77475  63.736  -3.680  39.126 0.0000000000
77465  64.863  -3.889  39.731 0.0000000000
145130  66.763  -4.065  38.837 0.0000000000
76482  67.350  -4.399  37.881 0.0000000000
143656  67.475  -5.163  38.050 0.0000000000
75243  67.502  -5.990  37.939 0.0000000000
74095  67.041  -6.026  39.169 0.0000000000
74094  67.354  -6.746  38.764 0.0000000000
71761  66.338  -8.267  40.459 0.0000000000
71751  65.891  -8.870  41.170 0.0000000000
71760  66.802  -8.711  39.968 0.0000000000
63725  48.181  -16.261  55.124 0.0000000000
64770  49.924  -14.469  56.414 0.0000000000
63698  51.156  -15.399  56.425 0.0000000000
65819  50.949  -14.354  56.256 0.0000000000
64767  52.012  -14.635  55.666 0.0000000000
63711  52.962  -15.183  54.892 0.0000000000
63723  53.551  -15.291  54.339 0.0000000000
61332  51.849  -17.733  53.666 0.0000000000
150532  53.042  -18.005  52.669 0.0000000000
61345  52.629  -17.359  53.138 0.0000000000
150756  52.837  -16.580  53.589 0.0000000000
63722  54.050  -14.751  54.298 0.0000000000
63745  55.218  -15.084  52.139 0.0000000000
62621  55.118  -16.388  50.923 0.0000000000
63757  55.482  -15.493  51.128 0.0000000000
63755  57.159  -15.009  50.578 0.0000000000
163959  58.993  -15.814  49.600 0.0000000000
63770  58.496  -16.041  49.760 0.0000000000
148535  59.451  -17.385  49.760 0.0000000000
61388  59.710  -17.763  49.688 0.0000000000
59044  59.276  -18.401  50.046 0.0000000000
148747  59.838  -18.190  49.061 0.0000000000
56681  40.365  -21.278  56.805 0.0000000000
57881  41.850  -20.825  56.530 0.0000000000
160205  48.400  -15.926  57.366 0.0000000000
63669  49.282  -16.033  57.660 0.0000000000
63658  47.967  -16.670  58.452 0.0000000000
62542  48.958  -16.673  58.106 0.0000000000
61269  49.749  -17.044  57.592 0.0000000000
61301  50.171  -17.825  56.411 0.0000000000
58956  50.082  -19.184  55.264 0.0000000000
58933  47.577  -19.327  58.762 0.0000000000
58932  48.187  -19.298  58.242 0.0000000000
58939  48.722  -19.594  57.597 0.0000000000
149889  49.173  -19.869  57.102 0.0000000000
58946  49.835  -19.744  55.895 0.0000000000
53162  32.493  -25.088  63.478 0.0000000000
86980  66.195  5.888  31.264 0.0000000000
159509  61.745  3.466  35.930 0.0000000000
84789  62.066  3.878  36.485 0.0000000000
85847  62.823  4.267  37.925 0.0000000000
83785  62.426  3.378  38.176 0.0000000000
85858  63.763  4.683  38.220 0.0000000000
84773  64.522  3.815  38.700 0.0000000000
84781  64.711  3.641  38.165 0.0000000000
83794  64.318  2.457  37.239 0.0000000000
82791  63.943  1.602  39.895 0.0000000000
82790  64.442  1.817  39.457 0.0000000000
82798  64.692  1.791  38.916 0.0000000000
81704  64.531  1.079  38.328 0.0000000000
82805  64.296  1.844  37.922 0.0000000000
159474  63.909  1.718  37.008 0.0000000000
82821  63.398  1.407  35.500 0.0000000000
69413  58.828  -10.472  41.663 0.0000000000
66959  52.702  -12.882  54.303 0.0000000000
66970  51.870  -12.870  53.658 0.0000000000
69350  57.765  -10.703  44.841 0.0000000000
69373  58.166  -10.534  43.274 0.0000000000
69372  59.000  -10.418  43.177 0.0000000000
69393  59.531  -10.380  42.335 0.0000000000
70604  60.655  -9.746  43.323 0.0000000000
71728  61.766  -8.758  44.132 0.0000000000
72826  62.362  -8.739  44.987 0.0000000000
71711  61.872  -8.879  45.591 0.0000000000
72825  62.746  -8.860  44.864 0.0000000000
70577  63.427  -9.212  44.550 0.0000000000
70591  64.185  -10.071  43.991 0.0000000000
69347  64.685  -10.631  43.447 0.0000000000
68136  61.562  -11.238  47.622 0.0000000000
68146  62.527  -11.047  46.579 0.0000000000
68155  63.041  -11.391  45.955 0.0000000000
67040  63.064  -12.320  45.827 0.0000000000
68154  63.537  -11.830  45.346 0.0000000000
69324  63.529  -10.950  45.328 0.0000000000
147490  63.962  -11.084  44.699 0.0000000000
145466  64.614  -11.246  43.664 0.0000000000
68175  65.104  -11.215  43.023 0.0000000000
67071  65.546  -12.245  42.250 0.0000000000
66021  65.513  -12.942  41.483 0.0000000000
66041  65.475  -12.921  40.575 0.0000000000
64922  64.508  -14.077  41.989 0.0000000000
64936  64.365  -13.822  41.300 0.0000000000
146253  59.797  -16.239  49.077 0.0000000000
63780  60.368  -16.005  48.570 0.0000000000
155333  61.138  -16.175  47.924 0.0000000000
60241  60.838  -17.274  47.235 0.0000000000
61425  61.123  -17.142  47.161 0.0000000000
62652  61.320  -16.357  47.360 0.0000000000
61471  61.419  -16.342  45.985 0.0000000000
55440  41.567  -22.125  61.394 0.0000000000
56593  42.563  -21.645  61.154 0.0000000000
56606  43.688  -21.508  60.554 0.0000000000
56608  38.163  -21.553  61.307 0.0000000000
56609  37.594  -21.836  61.280 0.0000000000
56610  36.924  -22.115  61.189 0.0000000000
56630  38.153  -21.487  59.078 0.0000000000
57752  42.762  -21.241  60.938 0.0000000000
57754  41.558  -20.864  61.339 0.0000000000
57756  39.374  -21.191  61.303 0.0000000000
57774  44.701  -20.286  60.002 0.0000000000
57777  42.740  -20.562  60.697 0.0000000000
57801  45.993  -19.884  59.478 0.0000000000
57803  44.602  -20.901  60.045 0.0000000000
57804  40.344  -20.356  60.612 0.0000000000
57851  47.593  -20.028  58.326 0.0000000000
57856  39.659  -20.826  59.183 0.0000000000
57857  38.802  -21.086  59.185 0.0000000000
58902  45.069  -19.582  59.849 0.0000000000
58906  41.424  -20.141  60.903 0.0000000000
58918  41.113  -20.234  60.194 0.0000000000
58925  47.213  -19.019  59.145 0.0000000000
58931  48.795  -18.943  57.890 0.0000000000
58934  43.768  -19.513  58.392 0.0000000000
60053  43.065  -19.547  60.201 0.0000000000
60056  47.091  -18.004  59.340 0.0000000000
60059  44.406  -19.092  59.853 0.0000000000
60060  43.721  -19.129  60.013 0.0000000000
60061  43.145  -19.344  59.921 0.0000000000
60065  47.754  -18.027  59.225 0.0000000000
60067  44.316  -18.874  59.675 0.0000000000
60070  49.195  -18.370  57.835 0.0000000000
60091  45.498  -18.671  56.689 0.0000000000
60187  59.846  -17.864  49.423 0.0000000000
60206  60.256  -17.648  48.774 0.0000000000
60220  60.776  -17.361  47.807 0.0000000000
61253  46.439  -18.143  59.392 0.0000000000
61259  48.088  -17.530  58.874 0.0000000000
61260  47.529  -17.665  59.128 0.0000000000
61262  45.682  -18.072  59.258 0.0000000000
61270  49.281  -17.165  58.030 0.0000000000
61272  45.726  -17.918  58.740 0.0000000000
61285  50.045  -17.389  57.169 0.0000000000
61287  46.344  -17.482  57.443 0.0000000000
61288  45.785  -17.929  57.899 0.0000000000
61370  54.776  -17.083  51.183 0.0000000000
61404  60.712  -17.158  48.411 0.0000000000
61413  61.218  -16.649  47.385 0.0000000000
61442  61.720  -15.852  45.875 0.0000000000
61443  61.391  -16.394  46.690 0.0000000000
61444  61.191  -16.809  46.696 0.0000000000
62526  47.699  -17.205  58.789 0.0000000000
62527  47.318  -16.972  58.542 0.0000000000
62541  49.561  -16.517  57.663 0.0000000000
62543  48.350  -16.920  58.499 0.0000000000
62544  46.784  -17.139  58.471 0.0000000000
62557  47.476  -16.528  57.384 0.0000000000
62635  59.870  -17.137  49.372 0.0000000000
62645  60.874  -16.615  48.255 0.0000000000
62653  61.118  -16.787  47.832 0.0000000000
62662  61.527  -16.057  47.092 0.0000000000
62669  62.018  -15.346  45.769 0.0000000000
62670  61.582  -16.170  46.166 0.0000000000
63668  49.945  -15.816  57.366 0.0000000000
63671  47.924  -16.325  58.120 0.0000000000
63672  47.382  -16.611  58.054 0.0000000000
63684  49.661  -15.362  57.224 0.0000000000
63685  48.560  -15.939  57.564 0.0000000000
63686  47.971  -16.164  57.664 0.0000000000
63700  48.163  -16.055  56.941 0.0000000000
63712  52.373  -15.199  55.410 0.0000000000
63769  59.277  -15.570  49.410 0.0000000000
63790  60.862  -15.852  48.037 0.0000000000
63797  61.916  -15.155  46.243 0.0000000000
63806  62.921  -14.721  45.064 0.0000000000
63817  62.646  -15.178  45.069 0.0000000000
63820  63.428  -15.067  44.087 0.0000000000
63826  64.196  -14.389  42.729 0.0000000000
63827  63.374  -15.192  43.604 0.0000000000
64757  50.722  -14.952  56.586 0.0000000000
64758  49.166  -15.380  57.178 0.0000000000
64768  51.369  -14.719  56.186 0.0000000000
64769  50.235  -14.725  56.680 0.0000000000
64777  53.392  -14.130  54.826 0.0000000000
64779  49.616  -14.446  56.095 0.0000000000
64800  55.473  -13.751  53.358 0.0000000000
64903  63.738  -14.357  44.111 0.0000000000
64911  63.757  -14.572  43.782 0.0000000000
64918  64.624  -13.916  42.346 0.0000000000
64921  65.490  -13.040  41.063 0.0000000000
65843  50.867  -13.732  55.503 0.0000000000
65854  54.149  -13.403  54.146 0.0000000000
65890  51.933  -14.007  50.544 0.0000000000
65930  63.005  -13.293  45.624 0.0000000000
65965  63.901  -13.854  44.178 0.0000000000
65984  64.895  -13.206  42.921 0.0000000000
66927  51.929  -13.733  55.352 0.0000000000
66941  53.513  -13.615  54.552 0.0000000000
66942  53.042  -13.203  54.547 0.0000000000
66943  52.322  -13.283  54.841 0.0000000000
66957  54.028  -12.818  53.869 0.0000000000
66958  53.345  -12.813  54.124 0.0000000000
66966  55.825  -12.922  52.875 0.0000000000
66969  52.512  -12.562  53.267 0.0000000000
66971  51.196  -13.170  54.095 0.0000000000
66980  51.908  -12.911  52.794 0.0000000000
66981  51.256  -13.228  53.191 0.0000000000
66988  58.122  -12.301  51.004 0.0000000000
67005  52.967  -12.989  50.782 0.0000000000
67011  55.336  -12.437  49.021 0.0000000000
67014  53.207  -13.282  50.016 0.0000000000
67119  66.152  -12.182  39.288 0.0000000000
67135  66.484  -11.648  39.017 0.0000000000
68054  53.089  -12.556  53.793 0.0000000000
68067  54.097  -12.432  53.355 0.0000000000
68068  53.537  -12.331  53.306 0.0000000000
68069  52.969  -12.408  53.481 0.0000000000
68081  55.894  -12.086  52.043 0.0000000000
68082  55.388  -12.040  52.251 0.0000000000
68083  54.715  -11.976  52.416 0.0000000000
68084  53.836  -12.086  52.709 0.0000000000
68103  58.225  -11.532  50.568 0.0000000000
68105  56.976  -11.658  51.103 0.0000000000
68107  54.865  -11.834  51.600 0.0000000000
68120  54.997  -11.933  50.747 0.0000000000
68131  55.196  -12.233  49.905 0.0000000000
68138  60.626  -11.699  48.857 0.0000000000
68165  63.855  -11.526  44.888 0.0000000000
68176  64.771  -11.868  43.519 0.0000000000
68208  66.633  -11.183  39.807 0.0000000000
69202  56.344  -11.913  51.499 0.0000000000
69223  55.932  -11.683  51.450 0.0000000000
69233  58.308  -11.089  50.140 0.0000000000
69234  57.767  -11.187  50.244 0.0000000000
69246  60.690  -10.689  48.389 0.0000000000
69247  60.209  -10.869  49.141 0.0000000000
69265  61.502  -10.581  47.508 0.0000000000
69267  58.605  -10.495  48.523 0.0000000000
69268  57.918  -10.991  49.003 0.0000000000
69286  61.993  -10.822  47.053 0.0000000000
69287  58.373  -10.484  47.582 0.0000000000
69304  58.208  -10.495  46.161 0.0000000000
69370  65.465  -10.788  42.397 0.0000000000
69449  66.841  -10.615  39.238 0.0000000000
70494  58.368  -10.878  49.680 0.0000000000
70512  60.324  -10.519  48.491 0.0000000000
70532  60.844  -10.269  47.881 0.0000000000
70534  59.648  -10.238  48.293 0.0000000000
70549  62.362  -9.893  46.384 0.0000000000
70581  58.857  -10.000  45.881 0.0000000000
70617  65.525  -9.877  42.074 0.0000000000
70619  60.273  -10.077  42.617 0.0000000000
70646  66.719  -9.651  40.145 0.0000000000
70657  67.323  -9.187  38.372 0.0000000000
71669  60.134  -9.895  47.709 0.0000000000
71682  60.596  -9.554  47.167 0.0000000000
71683  59.992  -9.627  47.348 0.0000000000
71695  62.276  -9.428  46.090 0.0000000000
71697  60.867  -9.215  46.559 0.0000000000
71710  63.024  -9.068  44.914 0.0000000000
71717  63.252  -8.744  44.283 0.0000000000
71719  61.132  -8.983  44.737 0.0000000000
71729  61.109  -9.182  43.920 0.0000000000
71738  65.397  -9.223  42.008 0.0000000000
71752  61.694  -8.237  41.957 0.0000000000
71768  67.376  -8.377  38.694 0.0000000000
72842  63.680  -8.473  43.503 0.0000000000
72845  62.467  -8.502  44.140 0.0000000000
72856  64.612  -8.556  42.634 0.0000000000
72860  62.619  -8.102  43.182 0.0000000000
72872  62.481  -7.769  42.362 0.0000000000
72894  66.318  -7.357  40.201 0.0000000000
74066  63.875  -7.185  41.780 0.0000000000
74104  61.273  -6.087  38.985 0.0000000000
74114  67.414  -6.602  37.712 0.0000000000
75225  64.615  -5.377  40.376 0.0000000000
76464  66.439  -4.711  39.360 0.0000000000
76473  67.259  -4.235  38.278 0.0000000000
77472  66.909  -3.470  38.407 0.0000000000
77496  66.846  -3.253  37.807 0.0000000000
78503  66.507  -2.584  37.883 0.0000000000
78504  66.105  -2.260  37.617 0.0000000000
79510  66.097  -1.658  38.528 0.0000000000
80539  65.772  -1.054  38.844 0.0000000000
80541  63.808  -0.608  39.663 0.0000000000
80564  64.004  -0.110  37.207 0.0000000000
80567  59.354  -0.505  37.608 0.0000000000
81675  64.012  0.904  39.957 0.0000000000
81684  64.502  1.108  39.746 0.0000000000
82793  62.142  1.126  39.314 0.0000000000
83793  65.179  3.374  35.985 0.0000000000
84797  62.125  3.976  35.672 0.0000000000
86905  64.260  5.054  37.964 0.0000000000
86925  64.971  5.484  37.292 0.0000000000
86928  63.552  5.200  37.571 0.0000000000
87956  64.736  6.082  37.053 0.0000000000
87969  65.096  6.230  36.663 0.0000000000
87971  64.157  6.459  36.627 0.0000000000
88003  65.908  7.159  33.906 0.0000000000
89083  65.433  7.335  34.916 0.0000000000
90089  65.135  8.515  34.179 0.0000000000
136587  54.797  -12.278  52.904 0.0000000000
136823  40.010  -20.542  60.926 0.0000000000
138122  57.903  -10.558  44.043 0.0000000000
139106  61.526  -9.120  46.179 0.0000000000
139652  44.855  -18.844  57.768 0.0000000000
140194  61.344  -10.068  47.332 0.0000000000
141638  38.964  -21.695  56.969 0.0000000000
141731  43.114  -19.909  60.402 0.0000000000
144598  48.706  -15.529  57.078 0.0000000000
144755  62.200  -9.055  45.707 0.0000000000
146904  56.295  -12.234  51.819 0.0000000000
147823  52.268  -16.220  54.804 0.0000000000
148046  62.431  4.268  37.091 0.0000000000
148421  66.063  -3.209  39.405 0.0000000000
150058  65.933  -11.697  41.612 0.0000000000
150352  51.575  -14.195  55.775 0.0000000000
150844  63.592  -13.748  44.674 0.0000000000
150916  61.744  -14.262  46.884 0.0000000000
150946  65.879  -12.571  40.979 0.0000000000
151036  64.948  -2.024  39.696 0.0000000000
151195  59.940  -9.839  43.847 0.0000000000
151860  58.130  -10.594  46.852 0.0000000000
155003  66.204  -2.145  38.790 0.0000000000
155490  64.565  0.440  39.823 0.0000000000
156227  49.677  -14.959  56.837 0.0000000000
156277  34.941  -23.591  60.981 0.0000000000
156279  66.185  -12.079  40.943 0.0000000000
156427  41.035  -20.152  60.782 0.0000000000
156586  64.995  -13.517  41.321 0.0000000000
159246  43.380  -19.414  59.323 0.0000000000
159374  62.904  -15.453  44.071 0.0000000000
160440  63.054  -15.321  44.263 0.0000000000
160554  64.057  -14.467  42.430 0.0000000000
161858  65.244  -6.095  40.507 0.0000000000
161902  65.211  -12.632  42.726 0.0000000000
161954  46.600  -18.432  59.444 0.0000000000
162106  65.562  -2.930  37.068 0.0000000000
162410  63.589  1.151  39.911 0.0000000000
162669  62.764  -13.942  45.662 0.0000000000
162727  65.602  -0.971  39.239 0.0000000000
163145  62.973  -8.589  44.299 0.0000000000
163505  64.570  -13.747  43.166 0.0000000000
163730  57.594  -11.145  48.449 0.0000000000
163920  56.836  -11.497  50.752 0.0000000000
164178  39.374  -21.286  57.957 0.0000000000
164469  64.798  -13.728  41.864 0.0000000000
164681  63.865  -9.467  44.164 0.0000000000
