#!ascii label  , from subject sub-LJ001 vox2ras=TkReg
1081
116091  54.309  36.827  21.079 0.0000000000
120005  55.271  41.677  16.461 0.0000000000
114477  59.116  34.662  27.692 0.0000000000
115323  47.187  35.371  19.546 0.0000000000
112964  49.328  32.547  21.165 0.0000000000
116171  56.296  36.815  14.108 0.0000000000
122416  50.552  45.886  15.933 0.0000000000
123037  52.643  47.520  13.230 0.0000000000
114409  57.588  34.436  32.974 0.0000000000
111366  53.718  30.194  27.955 0.0000000000
145107  59.355  35.369  17.573 0.0000000000
113750  58.148  32.571  22.112 0.0000000000
117702  57.505  38.570  22.405 0.0000000000
118422  55.605  39.427  27.367 0.0000000000
120050  51.033  41.959  12.225 0.0000000000
145550  56.715  41.200  11.826 0.0000000000
112905  51.019  33.108  25.750 0.0000000000
153605  50.627  35.477  20.689 0.0000000000
148484  49.101  33.891  17.884 0.0000000000
160122  52.345  34.059  19.883 0.0000000000
116964  55.677  37.272  17.058 0.0000000000
117738  51.630  38.585  20.457 0.0000000000
124931  51.648  49.695  17.402 0.0000000000
113608  55.549  32.700  33.963 0.0000000000
111336  57.100  30.095  32.505 0.0000000000
145614  54.538  29.527  32.424 0.0000000000
117880  51.145  38.231  9.117 0.0000000000
118534  57.423  39.030  17.484 0.0000000000
136386  58.757  37.786  19.874 0.0000000000
140327  57.086  40.549  20.006 0.0000000000
137161  51.990  42.917  23.915 0.0000000000
120554  55.170  42.784  25.283 0.0000000000
118450  53.124  40.542  25.854 0.0000000000
116859  53.841  37.666  27.604 0.0000000000
121293  54.918  44.510  14.507 0.0000000000
121869  55.813  44.961  12.452 0.0000000000
120024  56.366  41.688  14.313 0.0000000000
117805  57.914  38.297  14.357 0.0000000000
114505  59.403  33.849  25.412 0.0000000000
113715  54.377  34.181  24.344 0.0000000000
114499  55.467  34.652  26.601 0.0000000000
112983  45.891  32.672  20.384 0.0000000000
111404  46.029  30.749  22.752 0.0000000000
116209  56.142  36.500  10.348 0.0000000000
117820  53.122  38.235  12.943 0.0000000000
121288  52.752  43.679  15.694 0.0000000000
120653  54.234  42.161  19.173 0.0000000000
159400  45.633  47.555  16.445 0.0000000000
148814  48.297  46.518  13.637 0.0000000000
123000  53.313  47.973  14.989 0.0000000000
114449  59.141  34.726  30.161 0.0000000000
113669  55.394  34.118  28.928 0.0000000000
112850  56.770  32.685  31.331 0.0000000000
110568  56.052  29.440  28.477 0.0000000000
116122  57.212  35.689  19.581 0.0000000000
114551  56.113  34.043  21.159 0.0000000000
114561  59.250  33.817  20.477 0.0000000000
115284  59.677  34.735  22.802 0.0000000000
149123  58.557  36.155  25.209 0.0000000000
119981  56.121  42.268  21.722 0.0000000000
118458  56.504  39.851  24.502 0.0000000000
116027  57.790  37.291  27.553 0.0000000000
116004  56.587  37.040  29.876 0.0000000000
114437  54.478  34.986  31.077 0.0000000000
119405  49.610  40.358  10.652 0.0000000000
118640  53.035  39.484  9.895 0.0000000000
120062  54.505  42.569  11.306 0.0000000000
118637  56.100  39.712  9.701 0.0000000000
116192  58.195  36.276  11.649 0.0000000000
115367  57.746  35.610  15.386 0.0000000000
112960  53.546  32.481  21.007 0.0000000000
112929  50.032  32.739  23.683 0.0000000000
111387  47.806  30.424  24.321 0.0000000000
112897  52.275  32.241  27.552 0.0000000000
140135  52.892  36.280  21.329 0.0000000000
115319  51.866  34.757  20.371 0.0000000000
115299  53.171  35.459  21.146 0.0000000000
116937  55.085  37.315  20.129 0.0000000000
117754  54.145  38.269  19.045 0.0000000000
116939  53.337  37.934  20.583 0.0000000000
116917  51.462  37.498  21.337 0.0000000000
112801  53.837  31.912  34.221 0.0000000000
111303  55.097  30.013  33.819 0.0000000000
111304  53.933  29.984  33.959 0.0000000000
110624  44.220  29.503  21.892 0.0000000000
119315  56.278  40.237  17.396 0.0000000000
118521  57.567  39.394  18.746 0.0000000000
119296  56.254  40.386  18.282 0.0000000000
120575  50.604  43.062  25.109 0.0000000000
120557  52.860  42.971  25.469 0.0000000000
120671  54.861  42.930  15.426 0.0000000000
156065  55.941  43.553  14.160 0.0000000000
120014  55.746  41.454  15.714 0.0000000000
118556  56.797  39.893  15.399 0.0000000000
114497  58.994  34.234  26.680 0.0000000000
141538  56.653  34.513  26.283 0.0000000000
114498  57.424  34.463  27.108 0.0000000000
115338  45.830  35.054  18.699 0.0000000000
115348  46.419  34.667  17.994 0.0000000000
113782  49.586  33.570  18.669 0.0000000000
113784  47.180  33.353  19.164 0.0000000000
112981  47.661  32.846  20.295 0.0000000000
112185  46.108  31.759  21.725 0.0000000000
112953  47.695  32.065  22.019 0.0000000000
116195  56.631  36.455  12.321 0.0000000000
117026  54.662  37.430  11.902 0.0000000000
144459  54.763  37.722  13.870 0.0000000000
116097  48.496  36.069  20.994 0.0000000000
116117  46.736  35.794  20.740 0.0000000000
121843  51.233  44.373  15.874 0.0000000000
121273  51.944  43.021  17.101 0.0000000000
121282  50.804  43.973  16.501 0.0000000000
123629  52.318  49.118  16.974 0.0000000000
124943  51.936  49.436  16.450 0.0000000000
123001  52.334  47.601  15.452 0.0000000000
122419  52.623  45.404  14.807 0.0000000000
115192  58.807  34.945  31.507 0.0000000000
113644  58.720  33.946  30.938 0.0000000000
112832  58.304  32.596  32.378 0.0000000000
109733  56.411  29.036  30.139 0.0000000000
111354  56.386  29.779  30.081 0.0000000000
109767  56.510  28.433  27.740 0.0000000000
115346  58.712  34.753  18.264 0.0000000000
114576  58.888  34.384  19.163 0.0000000000
115333  59.478  34.800  19.052 0.0000000000
136940  58.487  38.098  20.681 0.0000000000
116089  59.259  36.111  20.964 0.0000000000
147283  58.537  36.767  22.129 0.0000000000
115273  59.262  35.395  23.582 0.0000000000
116893  57.997  36.742  23.683 0.0000000000
153280  53.811  42.426  20.415 0.0000000000
119986  55.227  42.059  20.576 0.0000000000
120623  54.762  42.734  21.960 0.0000000000
119233  55.426  41.395  26.001 0.0000000000
119966  56.104  41.766  24.721 0.0000000000
117668  56.286  39.612  26.523 0.0000000000
117667  56.893  38.493  26.476 0.0000000000
117653  56.518  38.743  27.706 0.0000000000
149981  57.604  37.418  28.814 0.0000000000
116843  55.853  37.922  28.655 0.0000000000
116023  52.830  36.210  28.245 0.0000000000
116007  54.026  36.277  29.208 0.0000000000
119391  50.075  40.828  11.141 0.0000000000
119403  51.465  40.099  10.689 0.0000000000
119389  51.948  40.628  11.211 0.0000000000
123038  50.576  46.986  13.260 0.0000000000
122449  50.190  45.518  13.130 0.0000000000
155283  52.192  45.749  12.549 0.0000000000
120710  56.334  42.793  11.775 0.0000000000
158874  55.583  43.431  11.503 0.0000000000
120061  55.814  42.078  10.848 0.0000000000
119399  55.740  40.680  10.103 0.0000000000
119387  56.837  40.274  11.257 0.0000000000
117866  57.554  37.465  10.643 0.0000000000
118613  57.704  38.631  12.103 0.0000000000
144199  58.499  37.142  15.866 0.0000000000
116169  58.532  35.935  14.524 0.0000000000
115359  58.672  35.500  16.421 0.0000000000
116137  57.491  35.578  16.987 0.0000000000
139090  57.622  32.850  21.570 0.0000000000
113768  54.796  32.738  20.844 0.0000000000
113751  55.714  32.693  22.028 0.0000000000
113717  52.249  33.828  24.917 0.0000000000
113736  52.144  33.471  23.684 0.0000000000
112913  50.136  32.822  24.600 0.0000000000
112915  48.688  32.026  23.977 0.0000000000
112150  48.767  30.915  25.027 0.0000000000
112879  54.069  32.837  29.103 0.0000000000
113671  53.602  33.270  28.402 0.0000000000
112881  52.914  31.798  28.232 0.0000000000
115302  49.300  35.569  20.520 0.0000000000
114578  48.233  34.528  17.931 0.0000000000
114577  49.965  34.246  18.457 0.0000000000
113790  50.419  33.964  18.575 0.0000000000
112978  50.846  33.154  19.678 0.0000000000
116973  55.628  37.267  16.163 0.0000000000
143523  49.948  36.795  21.415 0.0000000000
113607  56.768  32.946  34.008 0.0000000000
152771  58.195  31.763  33.782 0.0000000000
111288  56.579  30.682  34.146 0.0000000000
110520  56.207  29.598  32.421 0.0000000000
117772  58.531  37.427  16.881 0.0000000000
116944  59.380  36.350  18.684 0.0000000000
147051  58.521  38.125  18.681 0.0000000000
118484  58.006  39.481  19.834 0.0000000000
118471  57.668  39.903  21.023 0.0000000000
164734  52.450  42.532  22.034 0.0000000000
120610  54.224  43.042  22.955 0.0000000000
121236  53.555  43.395  24.428 0.0000000000
119949  54.159  42.130  25.791 0.0000000000
119215  54.654  40.539  26.529 0.0000000000
116858  54.734  38.394  27.721 0.0000000000
117671  53.509  38.971  26.577 0.0000000000
116869  52.375  37.658  26.620 0.0000000000
116042  52.031  36.931  26.948 0.0000000000
121308  49.449  43.369  12.694 0.0000000000
123673  55.245  47.867  14.003 0.0000000000
122445  54.990  46.856  13.064 0.0000000000
121852  55.862  45.304  13.440 0.0000000000
120683  56.340  43.304  13.472 0.0000000000
139225  56.701  41.116  13.658 0.0000000000
118594  57.380  39.624  13.557 0.0000000000
118576  57.093  39.837  14.432 0.0000000000
117782  58.082  38.066  16.356 0.0000000000
113713  58.518  33.121  23.899 0.0000000000
113733  55.479  33.351  22.985 0.0000000000
114516  56.826  33.954  24.528 0.0000000000
114509  54.320  34.451  25.295 0.0000000000
114502  52.853  34.187  26.114 0.0000000000
110581  53.889  29.195  26.897 0.0000000000
109780  52.375  28.855  26.233 0.0000000000
112984  44.274  32.875  19.478 0.0000000000
113804  46.778  33.991  17.674 0.0000000000
113785  46.142  33.277  19.383 0.0000000000
112969  44.907  32.312  20.590 0.0000000000
112186  45.223  31.629  21.509 0.0000000000
111405  45.301  30.443  22.536 0.0000000000
158784  45.191  29.767  22.705 0.0000000000
117057  54.053  36.836  10.134 0.0000000000
159872  53.015  37.465  11.158 0.0000000000
120666  54.621  42.364  16.375 0.0000000000
119999  54.827  41.697  17.880 0.0000000000
120662  53.509  42.487  17.657 0.0000000000
120654  53.346  42.418  18.658 0.0000000000
120646  51.821  42.551  19.162 0.0000000000
137152  51.252  42.386  20.795 0.0000000000
163731  50.771  42.320  21.557 0.0000000000
123679  46.841  47.354  14.711 0.0000000000
123677  48.728  47.747  14.161 0.0000000000
124343  50.589  48.283  14.024 0.0000000000
123686  53.826  48.646  14.445 0.0000000000
122426  54.426  46.623  14.360 0.0000000000
121854  53.930  44.480  14.827 0.0000000000
114476  59.263  34.801  28.717 0.0000000000
114463  57.363  34.434  28.580 0.0000000000
114451  57.883  34.290  29.445 0.0000000000
113646  56.299  33.291  30.576 0.0000000000
112122  54.903  31.420  29.863 0.0000000000
112086  56.729  30.989  31.771 0.0000000000
112121  55.777  30.820  30.419 0.0000000000
111365  54.870  29.851  28.227 0.0000000000
140627  55.738  36.778  20.242 0.0000000000
115297  55.701  35.267  21.204 0.0000000000
115317  57.345  35.041  20.452 0.0000000000
114563  57.839  33.978  20.794 0.0000000000
113764  59.385  32.846  21.524 0.0000000000
115315  59.686  35.169  19.988 0.0000000000
115295  59.783  34.299  21.259 0.0000000000
162985  59.535  32.591  22.701 0.0000000000
141329  59.963  33.534  23.945 0.0000000000
147881  59.488  34.679  25.278 0.0000000000
115253  59.397  34.956  26.651 0.0000000000
119276  55.667  41.304  19.449 0.0000000000
119985  56.769  41.453  20.982 0.0000000000
119251  57.247  40.448  21.831 0.0000000000
120608  55.832  42.836  23.028 0.0000000000
119248  56.584  40.688  23.596 0.0000000000
118463  57.037  39.241  23.025 0.0000000000
116882  57.400  37.454  24.938 0.0000000000
116041  58.140  36.858  26.831 0.0000000000
116026  59.048  35.765  27.900 0.0000000000
116002  58.790  36.085  29.631 0.0000000000
115988  58.550  36.033  30.468 0.0000000000
115203  57.137  36.135  31.301 0.0000000000
116020  55.335  37.232  28.960 0.0000000000
115990  55.647  36.429  30.127 0.0000000000
114419  55.920  34.820  32.062 0.0000000000
113627  54.467  33.867  32.283 0.0000000000
118652  50.567  39.024  9.662 0.0000000000
118650  52.617  38.761  9.373 0.0000000000
118649  53.635  38.751  9.138 0.0000000000
121870  54.010  45.227  12.304 0.0000000000
120714  52.946  41.863  11.823 0.0000000000
119401  54.023  40.852  10.553 0.0000000000
118639  54.256  39.752  9.655 0.0000000000
117876  55.472  38.461  8.717 0.0000000000
117073  56.649  36.892  9.432 0.0000000000
116207  57.373  36.230  10.709 0.0000000000
142802  57.416  35.899  12.834 0.0000000000
117819  58.119  37.910  13.330 0.0000000000
115370  58.289  35.717  13.846 0.0000000000
116155  57.110  36.089  15.093 0.0000000000
116145  56.976  36.055  16.363 0.0000000000
116130  56.442  36.665  18.516 0.0000000000
114564  53.899  33.474  20.383 0.0000000000
112976  53.033  32.847  20.279 0.0000000000
112962  51.960  32.536  21.156 0.0000000000
113752  54.156  32.926  22.291 0.0000000000
112949  51.714  32.731  22.310 0.0000000000
140728  49.979  32.463  21.753 0.0000000000
112931  48.559  32.163  23.082 0.0000000000
111395  47.061  30.508  23.638 0.0000000000
114465  54.983  34.376  28.139 0.0000000000
114481  53.720  34.302  27.107 0.0000000000
112901  51.319  32.717  26.402 0.0000000000
109781  51.464  29.029  26.086 0.0000000000
148547  50.100  31.073  25.908 0.0000000000
161694  53.419  29.478  31.304 0.0000000000
109756  53.962  28.188  28.850 0.0000000000
136742  53.035  36.857  21.333 0.0000000000
116092  53.810  36.203  21.287 0.0000000000
116938  54.271  37.497  20.485 0.0000000000
116915  53.587  37.209  21.115 0.0000000000
111291  53.592  30.433  34.387 0.0000000000
119331  55.822  40.860  16.640 0.0000000000
119316  55.791  40.738  17.610 0.0000000000
120670  55.324  42.209  15.629 0.0000000000
155190  59.284  34.538  26.761 0.0000000000
137767  58.521  34.349  27.171 0.0000000000
115337  46.755  35.119  18.557 0.0000000000
112979  49.950  33.047  19.802 0.0000000000
112980  48.888  32.977  19.998 0.0000000000
112965  48.260  32.488  21.198 0.0000000000
117010  55.769  37.166  13.366 0.0000000000
140888  55.538  37.183  12.389 0.0000000000
116116  47.695  35.766  20.589 0.0000000000
115324  46.265  35.354  19.723 0.0000000000
121849  51.144  45.370  15.513 0.0000000000
121844  50.402  44.803  16.200 0.0000000000
123002  51.291  47.241  16.062 0.0000000000
123649  52.021  48.456  16.661 0.0000000000
122421  51.365  46.397  15.495 0.0000000000
115186  58.022  35.026  32.440 0.0000000000
114416  58.933  34.177  31.961 0.0000000000
113613  58.643  33.461  33.090 0.0000000000
109743  56.614  28.823  28.866 0.0000000000
157225  59.140  35.033  17.421 0.0000000000
115345  59.103  34.805  17.890 0.0000000000
115344  59.331  34.968  18.108 0.0000000000
117701  58.052  38.353  21.495 0.0000000000
116914  58.620  37.216  21.358 0.0000000000
116902  58.077  37.568  22.198 0.0000000000
116892  58.258  36.793  22.839 0.0000000000
155078  57.657  37.549  23.061 0.0000000000
120633  54.626  42.397  20.958 0.0000000000
120634  53.910  42.542  21.288 0.0000000000
119214  55.297  40.649  26.492 0.0000000000
118434  55.876  40.592  26.243 0.0000000000
118435  55.762  39.975  26.889 0.0000000000
154978  56.594  38.930  27.153 0.0000000000
117669  56.161  39.341  27.297 0.0000000000
117644  56.295  38.445  28.230 0.0000000000
117654  55.972  38.973  27.796 0.0000000000
151277  50.096  41.979  12.124 0.0000000000
120067  49.548  41.423  11.567 0.0000000000
120066  50.526  41.352  11.696 0.0000000000
119390  50.984  40.709  11.231 0.0000000000
120065  51.508  41.284  11.747 0.0000000000
152575  51.501  47.213  13.167 0.0000000000
123054  51.873  46.485  12.770 0.0000000000
123053  53.135  46.755  12.754 0.0000000000
150322  56.580  42.070  12.283 0.0000000000
159715  56.065  42.588  11.243 0.0000000000
147659  56.327  41.922  11.309 0.0000000000
162614  56.465  41.104  11.040 0.0000000000
118626  57.176  39.323  11.018 0.0000000000
118614  57.327  39.505  11.754 0.0000000000
116972  58.908  36.456  16.582 0.0000000000
116144  58.975  35.982  16.361 0.0000000000
115352  59.080  35.358  16.960 0.0000000000
143667  58.845  35.160  16.884 0.0000000000
112944  56.817  32.682  21.855 0.0000000000
113708  51.582  33.538  25.331 0.0000000000
113718  51.609  33.512  24.378 0.0000000000
113709  50.833  33.277  24.946 0.0000000000
112907  49.672  32.271  25.075 0.0000000000
112906  50.374  32.715  25.383 0.0000000000
112136  53.635  31.413  28.756 0.0000000000
112880  53.464  32.307  28.678 0.0000000000
111363  53.181  30.929  28.244 0.0000000000
115301  49.964  35.873  21.001 0.0000000000
157259  49.428  34.919  19.459 0.0000000000
115321  50.189  34.940  19.903 0.0000000000
114566  50.808  34.203  19.043 0.0000000000
148582  51.644  34.100  19.495 0.0000000000
113780  51.148  33.791  19.111 0.0000000000
157783  51.897  33.516  19.517 0.0000000000
116974  54.895  37.795  16.719 0.0000000000
116965  54.932  37.804  17.678 0.0000000000
155703  52.996  38.433  19.983 0.0000000000
159284  53.642  38.486  18.553 0.0000000000
116094  51.416  36.545  21.300 0.0000000000
141191  50.689  37.107  21.435 0.0000000000
116095  50.643  36.264  21.217 0.0000000000
112806  56.478  32.263  34.346 0.0000000000
112799  55.719  31.854  34.478 0.0000000000
110521  55.260  29.553  32.587 0.0000000000
110493  55.624  29.687  33.188 0.0000000000
110533  55.423  29.388  31.630 0.0000000000
110547  55.672  29.018  30.610 0.0000000000
117881  50.100  38.474  9.178 0.0000000000
117894  49.610  38.068  8.560 0.0000000000
117773  57.952  38.353  17.209 0.0000000000
117763  58.509  37.754  17.805 0.0000000000
117764  57.880  38.738  18.214 0.0000000000
118504  57.146  40.177  19.492 0.0000000000
118503  57.569  39.694  19.345 0.0000000000
119274  57.524  40.059  19.830 0.0000000000
159087  57.953  39.536  20.463 0.0000000000
119262  57.571  40.184  20.413 0.0000000000
137157  52.155  42.649  22.863 0.0000000000
149620  52.690  42.961  23.491 0.0000000000
120592  52.738  43.285  24.420 0.0000000000
119950  52.562  42.264  25.624 0.0000000000
153679  53.355  42.475  25.635 0.0000000000
119236  53.285  41.625  25.752 0.0000000000
119235  54.018  41.057  26.097 0.0000000000
118437  53.858  39.994  26.418 0.0000000000
117672  52.641  38.504  26.297 0.0000000000
117673  51.737  38.094  26.104 0.0000000000
163213  51.662  37.365  26.489 0.0000000000
122425  55.182  46.626  14.073 0.0000000000
122424  55.428  46.397  13.598 0.0000000000
121853  55.372  45.513  13.980 0.0000000000
120674  56.158  42.616  14.210 0.0000000000
120682  56.534  42.165  13.352 0.0000000000
148916  56.967  40.371  13.863 0.0000000000
155359  56.591  40.718  14.600 0.0000000000
118546  57.326  39.025  16.347 0.0000000000
113706  59.228  33.386  24.584 0.0000000000
114515  58.093  33.580  24.675 0.0000000000
163161  55.812  34.602  25.966 0.0000000000
114508  56.111  34.427  25.302 0.0000000000
142231  55.159  34.573  25.711 0.0000000000
114510  53.531  34.376  25.732 0.0000000000
114500  54.291  34.540  26.317 0.0000000000
112992  43.845  33.422  18.610 0.0000000000
162468  44.605  33.468  18.765 0.0000000000
145101  49.167  34.080  17.846 0.0000000000
114588  47.673  34.381  17.731 0.0000000000
160004  48.460  33.872  17.844 0.0000000000
112982  46.712  32.899  20.138 0.0000000000
112991  45.183  33.135  19.584 0.0000000000
112187  44.321  31.511  21.144 0.0000000000
112968  45.751  32.163  21.125 0.0000000000
112179  46.427  31.370  22.394 0.0000000000
112180  45.606  31.170  22.204 0.0000000000
116221  56.175  36.537  9.613 0.0000000000
116222  55.276  36.606  9.647 0.0000000000
138610  53.977  37.843  12.668 0.0000000000
117027  53.538  37.778  12.000 0.0000000000
150656  52.236  38.412  12.860 0.0000000000
121279  53.227  43.200  16.210 0.0000000000
120667  53.780  42.696  16.766 0.0000000000
137013  52.519  42.624  17.903 0.0000000000
120655  52.481  42.543  18.702 0.0000000000
137150  51.301  42.496  19.847 0.0000000000
123680  46.004  47.181  14.976 0.0000000000
123666  45.777  47.393  15.739 0.0000000000
123663  48.277  48.070  14.900 0.0000000000
124340  49.315  48.288  14.800 0.0000000000
123676  49.682  48.156  14.205 0.0000000000
156979  53.132  48.588  15.483 0.0000000000
124328  53.307  49.183  15.102 0.0000000000
124337  52.708  49.153  14.917 0.0000000000
123675  53.716  48.701  14.513 0.0000000000
123018  54.283  47.861  14.471 0.0000000000
122427  53.318  46.554  14.607 0.0000000000
121848  52.809  44.428  15.064 0.0000000000
121287  53.506  43.706  15.434 0.0000000000
120672  54.070  43.076  15.911 0.0000000000
114461  59.259  34.744  29.389 0.0000000000
114450  58.829  34.453  29.717 0.0000000000
113645  57.608  33.489  30.981 0.0000000000
112861  55.335  32.918  30.203 0.0000000000
112105  55.305  31.921  30.430 0.0000000000
112064  57.909  31.005  33.342 0.0000000000
112816  58.107  31.614  32.811 0.0000000000
112085  57.383  30.711  32.588 0.0000000000
111360  56.333  29.522  29.245 0.0000000000
111361  55.348  30.123  28.916 0.0000000000
110574  55.623  29.294  27.715 0.0000000000
110580  55.088  29.070  27.007 0.0000000000
156994  55.598  28.592  26.563 0.0000000000
116113  56.458  36.012  20.379 0.0000000000
152169  58.896  33.839  20.001 0.0000000000
115316  58.501  34.242  20.077 0.0000000000
114562  58.817  33.594  20.524 0.0000000000
114549  58.260  33.199  21.131 0.0000000000
156324  59.431  33.350  21.120 0.0000000000
116945  58.917  37.431  19.089 0.0000000000
116121  59.549  35.561  19.192 0.0000000000
116935  59.243  36.670  19.519 0.0000000000
115283  59.523  35.179  21.699 0.0000000000
114538  60.031  34.022  22.055 0.0000000000
140277  60.088  33.240  22.236 0.0000000000
114528  60.135  33.637  23.038 0.0000000000
113748  60.031  32.903  23.150 0.0000000000
115272  59.803  34.357  23.797 0.0000000000
116060  58.691  35.969  24.286 0.0000000000
115265  59.472  35.012  24.487 0.0000000000
115262  59.100  35.436  25.059 0.0000000000
116056  59.121  35.369  25.917 0.0000000000
119992  54.892  41.689  18.809 0.0000000000
138753  56.094  41.843  20.978 0.0000000000
119980  56.591  41.768  21.613 0.0000000000
119257  57.064  41.164  21.371 0.0000000000
137085  56.789  41.411  22.141 0.0000000000
120590  54.725  43.416  24.311 0.0000000000
120609  55.181  43.101  22.868 0.0000000000
143845  55.327  43.206  23.683 0.0000000000
119245  56.311  40.917  24.666 0.0000000000
159781  56.387  41.478  24.018 0.0000000000
118464  56.716  39.783  23.539 0.0000000000
117694  56.736  39.020  23.899 0.0000000000
117693  56.940  38.194  24.367 0.0000000000
163929  56.685  38.914  24.729 0.0000000000
147694  57.471  37.654  26.892 0.0000000000
116867  57.543  37.397  25.997 0.0000000000
160012  58.507  36.519  27.514 0.0000000000
116017  58.954  35.914  28.763 0.0000000000
136876  58.278  36.817  28.301 0.0000000000
116019  57.228  37.353  29.382 0.0000000000
116003  57.744  36.804  30.090 0.0000000000
149894  57.715  36.388  30.810 0.0000000000
115989  56.806  36.583  30.585 0.0000000000
117656  54.062  38.605  27.187 0.0000000000
116844  54.794  37.654  28.300 0.0000000000
116021  54.447  36.851  28.716 0.0000000000
115219  54.536  35.981  29.886 0.0000000000
115205  55.010  35.676  30.623 0.0000000000
115196  55.443  35.282  31.353 0.0000000000
114411  55.414  34.110  32.548 0.0000000000
119406  48.655  40.620  10.601 0.0000000000
120080  47.995  41.215  10.823 0.0000000000
118643  50.034  39.682  10.226 0.0000000000
118641  52.005  39.449  10.103 0.0000000000
122444  55.438  45.961  12.755 0.0000000000
142172  54.790  45.970  12.526 0.0000000000
121303  55.053  45.163  12.242 0.0000000000
161876  55.181  42.875  11.203 0.0000000000
121304  54.203  44.117  12.054 0.0000000000
120713  53.902  43.036  11.794 0.0000000000
146913  53.677  42.177  11.575 0.0000000000
120063  53.397  41.412  11.284 0.0000000000
120079  54.283  41.762  11.001 0.0000000000
119400  54.969  40.728  10.095 0.0000000000
119415  55.299  39.949  9.556 0.0000000000
118638  54.984  39.147  8.963 0.0000000000
118648  56.062  38.643  9.142 0.0000000000
117875  55.947  37.853  8.707 0.0000000000
140664  56.625  38.650  9.752 0.0000000000
117024  57.993  37.387  11.558 0.0000000000
116206  57.889  35.997  11.297 0.0000000000
116194  57.670  35.860  11.994 0.0000000000
116193  58.100  35.845  11.969 0.0000000000
118593  57.694  38.796  13.673 0.0000000000
150547  57.750  38.790  12.968 0.0000000000
161211  58.357  37.367  13.950 0.0000000000
115365  58.307  35.693  14.893 0.0000000000
148639  58.546  36.027  13.674 0.0000000000
115371  58.120  35.569  14.456 0.0000000000
115380  58.015  35.520  13.856 0.0000000000
145068  56.452  36.537  15.709 0.0000000000
149521  57.248  35.899  15.716 0.0000000000
116129  57.224  35.882  17.950 0.0000000000
158706  57.031  36.091  18.837 0.0000000000
116123  56.427  36.499  19.526 0.0000000000
114552  54.395  34.276  20.829 0.0000000000
164413  55.491  33.473  20.960 0.0000000000
112959  54.220  32.583  20.791 0.0000000000
112975  53.648  32.733  20.499 0.0000000000
160888  53.289  32.625  20.609 0.0000000000
112977  52.188  32.857  20.134 0.0000000000
114529  55.225  33.989  23.915 0.0000000000
113734  54.483  33.582  23.297 0.0000000000
113737  51.539  33.189  23.377 0.0000000000
113754  52.370  33.134  22.872 0.0000000000
112928  50.803  32.810  22.978 0.0000000000
138214  50.888  32.534  21.732 0.0000000000
112950  50.019  32.589  22.663 0.0000000000
112951  49.253  32.423  22.379 0.0000000000
112930  49.285  32.440  23.386 0.0000000000
112157  48.295  31.239  24.361 0.0000000000
112158  47.691  31.041  23.891 0.0000000000
110606  46.382  29.599  23.485 0.0000000000
110605  47.230  29.611  24.009 0.0000000000
114452  56.536  34.239  29.195 0.0000000000
114464  56.051  34.428  28.356 0.0000000000
112896  52.910  32.773  28.050 0.0000000000
113690  53.254  33.657  27.632 0.0000000000
113691  52.553  33.264  27.294 0.0000000000
112898  51.606  32.140  26.971 0.0000000000
109791  51.921  28.438  25.654 0.0000000000
110583  51.923  29.541  26.589 0.0000000000
115300  51.290  35.567  20.910 0.0000000000
138227  52.204  35.729  21.127 0.0000000000
114554  52.690  34.675  20.603 0.0000000000
116957  54.893  37.828  18.668 0.0000000000
116947  54.650  37.773  19.605 0.0000000000
156235  53.839  38.177  19.863 0.0000000000
117737  52.489  38.247  20.605 0.0000000000
117713  51.932  38.043  21.096 0.0000000000
163568  52.087  37.543  21.282 0.0000000000
116093  52.252  36.888  21.365 0.0000000000
112800  54.784  31.971  34.355 0.0000000000
149901  55.133  31.389  34.503 0.0000000000
111290  54.618  30.441  34.261 0.0000000000
110494  54.452  29.664  33.256 0.0000000000
118535  56.853  39.580  17.330 0.0000000000
148363  57.219  39.428  18.137 0.0000000000
148460  56.660  39.865  18.031 0.0000000000
118522  56.957  39.912  18.808 0.0000000000
119275  56.427  40.616  19.281 0.0000000000
120593  51.263  43.046  24.533 0.0000000000
136605  51.931  43.259  24.758 0.0000000000
120574  51.443  43.158  25.172 0.0000000000
156221  52.405  41.195  25.614 0.0000000000
120675  55.244  43.624  14.678 0.0000000000
121292  55.700  44.499  14.046 0.0000000000
136877  55.581  42.821  14.849 0.0000000000
120025  55.907  42.040  14.963 0.0000000000
120013  56.178  41.345  15.046 0.0000000000
119344  56.260  40.727  15.636 0.0000000000
148206  56.508  40.048  16.449 0.0000000000
114506  58.822  33.789  25.717 0.0000000000
114507  57.467  34.143  25.498 0.0000000000
139163  58.071  34.243  26.443 0.0000000000
159787  56.353  34.615  27.062 0.0000000000
113783  48.408  33.497  18.741 0.0000000000
112967  46.644  32.388  21.060 0.0000000000
112966  47.446  32.342  21.344 0.0000000000
112954  46.929  31.900  21.883 0.0000000000
112178  47.176  31.564  22.590 0.0000000000
117025  55.878  36.801  11.419 0.0000000000
117041  55.032  36.981  10.705 0.0000000000
117011  54.751  37.612  12.954 0.0000000000
117012  53.969  38.063  13.454 0.0000000000
140661  47.791  36.636  21.324 0.0000000000
116098  47.124  36.424  21.232 0.0000000000
115303  45.818  35.814  20.870 0.0000000000
115325  45.333  35.312  19.857 0.0000000000
121289  52.033  43.973  15.684 0.0000000000
121280  52.382  43.354  16.359 0.0000000000
121281  51.521  43.623  16.432 0.0000000000
124938  52.048  49.508  17.094 0.0000000000
124939  51.480  49.537  16.805 0.0000000000
123648  52.443  49.159  16.439 0.0000000000
123662  52.753  48.801  15.982 0.0000000000
122420  52.138  46.238  14.962 0.0000000000
142420  51.906  44.899  15.224 0.0000000000
115201  58.973  35.208  30.729 0.0000000000
114435  58.879  34.365  30.387 0.0000000000
113643  58.890  33.909  31.554 0.0000000000
113625  58.479  33.401  31.675 0.0000000000
113626  57.743  32.821  31.730 0.0000000000
142184  56.339  29.528  30.643 0.0000000000
111337  56.774  30.014  31.798 0.0000000000
110567  56.669  29.023  28.759 0.0000000000
110573  56.469  28.989  27.982 0.0000000000
116128  57.766  35.361  18.559 0.0000000000
115334  58.188  34.854  19.348 0.0000000000
114574  59.174  34.696  18.622 0.0000000000
114575  59.203  34.390  19.554 0.0000000000
116936  58.982  36.989  20.379 0.0000000000
137099  58.970  36.248  21.714 0.0000000000
116076  58.982  35.929  22.601 0.0000000000
116065  58.614  36.187  23.401 0.0000000000
116061  57.924  36.736  24.567 0.0000000000
120643  54.419  42.219  20.065 0.0000000000
119990  54.990  41.810  19.715 0.0000000000
120632  55.466  42.372  21.405 0.0000000000
120622  55.693  42.685  22.223 0.0000000000
119967  55.742  42.502  24.638 0.0000000000
119947  55.597  42.024  25.384 0.0000000000
119232  55.971  41.223  25.492 0.0000000000
118449  56.247  40.300  25.557 0.0000000000
117682  56.538  39.271  25.569 0.0000000000
116855  57.082  38.199  27.477 0.0000000000
116841  57.407  37.691  28.194 0.0000000000
116856  56.863  38.285  28.109 0.0000000000
116842  56.816  37.880  28.698 0.0000000000
116830  56.284  37.474  29.221 0.0000000000
116028  53.282  36.827  27.840 0.0000000000
116845  53.971  37.091  28.190 0.0000000000
116022  53.610  36.523  28.512 0.0000000000
115220  53.631  35.624  29.646 0.0000000000
156562  48.842  41.701  11.635 0.0000000000
119392  48.754  41.236  11.191 0.0000000000
159312  49.326  40.882  11.040 0.0000000000
119404  50.512  40.218  10.694 0.0000000000
119402  52.443  40.062  10.589 0.0000000000
123039  49.694  46.803  13.427 0.0000000000
147318  49.621  45.932  13.350 0.0000000000
122433  50.199  46.269  13.279 0.0000000000
123055  50.898  46.275  13.040 0.0000000000
121302  56.286  43.653  12.071 0.0000000000
121320  55.371  44.248  11.876 0.0000000000
120711  56.040  43.252  11.526 0.0000000000
160687  55.688  42.727  11.152 0.0000000000
120733  55.138  42.183  10.798 0.0000000000
163823  54.812  41.433  10.519 0.0000000000
120078  55.462  41.444  10.469 0.0000000000
119398  56.332  40.527  10.446 0.0000000000
118636  56.718  39.560  10.421 0.0000000000
118625  57.541  38.487  11.238 0.0000000000
117789  58.361  37.332  14.819 0.0000000000
116981  58.601  36.394  15.120 0.0000000000
143272  58.570  35.823  15.598 0.0000000000
141839  58.351  35.575  15.721 0.0000000000
115355  57.813  35.454  16.148 0.0000000000
115354  58.240  35.187  17.026 0.0000000000
116136  58.122  35.148  17.587 0.0000000000
114550  57.079  33.406  21.285 0.0000000000
113767  55.722  33.070  21.091 0.0000000000
113766  56.585  32.932  21.495 0.0000000000
112945  55.541  32.782  21.385 0.0000000000
112946  54.232  32.546  21.340 0.0000000000
113716  52.914  33.966  24.472 0.0000000000
160363  53.639  33.914  23.941 0.0000000000
137100  52.356  33.703  24.215 0.0000000000
113719  50.753  33.187  24.020 0.0000000000
112914  49.418  32.387  24.295 0.0000000000
112156  48.995  31.771  24.737 0.0000000000
163798  48.311  30.695  24.662 0.0000000000
113658  54.852  33.377  29.442 0.0000000000
113670  54.437  33.761  28.668 0.0000000000
112139  52.464  31.263  27.775 0.0000000000
115322  48.626  35.360  19.990 0.0000000000
115336  47.631  35.029  18.349 0.0000000000
115335  48.870  34.719  18.592 0.0000000000
115320  51.084  34.768  20.067 0.0000000000
113791  49.883  33.938  18.119 0.0000000000
113781  50.438  33.693  18.774 0.0000000000
116982  55.634  37.278  15.326 0.0000000000
142495  54.965  37.756  15.058 0.0000000000
117783  54.119  38.182  16.457 0.0000000000
117765  54.237  38.238  18.194 0.0000000000
141904  50.712  37.848  21.302 0.0000000000
116918  50.018  37.663  21.356 0.0000000000
116096  49.218  36.429  21.240 0.0000000000
124930  52.134  49.649  17.775 0.0000000000
124306  52.122  49.431  17.356 0.0000000000
123630  51.587  48.249  17.290 0.0000000000
113614  57.108  33.736  33.498 0.0000000000
113605  58.347  32.686  33.553 0.0000000000
113606  57.660  33.063  33.866 0.0000000000
112051  57.543  31.170  34.068 0.0000000000
137648  57.217  30.424  33.546 0.0000000000
159296  55.808  31.073  34.492 0.0000000000
161220  56.298  29.720  33.058 0.0000000000
110519  56.797  29.805  32.187 0.0000000000
110546  56.201  29.345  30.826 0.0000000000
116963  59.023  36.742  17.411 0.0000000000
116954  59.406  36.095  17.859 0.0000000000
116955  59.006  37.074  18.272 0.0000000000
117753  58.053  39.034  19.087 0.0000000000
117752  58.459  38.501  19.479 0.0000000000
117735  58.351  38.824  20.199 0.0000000000
117736  58.075  39.080  20.889 0.0000000000
117712  57.622  39.354  21.611 0.0000000000
138941  53.134  42.563  21.641 0.0000000000
120624  53.866  42.740  22.081 0.0000000000
120611  53.146  42.778  22.656 0.0000000000
120591  54.155  43.404  23.962 0.0000000000
121231  54.071  43.453  24.763 0.0000000000
120572  53.343  43.351  25.119 0.0000000000
120556  53.846  43.013  25.456 0.0000000000
120555  54.576  42.776  25.541 0.0000000000
119948  54.988  42.168  25.787 0.0000000000
119234  54.814  41.380  26.166 0.0000000000
118436  55.067  39.938  26.974 0.0000000000
154035  55.370  38.890  27.681 0.0000000000
117655  54.875  39.134  27.343 0.0000000000
116868  53.226  38.066  26.880 0.0000000000
116860  52.869  37.252  27.225 0.0000000000
116029  52.455  36.533  27.573 0.0000000000
115235  52.055  35.872  27.980 0.0000000000
120696  49.723  42.628  12.388 0.0000000000
123036  53.979  48.046  13.598 0.0000000000
123052  54.289  47.222  13.166 0.0000000000
123034  55.214  47.349  13.677 0.0000000000
122432  55.390  46.619  13.297 0.0000000000
121859  56.191  44.885  12.892 0.0000000000
121298  56.173  44.313  13.493 0.0000000000
121297  56.387  43.992  12.808 0.0000000000
120691  56.455  43.004  12.626 0.0000000000
143707  56.812  41.259  12.765 0.0000000000
119371  57.418  39.615  12.636 0.0000000000
146427  57.094  40.440  13.127 0.0000000000
118575  57.487  39.174  14.204 0.0000000000
148264  57.418  39.109  15.032 0.0000000000
117790  57.945  38.194  15.461 0.0000000000
113731  58.295  32.728  23.051 0.0000000000
113732  57.416  32.791  22.573 0.0000000000
158604  57.384  33.329  23.567 0.0000000000
113714  56.171  33.691  23.686 0.0000000000
160719  55.864  34.167  24.444 0.0000000000
114517  55.149  34.366  24.824 0.0000000000
114518  53.583  34.258  24.851 0.0000000000
114511  52.870  34.151  25.315 0.0000000000
113707  52.251  33.851  25.720 0.0000000000
110576  53.276  29.763  27.353 0.0000000000
109779  53.388  28.735  26.332 0.0000000000
112985  43.437  32.633  19.079 0.0000000000
114579  47.691  34.695  17.904 0.0000000000
114589  46.967  34.294  17.692 0.0000000000
113805  46.017  33.933  17.809 0.0000000000
113793  47.635  33.828  17.938 0.0000000000
113794  46.505  33.675  18.262 0.0000000000
113795  45.450  33.700  18.390 0.0000000000
112194  43.901  32.086  20.236 0.0000000000
112188  43.606  31.353  20.703 0.0000000000
111410  44.693  30.849  21.923 0.0000000000
152708  54.040  37.372  11.169 0.0000000000
116998  54.678  37.866  14.572 0.0000000000
116999  54.027  38.186  14.290 0.0000000000
119998  55.335  41.309  17.340 0.0000000000
136919  54.276  42.214  17.344 0.0000000000
120661  54.182  42.167  18.263 0.0000000000
120668  52.884  42.820  16.990 0.0000000000
120644  53.627  42.382  19.587 0.0000000000
162234  53.110  42.478  20.018 0.0000000000
137153  52.282  42.450  21.194 0.0000000000
137156  51.542  42.402  21.973 0.0000000000
159075  51.165  42.555  23.254 0.0000000000
123020  47.998  47.132  13.846 0.0000000000
123664  47.368  47.851  15.132 0.0000000000
123678  47.710  47.546  14.440 0.0000000000
123019  48.830  47.075  13.634 0.0000000000
123689  49.579  47.663  13.758 0.0000000000
123688  51.112  47.855  13.549 0.0000000000
123687  52.170  48.147  13.629 0.0000000000
124338  51.668  48.914  14.883 0.0000000000
124342  51.851  48.559  14.208 0.0000000000
149948  53.166  48.389  13.811 0.0000000000
123674  54.587  48.118  14.185 0.0000000000
123017  55.087  47.664  14.138 0.0000000000
144006  54.601  45.480  14.374 0.0000000000
121855  53.527  45.396  14.608 0.0000000000
121286  54.421  43.687  15.140 0.0000000000
114478  58.129  34.447  27.864 0.0000000000
114462  58.788  34.493  28.790 0.0000000000
114436  58.284  34.102  30.265 0.0000000000
113656  56.996  33.979  30.090 0.0000000000
113657  55.842  33.727  29.729 0.0000000000
112862  54.657  32.399  29.753 0.0000000000
111362  54.140  30.592  28.600 0.0000000000
112815  58.471  32.215  32.905 0.0000000000
112833  57.318  31.894  32.100 0.0000000000
112834  56.453  31.929  31.474 0.0000000000
111348  56.449  30.233  30.999 0.0000000000
112104  56.035  31.400  31.076 0.0000000000
112135  54.507  30.960  29.279 0.0000000000
110575  54.386  29.578  27.529 0.0000000000
116115  55.010  36.849  20.765 0.0000000000
116090  54.880  36.152  21.221 0.0000000000
116114  55.706  36.171  20.936 0.0000000000
115318  56.352  35.498  20.875 0.0000000000
115296  56.736  34.608  21.021 0.0000000000
113765  58.648  32.725  21.519 0.0000000000
112943  59.132  32.492  22.082 0.0000000000
116127  59.490  35.425  18.346 0.0000000000
116112  59.461  35.854  20.072 0.0000000000
116088  59.624  35.003  20.702 0.0000000000
113774  59.579  33.764  20.928 0.0000000000
113763  59.739  33.229  21.571 0.0000000000
113749  59.765  32.764  22.203 0.0000000000
112927  58.959  32.507  22.652 0.0000000000
113730  59.350  32.795  23.458 0.0000000000
113729  59.736  33.244  23.961 0.0000000000
114514  59.693  33.651  24.682 0.0000000000
115264  59.768  34.151  24.646 0.0000000000
114504  59.427  34.430  25.970 0.0000000000
137718  59.384  35.012  27.413 0.0000000000
157703  55.579  41.077  18.387 0.0000000000
164240  55.680  41.605  20.214 0.0000000000
119989  56.446  41.183  20.258 0.0000000000
119263  57.118  40.904  20.683 0.0000000000
119256  57.389  40.579  21.059 0.0000000000
143507  57.290  39.581  22.304 0.0000000000
119977  56.336  42.242  22.428 0.0000000000
119973  56.220  42.179  23.944 0.0000000000
120588  56.187  42.407  23.256 0.0000000000
136829  56.524  41.670  23.132 0.0000000000
119252  56.829  40.914  22.658 0.0000000000
118466  56.938  40.132  22.785 0.0000000000
117697  57.151  38.320  23.423 0.0000000000
116890  57.415  37.445  23.990 0.0000000000
158507  57.925  36.813  25.348 0.0000000000
117681  56.922  38.263  25.356 0.0000000000
116057  58.423  36.415  26.051 0.0000000000
116040  58.999  35.769  26.936 0.0000000000
115234  59.367  35.069  28.316 0.0000000000
115226  59.364  35.204  29.129 0.0000000000
115218  59.184  35.305  29.920 0.0000000000
116018  58.185  36.876  29.227 0.0000000000
115202  58.262  35.799  31.320 0.0000000000
115193  58.328  35.311  31.918 0.0000000000
116857  55.523  38.439  28.125 0.0000000000
116005  55.750  36.960  29.513 0.0000000000
116006  54.933  36.621  29.400 0.0000000000
115204  56.057  35.978  30.952 0.0000000000
115195  56.486  35.520  31.664 0.0000000000
114418  57.003  35.039  32.363 0.0000000000
114410  56.465  34.334  32.818 0.0000000000
113615  56.001  33.589  33.370 0.0000000000
113616  54.932  33.414  33.113 0.0000000000
112817  54.293  32.667  33.601 0.0000000000
118642  51.005  39.539  10.201 0.0000000000
118651  51.580  38.858  9.568 0.0000000000
117879  52.213  38.141  8.790 0.0000000000
117878  53.252  38.071  8.447 0.0000000000
117877  54.132  38.066  8.308 0.0000000000
144943  50.154  43.145  12.582 0.0000000000
120695  50.537  42.621  12.436 0.0000000000
122446  54.065  46.306  12.608 0.0000000000
122447  53.015  45.480  12.421 0.0000000000
120049  52.136  42.042  12.216 0.0000000000
120064  52.477  41.277  11.590 0.0000000000
119388  52.930  40.715  10.953 0.0000000000
146244  53.342  40.144  10.383 0.0000000000
161356  54.409  38.750  8.884 0.0000000000
157969  54.822  38.221  8.426 0.0000000000
117084  55.307  37.438  8.358 0.0000000000
116220  56.759  36.469  9.872 0.0000000000
117867  57.081  37.588  9.823 0.0000000000
117056  57.241  36.698  10.187 0.0000000000
137373  56.822  36.361  10.262 0.0000000000
116208  57.051  36.205  11.107 0.0000000000
116182  56.788  36.393  13.436 0.0000000000
117835  58.070  37.845  12.490 0.0000000000
117023  58.348  36.882  12.264 0.0000000000
116996  58.542  36.549  14.179 0.0000000000
117009  58.460  36.677  13.127 0.0000000000
163843  58.373  36.158  12.296 0.0000000000
116180  58.042  35.594  12.940 0.0000000000
116181  57.554  35.773  13.641 0.0000000000
116156  56.331  36.703  14.845 0.0000000000
147153  56.256  36.718  16.496 0.0000000000
145882  56.539  36.502  17.324 0.0000000000
116956  55.710  37.299  18.101 0.0000000000
116946  55.613  37.278  19.304 0.0000000000
158819  53.934  35.186  21.134 0.0000000000
114553  53.533  34.452  20.673 0.0000000000
114565  53.065  33.773  20.188 0.0000000000
113776  54.835  33.231  20.663 0.0000000000
113778  53.413  33.078  20.153 0.0000000000
113779  52.582  33.360  19.853 0.0000000000
147287  51.317  32.688  20.465 0.0000000000
112963  50.393  32.618  20.768 0.0000000000
158064  54.947  32.973  22.407 0.0000000000
112947  53.598  32.657  21.749 0.0000000000
161445  53.670  33.466  23.139 0.0000000000
113753  53.229  33.104  22.548 0.0000000000
112948  52.751  32.639  21.745 0.0000000000
112952  48.479  32.267  22.128 0.0000000000
112168  48.058  31.610  23.604 0.0000000000
112169  47.403  31.281  23.300 0.0000000000
112170  46.719  31.021  23.030 0.0000000000
111396  46.368  30.403  23.226 0.0000000000
141106  56.790  34.536  27.758 0.0000000000
114479  55.658  34.567  27.543 0.0000000000
114480  54.646  34.518  27.293 0.0000000000
113689  54.041  34.105  27.914 0.0000000000
113702  52.966  34.016  26.879 0.0000000000
113703  52.353  33.671  26.501 0.0000000000
113704  51.700  33.381  26.124 0.0000000000
111367  52.788  30.465  27.661 0.0000000000
111368  52.013  30.788  27.333 0.0000000000
111372  51.558  30.331  26.818 0.0000000000
109792  51.059  28.534  25.502 0.0000000000
110584  51.069  29.788  26.361 0.0000000000
112142  51.351  31.303  26.843 0.0000000000
160855  51.106  32.063  26.526 0.0000000000
112143  50.671  31.618  26.262 0.0000000000
112148  50.114  31.991  25.710 0.0000000000
112149  49.456  31.471  25.379 0.0000000000
111386  48.449  30.141  24.846 0.0000000000
110522  53.605  29.532  32.768 0.0000000000
110534  54.048  29.460  31.871 0.0000000000
109746  53.667  28.713  29.520 0.0000000000
110559  54.660  28.866  30.155 0.0000000000
110532  56.441  29.627  31.521 0.0000000000
110548  54.428  29.254  30.980 0.0000000000
110549  53.301  29.292  30.409 0.0000000000
110558  56.560  29.100  29.551 0.0000000000
110572  56.555  28.759  28.383 0.0000000000
110582  52.840  29.325  26.770 0.0000000000
111289  55.589  30.465  34.191 0.0000000000
111302  56.241  30.030  33.616 0.0000000000
111320  56.886  29.882  32.897 0.0000000000
111355  55.654  30.385  29.645 0.0000000000
111371  52.356  30.004  27.132 0.0000000000
111397  45.749  30.042  23.039 0.0000000000
111406  44.665  30.011  22.325 0.0000000000
112040  54.330  31.163  34.485 0.0000000000
112050  58.450  32.134  33.468 0.0000000000
112063  58.388  31.805  33.273 0.0000000000
112123  54.092  31.882  29.296 0.0000000000
112140  51.899  31.535  27.348 0.0000000000
112177  47.872  31.840  22.811 0.0000000000
112798  56.663  31.514  34.395 0.0000000000
112814  58.563  32.409  33.150 0.0000000000
112831  58.588  32.750  32.771 0.0000000000
112851  55.915  32.411  30.879 0.0000000000
112900  51.939  32.930  26.840 0.0000000000
112902  50.712  32.436  26.048 0.0000000000
112961  52.823  32.571  20.748 0.0000000000
113612  58.697  33.044  32.914 0.0000000000
113624  58.720  33.396  32.298 0.0000000000
113735  52.895  33.594  23.552 0.0000000000
113775  59.068  33.157  20.994 0.0000000000
113777  54.145  32.875  20.462 0.0000000000
113792  48.338  34.066  17.664 0.0000000000
113803  47.508  34.098  17.602 0.0000000000
114403  58.105  33.669  33.421 0.0000000000
114407  58.745  33.640  32.587 0.0000000000
114408  58.559  34.233  32.747 0.0000000000
114417  58.604  34.756  32.122 0.0000000000
114434  58.958  34.472  30.986 0.0000000000
114501  53.445  34.332  26.438 0.0000000000
114548  59.882  33.695  21.429 0.0000000000
115194  57.551  35.584  31.902 0.0000000000
115298  54.708  35.334  21.243 0.0000000000
115347  47.208  34.754  17.916 0.0000000000
115353  58.835  34.891  17.400 0.0000000000
115360  58.449  35.355  16.302 0.0000000000
115366  58.133  35.524  15.115 0.0000000000
115372  57.709  35.663  14.548 0.0000000000
116135  59.267  35.872  17.088 0.0000000000
116170  56.993  36.250  14.303 0.0000000000
116179  58.345  35.871  12.907 0.0000000000
116240  56.098  36.666  9.159 0.0000000000
116916  52.689  37.595  21.154 0.0000000000
116997  55.504  37.376  14.461 0.0000000000
117040  57.761  36.492  10.982 0.0000000000
117670  54.316  39.430  26.882 0.0000000000
117755  53.356  38.521  19.218 0.0000000000
117834  58.305  37.347  12.785 0.0000000000
117874  56.485  37.732  9.161 0.0000000000
118635  57.179  38.529  10.455 0.0000000000
119380  57.065  40.420  12.245 0.0000000000
120006  54.824  41.816  17.073 0.0000000000
120060  56.051  41.376  10.590 0.0000000000
120571  54.554  43.301  25.116 0.0000000000
120573  52.325  43.254  25.201 0.0000000000
120589  55.817  42.777  23.838 0.0000000000
120712  54.807  43.406  11.562 0.0000000000
121319  55.984  44.060  11.866 0.0000000000
123016  55.280  47.342  13.919 0.0000000000
123035  54.956  47.764  13.721 0.0000000000
123661  53.425  49.054  15.291 0.0000000000
123665  46.552  47.594  15.431 0.0000000000
123667  45.051  47.262  16.158 0.0000000000
124318  52.265  49.264  16.729 0.0000000000
124336  52.984  48.826  14.471 0.0000000000
136772  53.423  43.195  23.653 0.0000000000
137406  55.288  43.141  24.536 0.0000000000
137656  55.279  34.308  21.093 0.0000000000
137873  48.946  46.237  13.471 0.0000000000
138075  57.748  35.978  11.348 0.0000000000
138335  55.883  45.811  13.008 0.0000000000
138497  58.765  36.211  15.902 0.0000000000
139031  59.430  34.339  20.115 0.0000000000
139267  48.048  35.269  19.209 0.0000000000
139393  59.657  34.213  20.692 0.0000000000
140459  59.196  34.122  26.138 0.0000000000
140572  52.774  42.500  19.361 0.0000000000
141378  56.484  33.050  22.693 0.0000000000
141810  57.545  32.160  34.202 0.0000000000
143437  58.167  35.454  15.726 0.0000000000
148427  57.428  30.301  32.980 0.0000000000
150321  59.666  34.066  25.271 0.0000000000
152850  54.902  32.614  21.638 0.0000000000
153076  54.773  43.329  23.551 0.0000000000
153380  55.581  39.227  9.200 0.0000000000
154128  50.265  47.545  13.533 0.0000000000
154283  51.527  33.186  19.685 0.0000000000
155247  50.724  42.316  22.299 0.0000000000
155381  54.727  32.563  21.077 0.0000000000
155598  53.680  49.109  14.927 0.0000000000
156388  56.188  44.372  12.377 0.0000000000
158098  55.097  30.866  34.468 0.0000000000
159363  55.328  47.009  13.637 0.0000000000
161682  52.290  38.620  20.026 0.0000000000
161952  52.095  33.775  19.620 0.0000000000
162049  48.193  34.909  18.389 0.0000000000
162155  50.048  45.434  16.350 0.0000000000
162258  53.963  43.349  25.162 0.0000000000
162819  54.493  39.981  26.725 0.0000000000
