#!ascii label  , from subject sub-LJ001 vox2ras=TkReg
1910
147723  17.215  -38.180  62.343 0.0000000000
76539  52.826  -4.867  32.972 0.0000000000
56751  35.936  -21.500  51.168 0.0000000000
61333  47.310  -17.651  54.235 0.0000000000
52276  27.791  -26.660  52.118 0.0000000000
43937  25.464  -32.450  62.244 0.0000000000
90187  57.931  7.876  24.092 0.0000000000
84806  61.774  3.324  34.366 0.0000000000
156114  48.029  -13.953  44.241 0.0000000000
92250  61.150  9.951  14.974 0.0000000000
55528  33.759  -22.805  56.564 0.0000000000
155332  20.855  -34.947  62.245 0.0000000000
85935  63.360  4.331  28.172 0.0000000000
81803  58.942  0.005  27.308 0.0000000000
71811  56.476  -8.462  35.999 0.0000000000
76486  60.236  -3.740  36.792 0.0000000000
69490  52.384  -10.443  37.721 0.0000000000
138224  42.785  -18.948  47.979 0.0000000000
57927  41.130  -20.205  52.535 0.0000000000
52199  30.700  -25.670  57.540 0.0000000000
48794  28.776  -28.456  63.929 0.0000000000
47631  27.174  -30.102  57.386 0.0000000000
45169  22.874  -32.061  57.265 0.0000000000
55601  30.662  -22.643  51.099 0.0000000000
140877  62.708  11.933  24.507 0.0000000000
91137  65.419  10.147  29.238 0.0000000000
79553  58.190  -1.221  33.083 0.0000000000
67084  54.186  -12.445  43.196 0.0000000000
63782  47.488  -15.408  49.531 0.0000000000
88148  61.215  6.900  19.276 0.0000000000
93205  65.797  11.758  18.790 0.0000000000
158984  69.011  12.454  15.360 0.0000000000
54297  33.198  -24.217  59.694 0.0000000000
39959  19.199  -36.259  61.958 0.0000000000
149029  20.156  -36.357  65.051 0.0000000000
37336  18.106  -38.403  65.096 0.0000000000
83897  57.645  2.437  25.800 0.0000000000
70660  58.239  -9.515  39.219 0.0000000000
72913  60.259  -7.152  38.850 0.0000000000
36036  11.720  -38.598  66.987 0.0000000000
70740  50.560  -9.574  34.108 0.0000000000
57972  36.406  -20.644  48.236 0.0000000000
57954  39.437  -20.533  49.182 0.0000000000
56748  38.545  -21.137  51.507 0.0000000000
51138  29.363  -25.839  54.785 0.0000000000
49999  29.021  -27.720  57.191 0.0000000000
50017  27.979  -28.092  54.832 0.0000000000
53344  29.554  -24.035  51.645 0.0000000000
160615  30.394  -24.099  54.238 0.0000000000
46358  27.607  -30.504  63.382 0.0000000000
163581  59.815  9.481  24.067 0.0000000000
93133  63.338  11.302  27.215 0.0000000000
90162  61.795  9.067  27.053 0.0000000000
85900  62.773  4.216  31.761 0.0000000000
88019  63.759  6.547  31.997 0.0000000000
144561  52.972  -5.049  29.928 0.0000000000
77577  56.143  -3.236  29.769 0.0000000000
141611  55.253  -3.452  32.833 0.0000000000
66025  47.989  -13.620  41.924 0.0000000000
67098  50.817  -12.657  41.318 0.0000000000
65987  51.496  -13.795  43.722 0.0000000000
60188  45.192  -18.485  51.104 0.0000000000
61415  45.387  -17.229  48.579 0.0000000000
163873  47.630  -16.963  51.259 0.0000000000
87063  56.704  6.028  21.777 0.0000000000
89248  58.328  7.035  19.286 0.0000000000
89213  59.671  7.216  22.286 0.0000000000
90210  61.537  8.755  21.329 0.0000000000
92285  66.006  11.476  12.462 0.0000000000
152293  65.682  9.351  14.271 0.0000000000
94249  67.447  12.377  17.268 0.0000000000
150490  64.031  8.423  16.114 0.0000000000
55547  34.701  -22.170  54.128 0.0000000000
56719  37.553  -21.948  53.788 0.0000000000
55525  36.514  -22.509  56.580 0.0000000000
42665  23.477  -33.494  61.872 0.0000000000
42636  24.827  -33.859  65.293 0.0000000000
138355  22.408  -34.846  64.993 0.0000000000
88075  56.602  6.638  25.130 0.0000000000
87009  60.956  5.966  26.359 0.0000000000
84864  60.081  3.850  25.650 0.0000000000
83884  61.810  2.443  27.556 0.0000000000
82866  61.213  1.990  30.787 0.0000000000
74160  54.746  -6.586  34.282 0.0000000000
76508  56.635  -4.271  35.355 0.0000000000
74135  58.722  -6.514  35.995 0.0000000000
65974  45.293  -13.127  44.954 0.0000000000
65834  50.183  -14.032  55.750 0.0000000000
36073  14.672  -38.315  62.740 0.0000000000
34783  16.053  -39.640  64.726 0.0000000000
34777  13.549  -40.243  65.621 0.0000000000
163052  50.569  -6.170  32.829 0.0000000000
71838  52.127  -8.238  34.023 0.0000000000
141791  54.213  -9.607  36.591 0.0000000000
69451  55.899  -10.361  39.465 0.0000000000
154215  40.554  -19.944  47.306 0.0000000000
59047  42.345  -19.438  50.395 0.0000000000
59014  44.018  -19.196  53.172 0.0000000000
148233  40.164  -21.275  54.970 0.0000000000
57888  43.343  -20.443  55.740 0.0000000000
52157  31.581  -25.476  60.383 0.0000000000
51054  30.666  -26.359  63.243 0.0000000000
51073  30.007  -26.986  60.365 0.0000000000
47604  28.548  -29.048  60.179 0.0000000000
45141  26.447  -31.489  59.998 0.0000000000
47645  25.887  -30.035  54.931 0.0000000000
46407  25.139  -30.991  57.057 0.0000000000
43963  24.212  -32.646  59.862 0.0000000000
42683  22.219  -33.553  59.891 0.0000000000
41319  19.797  -35.031  60.171 0.0000000000
39982  17.587  -36.276  59.920 0.0000000000
56798  33.835  -20.793  48.439 0.0000000000
56800  31.842  -21.261  48.402 0.0000000000
56753  33.560  -21.621  51.078 0.0000000000
55550  31.928  -22.651  54.118 0.0000000000
136822  32.273  -23.978  57.093 0.0000000000
91142  66.327  9.616  28.538 0.0000000000
88049  64.343  7.050  28.078 0.0000000000
79630  56.564  -1.797  27.440 0.0000000000
80662  58.743  -0.763  29.804 0.0000000000
82843  60.398  1.528  33.688 0.0000000000
78520  58.081  -2.094  36.472 0.0000000000
81713  59.548  0.462  36.580 0.0000000000
68232  49.550  -11.577  38.242 0.0000000000
68203  53.617  -11.929  40.840 0.0000000000
69374  56.871  -10.841  43.009 0.0000000000
64871  45.481  -14.813  46.840 0.0000000000
65919  47.676  -14.436  47.165 0.0000000000
64817  50.440  -14.603  52.063 0.0000000000
64840  50.660  -14.984  49.325 0.0000000000
64881  50.967  -14.811  46.310 0.0000000000
65946  54.302  -13.317  46.197 0.0000000000
68156  57.033  -11.433  46.017 0.0000000000
90259  61.253  8.117  17.201 0.0000000000
90244  63.732  8.234  18.726 0.0000000000
93174  64.582  12.241  21.686 0.0000000000
54260  33.909  -24.110  61.568 0.0000000000
38689  18.142  -37.185  61.819 0.0000000000
38678  18.922  -37.171  63.181 0.0000000000
37352  17.658  -38.305  63.230 0.0000000000
70648  59.292  -9.816  40.473 0.0000000000
71763  59.780  -9.085  40.137 0.0000000000
38639  11.732  -36.315  67.451 0.0000000000
56782  36.089  -21.148  49.788 0.0000000000
158810  37.686  -21.094  50.278 0.0000000000
56764  36.650  -21.395  50.836 0.0000000000
51147  28.559  -26.697  53.783 0.0000000000
50016  28.526  -27.544  55.288 0.0000000000
50041  28.062  -27.348  53.700 0.0000000000
52296  28.427  -24.716  50.309 0.0000000000
53332  28.789  -25.273  52.206 0.0000000000
53318  29.008  -25.364  53.020 0.0000000000
45123  26.543  -31.606  62.447 0.0000000000
45115  26.045  -32.114  63.859 0.0000000000
91178  59.019  8.639  23.992 0.0000000000
91163  60.752  9.379  26.274 0.0000000000
90173  59.665  8.233  26.003 0.0000000000
84815  62.369  3.832  33.162 0.0000000000
85887  63.138  5.109  33.117 0.0000000000
76552  52.508  -5.033  31.257 0.0000000000
77567  54.525  -3.972  31.572 0.0000000000
76537  53.933  -4.162  32.467 0.0000000000
65992  46.681  -13.327  43.882 0.0000000000
66010  47.894  -13.725  42.858 0.0000000000
140973  49.658  -13.644  42.832 0.0000000000
65970  49.810  -14.130  44.252 0.0000000000
60153  46.368  -18.347  52.456 0.0000000000
61373  46.665  -17.825  51.331 0.0000000000
62612  48.034  -17.242  52.888 0.0000000000
89217  56.960  7.197  23.235 0.0000000000
88111  58.545  6.253  22.140 0.0000000000
89215  58.265  7.717  23.067 0.0000000000
90193  59.375  8.665  22.827 0.0000000000
92274  63.371  10.407  13.723 0.0000000000
91285  63.572  9.461  14.272 0.0000000000
161643  65.471  8.972  15.450 0.0000000000
90288  62.806  8.702  15.521 0.0000000000
139617  34.288  -22.396  54.869 0.0000000000
55535  35.766  -22.499  55.096 0.0000000000
151551  35.184  -22.674  57.077 0.0000000000
42667  21.978  -34.071  61.695 0.0000000000
42656  22.637  -34.286  63.145 0.0000000000
136385  21.340  -34.858  62.784 0.0000000000
38649  19.504  -37.588  66.703 0.0000000000
39922  20.495  -36.659  66.584 0.0000000000
87020  55.429  5.650  25.456 0.0000000000
87018  57.826  5.275  25.576 0.0000000000
85957  56.734  4.234  25.531 0.0000000000
82911  58.854  1.202  26.390 0.0000000000
148491  59.332  1.893  26.207 0.0000000000
82904  60.809  1.317  27.643 0.0000000000
82883  61.504  1.804  28.959 0.0000000000
147916  60.270  0.536  29.034 0.0000000000
72961  55.733  -7.559  34.746 0.0000000000
74150  56.185  -6.562  34.684 0.0000000000
72944  57.737  -7.526  35.885 0.0000000000
88092  55.035  6.651  23.790 0.0000000000
34792  14.474  -39.590  64.169 0.0000000000
34786  13.037  -39.575  64.990 0.0000000000
74170  48.927  -6.431  32.636 0.0000000000
72971  51.181  -6.787  33.592 0.0000000000
164157  50.192  -7.557  33.374 0.0000000000
70715  51.119  -10.026  35.759 0.0000000000
70727  52.562  -9.516  35.266 0.0000000000
149977  53.021  -9.877  36.776 0.0000000000
146060  54.987  -9.923  38.096 0.0000000000
144268  54.217  -10.691  39.041 0.0000000000
57997  39.369  -20.387  46.965 0.0000000000
57941  40.292  -20.363  50.577 0.0000000000
57952  40.654  -20.131  49.845 0.0000000000
57935  41.260  -19.994  51.518 0.0000000000
59029  43.068  -19.233  51.880 0.0000000000
59016  42.454  -19.592  52.422 0.0000000000
56692  38.711  -21.916  55.535 0.0000000000
56701  39.162  -21.654  54.724 0.0000000000
56690  40.268  -21.359  55.939 0.0000000000
57879  43.485  -20.342  56.772 0.0000000000
60107  45.346  -19.203  56.005 0.0000000000
52186  30.792  -25.957  59.022 0.0000000000
51072  30.598  -26.431  60.633 0.0000000000
51094  30.207  -26.523  58.953 0.0000000000
48845  28.179  -29.132  57.863 0.0000000000
48834  28.608  -28.669  58.440 0.0000000000
48835  28.158  -29.390  58.783 0.0000000000
46391  27.536  -30.428  59.617 0.0000000000
46399  27.195  -30.518  58.943 0.0000000000
47657  25.995  -29.363  53.638 0.0000000000
45176  22.804  -31.811  56.442 0.0000000000
46412  24.003  -31.123  56.008 0.0000000000
45168  23.815  -31.872  57.431 0.0000000000
45159  24.641  -31.853  58.260 0.0000000000
43971  23.438  -32.636  58.807 0.0000000000
43965  22.882  -32.970  59.525 0.0000000000
43972  22.610  -32.830  58.516 0.0000000000
41320  18.974  -35.471  59.890 0.0000000000
57986  34.358  -20.558  47.329 0.0000000000
57987  33.654  -20.488  46.880 0.0000000000
55618  30.061  -22.872  49.740 0.0000000000
56768  31.217  -22.047  49.831 0.0000000000
139506  32.504  -21.671  50.215 0.0000000000
55599  32.208  -22.048  51.591 0.0000000000
157067  32.739  -21.999  52.988 0.0000000000
55561  31.918  -22.357  53.133 0.0000000000
52211  30.626  -25.051  56.362 0.0000000000
54341  31.315  -24.041  55.927 0.0000000000
145647  31.023  -25.094  57.063 0.0000000000
53258  31.990  -24.781  58.308 0.0000000000
49948  29.692  -27.330  64.004 0.0000000000
34776  15.282  -40.322  66.266 0.0000000000
162099  16.692  -39.547  66.230 0.0000000000
161859  63.601  11.321  25.492 0.0000000000
92129  64.325  10.754  28.060 0.0000000000
92134  65.423  10.374  28.131 0.0000000000
92121  66.055  10.112  28.934 0.0000000000
142859  66.234  9.682  30.176 0.0000000000
87007  62.888  5.548  26.667 0.0000000000
88051  63.029  6.987  26.941 0.0000000000
87002  63.812  5.601  27.859 0.0000000000
89135  64.427  8.749  32.285 0.0000000000
78566  57.146  -2.197  31.207 0.0000000000
144524  57.695  -1.737  30.012 0.0000000000
80633  58.676  -0.626  31.730 0.0000000000
81760  59.625  0.450  31.786 0.0000000000
80616  59.057  -0.106  33.037 0.0000000000
76506  57.751  -4.122  36.113 0.0000000000
78522  56.917  -3.184  35.732 0.0000000000
162181  58.693  -2.700  36.660 0.0000000000
67148  48.416  -12.369  38.756 0.0000000000
67086  52.626  -12.973  42.521 0.0000000000
68204  52.139  -12.396  40.987 0.0000000000
68195  54.061  -12.199  42.011 0.0000000000
68201  55.184  -11.345  41.618 0.0000000000
68187  55.450  -11.632  43.530 0.0000000000
60275  42.478  -18.696  46.279 0.0000000000
60274  43.260  -18.220  46.569 0.0000000000
63784  46.320  -16.041  49.009 0.0000000000
62663  45.236  -16.246  47.461 0.0000000000
64857  46.273  -15.020  47.859 0.0000000000
65921  46.026  -14.213  46.883 0.0000000000
64855  47.462  -14.811  48.398 0.0000000000
65864  50.133  -14.145  54.057 0.0000000000
65899  52.251  -14.157  49.740 0.0000000000
161302  50.939  -15.055  47.953 0.0000000000
65909  53.121  -14.031  48.384 0.0000000000
65933  52.773  -14.406  46.618 0.0000000000
65907  54.232  -13.425  48.071 0.0000000000
89247  59.301  6.837  19.322 0.0000000000
89276  60.938  7.719  17.891 0.0000000000
89274  62.632  7.757  17.665 0.0000000000
149739  62.683  7.355  18.961 0.0000000000
92176  61.436  10.763  22.763 0.0000000000
92190  62.987  10.846  21.052 0.0000000000
93167  63.625  12.153  22.613 0.0000000000
93166  64.801  12.128  22.549 0.0000000000
92270  68.103  11.925  13.522 0.0000000000
93220  66.251  11.781  18.113 0.0000000000
93189  67.498  11.708  19.589 0.0000000000
94200  66.423  12.413  20.397 0.0000000000
54328  33.599  -23.544  58.140 0.0000000000
55498  34.897  -23.054  58.714 0.0000000000
55468  34.281  -23.554  59.796 0.0000000000
41305  20.303  -35.302  61.974 0.0000000000
39957  20.648  -35.448  62.886 0.0000000000
150757  19.539  -36.679  63.705 0.0000000000
38663  19.218  -37.397  65.036 0.0000000000
37330  18.863  -38.013  66.368 0.0000000000
152359  55.665  1.785  25.836 0.0000000000
81810  56.808  0.252  26.476 0.0000000000
71779  57.673  -8.904  37.997 0.0000000000
72915  58.973  -7.905  38.014 0.0000000000
71777  59.255  -8.228  38.725 0.0000000000
72896  60.891  -7.797  40.416 0.0000000000
37338  12.389  -37.847  65.654 0.0000000000
158404  12.239  -37.126  66.448 0.0000000000
36037  11.403  -38.012  67.561 0.0000000000
71846  49.107  -8.148  33.138 0.0000000000
69513  49.787  -10.643  36.241 0.0000000000
139626  38.596  -20.490  47.968 0.0000000000
57970  38.191  -20.609  48.580 0.0000000000
56762  38.830  -20.890  50.736 0.0000000000
57929  39.808  -20.653  52.018 0.0000000000
52229  30.019  -25.717  56.175 0.0000000000
51106  29.851  -26.727  57.760 0.0000000000
51120  29.146  -27.189  56.554 0.0000000000
152463  28.255  -28.418  56.363 0.0000000000
143768  27.803  -28.920  56.094 0.0000000000
43980  21.417  -32.706  57.261 0.0000000000
43992  20.535  -32.667  56.701 0.0000000000
54418  29.547  -23.388  50.040 0.0000000000
54398  30.121  -23.191  51.593 0.0000000000
54362  30.499  -23.427  53.107 0.0000000000
54363  29.931  -24.025  53.016 0.0000000000
53287  29.865  -25.149  54.759 0.0000000000
47580  28.421  -29.200  63.414 0.0000000000
92159  61.467  11.025  24.285 0.0000000000
150181  62.714  11.432  26.201 0.0000000000
92146  61.737  10.577  26.377 0.0000000000
153196  62.571  10.511  27.453 0.0000000000
90152  64.021  9.620  28.367 0.0000000000
85926  63.137  4.171  29.663 0.0000000000
86981  63.685  5.615  30.395 0.0000000000
152938  63.458  5.575  31.889 0.0000000000
88012  63.751  6.854  33.164 0.0000000000
77606  54.977  -3.570  28.404 0.0000000000
77593  54.995  -3.977  29.783 0.0000000000
77565  56.015  -3.181  30.968 0.0000000000
78543  57.039  -2.221  33.148 0.0000000000
77500  59.982  -2.783  37.118 0.0000000000
66051  47.159  -13.457  40.317 0.0000000000
67110  48.911  -12.571  40.129 0.0000000000
66023  49.360  -12.982  41.326 0.0000000000
66006  51.177  -13.414  42.827 0.0000000000
65986  52.517  -13.559  43.767 0.0000000000
137649  44.168  -18.644  49.826 0.0000000000
60222  44.351  -18.303  48.591 0.0000000000
61393  44.919  -18.221  49.643 0.0000000000
62639  46.862  -16.744  50.163 0.0000000000
63774  47.845  -15.808  50.280 0.0000000000
88125  55.561  6.643  20.551 0.0000000000
89250  56.487  7.430  19.528 0.0000000000
88123  57.268  6.156  20.241 0.0000000000
88121  59.418  5.943  20.997 0.0000000000
153922  60.451  6.363  21.144 0.0000000000
88119  61.973  7.079  20.439 0.0000000000
89222  60.390  7.700  21.929 0.0000000000
91192  60.475  9.425  22.155 0.0000000000
147615  63.442  11.297  13.363 0.0000000000
91296  65.443  9.830  13.531 0.0000000000
92249  67.370  11.311  15.224 0.0000000000
94258  68.368  12.451  15.877 0.0000000000
149298  66.668  10.584  15.909 0.0000000000
159249  65.977  9.971  16.590 0.0000000000
91250  65.085  9.437  17.753 0.0000000000
55576  34.899  -21.784  52.621 0.0000000000
56737  36.526  -21.751  52.454 0.0000000000
142955  35.994  -22.159  53.792 0.0000000000
55534  37.211  -22.407  55.224 0.0000000000
158312  37.709  -22.127  56.631 0.0000000000
147836  24.198  -33.057  61.949 0.0000000000
147435  24.965  -32.978  63.980 0.0000000000
42655  23.970  -33.703  63.506 0.0000000000
41274  23.231  -34.423  64.866 0.0000000000
41286  21.177  -35.366  64.523 0.0000000000
39920  22.140  -35.810  66.472 0.0000000000
89194  57.267  7.252  24.843 0.0000000000
89185  59.224  7.497  25.867 0.0000000000
151031  58.736  6.291  25.778 0.0000000000
87010  60.433  5.347  26.048 0.0000000000
84861  62.390  3.979  26.647 0.0000000000
83896  58.352  2.980  25.659 0.0000000000
84863  60.823  3.055  26.080 0.0000000000
84852  62.849  3.502  28.182 0.0000000000
83851  62.349  3.004  29.750 0.0000000000
83844  62.035  2.964  31.197 0.0000000000
83838  61.506  2.712  33.038 0.0000000000
76526  53.248  -5.446  33.683 0.0000000000
76524  54.409  -4.723  34.304 0.0000000000
75290  55.584  -5.066  34.772 0.0000000000
159745  57.138  -5.276  35.257 0.0000000000
75274  59.566  -4.920  36.257 0.0000000000
72925  59.401  -7.241  37.522 0.0000000000
74115  60.457  -6.104  37.533 0.0000000000
76485  61.108  -4.330  37.133 0.0000000000
65973  46.138  -13.231  44.730 0.0000000000
63713  48.626  -15.538  55.518 0.0000000000
88126  54.743  6.764  20.774 0.0000000000
136827  55.346  6.186  21.921 0.0000000000
138709  55.717  6.618  23.085 0.0000000000
93255  60.172  11.759  14.342 0.0000000000
92264  59.548  11.319  14.914 0.0000000000
37361  16.234  -38.422  62.296 0.0000000000
36056  17.033  -38.868  63.805 0.0000000000
34800  15.578  -39.240  63.592 0.0000000000
151938  14.671  -40.263  65.520 0.0000000000
154276  14.416  -40.515  66.100 0.0000000000
34779  12.146  -39.336  66.230 0.0000000000
75326  51.286  -5.791  31.100 0.0000000000
75328  49.673  -6.243  31.761 0.0000000000
75304  51.697  -5.720  33.084 0.0000000000
75299  52.331  -5.820  33.515 0.0000000000
144663  53.440  -7.229  34.141 0.0000000000
71827  54.619  -8.567  34.846 0.0000000000
70739  51.675  -9.005  34.108 0.0000000000
70737  53.073  -9.116  34.807 0.0000000000
70710  55.899  -9.013  36.758 0.0000000000
70676  56.560  -9.676  38.301 0.0000000000
70661  57.464  -9.949  39.580 0.0000000000
70650  57.398  -10.355  40.445 0.0000000000
59078  41.952  -19.362  48.128 0.0000000000
57968  39.739  -20.348  48.363 0.0000000000
155169  41.329  -19.681  48.351 0.0000000000
145719  42.376  -19.278  48.677 0.0000000000
60189  43.821  -18.814  50.656 0.0000000000
60172  44.880  -18.673  51.938 0.0000000000
152893  46.060  -18.730  53.788 0.0000000000
149025  37.696  -21.703  52.993 0.0000000000
136673  38.953  -21.200  52.987 0.0000000000
57916  40.793  -20.483  53.273 0.0000000000
57881  41.850  -20.825  56.530 0.0000000000
57902  41.786  -20.583  54.688 0.0000000000
57915  42.004  -20.161  53.860 0.0000000000
58974  43.712  -19.906  54.363 0.0000000000
60106  45.840  -18.859  55.207 0.0000000000
62570  46.969  -17.174  56.098 0.0000000000
53193  32.276  -24.910  61.804 0.0000000000
52137  31.242  -25.744  62.072 0.0000000000
51065  30.195  -26.815  61.439 0.0000000000
153875  29.193  -27.989  61.428 0.0000000000
49990  29.422  -27.540  58.719 0.0000000000
49976  28.997  -28.264  59.935 0.0000000000
48807  28.834  -28.655  61.828 0.0000000000
47596  27.986  -29.985  61.865 0.0000000000
46384  26.931  -31.185  60.906 0.0000000000
153667  26.269  -31.732  60.822 0.0000000000
48877  27.157  -28.335  53.615 0.0000000000
48870  26.979  -29.226  54.809 0.0000000000
155549  26.786  -30.142  56.485 0.0000000000
46417  24.440  -30.826  55.177 0.0000000000
46410  25.886  -30.644  56.476 0.0000000000
46409  26.483  -30.494  57.113 0.0000000000
46401  26.061  -31.140  58.211 0.0000000000
151400  25.639  -31.789  59.498 0.0000000000
45143  25.125  -32.358  60.725 0.0000000000
43956  23.617  -32.946  60.314 0.0000000000
155784  22.311  -33.731  60.576 0.0000000000
42675  21.358  -34.317  61.050 0.0000000000
42698  21.063  -33.567  58.514 0.0000000000
42685  20.956  -34.150  60.158 0.0000000000
42676  20.601  -34.733  60.636 0.0000000000
39980  19.413  -35.663  60.705 0.0000000000
38696  18.547  -36.692  61.311 0.0000000000
38697  17.709  -37.111  61.129 0.0000000000
37371  16.564  -37.892  61.635 0.0000000000
37362  15.278  -38.095  62.140 0.0000000000
139918  35.901  -20.534  46.986 0.0000000000
57973  35.481  -20.682  48.204 0.0000000000
56783  34.635  -21.149  49.458 0.0000000000
56811  33.197  -20.777  48.236 0.0000000000
137482  33.991  -21.254  49.649 0.0000000000
138436  34.219  -21.511  50.811 0.0000000000
55577  34.052  -21.764  52.570 0.0000000000
55548  33.670  -22.220  54.126 0.0000000000
157671  32.722  -22.724  55.331 0.0000000000
54352  31.325  -23.208  54.463 0.0000000000
54347  31.853  -23.456  55.917 0.0000000000
54329  32.889  -23.629  57.381 0.0000000000
54313  32.589  -24.348  58.466 0.0000000000
53218  32.698  -24.616  60.234 0.0000000000
36048  17.421  -38.887  64.751 0.0000000000
36042  17.487  -39.023  66.343 0.0000000000
92144  64.137  11.149  26.870 0.0000000000
89183  61.329  7.418  26.603 0.0000000000
89171  63.548  7.605  27.454 0.0000000000
159010  64.665  9.050  29.460 0.0000000000
88030  64.178  6.886  29.796 0.0000000000
90139  64.598  8.882  30.347 0.0000000000
91111  65.402  9.744  31.233 0.0000000000
80699  55.623  -0.544  26.616 0.0000000000
80689  57.728  -0.872  27.294 0.0000000000
78605  56.517  -2.767  28.568 0.0000000000
79613  58.114  -1.357  28.621 0.0000000000
80675  59.262  -0.380  29.139 0.0000000000
81771  59.738  0.477  30.871 0.0000000000
147259  60.489  1.383  31.863 0.0000000000
82842  60.930  2.163  33.381 0.0000000000
77537  55.285  -3.624  34.317 0.0000000000
78538  56.320  -2.789  34.584 0.0000000000
79547  57.929  -1.369  34.512 0.0000000000
136503  59.052  -1.972  37.215 0.0000000000
80575  58.666  -0.786  36.682 0.0000000000
80587  59.010  -0.103  34.708 0.0000000000
81729  59.845  1.082  35.042 0.0000000000
82822  60.428  1.691  35.327 0.0000000000
68273  49.302  -11.109  36.842 0.0000000000
69474  50.961  -10.811  38.036 0.0000000000
67126  50.145  -11.918  39.872 0.0000000000
138232  51.422  -11.453  39.527 0.0000000000
69453  52.794  -11.003  39.239 0.0000000000
69435  54.425  -11.116  39.900 0.0000000000
69415  56.595  -10.747  41.623 0.0000000000
142200  58.099  -10.571  41.946 0.0000000000
61426  44.729  -17.216  47.372 0.0000000000
65937  44.993  -14.034  46.031 0.0000000000
65935  46.386  -13.940  46.336 0.0000000000
65952  47.830  -14.040  45.705 0.0000000000
63736  48.841  -15.960  53.771 0.0000000000
63760  48.960  -16.026  52.058 0.0000000000
63759  49.338  -15.409  50.987 0.0000000000
139946  50.568  -14.747  51.164 0.0000000000
64842  48.691  -15.075  49.343 0.0000000000
64853  49.229  -14.962  48.138 0.0000000000
64883  49.447  -14.686  46.382 0.0000000000
65951  49.583  -14.537  45.652 0.0000000000
65950  51.145  -14.384  45.051 0.0000000000
65967  52.767  -13.821  44.621 0.0000000000
67056  54.315  -12.977  45.287 0.0000000000
68150  56.138  -12.269  47.770 0.0000000000
67042  55.570  -12.531  46.467 0.0000000000
68179  55.404  -11.895  44.476 0.0000000000
68178  56.603  -11.237  44.598 0.0000000000
92252  59.460  10.668  15.437 0.0000000000
91259  61.063  8.925  15.969 0.0000000000
90274  62.460  8.360  16.330 0.0000000000
89273  63.924  8.132  17.874 0.0000000000
92203  64.631  10.505  19.162 0.0000000000
90218  62.879  8.706  20.416 0.0000000000
92189  63.617  10.664  20.359 0.0000000000
93192  64.838  11.772  20.160 0.0000000000
94194  65.685  12.285  21.406 0.0000000000
53192  32.875  -24.530  62.258 0.0000000000
54244  33.517  -24.346  62.380 0.0000000000
37360  17.460  -37.650  61.684 0.0000000000
37359  18.135  -37.647  62.580 0.0000000000
70634  59.649  -10.137  41.321 0.0000000000
70647  59.968  -9.509  40.788 0.0000000000
56765  36.228  -21.332  50.453 0.0000000000
51157  28.430  -26.159  52.895 0.0000000000
51148  28.017  -27.028  53.022 0.0000000000
52275  28.291  -25.863  52.103 0.0000000000
163395  28.647  -25.679  52.543 0.0000000000
150016  26.024  -31.987  62.085 0.0000000000
45124  25.993  -32.065  62.882 0.0000000000
90186  58.504  8.224  24.383 0.0000000000
90180  59.395  8.506  25.453 0.0000000000
90181  58.725  8.181  25.077 0.0000000000
151979  62.280  3.879  33.980 0.0000000000
85888  62.700  4.492  33.562 0.0000000000
84805  62.170  3.945  34.822 0.0000000000
151624  52.527  -4.919  32.233 0.0000000000
76538  53.262  -4.571  32.408 0.0000000000
141887  53.547  -4.446  33.276 0.0000000000
162499  47.332  -13.734  44.286 0.0000000000
137300  47.182  -13.596  43.101 0.0000000000
65991  47.600  -13.759  43.636 0.0000000000
65990  48.434  -13.873  43.502 0.0000000000
156370  48.880  -14.089  44.230 0.0000000000
159278  46.862  -18.130  52.858 0.0000000000
61346  47.420  -17.724  53.326 0.0000000000
89205  57.565  7.603  23.591 0.0000000000
89216  57.535  7.345  23.099 0.0000000000
90194  58.445  8.128  23.635 0.0000000000
92261  62.599  10.041  14.270 0.0000000000
91287  61.953  9.704  14.840 0.0000000000
91286  62.720  9.261  14.804 0.0000000000
146608  34.017  -22.585  55.708 0.0000000000
55527  34.624  -22.658  56.394 0.0000000000
41304  21.379  -34.554  61.976 0.0000000000
42657  21.986  -34.396  62.542 0.0000000000
87021  54.599  5.452  25.462 0.0000000000
155726  56.071  4.979  25.564 0.0000000000
85958  55.248  4.766  25.547 0.0000000000
158962  58.718  0.450  26.760 0.0000000000
81808  59.398  0.653  26.932 0.0000000000
81801  60.121  0.952  27.261 0.0000000000
81793  60.321  0.658  28.110 0.0000000000
71825  55.909  -8.279  35.299 0.0000000000
72960  56.470  -7.623  35.148 0.0000000000
72945  57.052  -7.790  35.701 0.0000000000
36059  13.466  -38.417  63.948 0.0000000000
74178  48.376  -6.371  32.297 0.0000000000
72980  49.535  -7.104  33.226 0.0000000000
69511  51.384  -10.254  36.619 0.0000000000
70694  52.276  -10.053  36.874 0.0000000000
141800  52.890  -10.106  37.324 0.0000000000
70678  54.103  -10.245  38.151 0.0000000000
69489  53.166  -10.360  37.945 0.0000000000
57936  40.533  -20.371  51.856 0.0000000000
157962  40.617  -20.267  51.172 0.0000000000
59017  41.763  -19.826  52.183 0.0000000000
58997  41.852  -19.880  52.957 0.0000000000
56683  38.942  -21.817  56.261 0.0000000000
56691  39.507  -21.652  55.647 0.0000000000
56682  39.644  -21.597  56.504 0.0000000000
140188  30.937  -25.709  58.229 0.0000000000
52187  30.358  -26.260  58.153 0.0000000000
47630  27.760  -29.512  57.380 0.0000000000
151468  27.698  -29.764  58.081 0.0000000000
47621  27.654  -30.069  58.840 0.0000000000
47622  27.199  -30.356  58.267 0.0000000000
45175  23.607  -31.640  56.523 0.0000000000
160612  23.274  -31.855  56.904 0.0000000000
45160  23.858  -32.193  58.332 0.0000000000
45161  23.161  -32.356  58.008 0.0000000000
55617  30.610  -22.533  50.208 0.0000000000
55616  31.250  -22.204  50.620 0.0000000000
156521  31.767  -21.867  50.240 0.0000000000
55600  31.404  -22.299  51.405 0.0000000000
55579  31.624  -22.361  52.217 0.0000000000
55580  30.855  -22.738  51.930 0.0000000000
159371  30.465  -25.534  56.857 0.0000000000
53272  31.305  -25.190  57.843 0.0000000000
49949  29.178  -27.892  63.440 0.0000000000
34766  14.767  -40.749  66.695 0.0000000000
34765  15.658  -40.492  66.936 0.0000000000
94176  63.167  12.134  23.957 0.0000000000
152864  63.686  11.380  24.886 0.0000000000
93144  63.390  11.574  25.080 0.0000000000
91143  64.665  10.232  28.641 0.0000000000
92128  65.215  10.326  28.479 0.0000000000
91136  65.914  10.027  29.676 0.0000000000
85944  63.168  4.952  26.977 0.0000000000
87006  63.430  5.608  27.186 0.0000000000
85934  63.660  4.973  28.257 0.0000000000
79564  57.623  -1.697  32.672 0.0000000000
79575  57.646  -1.680  31.736 0.0000000000
79563  58.180  -1.183  32.191 0.0000000000
80617  58.642  -0.648  32.613 0.0000000000
80600  58.601  -0.673  33.470 0.0000000000
76505  58.724  -4.066  36.266 0.0000000000
77516  58.066  -3.361  36.331 0.0000000000
76487  59.259  -3.275  36.701 0.0000000000
67149  47.682  -12.572  38.539 0.0000000000
67085  53.389  -12.862  42.938 0.0000000000
67095  53.322  -12.632  42.020 0.0000000000
165087  53.871  -12.503  42.530 0.0000000000
136478  54.804  -11.877  42.983 0.0000000000
68180  54.803  -12.153  43.769 0.0000000000
148261  42.860  -18.715  47.096 0.0000000000
60250  43.480  -18.456  47.439 0.0000000000
63783  46.871  -15.619  49.256 0.0000000000
63791  46.577  -15.324  48.592 0.0000000000
64844  47.143  -15.107  48.862 0.0000000000
64856  46.808  -14.830  48.188 0.0000000000
64843  47.850  -14.983  49.106 0.0000000000
155684  52.587  -13.617  50.313 0.0000000000
65898  52.673  -14.163  49.045 0.0000000000
65897  53.377  -13.636  49.174 0.0000000000
65917  53.620  -13.873  47.783 0.0000000000
65908  54.131  -13.288  48.894 0.0000000000
89246  60.299  6.778  19.335 0.0000000000
89264  59.700  7.406  18.689 0.0000000000
89263  60.625  7.288  18.603 0.0000000000
89277  60.033  7.841  18.009 0.0000000000
89262  61.520  7.287  18.497 0.0000000000
89261  62.332  7.410  18.382 0.0000000000
88147  62.036  7.088  19.126 0.0000000000
93169  62.066  11.584  23.211 0.0000000000
92175  62.235  11.314  22.435 0.0000000000
93159  62.676  12.033  23.669 0.0000000000
94175  63.603  12.098  23.624 0.0000000000
94267  68.700  12.557  14.982 0.0000000000
94266  69.092  12.663  14.352 0.0000000000
93240  69.386  12.135  15.045 0.0000000000
92248  69.389  11.393  15.500 0.0000000000
94221  66.972  12.419  18.854 0.0000000000
94222  66.258  12.301  19.238 0.0000000000
93190  66.967  12.064  20.025 0.0000000000
54296  33.649  -23.839  59.074 0.0000000000
55499  34.220  -23.396  58.904 0.0000000000
145070  33.825  -23.911  60.009 0.0000000000
39968  19.681  -35.744  61.563 0.0000000000
39958  19.877  -35.874  62.429 0.0000000000
38687  19.441  -36.542  62.802 0.0000000000
37343  18.601  -37.883  64.593 0.0000000000
38671  19.023  -37.247  64.136 0.0000000000
37335  18.745  -37.947  65.512 0.0000000000
82914  55.426  0.840  26.125 0.0000000000
82913  56.318  0.985  26.174 0.0000000000
81811  55.970  0.190  26.385 0.0000000000
70674  58.199  -8.960  38.478 0.0000000000
71778  58.709  -8.484  38.379 0.0000000000
71771  58.838  -8.894  38.961 0.0000000000
37314  11.228  -37.135  67.835 0.0000000000
37306  10.791  -37.528  68.180 0.0000000000
57983  37.084  -20.532  47.752 0.0000000000
57982  37.888  -20.506  47.695 0.0000000000
57971  37.327  -20.637  48.497 0.0000000000
143527  38.099  -21.187  50.835 0.0000000000
56780  38.353  -20.905  50.101 0.0000000000
56747  39.298  -20.786  51.385 0.0000000000
51130  29.439  -26.231  55.552 0.0000000000
51119  29.552  -26.558  56.386 0.0000000000
50006  28.127  -28.242  55.681 0.0000000000
48862  27.575  -28.771  55.253 0.0000000000
54399  28.972  -24.317  50.968 0.0000000000
54419  28.976  -23.956  50.249 0.0000000000
140261  29.578  -23.642  50.853 0.0000000000
54378  30.029  -23.699  52.371 0.0000000000
53331  29.428  -24.547  52.469 0.0000000000
52261  29.418  -25.405  53.965 0.0000000000
148301  29.793  -25.577  55.360 0.0000000000
47588  28.012  -29.908  62.877 0.0000000000
46352  27.730  -30.518  64.305 0.0000000000
92160  60.825  10.346  24.473 0.0000000000
92153  61.425  10.802  25.141 0.0000000000
92154  60.871  10.150  25.355 0.0000000000
91154  61.253  9.242  26.710 0.0000000000
91162  61.472  9.951  26.613 0.0000000000
91152  62.447  9.688  27.484 0.0000000000
91151  63.048  10.307  27.827 0.0000000000
90161  62.451  8.795  27.342 0.0000000000
85913  63.004  4.379  30.680 0.0000000000
153606  63.401  5.100  30.747 0.0000000000
85899  63.238  4.981  31.413 0.0000000000
86960  63.501  5.973  33.619 0.0000000000
76582  53.102  -4.912  29.257 0.0000000000
76600  53.867  -4.560  29.114 0.0000000000
76580  54.309  -4.434  29.867 0.0000000000
77554  55.125  -3.592  32.026 0.0000000000
77566  55.340  -3.602  31.221 0.0000000000
77553  55.806  -3.173  32.016 0.0000000000
78554  56.460  -2.653  32.572 0.0000000000
138385  47.612  -13.503  41.045 0.0000000000
66024  48.461  -13.278  41.174 0.0000000000
140942  48.815  -13.435  41.841 0.0000000000
65988  50.368  -13.809  43.407 0.0000000000
66007  50.317  -13.392  42.506 0.0000000000
67075  52.066  -13.357  43.030 0.0000000000
144560  44.697  -18.532  50.443 0.0000000000
61372  47.320  -17.543  51.636 0.0000000000
61391  46.431  -17.513  50.535 0.0000000000
62624  47.070  -17.190  50.912 0.0000000000
62638  47.490  -16.513  50.588 0.0000000000
87073  56.007  6.216  20.895 0.0000000000
88124  56.417  6.532  20.247 0.0000000000
145638  57.368  5.810  21.458 0.0000000000
87061  58.874  5.926  21.567 0.0000000000
88110  59.502  6.393  21.847 0.0000000000
88109  60.286  6.798  21.804 0.0000000000
157619  61.027  6.942  21.478 0.0000000000
91185  59.523  9.136  23.538 0.0000000000
91193  59.939  9.373  22.781 0.0000000000
91184  60.205  9.835  23.678 0.0000000000
92168  60.986  10.534  23.574 0.0000000000
91297  64.319  10.023  13.606 0.0000000000
164668  66.594  9.955  13.904 0.0000000000
164227  66.260  9.582  14.515 0.0000000000
91283  65.935  9.278  14.945 0.0000000000
90286  64.645  8.662  15.587 0.0000000000
90272  65.417  9.054  16.158 0.0000000000
91249  65.609  10.034  17.354 0.0000000000
90257  65.256  9.216  16.961 0.0000000000
55558  35.342  -21.964  53.424 0.0000000000
55526  35.619  -22.600  56.203 0.0000000000
147476  36.560  -22.467  54.961 0.0000000000
148419  36.510  -22.528  55.694 0.0000000000
55524  37.348  -22.368  56.117 0.0000000000
55513  37.212  -22.217  56.979 0.0000000000
43939  24.078  -33.408  62.652 0.0000000000
138250  23.367  -33.858  62.856 0.0000000000
41284  22.559  -34.577  64.083 0.0000000000
42648  23.265  -34.108  63.816 0.0000000000
146358  22.898  -35.028  65.605 0.0000000000
158526  22.351  -35.407  66.013 0.0000000000
39943  20.043  -36.170  64.231 0.0000000000
39949  20.633  -35.680  63.880 0.0000000000
39942  20.607  -35.857  64.742 0.0000000000
88074  57.515  6.776  25.322 0.0000000000
152044  58.037  6.148  25.604 0.0000000000
85955  58.483  4.511  25.553 0.0000000000
87017  58.786  5.448  25.689 0.0000000000
85948  60.121  4.668  25.724 0.0000000000
85947  60.946  4.269  25.943 0.0000000000
136724  56.915  2.734  25.657 0.0000000000
84871  57.412  3.410  25.569 0.0000000000
82909  60.549  1.639  26.856 0.0000000000
142904  60.130  2.228  26.233 0.0000000000
83890  61.524  2.688  26.772 0.0000000000
83875  62.327  2.828  27.987 0.0000000000
83865  62.391  2.909  28.813 0.0000000000
83876  61.912  2.344  28.436 0.0000000000
82875  61.398  1.967  29.871 0.0000000000
83852  61.845  2.543  30.399 0.0000000000
83845  61.567  2.422  31.260 0.0000000000
83837  61.670  2.692  32.078 0.0000000000
82856  61.033  1.974  31.775 0.0000000000
75298  53.586  -5.806  33.922 0.0000000000
75292  54.306  -5.552  34.108 0.0000000000
74151  55.332  -5.900  34.570 0.0000000000
74136  58.083  -6.656  35.561 0.0000000000
75289  56.795  -5.766  35.029 0.0000000000
74149  58.413  -5.695  35.632 0.0000000000
147748  58.237  -4.742  35.892 0.0000000000
74134  59.312  -5.913  36.201 0.0000000000
72914  59.633  -7.554  38.388 0.0000000000
72926  58.727  -7.625  37.131 0.0000000000
74106  60.045  -6.852  37.966 0.0000000000
75246  61.124  -5.790  38.028 0.0000000000
75257  60.826  -5.286  37.194 0.0000000000
76484  61.823  -4.448  37.637 0.0000000000
140152  45.095  -12.803  44.136 0.0000000000
159183  45.835  -12.956  44.263 0.0000000000
88114  54.326  6.440  21.511 0.0000000000
88113  55.256  6.321  21.320 0.0000000000
87065  54.612  6.178  22.100 0.0000000000
88084  55.292  6.640  24.641 0.0000000000
88091  55.877  6.986  24.006 0.0000000000
89200  56.598  7.118  24.452 0.0000000000
36072  15.519  -38.636  62.627 0.0000000000
36062  16.133  -38.936  63.163 0.0000000000
36063  15.232  -38.930  63.131 0.0000000000
34785  13.987  -39.980  64.807 0.0000000000
36043  12.058  -38.236  66.304 0.0000000000
36050  12.377  -38.938  65.488 0.0000000000
75345  50.773  -6.014  30.376 0.0000000000
75306  49.909  -6.327  32.497 0.0000000000
75314  48.728  -6.385  32.101 0.0000000000
75313  50.526  -6.014  32.060 0.0000000000
75305  50.870  -5.946  32.594 0.0000000000
75300  51.226  -5.959  33.137 0.0000000000
72970  51.626  -7.394  33.784 0.0000000000
147767  52.510  -7.303  34.008 0.0000000000
71836  54.036  -7.991  34.348 0.0000000000
71837  53.085  -8.295  34.285 0.0000000000
70751  49.480  -9.024  33.265 0.0000000000
70750  50.265  -9.019  33.489 0.0000000000
160623  51.180  -9.455  34.319 0.0000000000
70712  53.550  -9.673  36.290 0.0000000000
70726  53.342  -9.413  35.480 0.0000000000
70725  54.253  -9.258  35.696 0.0000000000
70711  55.007  -9.260  36.476 0.0000000000
70690  56.247  -9.373  37.546 0.0000000000
70691  55.428  -9.559  37.376 0.0000000000
70677  55.406  -10.131  38.761 0.0000000000
70663  56.050  -9.931  38.787 0.0000000000
69450  56.698  -10.343  39.920 0.0000000000
59103  40.854  -19.710  46.569 0.0000000000
59102  41.669  -19.272  46.481 0.0000000000
59095  41.323  -19.625  47.478 0.0000000000
57969  38.986  -20.549  48.514 0.0000000000
57981  39.229  -20.433  47.767 0.0000000000
59063  41.542  -19.736  49.859 0.0000000000
59080  41.003  -19.859  49.031 0.0000000000
59079  41.753  -19.531  48.914 0.0000000000
59062  42.377  -19.351  49.435 0.0000000000
60190  43.205  -18.976  49.905 0.0000000000
59015  43.250  -19.383  52.763 0.0000000000
60156  43.941  -18.914  52.214 0.0000000000
60155  44.754  -18.865  52.813 0.0000000000
58994  44.756  -19.248  53.671 0.0000000000
56720  37.001  -21.858  53.087 0.0000000000
56736  37.346  -21.656  52.346 0.0000000000
56716  39.765  -21.204  54.082 0.0000000000
150561  39.016  -21.422  53.796 0.0000000000
57917  40.157  -20.781  53.442 0.0000000000
57903  40.481  -20.876  54.169 0.0000000000
57880  42.673  -20.663  56.241 0.0000000000
57889  42.473  -20.617  55.365 0.0000000000
57901  42.466  -20.359  54.582 0.0000000000
57900  43.179  -20.333  54.872 0.0000000000
58975  42.883  -19.962  54.120 0.0000000000
58959  43.974  -20.107  55.177 0.0000000000
58957  45.242  -19.374  55.126 0.0000000000
60105  46.433  -18.213  55.227 0.0000000000
52136  31.703  -25.386  61.355 0.0000000000
147851  31.846  -25.240  62.282 0.0000000000
52158  31.122  -25.867  60.961 0.0000000000
49964  29.660  -27.415  61.943 0.0000000000
144521  29.651  -27.491  60.975 0.0000000000
49998  29.457  -27.310  57.901 0.0000000000
49991  29.075  -28.018  58.124 0.0000000000
48823  28.611  -28.828  59.317 0.0000000000
48814  28.871  -28.558  60.859 0.0000000000
47595  28.397  -29.369  61.178 0.0000000000
47614  28.076  -29.849  60.212 0.0000000000
150541  27.113  -30.973  60.074 0.0000000000
46383  27.548  -30.549  60.540 0.0000000000
45133  26.445  -31.665  61.577 0.0000000000
47650  26.352  -29.611  54.413 0.0000000000
141386  26.767  -29.019  53.991 0.0000000000
162336  26.552  -29.739  55.105 0.0000000000
47644  27.103  -29.529  55.715 0.0000000000
157068  26.317  -30.164  55.687 0.0000000000
46428  24.299  -30.399  54.271 0.0000000000
45174  24.376  -31.394  56.748 0.0000000000
46411  24.875  -30.912  56.161 0.0000000000
46406  25.929  -30.885  57.416 0.0000000000
45158  25.355  -31.393  57.818 0.0000000000
45151  24.260  -32.349  59.097 0.0000000000
158150  24.983  -31.955  59.082 0.0000000000
45150  24.915  -32.264  59.884 0.0000000000
43955  24.475  -32.715  60.567 0.0000000000
43957  22.850  -33.374  60.426 0.0000000000
138787  21.987  -33.905  61.004 0.0000000000
42684  21.706  -33.905  60.372 0.0000000000
43974  21.080  -33.109  57.817 0.0000000000
43973  21.751  -32.992  58.149 0.0000000000
41323  19.812  -34.653  59.377 0.0000000000
42691  20.486  -34.109  59.232 0.0000000000
41318  20.361  -34.562  59.908 0.0000000000
157856  20.102  -35.213  61.099 0.0000000000
39981  18.571  -36.143  60.412 0.0000000000
38707  17.953  -36.699  60.576 0.0000000000
38698  16.749  -37.313  61.027 0.0000000000
149790  15.841  -37.389  61.185 0.0000000000
156583  15.804  -37.899  61.715 0.0000000000
37372  15.082  -37.443  61.586 0.0000000000
57985  35.177  -20.562  47.313 0.0000000000
57974  34.562  -20.683  48.134 0.0000000000
56797  35.012  -20.926  48.890 0.0000000000
138707  34.241  -20.972  48.948 0.0000000000
152409  31.536  -21.019  47.666 0.0000000000
56812  32.425  -20.810  47.808 0.0000000000
56799  32.580  -21.079  48.682 0.0000000000
159597  33.251  -21.437  49.865 0.0000000000
56767  33.178  -21.605  50.497 0.0000000000
160461  33.803  -21.475  50.346 0.0000000000
147370  34.198  -21.574  51.348 0.0000000000
56740  33.767  -21.667  51.845 0.0000000000
145699  32.713  -22.243  53.702 0.0000000000
55537  33.425  -22.506  55.079 0.0000000000
55549  32.717  -22.529  54.579 0.0000000000
141769  30.752  -23.598  53.939 0.0000000000
54361  31.209  -22.947  53.599 0.0000000000
54353  30.816  -23.827  54.680 0.0000000000
54340  31.800  -23.994  56.557 0.0000000000
54339  32.364  -23.494  56.589 0.0000000000
54330  32.416  -24.186  57.783 0.0000000000
141143  31.876  -25.075  59.082 0.0000000000
53241  32.499  -24.627  59.203 0.0000000000
53242  32.019  -25.021  59.847 0.0000000000
53219  32.143  -24.970  60.792 0.0000000000
52095  31.202  -25.915  63.787 0.0000000000
42646  24.487  -33.454  64.126 0.0000000000
43923  25.048  -33.198  64.724 0.0000000000
42624  25.575  -33.829  65.547 0.0000000000
36057  16.178  -39.309  63.966 0.0000000000
142448  16.732  -39.236  64.524 0.0000000000
36035  16.965  -39.545  66.806 0.0000000000
34763  17.237  -39.694  67.172 0.0000000000
36034  17.760  -39.111  66.983 0.0000000000
34751  17.554  -39.956  67.357 0.0000000000
157535  62.861  11.346  26.864 0.0000000000
93132  63.690  11.322  26.943 0.0000000000
92126  65.976  10.044  28.354 0.0000000000
88063  59.716  6.886  26.260 0.0000000000
89184  60.019  7.719  26.360 0.0000000000
88062  60.591  6.965  26.488 0.0000000000
88050  63.783  6.590  27.484 0.0000000000
89170  64.130  7.494  27.831 0.0000000000
90159  63.951  8.484  27.994 0.0000000000
89163  64.403  7.995  28.540 0.0000000000
88031  63.858  6.603  30.788 0.0000000000
88038  63.916  6.115  29.960 0.0000000000
145090  64.442  8.779  31.302 0.0000000000
90124  64.884  9.483  31.829 0.0000000000
163965  64.865  9.530  31.033 0.0000000000
91110  65.769  9.709  31.405 0.0000000000
79639  55.222  -1.269  26.864 0.0000000000
79638  56.109  -1.225  26.940 0.0000000000
80690  56.948  -1.077  27.105 0.0000000000
77592  56.172  -3.185  29.048 0.0000000000
78606  55.810  -3.169  28.426 0.0000000000
78596  56.666  -2.814  29.368 0.0000000000
79588  58.218  -1.221  30.381 0.0000000000
79605  57.654  -1.820  29.149 0.0000000000
80676  58.683  -0.899  28.870 0.0000000000
158743  59.729  0.114  29.369 0.0000000000
80661  59.335  -0.105  30.177 0.0000000000
143968  59.976  0.973  33.138 0.0000000000
81753  60.044  0.971  32.262 0.0000000000
82857  60.572  1.598  32.671 0.0000000000
77528  55.107  -4.337  34.615 0.0000000000
77538  54.738  -4.035  34.396 0.0000000000
77527  55.489  -3.862  34.737 0.0000000000
78521  57.534  -2.634  36.107 0.0000000000
78530  56.470  -2.973  35.290 0.0000000000
78529  57.033  -2.518  35.658 0.0000000000
79548  57.306  -1.880  35.037 0.0000000000
79541  57.586  -1.954  35.985 0.0000000000
80567  59.354  -0.505  37.608 0.0000000000
160676  58.906  -0.875  37.267 0.0000000000
142910  59.112  -0.229  37.044 0.0000000000
80582  58.609  -0.618  35.641 0.0000000000
80581  59.108  0.070  35.397 0.0000000000
81730  59.444  0.472  34.821 0.0000000000
81721  59.488  0.535  35.658 0.0000000000
68253  48.863  -11.627  37.538 0.0000000000
161985  49.599  -11.272  37.474 0.0000000000
68252  50.215  -11.072  37.761 0.0000000000
67109  49.627  -12.462  40.487 0.0000000000
67127  49.375  -12.197  39.673 0.0000000000
67108  50.645  -12.224  40.574 0.0000000000
139260  52.756  -11.902  40.404 0.0000000000
147064  51.625  -11.914  40.318 0.0000000000
68220  52.261  -11.483  39.703 0.0000000000
69454  51.995  -10.969  39.071 0.0000000000
68219  53.011  -11.461  39.767 0.0000000000
150546  53.588  -11.091  39.463 0.0000000000
68209  54.206  -11.590  40.566 0.0000000000
69395  56.315  -10.924  42.452 0.0000000000
69396  55.860  -11.005  41.865 0.0000000000
151673  56.972  -10.731  42.311 0.0000000000
69414  57.430  -10.626  41.799 0.0000000000
139775  57.647  -10.640  42.626 0.0000000000
61416  44.824  -17.651  48.211 0.0000000000
62655  45.248  -16.989  47.929 0.0000000000
63799  45.697  -15.380  47.539 0.0000000000
63800  45.131  -15.430  46.876 0.0000000000
64886  44.974  -14.674  46.269 0.0000000000
65920  46.763  -14.282  47.055 0.0000000000
65934  47.259  -14.048  46.413 0.0000000000
65953  46.954  -13.819  45.617 0.0000000000
162628  48.022  -14.262  46.407 0.0000000000
64790  49.117  -15.035  55.028 0.0000000000
63724  48.685  -15.732  54.627 0.0000000000
64803  49.195  -15.261  54.155 0.0000000000
64812  50.165  -14.443  53.033 0.0000000000
161546  49.722  -15.109  52.979 0.0000000000
148229  49.882  -15.082  52.309 0.0000000000
164558  48.920  -15.779  51.354 0.0000000000
64818  49.950  -15.091  51.475 0.0000000000
64830  51.469  -14.636  49.833 0.0000000000
65891  51.240  -14.394  50.833 0.0000000000
64831  50.633  -14.887  50.248 0.0000000000
64841  49.711  -15.096  49.610 0.0000000000
141944  49.155  -15.012  48.868 0.0000000000
64852  49.951  -15.103  48.708 0.0000000000
64864  51.142  -14.965  47.284 0.0000000000
64865  50.228  -15.060  47.807 0.0000000000
64882  50.226  -14.879  46.828 0.0000000000
64895  50.216  -14.684  45.971 0.0000000000
136576  50.233  -14.430  45.114 0.0000000000
64894  51.514  -14.599  45.732 0.0000000000
65932  53.592  -13.862  46.370 0.0000000000
65948  52.982  -14.032  45.584 0.0000000000
65947  53.770  -13.584  45.662 0.0000000000
65966  53.539  -13.518  44.938 0.0000000000
68141  56.051  -12.157  48.642 0.0000000000
68129  56.647  -11.685  49.172 0.0000000000
67029  56.143  -12.183  46.930 0.0000000000
68157  56.200  -11.986  46.055 0.0000000000
160827  55.544  -12.330  45.791 0.0000000000
68167  56.475  -11.538  45.322 0.0000000000
160800  56.059  -11.573  44.771 0.0000000000
68166  57.114  -11.087  45.145 0.0000000000
89249  57.436  7.288  19.332 0.0000000000
90232  56.173  8.462  19.185 0.0000000000
90231  57.039  8.109  18.995 0.0000000000
90276  60.700  8.615  16.670 0.0000000000
90275  61.577  8.453  16.493 0.0000000000
90289  61.912  8.759  15.790 0.0000000000
89260  63.161  7.696  18.336 0.0000000000
159876  63.299  7.953  17.544 0.0000000000
90243  64.417  8.894  18.325 0.0000000000
91221  64.306  9.603  18.998 0.0000000000
89220  61.888  7.904  21.112 0.0000000000
89229  62.397  7.685  20.563 0.0000000000
91199  62.228  9.311  21.005 0.0000000000
157321  63.200  11.453  21.509 0.0000000000
92204  64.376  11.012  19.864 0.0000000000
93182  64.535  11.992  21.006 0.0000000000
94210  65.321  12.261  20.489 0.0000000000
94202  65.147  12.300  21.231 0.0000000000
92165  65.096  11.700  22.739 0.0000000000
92286  65.080  11.679  12.633 0.0000000000
93278  65.601  12.477  12.214 0.0000000000
94248  68.076  12.515  16.771 0.0000000000
38688  18.755  -36.926  62.279 0.0000000000
37351  18.412  -37.802  63.641 0.0000000000
37344  17.903  -38.377  64.182 0.0000000000
70659  59.017  -9.368  39.701 0.0000000000
57957  36.713  -20.879  49.188 0.0000000000
56781  36.921  -21.181  50.116 0.0000000000
56763  37.330  -21.339  50.867 0.0000000000
56749  37.747  -21.440  51.579 0.0000000000
52247  29.025  -26.119  54.182 0.0000000000
51139  28.880  -26.678  54.830 0.0000000000
50029  28.327  -27.400  54.399 0.0000000000
50030  27.784  -27.929  54.022 0.0000000000
158217  28.490  -24.898  51.036 0.0000000000
53345  28.920  -24.736  51.643 0.0000000000
52262  28.906  -25.962  53.562 0.0000000000
46366  27.093  -31.090  62.892 0.0000000000
46359  27.187  -31.097  63.849 0.0000000000
45114  26.589  -31.600  63.379 0.0000000000
45108  26.723  -31.676  64.284 0.0000000000
43913  26.468  -32.360  65.068 0.0000000000
91177  59.539  9.131  24.387 0.0000000000
91169  60.406  9.528  25.647 0.0000000000
91170  59.738  9.074  25.207 0.0000000000
91164  60.024  8.895  25.904 0.0000000000
90163  61.183  8.622  26.731 0.0000000000
153595  62.455  3.803  32.444 0.0000000000
85894  62.763  4.395  32.706 0.0000000000
85877  63.086  5.242  34.039 0.0000000000
157135  52.608  -5.180  30.434 0.0000000000
159828  53.868  -4.661  30.239 0.0000000000
76550  53.736  -4.455  31.565 0.0000000000
77555  54.590  -3.782  32.643 0.0000000000
138051  47.187  -13.667  42.348 0.0000000000
66009  48.796  -13.675  42.658 0.0000000000
65989  49.324  -13.875  43.477 0.0000000000
65969  50.761  -14.137  44.327 0.0000000000
60171  45.580  -18.469  51.679 0.0000000000
61374  45.965  -18.119  51.101 0.0000000000
60170  46.202  -18.282  51.831 0.0000000000
61356  47.457  -17.698  52.449 0.0000000000
141634  47.941  -17.142  51.969 0.0000000000
141123  57.291  6.832  22.764 0.0000000000
88112  57.553  6.181  22.192 0.0000000000
88100  57.989  6.871  22.666 0.0000000000
88099  58.864  6.951  22.514 0.0000000000
150718  59.656  8.134  22.397 0.0000000000
89214  59.065  7.951  22.717 0.0000000000
158080  59.038  8.538  23.378 0.0000000000
91284  64.693  9.280  14.146 0.0000000000
90298  65.099  8.916  14.817 0.0000000000
90299  64.174  8.860  14.832 0.0000000000
90300  63.386  8.904  14.954 0.0000000000
90287  63.723  8.600  15.517 0.0000000000
138933  35.029  -22.397  54.755 0.0000000000
55536  34.886  -22.533  55.492 0.0000000000
153801  35.897  -22.591  57.007 0.0000000000
42666  22.670  -33.943  62.233 0.0000000000
41295  21.927  -34.700  63.411 0.0000000000
41285  21.809  -34.913  64.317 0.0000000000
38662  19.779  -36.924  65.455 0.0000000000
39933  20.295  -36.475  65.830 0.0000000000
88076  55.717  6.320  25.164 0.0000000000
152001  57.150  6.023  25.545 0.0000000000
147393  56.276  5.853  25.475 0.0000000000
87019  56.926  5.142  25.574 0.0000000000
85956  57.590  4.392  25.545 0.0000000000
82912  57.856  1.556  26.168 0.0000000000
83893  58.544  2.121  26.025 0.0000000000
82896  61.433  1.774  28.037 0.0000000000
82897  60.898  1.188  28.682 0.0000000000
82884  61.066  1.485  29.485 0.0000000000
82876  60.853  1.507  30.255 0.0000000000
74159  55.392  -6.837  34.450 0.0000000000
72959  57.191  -6.854  35.138 0.0000000000
88085  54.515  6.404  24.527 0.0000000000
36065  14.014  -38.306  63.336 0.0000000000
36064  14.582  -38.793  63.294 0.0000000000
36058  14.129  -39.006  63.722 0.0000000000
34793  13.560  -39.305  64.270 0.0000000000
74177  49.095  -6.395  32.399 0.0000000000
74169  49.865  -6.448  32.801 0.0000000000
74168  50.791  -6.525  33.304 0.0000000000
148085  50.307  -7.004  33.368 0.0000000000
72979  50.802  -7.478  33.550 0.0000000000
70729  50.835  -9.848  34.907 0.0000000000
70728  51.704  -9.620  34.936 0.0000000000
70714  51.974  -9.882  35.925 0.0000000000
70713  52.791  -9.759  36.089 0.0000000000
70693  53.636  -9.905  37.221 0.0000000000
70692  54.567  -9.764  37.318 0.0000000000
69470  54.750  -10.355  38.664 0.0000000000
69452  55.019  -10.617  39.311 0.0000000000
57996  40.084  -20.130  46.692 0.0000000000
145122  39.877  -20.444  49.885 0.0000000000
57953  40.219  -20.247  49.076 0.0000000000
57940  40.990  -20.027  50.632 0.0000000000
157622  41.663  -19.742  50.775 0.0000000000
59030  42.222  -19.574  51.449 0.0000000000
56703  37.769  -22.151  54.663 0.0000000000
146044  38.380  -21.810  54.203 0.0000000000
56702  38.409  -21.970  54.908 0.0000000000
58941  43.849  -19.868  57.487 0.0000000000
156636  44.721  -19.666  56.314 0.0000000000
52171  31.437  -25.482  59.484 0.0000000000
52172  30.978  -25.955  60.015 0.0000000000
51082  30.408  -26.513  59.716 0.0000000000
51083  29.812  -27.110  59.392 0.0000000000
48844  28.601  -28.459  57.567 0.0000000000
47613  28.293  -29.400  59.576 0.0000000000
155589  27.973  -29.845  59.400 0.0000000000
46392  26.861  -30.914  59.384 0.0000000000
47651  25.593  -29.884  54.160 0.0000000000
45190  23.245  -31.449  55.812 0.0000000000
45167  24.686  -31.549  57.443 0.0000000000
43964  23.699  -32.747  59.504 0.0000000000
43966  22.000  -33.288  59.017 0.0000000000
147682  19.251  -34.985  59.497 0.0000000000
41324  18.544  -35.094  59.183 0.0000000000
57975  33.801  -20.635  47.766 0.0000000000
55634  30.545  -22.332  49.259 0.0000000000
56801  31.326  -21.733  48.987 0.0000000000
137726  32.051  -21.396  49.040 0.0000000000
56786  31.907  -21.639  49.638 0.0000000000
56755  31.983  -21.966  50.847 0.0000000000
56754  32.750  -21.782  50.988 0.0000000000
55598  33.005  -21.811  51.714 0.0000000000
53301  30.343  -24.466  54.790 0.0000000000
142286  30.811  -24.213  55.364 0.0000000000
161611  30.859  -24.562  55.945 0.0000000000
53278  31.215  -24.532  56.534 0.0000000000
53271  31.718  -24.524  57.304 0.0000000000
52185  31.385  -25.366  58.652 0.0000000000
149422  15.859  -39.884  65.689 0.0000000000
144332  16.163  -39.953  66.556 0.0000000000
34764  16.452  -40.097  67.097 0.0000000000
92136  63.384  10.984  27.742 0.0000000000
92135  64.079  11.128  27.524 0.0000000000
155287  64.773  10.689  27.923 0.0000000000
92127  65.743  10.233  28.598 0.0000000000
91135  66.299  9.718  29.274 0.0000000000
90144  66.577  9.036  29.522 0.0000000000
87008  61.960  5.548  26.358 0.0000000000
88060  62.453  6.371  26.643 0.0000000000
88044  64.177  6.260  28.310 0.0000000000
89121  63.998  7.831  32.714 0.0000000000
89136  64.041  7.722  31.607 0.0000000000
79631  55.697  -1.983  27.271 0.0000000000
78580  56.641  -2.736  30.425 0.0000000000
78579  57.176  -2.275  29.702 0.0000000000
79589  57.696  -1.690  30.865 0.0000000000
79574  58.195  -1.170  31.294 0.0000000000
80647  58.719  -0.642  30.782 0.0000000000
80646  59.203  -0.085  31.270 0.0000000000
80632  59.122  -0.088  32.184 0.0000000000
81754  59.550  0.436  32.648 0.0000000000
81742  59.472  0.393  33.484 0.0000000000
76507  57.117  -4.166  35.801 0.0000000000
77518  56.657  -3.817  35.454 0.0000000000
146971  57.478  -3.673  36.070 0.0000000000
77517  57.500  -3.187  36.115 0.0000000000
77501  58.079  -2.687  36.375 0.0000000000
81712  60.141  1.085  37.000 0.0000000000
67175  48.215  -12.136  38.018 0.0000000000
68233  48.838  -11.970  38.299 0.0000000000
67097  51.600  -12.751  41.518 0.0000000000
67107  51.363  -12.390  40.936 0.0000000000
67096  52.437  -12.763  41.719 0.0000000000
144333  53.012  -12.370  41.203 0.0000000000
164412  53.685  -12.214  41.468 0.0000000000
68202  54.356  -11.792  41.337 0.0000000000
140337  54.705  -11.785  42.181 0.0000000000
68194  55.502  -11.384  42.559 0.0000000000
68193  56.148  -11.162  43.261 0.0000000000
152130  45.858  -16.696  48.929 0.0000000000
62654  45.677  -16.317  48.226 0.0000000000
164622  45.988  -16.136  48.650 0.0000000000
64870  45.912  -14.646  47.175 0.0000000000
64869  46.468  -14.578  47.468 0.0000000000
64868  47.105  -14.569  47.723 0.0000000000
141816  47.771  -14.677  47.904 0.0000000000
65855  50.102  -13.975  54.952 0.0000000000
141671  50.584  -13.675  55.169 0.0000000000
66961  50.627  -13.571  54.509 0.0000000000
65863  50.675  -13.678  53.598 0.0000000000
64851  51.311  -14.876  48.986 0.0000000000
64839  51.972  -14.597  49.019 0.0000000000
64850  52.422  -14.525  48.277 0.0000000000
64863  52.142  -14.748  47.410 0.0000000000
64880  51.819  -14.747  46.524 0.0000000000
65918  52.924  -14.296  47.584 0.0000000000
157020  53.419  -14.011  47.087 0.0000000000
65931  54.166  -13.555  47.128 0.0000000000
89266  57.900  7.834  18.827 0.0000000000
89265  58.789  7.596  18.750 0.0000000000
89287  62.130  8.045  17.064 0.0000000000
89275  61.820  7.663  17.766 0.0000000000
89244  63.161  7.735  19.222 0.0000000000
91200  61.595  9.743  21.506 0.0000000000
143755  62.284  10.266  21.266 0.0000000000
92181  62.542  11.051  21.692 0.0000000000
93176  63.035  11.692  22.149 0.0000000000
93175  63.864  12.000  21.758 0.0000000000
94195  64.305  12.274  22.284 0.0000000000
94188  63.979  12.267  22.924 0.0000000000
92271  67.328  10.940  13.259 0.0000000000
92283  67.885  11.863  12.758 0.0000000000
93252  69.193  12.542  13.400 0.0000000000
93219  66.755  12.188  17.711 0.0000000000
94220  67.639  12.355  18.408 0.0000000000
92202  67.576  11.002  19.751 0.0000000000
55517  33.598  -23.170  57.339 0.0000000000
145722  34.373  -22.862  57.223 0.0000000000
136894  34.271  -23.221  58.019 0.0000000000
54278  34.279  -23.787  60.721 0.0000000000
39950  20.008  -36.039  63.327 0.0000000000
144925  19.659  -36.820  64.596 0.0000000000
38656  19.329  -37.460  65.942 0.0000000000
37324  19.016  -38.102  66.914 0.0000000000
83898  56.157  2.640  25.642 0.0000000000
82920  56.828  1.870  25.921 0.0000000000
157372  57.233  0.938  26.282 0.0000000000
81809  58.069  0.691  26.478 0.0000000000
80696  58.141  -0.114  26.929 0.0000000000
71790  57.515  -8.613  37.277 0.0000000000
71810  57.280  -8.251  36.435 0.0000000000
71789  58.251  -8.347  37.741 0.0000000000
72905  59.893  -7.883  39.162 0.0000000000
71770  59.501  -8.622  39.421 0.0000000000
72904  60.543  -7.471  39.637 0.0000000000
145390  12.831  -38.453  64.751 0.0000000000
37326  11.747  -37.360  67.114 0.0000000000
36028  11.077  -38.171  68.013 0.0000000000
70730  50.069  -10.040  34.736 0.0000000000
69525  50.326  -10.263  35.592 0.0000000000
69512  50.575  -10.447  36.419 0.0000000000
57955  38.646  -20.720  49.300 0.0000000000
57956  37.694  -20.851  49.447 0.0000000000
57943  39.134  -20.735  49.967 0.0000000000
57942  39.576  -20.633  50.634 0.0000000000
57937  40.032  -20.536  51.267 0.0000000000
52212  30.053  -26.192  57.145 0.0000000000
51107  29.495  -26.936  57.157 0.0000000000
51131  29.033  -26.994  55.804 0.0000000000
50005  28.683  -27.777  56.239 0.0000000000
48853  28.545  -28.263  56.857 0.0000000000
48854  28.130  -28.920  56.956 0.0000000000
47637  27.496  -29.552  56.655 0.0000000000
45191  22.546  -31.605  55.692 0.0000000000
45170  22.086  -32.110  56.902 0.0000000000
43979  22.342  -32.566  57.668 0.0000000000
55602  30.024  -22.976  50.632 0.0000000000
54377  30.493  -23.158  52.358 0.0000000000
53316  30.174  -24.037  53.646 0.0000000000
53317  29.661  -24.668  53.374 0.0000000000
140985  29.948  -24.616  54.139 0.0000000000
53286  30.306  -24.948  55.543 0.0000000000
93160  62.023  11.683  24.021 0.0000000000
163032  62.966  11.899  25.012 0.0000000000
93153  62.029  11.468  24.877 0.0000000000
93147  62.031  11.133  25.833 0.0000000000
92145  62.365  11.064  26.655 0.0000000000
92147  61.075  10.044  26.072 0.0000000000
92138  62.133  10.549  26.953 0.0000000000
92137  62.737  11.084  27.247 0.0000000000
91144  63.794  10.398  28.171 0.0000000000
147494  63.181  4.015  28.855 0.0000000000
85925  63.563  4.716  29.042 0.0000000000
85912  63.454  4.886  30.023 0.0000000000
86970  63.574  5.709  31.205 0.0000000000
85893  63.158  4.989  32.241 0.0000000000
86964  63.478  5.802  32.651 0.0000000000
77608  54.019  -3.975  28.370 0.0000000000
77607  54.634  -4.075  29.090 0.0000000000
77579  54.823  -4.000  30.560 0.0000000000
77578  55.617  -3.619  30.263 0.0000000000
164444  56.111  -3.209  30.355 0.0000000000
78567  56.527  -2.689  31.552 0.0000000000
78553  57.093  -2.212  32.147 0.0000000000
77499  60.944  -3.275  37.184 0.0000000000
66080  47.420  -13.148  39.719 0.0000000000
67129  47.908  -12.761  39.310 0.0000000000
66050  48.122  -13.018  40.238 0.0000000000
66049  48.878  -12.832  40.686 0.0000000000
66022  50.179  -12.960  41.765 0.0000000000
66008  49.511  -13.384  42.148 0.0000000000
67088  50.978  -12.982  42.061 0.0000000000
67087  51.813  -13.043  42.279 0.0000000000
67074  52.745  -13.192  43.152 0.0000000000
154184  53.692  -12.872  43.700 0.0000000000
60208  43.829  -18.736  49.117 0.0000000000
60223  43.643  -18.656  48.300 0.0000000000
60207  44.461  -18.423  49.217 0.0000000000
61407  44.903  -17.896  48.935 0.0000000000
61406  45.519  -17.548  49.306 0.0000000000
61392  45.611  -17.977  50.221 0.0000000000
62648  46.209  -16.972  49.661 0.0000000000
62647  46.701  -16.255  49.566 0.0000000000
63775  47.209  -16.033  49.864 0.0000000000
89231  55.832  7.149  20.008 0.0000000000
88141  57.066  6.747  19.746 0.0000000000
88140  57.806  6.542  19.753 0.0000000000
87062  58.125  5.817  21.562 0.0000000000
88122  58.010  6.024  20.290 0.0000000000
88139  58.772  6.220  20.026 0.0000000000
88138  59.898  6.297  20.135 0.0000000000
88120  60.897  6.505  20.130 0.0000000000
88137  61.735  6.808  19.946 0.0000000000
88108  61.363  6.751  20.771 0.0000000000
89221  61.267  7.778  21.479 0.0000000000
90201  60.028  8.731  22.278 0.0000000000
90211  60.722  8.673  21.762 0.0000000000
91201  60.998  9.378  21.705 0.0000000000
91191  61.068  10.019  22.076 0.0000000000
92167  61.568  11.149  23.560 0.0000000000
93264  64.285  11.490  12.974 0.0000000000
92273  65.041  10.731  12.989 0.0000000000
144291  64.052  10.769  13.325 0.0000000000
92272  66.340  10.529  12.993 0.0000000000
92259  68.113  12.142  14.589 0.0000000000
94247  68.643  12.444  16.137 0.0000000000
93241  67.916  12.352  15.631 0.0000000000
93242  67.206  11.758  16.230 0.0000000000
91272  66.086  9.567  15.688 0.0000000000
92238  66.558  11.107  16.776 0.0000000000
92230  66.324  11.427  17.524 0.0000000000
151602  65.850  10.734  17.654 0.0000000000
91235  65.433  10.359  18.005 0.0000000000
56738  35.351  -21.656  51.882 0.0000000000
136460  36.070  -21.664  51.932 0.0000000000
55575  35.732  -21.788  52.583 0.0000000000
55557  36.205  -21.913  53.189 0.0000000000
55556  36.673  -22.119  53.774 0.0000000000
55546  35.512  -22.278  54.256 0.0000000000
55545  36.259  -22.354  54.380 0.0000000000
55544  37.017  -22.310  54.452 0.0000000000
56693  37.957  -22.189  55.447 0.0000000000
56684  38.187  -22.021  56.262 0.0000000000
55516  35.010  -22.881  57.861 0.0000000000
55515  35.733  -22.586  57.690 0.0000000000
55514  36.468  -22.382  57.411 0.0000000000
55496  36.316  -22.305  58.223 0.0000000000
43938  24.760  -32.918  62.488 0.0000000000
43930  25.339  -32.633  63.292 0.0000000000
43931  24.596  -33.187  63.333 0.0000000000
42647  23.899  -33.909  64.400 0.0000000000
42637  24.025  -34.127  65.168 0.0000000000
41264  23.569  -35.054  65.657 0.0000000000
41296  21.228  -35.112  63.642 0.0000000000
41275  21.742  -35.179  65.183 0.0000000000
164117  20.594  -36.044  65.419 0.0000000000
39932  21.131  -35.640  65.342 0.0000000000
41265  22.215  -35.129  65.648 0.0000000000
150457  57.993  7.746  24.719 0.0000000000
89193  58.518  7.676  25.359 0.0000000000
142756  57.895  7.350  25.191 0.0000000000
88064  59.106  6.768  25.918 0.0000000000
149023  60.142  6.180  26.285 0.0000000000
158411  59.901  5.742  26.099 0.0000000000
150704  61.246  5.127  26.162 0.0000000000
85945  62.627  4.740  26.583 0.0000000000
85940  62.962  4.180  27.272 0.0000000000
139265  55.928  4.082  25.480 0.0000000000
84870  58.181  3.775  25.542 0.0000000000
84869  59.099  3.616  25.582 0.0000000000
83892  59.236  2.624  25.843 0.0000000000
156561  59.898  3.055  25.826 0.0000000000
84862  61.725  3.545  26.382 0.0000000000
83883  62.301  3.249  27.190 0.0000000000
84846  62.819  3.498  29.235 0.0000000000
84836  62.725  3.608  30.152 0.0000000000
83866  61.915  2.416  29.372 0.0000000000
151830  62.325  3.128  30.514 0.0000000000
84830  62.547  3.596  31.035 0.0000000000
84823  62.279  3.398  31.881 0.0000000000
84824  62.025  3.276  32.698 0.0000000000
84816  61.874  3.283  33.528 0.0000000000
76531  52.618  -5.415  33.404 0.0000000000
76530  53.496  -4.920  33.756 0.0000000000
76525  53.973  -5.244  33.962 0.0000000000
76517  55.088  -4.787  34.532 0.0000000000
75277  56.182  -4.740  35.061 0.0000000000
144846  56.082  -5.399  34.905 0.0000000000
75276  56.767  -4.839  35.283 0.0000000000
75275  57.519  -4.878  35.604 0.0000000000
76504  59.642  -4.146  36.497 0.0000000000
72927  57.986  -7.935  36.805 0.0000000000
72943  58.467  -7.244  36.225 0.0000000000
74117  59.119  -6.880  36.634 0.0000000000
74116  59.783  -6.471  37.054 0.0000000000
75258  60.089  -5.581  36.739 0.0000000000
75273  60.306  -4.687  36.666 0.0000000000
65993  45.841  -12.971  43.471 0.0000000000
62584  47.590  -16.757  55.618 0.0000000000
145943  47.783  -17.018  54.713 0.0000000000
64780  49.147  -14.909  55.882 0.0000000000
87064  56.010  6.135  21.478 0.0000000000
155161  54.937  6.252  22.712 0.0000000000
88101  56.595  6.545  22.631 0.0000000000
139291  56.322  6.946  23.380 0.0000000000
89206  56.732  7.303  23.820 0.0000000000
93254  60.973  11.126  14.334 0.0000000000
92263  60.215  10.905  14.773 0.0000000000
37353  16.900  -38.614  62.937 0.0000000000
34791  15.392  -39.560  64.126 0.0000000000
34801  14.890  -39.259  63.631 0.0000000000
34784  15.071  -39.929  64.808 0.0000000000
34787  12.673  -39.728  65.648 0.0000000000
34778  12.784  -40.252  66.244 0.0000000000
142189  13.764  -40.694  66.407 0.0000000000
33511  14.091  -41.085  66.957 0.0000000000
75358  52.215  -5.363  29.675 0.0000000000
75325  52.008  -5.475  30.770 0.0000000000
76553  51.778  -5.374  31.865 0.0000000000
75327  50.509  -6.067  31.355 0.0000000000
75312  51.410  -5.645  32.237 0.0000000000
76540  52.073  -5.304  32.791 0.0000000000
74161  53.978  -6.319  34.102 0.0000000000
152655  51.952  -6.466  33.718 0.0000000000
74162  52.925  -6.376  33.944 0.0000000000
72969  54.214  -7.162  34.212 0.0000000000
71835  54.887  -7.593  34.474 0.0000000000
71826  55.332  -8.305  34.961 0.0000000000
159002  55.503  -8.571  35.428 0.0000000000
153397  49.862  -8.192  33.275 0.0000000000
71845  50.583  -8.289  33.482 0.0000000000
71839  51.313  -8.269  33.734 0.0000000000
70738  52.423  -9.055  34.472 0.0000000000
71828  53.773  -8.859  34.832 0.0000000000
71813  55.067  -8.827  35.560 0.0000000000
71812  55.653  -8.770  35.932 0.0000000000
71791  56.734  -8.818  36.983 0.0000000000
71780  57.023  -9.162  37.788 0.0000000000
70675  57.427  -9.502  38.612 0.0000000000
147902  55.796  -9.799  38.125 0.0000000000
70649  58.326  -10.007  40.203 0.0000000000
70635  58.860  -10.295  40.926 0.0000000000
59094  42.166  -19.081  47.254 0.0000000000
143007  38.665  -20.475  47.289 0.0000000000
57980  39.945  -20.250  47.542 0.0000000000
59096  40.575  -19.974  48.166 0.0000000000
60224  43.039  -19.028  48.902 0.0000000000
59046  43.041  -19.170  50.957 0.0000000000
156380  43.611  -18.933  51.424 0.0000000000
138119  44.333  -18.731  51.309 0.0000000000
60154  45.646  -18.610  52.447 0.0000000000
60137  46.207  -18.528  53.103 0.0000000000
142031  46.701  -18.204  53.768 0.0000000000
56750  36.806  -21.560  51.592 0.0000000000
56735  38.249  -21.430  52.404 0.0000000000
56718  38.311  -21.595  53.361 0.0000000000
56734  39.065  -20.981  52.176 0.0000000000
57918  39.626  -20.832  52.781 0.0000000000
57928  40.340  -20.542  52.648 0.0000000000
57882  40.980  -21.000  56.248 0.0000000000
57891  40.796  -21.033  55.498 0.0000000000
57890  41.586  -20.837  55.571 0.0000000000
154143  40.995  -20.846  54.808 0.0000000000
155807  41.156  -20.559  53.978 0.0000000000
163403  41.376  -20.253  53.323 0.0000000000
58996  42.632  -19.735  53.295 0.0000000000
58995  43.440  -19.642  53.595 0.0000000000
163265  44.112  -19.549  53.870 0.0000000000
58958  44.722  -19.756  55.551 0.0000000000
58973  44.617  -19.667  54.561 0.0000000000
60121  45.503  -19.122  54.300 0.0000000000
60120  46.241  -18.563  54.482 0.0000000000
61318  47.084  -17.546  55.190 0.0000000000
53175  32.362  -24.865  62.833 0.0000000000
52115  31.747  -25.461  63.197 0.0000000000
52116  31.051  -25.900  62.953 0.0000000000
51064  30.662  -26.312  62.275 0.0000000000
51055  30.134  -26.817  62.579 0.0000000000
49957  29.647  -27.358  62.988 0.0000000000
49958  29.179  -27.967  62.398 0.0000000000
51095  29.842  -26.903  58.479 0.0000000000
49984  29.010  -28.177  58.994 0.0000000000
49983  29.351  -27.742  59.430 0.0000000000
49975  29.522  -27.613  60.119 0.0000000000
164267  29.217  -27.972  60.654 0.0000000000
48801  28.808  -28.594  62.872 0.0000000000
47587  28.441  -29.315  62.325 0.0000000000
46365  27.583  -30.578  62.390 0.0000000000
47605  27.875  -30.047  61.040 0.0000000000
46374  27.535  -30.618  61.438 0.0000000000
46375  27.071  -31.171  61.933 0.0000000000
45134  25.714  -32.158  61.321 0.0000000000
50051  27.366  -27.396  52.505 0.0000000000
50042  27.568  -27.686  53.271 0.0000000000
48869  27.405  -28.585  54.409 0.0000000000
47652  24.875  -29.985  54.025 0.0000000000
46427  25.115  -30.361  54.644 0.0000000000
46416  25.468  -30.570  55.499 0.0000000000
46405  26.628  -30.689  57.811 0.0000000000
46400  26.695  -30.824  58.608 0.0000000000
46393  26.188  -31.279  59.062 0.0000000000
153057  25.505  -31.617  58.634 0.0000000000
45142  25.688  -31.967  60.372 0.0000000000
43946  24.851  -32.724  61.488 0.0000000000
43947  23.970  -33.009  61.215 0.0000000000
43948  23.335  -33.343  61.007 0.0000000000
42674  22.683  -33.738  61.246 0.0000000000
42690  21.423  -33.788  59.525 0.0000000000
41313  20.773  -34.843  61.499 0.0000000000
39969  19.085  -36.097  61.204 0.0000000000
38708  17.078  -36.842  60.377 0.0000000000
37363  14.443  -37.506  62.189 0.0000000000
57984  36.510  -20.532  47.321 0.0000000000
158328  35.895  -20.592  47.617 0.0000000000
57958  35.833  -20.884  48.993 0.0000000000
150091  35.288  -21.149  49.615 0.0000000000
155059  35.518  -21.353  50.381 0.0000000000
157400  33.171  -20.615  47.546 0.0000000000
56785  32.616  -21.383  49.424 0.0000000000
56784  33.384  -21.070  49.054 0.0000000000
56766  34.626  -21.360  50.190 0.0000000000
56752  34.914  -21.528  51.095 0.0000000000
56739  34.534  -21.647  51.897 0.0000000000
55559  34.359  -21.927  53.357 0.0000000000
144727  33.251  -21.832  52.449 0.0000000000
55560  33.463  -21.940  53.210 0.0000000000
158292  33.185  -22.740  55.902 0.0000000000
55562  31.051  -22.799  52.749 0.0000000000
139416  31.335  -23.563  55.254 0.0000000000
55538  31.983  -22.967  55.117 0.0000000000
54346  32.435  -23.002  55.966 0.0000000000
55529  32.984  -23.107  56.650 0.0000000000
54312  33.040  -23.957  58.253 0.0000000000
150931  33.019  -24.216  58.912 0.0000000000
142471  32.810  -24.609  61.247 0.0000000000
43922  25.573  -32.661  64.275 0.0000000000
43914  25.779  -32.750  64.940 0.0000000000
36049  16.869  -39.322  65.422 0.0000000000
146091  17.641  -38.830  65.539 0.0000000000
37331  18.206  -38.456  65.987 0.0000000000
37325  18.326  -38.570  66.726 0.0000000000
36033  18.554  -38.715  67.141 0.0000000000
93138  63.527  11.319  26.116 0.0000000000
92152  63.930  11.062  25.863 0.0000000000
89174  60.846  7.947  26.579 0.0000000000
89173  61.729  8.182  26.835 0.0000000000
88052  62.079  7.276  26.737 0.0000000000
89172  62.672  7.905  27.077 0.0000000000
90151  64.420  9.279  28.725 0.0000000000
90145  64.953  9.882  29.292 0.0000000000
86989  63.784  5.466  29.571 0.0000000000
86988  64.113  6.155  29.206 0.0000000000
89148  64.218  7.781  30.550 0.0000000000
89155  64.429  7.903  29.522 0.0000000000
91130  65.295  9.804  30.189 0.0000000000
91129  65.839  9.822  30.665 0.0000000000
153494  55.163  0.090  26.345 0.0000000000
80698  56.474  -0.473  26.702 0.0000000000
80697  57.295  -0.360  26.828 0.0000000000
80688  58.439  -0.649  27.571 0.0000000000
78620  56.166  -2.526  27.859 0.0000000000
79615  56.911  -2.176  28.073 0.0000000000
78595  57.116  -2.334  28.837 0.0000000000
79614  57.540  -1.775  28.327 0.0000000000
79629  57.325  -1.541  27.635 0.0000000000
79628  57.983  -1.240  27.880 0.0000000000
159911  58.476  -0.927  28.179 0.0000000000
80687  59.095  -0.424  28.136 0.0000000000
81794  59.747  0.102  28.552 0.0000000000
81780  59.971  0.521  29.951 0.0000000000
81770  60.291  1.013  30.559 0.0000000000
81759  60.105  0.985  31.420 0.0000000000
159422  61.133  2.229  32.588 0.0000000000
83826  61.379  2.707  33.916 0.0000000000
76529  54.069  -4.265  33.938 0.0000000000
77547  54.692  -3.747  33.676 0.0000000000
77546  55.381  -3.401  33.611 0.0000000000
77526  56.239  -3.600  35.184 0.0000000000
78531  55.875  -3.338  34.813 0.0000000000
78545  55.833  -3.142  34.039 0.0000000000
78544  56.408  -2.676  33.593 0.0000000000
79554  57.605  -1.687  33.771 0.0000000000
160914  58.193  -1.160  33.837 0.0000000000
158633  59.301  -2.482  37.064 0.0000000000
78508  58.528  -2.173  36.705 0.0000000000
79525  59.203  -1.258  37.552 0.0000000000
79526  58.621  -1.552  36.985 0.0000000000
79533  58.226  -1.420  36.305 0.0000000000
79540  58.004  -1.338  35.396 0.0000000000
80588  58.493  -0.770  34.474 0.0000000000
80599  59.000  -0.144  33.872 0.0000000000
146383  59.363  0.304  34.175 0.0000000000
81741  59.840  0.881  34.103 0.0000000000
81720  59.962  1.100  35.968 0.0000000000
152149  60.265  1.462  34.492 0.0000000000
82831  60.778  2.113  34.393 0.0000000000
83813  61.313  2.774  34.802 0.0000000000
84798  61.716  3.387  35.205 0.0000000000
69514  48.993  -10.848  36.066 0.0000000000
69492  50.784  -10.631  37.230 0.0000000000
69491  51.592  -10.495  37.458 0.0000000000
67128  48.637  -12.494  39.506 0.0000000000
67147  49.110  -12.060  38.930 0.0000000000
68222  49.845  -11.713  39.114 0.0000000000
68211  50.873  -11.746  39.948 0.0000000000
68221  50.632  -11.521  39.307 0.0000000000
139655  50.393  -11.306  38.544 0.0000000000
68231  51.187  -11.115  38.803 0.0000000000
69473  51.779  -10.743  38.270 0.0000000000
69472  52.591  -10.722  38.487 0.0000000000
69471  53.415  -10.707  38.716 0.0000000000
69434  55.351  -10.824  40.111 0.0000000000
69417  54.889  -11.264  40.754 0.0000000000
69416  55.782  -10.886  41.003 0.0000000000
150023  56.069  -10.616  40.245 0.0000000000
137387  57.221  -10.575  41.142 0.0000000000
69432  58.030  -10.465  41.149 0.0000000000
61417  44.197  -18.060  47.812 0.0000000000
61427  43.933  -17.765  46.985 0.0000000000
62671  44.743  -16.315  46.787 0.0000000000
65956  44.632  -13.591  45.420 0.0000000000
64885  45.513  -14.356  46.546 0.0000000000
65936  45.623  -13.918  46.232 0.0000000000
65955  45.261  -13.621  45.666 0.0000000000
65954  46.024  -13.581  45.491 0.0000000000
137301  47.547  -13.893  44.925 0.0000000000
62594  48.300  -16.449  54.224 0.0000000000
62601  48.482  -16.635  53.348 0.0000000000
62611  48.524  -16.639  52.419 0.0000000000
63735  49.332  -15.498  53.343 0.0000000000
63749  48.983  -16.102  52.927 0.0000000000
62623  48.266  -16.329  51.288 0.0000000000
63773  48.596  -15.618  50.640 0.0000000000
63781  48.217  -15.277  49.842 0.0000000000
65871  50.821  -13.904  52.647 0.0000000000
65878  51.678  -13.763  51.405 0.0000000000
65879  51.014  -14.122  51.722 0.0000000000
64832  49.904  -15.104  50.599 0.0000000000
64833  49.068  -15.242  50.152 0.0000000000
64854  48.341  -14.860  48.508 0.0000000000
64867  48.468  -14.746  47.643 0.0000000000
64866  49.348  -14.868  47.263 0.0000000000
64884  48.607  -14.584  46.795 0.0000000000
150005  48.740  -14.400  45.843 0.0000000000
149510  49.271  -14.353  44.999 0.0000000000
160212  51.494  -14.095  44.497 0.0000000000
64893  52.252  -14.489  45.889 0.0000000000
65949  52.037  -14.241  45.084 0.0000000000
65968  52.057  -13.906  44.333 0.0000000000
65985  53.280  -13.347  44.148 0.0000000000
67067  53.920  -12.928  44.446 0.0000000000
67021  54.800  -12.968  48.526 0.0000000000
67031  54.878  -13.071  47.648 0.0000000000
67043  54.916  -13.003  46.780 0.0000000000
68140  56.709  -11.810  48.259 0.0000000000
67030  55.565  -12.683  47.288 0.0000000000
136479  54.978  -12.795  45.960 0.0000000000
67055  55.115  -12.391  45.225 0.0000000000
141771  56.059  -11.402  44.091 0.0000000000
68186  56.718  -11.029  43.818 0.0000000000
68177  57.238  -10.871  44.342 0.0000000000
68185  57.420  -10.726  43.521 0.0000000000
92251  60.355  10.222  15.183 0.0000000000
91275  60.675  9.569  15.576 0.0000000000
91274  61.477  9.333  15.385 0.0000000000
91273  62.160  9.125  15.243 0.0000000000
140113  63.310  8.341  16.206 0.0000000000
89286  62.964  8.050  16.940 0.0000000000
136926  63.832  8.214  16.906 0.0000000000
90258  64.581  8.662  17.386 0.0000000000
91236  64.884  9.915  18.489 0.0000000000
92220  65.254  10.879  18.646 0.0000000000
89245  62.502  7.259  19.757 0.0000000000
89228  62.977  7.886  19.936 0.0000000000
90217  63.484  8.539  19.552 0.0000000000
91208  62.881  9.904  20.651 0.0000000000
91207  63.459  9.533  20.010 0.0000000000
158287  63.851  9.321  19.434 0.0000000000
91222  64.030  10.122  19.637 0.0000000000
93206  65.058  11.390  19.377 0.0000000000
94209  65.993  12.485  20.020 0.0000000000
94193  66.232  12.338  21.006 0.0000000000
93173  65.617  12.011  22.057 0.0000000000
92174  65.723  11.101  22.265 0.0000000000
39921  20.966  -36.100  66.082 0.0000000000
41266  21.754  -35.529  65.973 0.0000000000
41273  23.612  -34.624  65.433 0.0000000000
42635  25.458  -33.318  65.190 0.0000000000
43905  26.787  -32.678  65.302 0.0000000000
45109  26.222  -32.196  64.652 0.0000000000
55578  32.456  -22.043  52.355 0.0000000000
56653  36.796  -22.057  58.754 0.0000000000
56671  38.088  -21.892  57.186 0.0000000000
56717  39.500  -21.063  53.418 0.0000000000
58949  44.103  -20.063  56.078 0.0000000000
60138  45.495  -18.868  53.351 0.0000000000
61334  46.782  -18.066  54.588 0.0000000000
61357  46.846  -18.024  52.080 0.0000000000
62602  47.909  -17.143  53.790 0.0000000000
63748  49.416  -15.581  52.567 0.0000000000
63792  46.085  -15.637  48.340 0.0000000000
64771  49.288  -14.954  56.610 0.0000000000
64789  49.607  -14.406  55.427 0.0000000000
64802  49.617  -14.572  54.554 0.0000000000
65833  50.579  -14.172  56.112 0.0000000000
65971  48.384  -14.150  44.977 0.0000000000
65972  46.780  -13.593  44.820 0.0000000000
66945  51.104  -13.360  54.860 0.0000000000
66991  52.056  -13.084  51.907 0.0000000000
67020  55.511  -12.676  48.145 0.0000000000
67066  54.662  -12.506  44.514 0.0000000000
67072  54.266  -12.581  43.921 0.0000000000
67073  53.130  -13.170  43.536 0.0000000000
67099  50.118  -12.630  41.102 0.0000000000
68149  56.699  -11.814  47.397 0.0000000000
68168  55.793  -11.925  45.285 0.0000000000
68210  53.621  -11.572  40.127 0.0000000000
69394  58.541  -10.537  42.504 0.0000000000
69433  56.630  -10.613  40.724 0.0000000000
69493  50.054  -10.888  36.991 0.0000000000
70662  56.673  -9.920  39.129 0.0000000000
70749  50.970  -8.984  33.783 0.0000000000
74152  54.675  -5.898  34.288 0.0000000000
74163  51.556  -6.150  33.437 0.0000000000
75288  57.579  -5.890  35.243 0.0000000000
75291  54.930  -5.355  34.422 0.0000000000
76516  55.849  -4.293  34.995 0.0000000000
76518  54.544  -5.096  34.256 0.0000000000
76551  53.073  -4.742  31.624 0.0000000000
76569  54.119  -4.424  30.722 0.0000000000
76570  53.319  -4.815  30.669 0.0000000000
76581  53.598  -4.802  29.799 0.0000000000
77545  55.840  -3.025  33.088 0.0000000000
78537  56.903  -2.287  34.219 0.0000000000
79604  58.202  -1.319  29.474 0.0000000000
80574  59.014  -0.050  36.221 0.0000000000
81779  60.565  1.031  29.664 0.0000000000
81802  59.659  0.272  27.679 0.0000000000
82867  60.656  1.469  31.127 0.0000000000
82903  61.207  1.987  27.198 0.0000000000
82910  59.783  1.372  26.587 0.0000000000
83891  60.910  2.262  26.579 0.0000000000
85939  63.461  4.908  27.567 0.0000000000
85946  61.876  4.492  26.262 0.0000000000
85954  59.381  4.562  25.615 0.0000000000
86996  63.881  5.491  28.713 0.0000000000
87011  59.424  6.090  26.026 0.0000000000
87016  59.670  5.311  25.845 0.0000000000
87053  55.870  6.256  22.195 0.0000000000
87070  58.512  5.801  20.881 0.0000000000
87071  57.670  5.765  20.856 0.0000000000
87072  56.759  5.885  20.946 0.0000000000
88043  64.380  6.997  28.844 0.0000000000
88059  63.192  6.214  26.885 0.0000000000
88061  61.537  6.612  26.512 0.0000000000
88073  58.408  6.977  25.584 0.0000000000
88083  55.996  6.768  24.709 0.0000000000
89199  57.296  7.540  24.231 0.0000000000
89230  61.720  7.234  21.026 0.0000000000
90160  63.281  9.401  27.887 0.0000000000
90172  60.493  8.590  26.386 0.0000000000
90174  59.084  8.045  25.580 0.0000000000
90202  58.833  8.255  23.113 0.0000000000
90209  62.240  8.439  20.927 0.0000000000
90230  63.984  8.858  18.997 0.0000000000
90273  64.654  8.606  16.500 0.0000000000
91153  61.917  9.863  27.094 0.0000000000
91171  59.142  8.629  24.770 0.0000000000
91176  60.161  9.666  24.714 0.0000000000
91271  66.682  10.057  14.903 0.0000000000
92122  65.775  10.214  29.012 0.0000000000
92177  60.608  10.025  22.772 0.0000000000
92182  61.812  10.541  21.929 0.0000000000
92219  65.805  11.186  18.116 0.0000000000
92239  66.080  10.635  17.200 0.0000000000
92260  67.418  10.919  14.178 0.0000000000
92284  67.140  11.483  12.498 0.0000000000
93139  63.219  11.424  26.555 0.0000000000
93145  63.092  11.652  25.573 0.0000000000
93146  62.636  11.627  25.355 0.0000000000
93152  63.182  11.969  24.507 0.0000000000
93168  62.793  11.956  22.902 0.0000000000
93172  66.248  12.008  21.416 0.0000000000
93181  66.682  12.005  20.791 0.0000000000
93183  63.673  11.500  20.995 0.0000000000
93191  65.539  12.106  19.677 0.0000000000
93204  66.536  12.234  18.444 0.0000000000
93231  67.682  12.374  16.506 0.0000000000
93232  66.941  12.047  16.997 0.0000000000
93253  68.854  12.638  13.990 0.0000000000
94187  64.965  12.324  21.983 0.0000000000
94189  63.361  12.173  23.324 0.0000000000
94201  65.795  12.447  20.757 0.0000000000
94207  67.296  12.261  19.263 0.0000000000
94208  66.657  12.385  19.631 0.0000000000
94219  67.846  12.463  17.582 0.0000000000
94235  67.237  12.409  18.046 0.0000000000
94246  69.138  12.556  14.616 0.0000000000
94257  68.828  12.560  15.164 0.0000000000
94265  69.230  12.583  13.970 0.0000000000
139860  24.458  -33.702  64.784 0.0000000000
141668  51.555  -14.904  48.208 0.0000000000
143486  58.915  -5.084  35.941 0.0000000000
144882  57.092  -3.651  35.843 0.0000000000
144942  63.239  8.414  27.539 0.0000000000
147374  60.871  10.532  14.715 0.0000000000
151078  57.523  0.262  26.571 0.0000000000
151114  56.657  -11.774  46.658 0.0000000000
153874  57.263  -2.126  30.457 0.0000000000
154318  49.448  -15.530  51.785 0.0000000000
156127  55.518  -3.622  29.215 0.0000000000
156325  53.718  -13.685  48.466 0.0000000000
156718  30.749  -26.234  61.452 0.0000000000
157206  50.785  -15.046  48.502 0.0000000000
157467  64.181  11.453  20.473 0.0000000000
157924  61.406  10.562  25.812 0.0000000000
158698  54.062  -3.982  33.309 0.0000000000
159022  50.821  -14.614  45.622 0.0000000000
159223  54.331  -12.157  42.580 0.0000000000
159730  56.737  -2.454  35.061 0.0000000000
160633  49.686  -14.835  53.673 0.0000000000
160777  64.462  12.231  22.525 0.0000000000
161539  51.075  -5.818  31.872 0.0000000000
161568  58.623  -3.283  36.499 0.0000000000
161865  42.163  -20.780  55.919 0.0000000000
162650  40.644  -20.661  53.719 0.0000000000
163768  59.413  -1.651  37.585 0.0000000000
164699  56.903  -3.966  35.672 0.0000000000
