#!ascii label  , from subject sub-LJ001 vox2ras=TkReg
1298
60145  25.422  -18.912  53.289 0.0000000000
66871  37.664  -12.666  59.860 0.0000000000
80607  46.825  -0.030  33.709 0.0000000000
69388  36.792  -10.964  43.677 0.0000000000
63761  41.467  -14.910  52.187 0.0000000000
95267  56.361  13.739  24.461 0.0000000000
148587  46.370  -3.830  37.641 0.0000000000
72948  42.870  -7.607  36.438 0.0000000000
51158  23.164  -25.653  52.092 0.0000000000
66949  32.261  -12.638  55.201 0.0000000000
58964  33.438  -17.846  53.797 0.0000000000
60218  27.212  -17.232  49.071 0.0000000000
86993  51.125  5.132  29.149 0.0000000000
64751  29.124  -14.408  58.670 0.0000000000
56685  26.056  -21.272  57.059 0.0000000000
80634  52.937  -0.593  32.124 0.0000000000
160373  22.367  -27.110  57.020 0.0000000000
46396  17.422  -30.534  58.853 0.0000000000
136692  42.001  -10.691  40.132 0.0000000000
155889  39.790  -12.630  48.972 0.0000000000
61428  40.183  -16.948  47.535 0.0000000000
60193  37.396  -18.717  50.407 0.0000000000
74119  47.455  -6.233  37.857 0.0000000000
74137  44.921  -5.805  37.062 0.0000000000
71794  45.355  -8.337  37.306 0.0000000000
77487  49.431  -3.567  38.662 0.0000000000
55635  24.785  -21.822  50.030 0.0000000000
143662  24.272  -24.598  50.421 0.0000000000
54379  24.768  -22.434  52.350 0.0000000000
63729  28.029  -15.102  54.063 0.0000000000
62605  30.082  -15.714  52.103 0.0000000000
61381  26.267  -17.117  51.225 0.0000000000
57976  25.385  -20.141  48.685 0.0000000000
156886  47.904  -0.553  31.318 0.0000000000
81725  48.206  0.821  35.304 0.0000000000
80604  49.947  -0.166  33.027 0.0000000000
80663  50.349  0.025  30.228 0.0000000000
54298  26.257  -22.819  59.561 0.0000000000
144987  24.396  -24.742  57.114 0.0000000000
51096  24.302  -25.595  59.044 0.0000000000
45116  19.692  -29.963  63.796 0.0000000000
46385  19.840  -29.511  60.704 0.0000000000
43949  16.965  -31.267  61.893 0.0000000000
42668  15.622  -32.446  62.574 0.0000000000
41276  15.263  -32.925  64.936 0.0000000000
68111  40.669  -11.165  51.558 0.0000000000
65893  40.458  -13.476  50.971 0.0000000000
153306  40.435  -14.507  48.612 0.0000000000
139508  40.943  -15.816  49.843 0.0000000000
59051  32.374  -19.292  50.399 0.0000000000
59020  35.658  -19.264  52.462 0.0000000000
60229  34.372  -18.488  48.644 0.0000000000
60252  36.416  -18.251  47.673 0.0000000000
69425  39.229  -10.346  41.583 0.0000000000
69479  40.455  -11.285  37.819 0.0000000000
67152  37.726  -12.003  39.193 0.0000000000
96408  59.098  15.083  20.634 0.0000000000
95286  56.757  13.302  21.738 0.0000000000
79535  46.049  -0.892  36.458 0.0000000000
77520  44.065  -3.275  36.441 0.0000000000
79516  48.156  -1.212  38.253 0.0000000000
68003  36.124  -11.678  58.017 0.0000000000
62536  36.213  -15.268  57.388 0.0000000000
63716  33.730  -15.292  55.305 0.0000000000
60162  31.491  -17.968  51.707 0.0000000000
146937  29.390  -17.752  47.902 0.0000000000
86984  54.454  5.056  31.033 0.0000000000
90146  53.839  8.734  29.927 0.0000000000
92140  53.304  10.457  27.476 0.0000000000
93155  53.769  11.289  24.459 0.0000000000
62589  26.866  -16.208  55.893 0.0000000000
57904  25.820  -20.013  55.547 0.0000000000
61281  27.259  -17.591  58.299 0.0000000000
65823  30.292  -13.238  57.098 0.0000000000
83868  52.268  2.186  30.003 0.0000000000
53302  24.622  -23.380  54.453 0.0000000000
51141  22.560  -26.196  54.428 0.0000000000
146256  19.602  -28.380  55.485 0.0000000000
47615  21.840  -28.120  59.888 0.0000000000
47625  19.743  -28.834  58.576 0.0000000000
43894  12.429  -32.424  66.523 0.0000000000
69456  44.797  -10.654  39.435 0.0000000000
69360  39.744  -10.376  44.434 0.0000000000
69279  39.425  -10.177  48.809 0.0000000000
67033  37.708  -11.482  47.128 0.0000000000
65939  39.613  -13.366  46.320 0.0000000000
138221  40.853  -15.253  46.018 0.0000000000
159583  39.807  -17.476  45.294 0.0000000000
60095  36.753  -17.064  55.986 0.0000000000
60140  39.111  -18.115  53.367 0.0000000000
61376  40.643  -17.896  51.462 0.0000000000
61410  38.817  -18.213  48.987 0.0000000000
61457  38.519  -17.854  46.599 0.0000000000
70698  42.846  -10.288  37.451 0.0000000000
69529  41.608  -11.013  35.254 0.0000000000
71792  47.401  -7.938  37.727 0.0000000000
72931  46.069  -7.622  37.247 0.0000000000
71793  46.122  -8.676  37.454 0.0000000000
159591  48.554  -5.839  38.572 0.0000000000
57938  25.168  -20.450  51.653 0.0000000000
55619  24.824  -21.716  51.100 0.0000000000
56742  25.259  -20.899  52.433 0.0000000000
62607  26.182  -16.717  53.593 0.0000000000
62606  26.827  -16.083  52.810 0.0000000000
61364  25.849  -17.510  52.260 0.0000000000
59039  25.274  -19.491  51.027 0.0000000000
161551  47.706  -0.311  32.435 0.0000000000
80593  47.632  0.393  34.387 0.0000000000
81734  49.275  0.790  34.626 0.0000000000
160410  48.395  -0.060  33.210 0.0000000000
137530  49.249  -0.483  31.963 0.0000000000
45118  18.224  -30.824  64.187 0.0000000000
45126  18.359  -30.737  63.019 0.0000000000
43940  17.059  -31.483  62.924 0.0000000000
43950  16.285  -31.812  62.363 0.0000000000
42658  16.266  -32.021  63.837 0.0000000000
147515  15.813  -32.422  64.160 0.0000000000
67006  40.781  -13.385  51.695 0.0000000000
64834  40.910  -14.053  51.827 0.0000000000
63786  40.675  -14.892  50.165 0.0000000000
62625  41.267  -15.303  51.426 0.0000000000
64709  37.894  -13.885  59.817 0.0000000000
60232  31.751  -18.634  48.310 0.0000000000
140443  33.122  -19.062  49.255 0.0000000000
60256  32.718  -18.085  47.581 0.0000000000
162515  34.281  -17.698  47.508 0.0000000000
152372  37.921  -10.608  42.280 0.0000000000
69444  38.600  -10.737  40.332 0.0000000000
95259  55.817  13.280  25.752 0.0000000000
96361  57.382  14.661  26.282 0.0000000000
96381  57.374  14.665  24.486 0.0000000000
96402  57.582  14.496  22.651 0.0000000000
95282  56.563  13.516  22.652 0.0000000000
78511  46.500  -2.351  37.548 0.0000000000
78524  45.305  -2.301  36.919 0.0000000000
77505  45.560  -3.737  37.363 0.0000000000
72947  43.612  -6.967  36.707 0.0000000000
75280  43.129  -5.384  36.203 0.0000000000
72963  42.245  -6.971  35.736 0.0000000000
77502  47.602  -3.890  38.104 0.0000000000
78510  47.168  -2.325  37.867 0.0000000000
80570  47.374  -0.739  37.561 0.0000000000
52289  23.348  -25.744  51.183 0.0000000000
50053  21.828  -27.404  52.352 0.0000000000
68028  34.321  -11.734  56.886 0.0000000000
65822  35.254  -13.368  56.715 0.0000000000
65846  33.395  -13.881  55.055 0.0000000000
61363  29.267  -16.448  50.976 0.0000000000
61349  30.947  -16.426  52.152 0.0000000000
60180  29.732  -17.165  50.162 0.0000000000
59054  30.747  -18.425  49.699 0.0000000000
60217  28.690  -17.206  49.018 0.0000000000
59081  26.449  -18.488  47.992 0.0000000000
65979  39.123  -13.284  44.389 0.0000000000
86990  52.928  5.505  30.184 0.0000000000
89151  53.880  6.792  30.606 0.0000000000
88039  52.655  6.531  29.850 0.0000000000
91156  52.313  9.425  27.326 0.0000000000
91165  52.221  9.644  26.473 0.0000000000
93141  53.791  11.294  26.408 0.0000000000
64764  28.642  -14.788  57.367 0.0000000000
62575  26.775  -16.902  57.208 0.0000000000
63678  28.242  -15.500  58.628 0.0000000000
65809  30.145  -13.339  58.089 0.0000000000
64776  28.671  -14.634  56.411 0.0000000000
83855  53.481  2.206  30.751 0.0000000000
139230  53.173  0.698  30.659 0.0000000000
82888  49.982  0.912  29.336 0.0000000000
57892  26.093  -20.088  56.193 0.0000000000
56704  25.506  -21.388  54.773 0.0000000000
55539  25.475  -22.082  56.201 0.0000000000
51122  23.497  -25.853  56.773 0.0000000000
52231  23.554  -25.289  55.874 0.0000000000
50019  22.502  -26.535  55.899 0.0000000000
50021  21.514  -27.346  54.813 0.0000000000
48856  21.103  -27.549  56.675 0.0000000000
47597  22.287  -28.302  61.075 0.0000000000
46387  18.356  -30.059  60.379 0.0000000000
47618  19.370  -29.253  59.211 0.0000000000
46402  18.610  -29.685  59.031 0.0000000000
47634  18.349  -29.371  56.945 0.0000000000
136515  40.444  -10.331  43.743 0.0000000000
68132  39.920  -11.728  50.264 0.0000000000
69258  40.230  -10.194  50.100 0.0000000000
68142  38.968  -11.339  49.210 0.0000000000
69299  38.362  -10.743  47.992 0.0000000000
146924  38.552  -12.149  47.921 0.0000000000
67044  38.848  -12.754  47.048 0.0000000000
67022  39.638  -12.843  48.019 0.0000000000
62656  40.618  -15.669  48.244 0.0000000000
63810  40.873  -14.914  47.029 0.0000000000
62665  40.553  -16.396  46.812 0.0000000000
160190  40.472  -16.888  45.951 0.0000000000
61455  39.962  -17.280  46.695 0.0000000000
61306  34.536  -16.465  55.658 0.0000000000
61294  36.244  -16.322  56.759 0.0000000000
58950  34.945  -17.320  55.248 0.0000000000
60176  36.436  -19.051  51.261 0.0000000000
60160  37.207  -19.024  52.479 0.0000000000
60174  37.993  -18.828  51.629 0.0000000000
60157  39.771  -18.302  52.720 0.0000000000
60173  38.694  -18.615  51.377 0.0000000000
61396  39.648  -18.204  50.128 0.0000000000
60192  38.131  -18.566  50.095 0.0000000000
61459  36.424  -17.730  46.321 0.0000000000
61432  36.763  -18.081  47.030 0.0000000000
69439  43.315  -10.770  40.398 0.0000000000
69476  43.765  -10.677  38.819 0.0000000000
69477  42.944  -10.896  38.756 0.0000000000
68277  40.257  -12.157  36.675 0.0000000000
69516  41.206  -11.264  36.899 0.0000000000
96421  58.846  14.267  18.705 0.0000000000
76489  47.401  -4.638  38.058 0.0000000000
76491  45.939  -4.502  37.497 0.0000000000
74121  45.800  -6.112  37.239 0.0000000000
74122  45.065  -6.639  37.056 0.0000000000
71814  43.801  -7.798  36.913 0.0000000000
76476  49.701  -4.374  38.896 0.0000000000
76488  48.141  -4.536  38.354 0.0000000000
151099  24.655  -23.349  50.179 0.0000000000
139658  24.407  -23.737  51.421 0.0000000000
53333  24.240  -23.838  52.096 0.0000000000
65859  30.199  -13.711  54.712 0.0000000000
64794  31.108  -14.647  53.847 0.0000000000
64806  29.640  -14.733  53.280 0.0000000000
62627  28.118  -16.198  51.008 0.0000000000
60199  26.822  -17.190  49.682 0.0000000000
161204  25.943  -18.706  48.448 0.0000000000
146276  25.413  -19.132  50.053 0.0000000000
56787  25.048  -21.127  49.216 0.0000000000
85936  49.711  4.504  28.448 0.0000000000
63663  29.098  -14.954  59.833 0.0000000000
138977  50.018  1.199  35.049 0.0000000000
80589  51.420  0.022  33.489 0.0000000000
80620  51.711  -0.596  32.685 0.0000000000
80649  51.770  -0.134  30.883 0.0000000000
138066  50.260  -0.485  31.658 0.0000000000
80651  49.519  -0.494  31.120 0.0000000000
54331  25.854  -22.331  57.855 0.0000000000
54342  25.322  -22.821  56.881 0.0000000000
53273  25.215  -23.741  58.073 0.0000000000
51108  24.145  -25.475  58.242 0.0000000000
49993  23.228  -26.683  58.176 0.0000000000
46376  20.768  -29.187  61.280 0.0000000000
149528  19.740  -29.751  62.417 0.0000000000
45135  18.635  -30.233  61.329 0.0000000000
159333  17.234  -30.773  60.429 0.0000000000
43958  16.480  -31.516  60.856 0.0000000000
67007  40.657  -13.090  51.205 0.0000000000
67015  40.537  -13.257  50.363 0.0000000000
65911  40.226  -13.480  48.778 0.0000000000
64858  40.471  -14.376  49.628 0.0000000000
63793  40.606  -15.129  49.083 0.0000000000
62657  40.363  -16.557  48.387 0.0000000000
59035  32.524  -19.354  51.672 0.0000000000
59002  33.793  -19.115  53.383 0.0000000000
59050  33.710  -19.330  50.577 0.0000000000
60195  35.085  -18.900  50.226 0.0000000000
137496  35.941  -18.756  50.045 0.0000000000
155692  36.664  -18.523  48.933 0.0000000000
60228  35.269  -18.467  48.699 0.0000000000
61434  34.980  -17.590  47.102 0.0000000000
69423  40.883  -10.290  40.979 0.0000000000
69460  41.587  -10.880  39.444 0.0000000000
69462  39.651  -10.835  39.488 0.0000000000
69480  38.997  -11.296  38.706 0.0000000000
97444  58.639  15.522  22.560 0.0000000000
95284  58.044  14.070  20.815 0.0000000000
80584  46.353  -0.149  35.454 0.0000000000
79549  45.164  -0.749  34.205 0.0000000000
78532  44.821  -1.492  35.786 0.0000000000
76510  44.402  -4.553  36.829 0.0000000000
76519  42.829  -4.622  35.796 0.0000000000
78494  50.556  -2.390  39.174 0.0000000000
80558  49.758  -0.613  38.910 0.0000000000
81701  49.511  0.315  38.404 0.0000000000
80569  48.101  -0.042  37.679 0.0000000000
81716  47.326  0.354  36.008 0.0000000000
66892  37.061  -12.008  59.042 0.0000000000
65787  37.352  -13.949  59.029 0.0000000000
65798  36.101  -13.888  57.549 0.0000000000
63689  35.038  -14.920  56.496 0.0000000000
61308  33.646  -16.360  55.163 0.0000000000
63728  32.044  -15.272  54.082 0.0000000000
61338  32.055  -16.838  53.487 0.0000000000
60143  32.381  -17.993  52.798 0.0000000000
144777  31.439  -18.849  51.064 0.0000000000
60215  30.597  -18.606  49.132 0.0000000000
60258  30.427  -18.034  47.594 0.0000000000
91138  54.874  10.129  29.894 0.0000000000
90148  52.405  8.054  29.021 0.0000000000
91145  53.705  9.972  28.867 0.0000000000
92130  54.718  11.286  28.676 0.0000000000
93134  54.826  12.072  27.476 0.0000000000
94173  54.778  12.341  25.692 0.0000000000
94184  54.828  12.323  23.868 0.0000000000
94191  55.552  12.489  22.580 0.0000000000
61340  25.791  -17.508  54.215 0.0000000000
58984  25.441  -19.125  54.185 0.0000000000
61310  26.076  -17.742  56.077 0.0000000000
60100  26.036  -18.592  56.398 0.0000000000
58951  26.280  -19.626  57.001 0.0000000000
62552  27.944  -16.650  59.322 0.0000000000
57858  26.816  -20.107  58.401 0.0000000000
57834  26.964  -20.669  59.179 0.0000000000
69124  36.933  -10.248  60.397 0.0000000000
67983  36.756  -10.887  59.245 0.0000000000
68004  35.280  -11.168  57.756 0.0000000000
154004  33.526  -11.291  57.073 0.0000000000
68017  32.720  -11.256  57.463 0.0000000000
66933  31.518  -12.238  56.435 0.0000000000
65850  29.957  -13.603  55.524 0.0000000000
63720  27.459  -15.442  55.210 0.0000000000
85915  54.722  4.244  31.179 0.0000000000
85917  53.277  3.785  30.436 0.0000000000
84848  52.172  3.441  29.854 0.0000000000
81782  51.661  0.785  30.041 0.0000000000
83869  51.512  2.300  29.799 0.0000000000
159535  50.799  3.759  29.379 0.0000000000
56721  25.352  -21.394  53.723 0.0000000000
54365  24.625  -23.214  53.606 0.0000000000
52263  23.844  -24.446  53.266 0.0000000000
53289  24.495  -24.125  55.879 0.0000000000
52249  23.469  -25.097  54.784 0.0000000000
147440  22.637  -26.182  53.427 0.0000000000
50032  21.739  -27.127  54.042 0.0000000000
48871  20.371  -28.088  54.131 0.0000000000
48824  23.133  -27.222  59.457 0.0000000000
138770  22.144  -27.577  58.551 0.0000000000
47624  20.729  -28.470  58.844 0.0000000000
48847  20.953  -27.904  58.144 0.0000000000
47638  19.679  -28.393  57.172 0.0000000000
43898  14.298  -32.505  66.262 0.0000000000
70667  45.918  -10.028  38.673 0.0000000000
70640  42.112  -10.307  41.588 0.0000000000
70626  40.893  -10.100  42.461 0.0000000000
69385  39.183  -10.367  43.288 0.0000000000
69362  38.008  -10.434  44.528 0.0000000000
147859  39.465  -10.172  47.113 0.0000000000
69316  37.917  -10.590  46.608 0.0000000000
151545  36.926  -10.949  45.265 0.0000000000
67057  37.665  -12.520  45.451 0.0000000000
65959  39.222  -13.302  45.333 0.0000000000
65958  40.177  -13.899  45.693 0.0000000000
64873  40.636  -14.306  47.282 0.0000000000
64888  40.636  -14.497  46.329 0.0000000000
64898  40.537  -14.755  45.250 0.0000000000
139485  40.859  -16.545  45.173 0.0000000000
62681  40.385  -17.209  45.188 0.0000000000
141050  41.736  -15.861  53.173 0.0000000000
62521  37.706  -15.477  58.790 0.0000000000
61277  37.689  -16.231  57.840 0.0000000000
60092  38.746  -17.072  56.622 0.0000000000
58999  36.269  -18.367  53.738 0.0000000000
137824  37.750  -17.565  54.641 0.0000000000
148826  39.476  -17.258  55.127 0.0000000000
61348  40.626  -17.476  53.818 0.0000000000
61358  41.316  -17.142  52.827 0.0000000000
62626  41.562  -16.256  51.584 0.0000000000
61394  41.228  -17.058  51.013 0.0000000000
61408  40.291  -17.530  49.668 0.0000000000
154183  39.892  -17.293  48.122 0.0000000000
60225  37.745  -18.423  48.535 0.0000000000
61430  38.638  -18.080  47.516 0.0000000000
147900  39.187  -17.658  46.904 0.0000000000
61456  39.305  -17.542  46.049 0.0000000000
70680  45.155  -9.862  38.315 0.0000000000
71796  43.919  -9.197  37.318 0.0000000000
70716  43.136  -9.580  37.071 0.0000000000
69496  41.487  -11.114  37.783 0.0000000000
165008  41.961  -10.556  36.413 0.0000000000
70731  42.043  -9.374  35.727 0.0000000000
94198  55.749  12.229  21.687 0.0000000000
71782  47.676  -8.761  38.169 0.0000000000
155459  46.722  -8.044  37.441 0.0000000000
71783  46.877  -8.853  37.755 0.0000000000
72918  48.089  -7.812  38.197 0.0000000000
59040  25.347  -19.550  51.956 0.0000000000
57931  25.365  -20.292  52.606 0.0000000000
59025  25.399  -19.561  52.855 0.0000000000
61350  25.769  -17.453  53.247 0.0000000000
154008  26.177  -16.808  52.751 0.0000000000
60165  25.501  -18.632  52.297 0.0000000000
80624  46.775  -0.278  32.765 0.0000000000
80608  45.933  -0.330  33.559 0.0000000000
80594  46.899  0.166  34.513 0.0000000000
80592  48.221  0.262  33.762 0.0000000000
143916  47.622  0.171  33.751 0.0000000000
80606  47.676  -0.146  33.081 0.0000000000
43932  17.768  -31.099  63.494 0.0000000000
43933  16.921  -31.585  63.732 0.0000000000
64819  41.315  -14.175  52.349 0.0000000000
154970  41.056  -14.533  51.706 0.0000000000
66870  38.029  -12.100  60.432 0.0000000000
65775  38.048  -13.262  60.119 0.0000000000
61438  31.136  -17.776  46.979 0.0000000000
162945  32.291  -18.428  47.923 0.0000000000
61437  32.129  -17.589  46.903 0.0000000000
61436  32.880  -17.537  47.096 0.0000000000
69387  37.500  -10.665  43.136 0.0000000000
69427  37.493  -10.869  41.690 0.0000000000
95268  55.832  13.307  24.873 0.0000000000
96374  56.818  14.181  25.748 0.0000000000
96382  56.829  14.202  24.907 0.0000000000
95266  56.890  14.178  24.029 0.0000000000
95276  56.433  13.672  23.564 0.0000000000
77503  46.930  -3.227  37.774 0.0000000000
77504  45.967  -2.920  37.410 0.0000000000
72962  42.911  -6.749  36.347 0.0000000000
152874  42.189  -7.797  35.786 0.0000000000
72972  41.739  -7.545  34.978 0.0000000000
152021  47.780  -3.088  38.127 0.0000000000
142652  23.647  -25.040  51.684 0.0000000000
51159  22.843  -26.354  51.541 0.0000000000
51160  22.361  -26.963  51.889 0.0000000000
147449  22.734  -26.245  52.485 0.0000000000
68029  33.638  -11.858  56.344 0.0000000000
66931  33.882  -12.666  55.768 0.0000000000
66948  33.201  -13.021  55.230 0.0000000000
60198  28.478  -16.980  49.688 0.0000000000
61378  30.034  -16.981  50.697 0.0000000000
60236  27.364  -17.467  48.354 0.0000000000
65978  39.959  -13.977  44.579 0.0000000000
86991  52.336  5.712  29.670 0.0000000000
92156  52.749  10.291  25.136 0.0000000000
64752  28.612  -14.862  58.266 0.0000000000
63691  28.093  -15.377  57.827 0.0000000000
65810  29.571  -13.890  58.409 0.0000000000
64763  29.085  -14.306  57.909 0.0000000000
80619  53.205  -0.590  32.899 0.0000000000
81761  53.869  0.481  31.529 0.0000000000
137584  53.766  1.043  31.080 0.0000000000
81762  53.238  -0.089  31.347 0.0000000000
56694  25.939  -20.832  56.314 0.0000000000
161695  25.775  -21.064  56.024 0.0000000000
56686  25.763  -21.416  56.394 0.0000000000
50008  22.681  -26.704  56.767 0.0000000000
50018  22.966  -26.348  56.527 0.0000000000
50009  22.275  -26.860  56.339 0.0000000000
48855  21.871  -27.185  56.426 0.0000000000
151424  21.806  -28.764  62.210 0.0000000000
46395  18.116  -30.067  59.405 0.0000000000
46403  17.835  -30.053  58.406 0.0000000000
67017  39.519  -11.892  49.483 0.0000000000
68133  39.357  -11.138  49.751 0.0000000000
67023  38.979  -11.957  48.706 0.0000000000
161339  40.487  -16.197  47.657 0.0000000000
62664  40.744  -15.575  47.358 0.0000000000
60098  34.086  -16.919  55.217 0.0000000000
60097  34.895  -17.192  55.483 0.0000000000
58963  33.895  -17.721  54.138 0.0000000000
60194  36.605  -18.848  50.604 0.0000000000
60175  37.267  -18.896  51.219 0.0000000000
138892  38.039  -18.718  50.903 0.0000000000
160288  38.824  -18.471  50.571 0.0000000000
140136  37.563  -18.583  49.711 0.0000000000
159502  42.690  -10.835  40.056 0.0000000000
69458  43.209  -10.934  39.488 0.0000000000
69459  42.446  -10.983  39.441 0.0000000000
75260  47.097  -5.381  37.825 0.0000000000
75261  46.323  -5.314  37.489 0.0000000000
74120  46.699  -6.138  37.468 0.0000000000
146128  45.694  -6.921  37.146 0.0000000000
72932  45.199  -7.443  37.149 0.0000000000
72946  44.420  -7.187  37.016 0.0000000000
148129  44.582  -7.999  37.175 0.0000000000
76475  50.303  -4.348  39.254 0.0000000000
74118  48.148  -6.360  38.274 0.0000000000
75249  48.690  -5.138  38.592 0.0000000000
75259  47.905  -5.437  38.256 0.0000000000
55603  24.882  -21.882  52.127 0.0000000000
55604  24.673  -22.453  51.556 0.0000000000
54380  24.534  -23.107  52.047 0.0000000000
64796  28.927  -14.479  54.197 0.0000000000
64795  30.076  -14.156  53.928 0.0000000000
64807  28.801  -14.844  53.381 0.0000000000
62617  26.544  -16.632  52.014 0.0000000000
62616  27.506  -16.076  51.828 0.0000000000
62628  27.026  -16.352  51.262 0.0000000000
61380  27.290  -16.572  50.581 0.0000000000
61398  26.508  -17.241  50.373 0.0000000000
60219  26.065  -18.090  49.406 0.0000000000
60200  25.914  -18.043  50.146 0.0000000000
57944  25.081  -20.272  50.640 0.0000000000
57959  25.151  -20.158  49.650 0.0000000000
56769  24.904  -21.034  50.318 0.0000000000
81714  48.893  1.134  36.779 0.0000000000
81724  49.061  1.209  35.759 0.0000000000
80591  49.646  0.257  33.731 0.0000000000
81733  50.505  0.478  34.111 0.0000000000
80590  50.656  -0.060  33.315 0.0000000000
158053  51.380  -0.357  33.073 0.0000000000
80603  50.868  -0.425  32.764 0.0000000000
80621  51.124  -0.592  32.083 0.0000000000
80622  50.149  -0.438  32.377 0.0000000000
80638  48.229  -0.437  31.906 0.0000000000
80637  48.659  -0.537  31.264 0.0000000000
55500  26.222  -22.212  58.771 0.0000000000
54332  25.463  -23.057  57.820 0.0000000000
141802  25.516  -23.374  58.527 0.0000000000
52189  24.608  -24.908  58.721 0.0000000000
51109  23.596  -26.001  57.751 0.0000000000
51097  23.802  -26.146  58.589 0.0000000000
141890  20.398  -29.599  63.611 0.0000000000
46369  20.065  -29.690  63.045 0.0000000000
45127  17.755  -30.938  62.613 0.0000000000
138273  18.512  -30.497  62.307 0.0000000000
45136  17.798  -30.673  61.712 0.0000000000
45144  17.768  -30.487  60.825 0.0000000000
136824  17.150  -30.969  60.975 0.0000000000
42677  15.646  -32.332  61.635 0.0000000000
41287  15.356  -32.874  64.465 0.0000000000
139325  40.950  -12.983  51.847 0.0000000000
65902  40.443  -13.461  49.629 0.0000000000
65901  40.496  -13.772  50.154 0.0000000000
62649  40.604  -15.912  49.003 0.0000000000
144706  32.290  -19.272  51.027 0.0000000000
59034  33.349  -19.459  51.463 0.0000000000
59064  33.048  -19.287  50.111 0.0000000000
140734  33.603  -18.589  48.565 0.0000000000
60196  34.271  -19.034  49.997 0.0000000000
138775  34.715  -18.713  49.412 0.0000000000
60254  34.739  -18.158  47.923 0.0000000000
61435  34.083  -17.237  46.863 0.0000000000
69424  40.110  -10.301  41.234 0.0000000000
69442  40.151  -10.473  40.317 0.0000000000
69443  39.341  -10.431  40.743 0.0000000000
68212  37.873  -11.339  39.867 0.0000000000
69463  38.758  -10.997  39.588 0.0000000000
68236  38.271  -11.985  38.517 0.0000000000
95281  57.184  13.889  22.198 0.0000000000
96410  57.795  14.296  21.714 0.0000000000
95285  57.411  13.668  21.303 0.0000000000
95289  57.644  13.451  20.431 0.0000000000
94196  57.025  13.034  20.885 0.0000000000
79542  45.774  -0.583  35.596 0.0000000000
79543  45.407  -1.142  36.056 0.0000000000
78525  44.713  -2.846  36.721 0.0000000000
145673  44.696  -2.128  36.385 0.0000000000
77529  43.544  -2.798  35.694 0.0000000000
77530  42.932  -3.390  35.337 0.0000000000
75262  45.492  -5.198  37.281 0.0000000000
76509  45.132  -4.450  37.231 0.0000000000
75278  44.789  -5.083  37.071 0.0000000000
74153  42.632  -6.130  35.950 0.0000000000
75293  42.384  -5.402  35.492 0.0000000000
76520  42.212  -4.663  34.872 0.0000000000
77486  50.294  -3.163  38.923 0.0000000000
77485  50.961  -2.939  39.371 0.0000000000
146353  48.720  -2.075  38.501 0.0000000000
79515  49.205  -1.424  38.690 0.0000000000
80559  48.890  -0.434  38.374 0.0000000000
80568  48.868  0.318  37.890 0.0000000000
79528  46.651  -1.332  37.352 0.0000000000
80577  46.918  -0.382  36.834 0.0000000000
79534  46.509  -0.662  36.738 0.0000000000
141330  46.638  -0.178  36.139 0.0000000000
66893  36.655  -12.594  58.333 0.0000000000
66903  36.111  -12.840  57.668 0.0000000000
64774  34.485  -14.523  55.900 0.0000000000
64761  35.037  -14.524  56.485 0.0000000000
63703  34.263  -15.478  55.690 0.0000000000
62562  34.470  -15.700  55.820 0.0000000000
62574  33.240  -16.121  54.907 0.0000000000
64805  30.653  -14.981  53.320 0.0000000000
159752  31.445  -15.406  53.601 0.0000000000
151236  31.238  -15.799  53.180 0.0000000000
61361  31.258  -17.136  51.898 0.0000000000
61339  31.586  -16.822  52.732 0.0000000000
60144  31.847  -17.605  52.366 0.0000000000
60126  32.535  -17.432  53.545 0.0000000000
59005  31.967  -18.417  52.165 0.0000000000
59024  31.583  -18.646  51.539 0.0000000000
59037  31.182  -18.487  50.886 0.0000000000
60216  29.955  -17.884  49.039 0.0000000000
60234  29.975  -18.103  48.550 0.0000000000
60233  30.692  -18.474  48.453 0.0000000000
60259  29.618  -17.785  47.332 0.0000000000
143407  25.582  -19.072  49.001 0.0000000000
59082  25.731  -19.274  48.201 0.0000000000
57991  25.667  -20.082  47.748 0.0000000000
88033  55.026  5.752  31.165 0.0000000000
89156  53.599  7.723  30.234 0.0000000000
90142  54.511  8.220  30.595 0.0000000000
91133  54.696  9.211  30.327 0.0000000000
89165  51.386  7.446  28.218 0.0000000000
89164  51.928  7.770  28.612 0.0000000000
91155  52.856  9.785  27.778 0.0000000000
91146  53.048  9.482  28.470 0.0000000000
92132  53.438  10.213  28.181 0.0000000000
92124  54.394  10.492  29.172 0.0000000000
92131  54.048  10.733  28.472 0.0000000000
93129  54.885  11.820  28.139 0.0000000000
93130  54.336  11.399  27.864 0.0000000000
93149  53.669  11.238  25.155 0.0000000000
93140  54.291  11.819  26.105 0.0000000000
93148  54.199  11.756  25.149 0.0000000000
94178  54.767  12.363  24.759 0.0000000000
93154  54.311  11.787  24.189 0.0000000000
62590  26.349  -16.893  55.565 0.0000000000
61327  25.914  -17.648  55.209 0.0000000000
62564  27.288  -16.846  57.895 0.0000000000
61309  26.379  -17.766  56.838 0.0000000000
61297  26.797  -17.677  57.569 0.0000000000
147215  26.396  -18.646  57.163 0.0000000000
60087  26.880  -18.313  57.921 0.0000000000
63664  28.399  -15.774  59.415 0.0000000000
60075  27.794  -18.199  59.568 0.0000000000
162230  27.153  -19.350  58.754 0.0000000000
58929  27.324  -19.887  59.310 0.0000000000
67982  37.107  -11.106  59.595 0.0000000000
68016  34.381  -11.103  57.449 0.0000000000
66917  30.758  -12.757  57.683 0.0000000000
66916  31.464  -12.150  57.250 0.0000000000
68031  31.939  -11.848  56.633 0.0000000000
66934  30.935  -12.680  56.709 0.0000000000
65838  30.442  -13.108  56.074 0.0000000000
63719  28.027  -14.952  55.873 0.0000000000
152340  26.737  -16.108  54.964 0.0000000000
79556  44.420  -1.255  33.714 0.0000000000
83867  52.650  2.355  30.248 0.0000000000
84838  53.351  2.981  30.553 0.0000000000
84847  52.700  3.237  30.156 0.0000000000
160504  52.507  3.481  29.985 0.0000000000
143606  52.145  2.779  29.888 0.0000000000
80650  51.095  -0.199  30.886 0.0000000000
145194  52.132  0.208  30.512 0.0000000000
81773  51.338  0.222  30.402 0.0000000000
82887  50.916  1.410  29.684 0.0000000000
83870  50.488  2.252  29.430 0.0000000000
84850  50.630  3.015  29.406 0.0000000000
83877  49.691  2.784  28.806 0.0000000000
58983  25.570  -19.427  55.105 0.0000000000
160390  25.479  -20.417  54.079 0.0000000000
140184  25.583  -20.244  54.860 0.0000000000
55551  25.309  -22.164  55.119 0.0000000000
55563  25.256  -21.915  54.132 0.0000000000
54354  24.942  -22.625  54.032 0.0000000000
53319  24.294  -23.862  53.759 0.0000000000
53280  24.647  -24.152  56.779 0.0000000000
53279  24.873  -23.528  56.395 0.0000000000
151984  24.189  -24.679  56.294 0.0000000000
51133  22.616  -26.244  55.265 0.0000000000
150865  22.983  -25.715  55.106 0.0000000000
51140  22.988  -25.610  54.109 0.0000000000
50044  22.289  -26.653  53.767 0.0000000000
48864  20.742  -27.770  54.842 0.0000000000
48865  19.913  -28.324  54.719 0.0000000000
48866  19.327  -28.908  54.948 0.0000000000
47606  22.312  -28.029  60.321 0.0000000000
48826  22.293  -27.804  59.699 0.0000000000
140279  22.611  -27.529  59.122 0.0000000000
48838  21.966  -27.842  59.232 0.0000000000
47617  20.240  -28.917  59.406 0.0000000000
47632  20.151  -28.397  57.965 0.0000000000
48848  20.454  -27.917  57.264 0.0000000000
47633  19.176  -28.753  57.591 0.0000000000
42614  14.735  -32.750  65.895 0.0000000000
43891  14.850  -31.632  66.436 0.0000000000
149222  12.790  -32.301  66.510 0.0000000000
43893  13.027  -32.644  66.596 0.0000000000
137494  43.770  -10.543  41.207 0.0000000000
70624  42.213  -10.238  42.338 0.0000000000
70625  41.524  -10.125  42.086 0.0000000000
70611  41.670  -10.182  42.857 0.0000000000
137297  39.722  -10.363  43.700 0.0000000000
69361  38.965  -10.391  44.132 0.0000000000
69338  38.727  -10.333  45.138 0.0000000000
69259  39.591  -10.500  49.633 0.0000000000
69298  38.933  -10.182  48.004 0.0000000000
69300  37.873  -10.950  47.316 0.0000000000
68158  37.474  -11.200  46.603 0.0000000000
69340  37.343  -10.810  45.985 0.0000000000
68169  37.027  -11.528  45.837 0.0000000000
162725  37.228  -12.133  45.954 0.0000000000
67046  37.389  -11.830  46.579 0.0000000000
65940  38.766  -12.970  46.146 0.0000000000
65922  40.436  -14.106  48.167 0.0000000000
158908  40.646  -14.542  47.776 0.0000000000
63811  40.843  -15.618  46.598 0.0000000000
63819  40.880  -15.621  45.144 0.0000000000
62673  40.842  -16.090  45.927 0.0000000000
61484  40.046  -17.343  45.870 0.0000000000
61511  40.070  -17.664  44.468 0.0000000000
64735  37.025  -14.540  58.442 0.0000000000
64721  37.545  -14.702  59.004 0.0000000000
62535  37.078  -15.522  58.125 0.0000000000
60084  36.543  -16.695  56.466 0.0000000000
60074  37.101  -16.387  57.148 0.0000000000
60083  37.292  -16.835  56.633 0.0000000000
60082  38.011  -17.072  56.729 0.0000000000
60094  37.518  -17.149  56.054 0.0000000000
59021  34.740  -19.349  52.905 0.0000000000
59001  34.783  -18.968  53.751 0.0000000000
59000  35.398  -19.206  53.327 0.0000000000
60142  37.459  -18.521  53.022 0.0000000000
60124  37.647  -17.879  53.672 0.0000000000
60123  38.459  -17.771  54.000 0.0000000000
141133  38.606  -17.459  55.102 0.0000000000
60122  39.294  -17.623  54.264 0.0000000000
143567  40.002  -17.352  54.401 0.0000000000
60139  39.957  -17.970  53.680 0.0000000000
61360  40.042  -18.341  51.921 0.0000000000
61359  40.703  -17.905  52.434 0.0000000000
61375  41.320  -17.169  51.934 0.0000000000
61395  40.483  -17.747  50.556 0.0000000000
61409  39.489  -17.992  49.274 0.0000000000
61418  40.029  -17.349  48.835 0.0000000000
61419  39.263  -17.896  48.364 0.0000000000
60227  36.155  -18.418  48.424 0.0000000000
60210  37.325  -18.513  49.056 0.0000000000
60226  37.038  -18.414  48.271 0.0000000000
61431  37.672  -18.115  47.032 0.0000000000
157602  45.182  -10.301  38.919 0.0000000000
69475  44.550  -10.458  38.857 0.0000000000
69494  43.326  -10.442  38.220 0.0000000000
70681  44.188  -10.046  38.361 0.0000000000
70697  43.672  -9.853  37.717 0.0000000000
136916  41.077  -11.045  38.667 0.0000000000
69478  42.061  -11.068  38.690 0.0000000000
152674  41.568  -10.959  36.234 0.0000000000
70718  41.847  -10.355  35.796 0.0000000000
70717  42.374  -10.046  36.565 0.0000000000
153846  59.362  14.904  19.128 0.0000000000
96420  59.324  14.991  18.536 0.0000000000
97487  59.789  15.531  18.360 0.0000000000
93178  55.344  11.476  21.185 0.0000000000
72929  47.788  -7.068  37.905 0.0000000000
72930  46.966  -7.105  37.472 0.0000000000
153547  25.043  -21.009  51.113 0.0000000000
56756  24.973  -21.240  51.872 0.0000000000
56741  25.260  -21.430  52.747 0.0000000000
63742  27.492  -15.573  53.438 0.0000000000
60164  25.725  -17.983  51.596 0.0000000000
60181  25.533  -18.666  50.662 0.0000000000
60182  25.485  -18.705  51.377 0.0000000000
147214  47.209  -0.471  31.784 0.0000000000
81735  48.484  0.509  34.254 0.0000000000
80605  48.992  0.083  33.414 0.0000000000
138098  49.230  -0.272  32.756 0.0000000000
80623  48.453  -0.314  32.573 0.0000000000
53243  26.124  -23.410  60.034 0.0000000000
54315  25.768  -23.365  59.224 0.0000000000
53244  25.617  -23.865  59.675 0.0000000000
43941  16.302  -31.931  63.208 0.0000000000
42659  15.688  -32.502  63.444 0.0000000000
42649  15.891  -32.341  64.738 0.0000000000
65880  41.007  -13.693  52.100 0.0000000000
65892  40.648  -13.753  51.504 0.0000000000
63785  40.508  -14.263  50.547 0.0000000000
64845  40.635  -14.181  51.301 0.0000000000
63776  40.705  -14.750  51.031 0.0000000000
62640  40.924  -15.341  50.670 0.0000000000
60213  32.203  -19.063  49.077 0.0000000000
59065  32.513  -19.246  49.741 0.0000000000
60231  32.739  -18.644  48.347 0.0000000000
60230  33.348  -18.271  47.944 0.0000000000
155982  33.991  -18.178  47.971 0.0000000000
60255  33.532  -17.674  47.442 0.0000000000
153864  33.289  -17.228  46.705 0.0000000000
145610  38.668  -10.427  42.133 0.0000000000
69426  38.285  -10.558  41.567 0.0000000000
69445  37.820  -10.927  40.853 0.0000000000
95251  55.819  13.219  26.632 0.0000000000
95248  56.422  13.704  27.060 0.0000000000
95250  56.334  13.700  26.159 0.0000000000
96401  57.995  15.109  23.078 0.0000000000
96390  57.451  14.625  23.580 0.0000000000
95275  56.975  14.102  23.116 0.0000000000
78523  45.956  -1.887  37.140 0.0000000000
79536  45.553  -1.573  36.660 0.0000000000
77519  45.250  -3.098  37.130 0.0000000000
148662  44.725  -3.698  36.963 0.0000000000
74138  44.258  -6.355  36.884 0.0000000000
75279  44.080  -5.421  36.735 0.0000000000
74139  43.433  -6.155  36.504 0.0000000000
74154  41.922  -6.207  35.160 0.0000000000
77488  48.417  -3.745  38.380 0.0000000000
78495  49.622  -2.477  38.741 0.0000000000
78509  47.953  -2.221  38.224 0.0000000000
79527  47.416  -1.575  37.897 0.0000000000
52288  23.836  -25.131  50.752 0.0000000000
68014  35.702  -11.960  57.515 0.0000000000
65821  35.536  -12.619  57.200 0.0000000000
66915  35.020  -12.339  56.812 0.0000000000
65836  34.632  -13.553  56.069 0.0000000000
64782  33.892  -14.579  55.377 0.0000000000
62604  31.058  -16.095  52.690 0.0000000000
61362  30.297  -16.526  51.421 0.0000000000
60179  30.726  -17.788  50.549 0.0000000000
59038  30.894  -18.274  50.293 0.0000000000
60197  30.105  -17.569  49.735 0.0000000000
60235  28.662  -17.489  48.130 0.0000000000
60261  27.276  -17.865  47.677 0.0000000000
86985  53.634  5.242  30.630 0.0000000000
88034  54.163  5.922  30.876 0.0000000000
88035  53.360  6.153  30.434 0.0000000000
89152  53.173  6.958  30.208 0.0000000000
89157  52.814  7.496  29.668 0.0000000000
90165  51.349  8.441  27.217 0.0000000000
91157  51.713  9.085  26.863 0.0000000000
92141  52.756  10.075  26.995 0.0000000000
93136  53.784  11.090  27.229 0.0000000000
92149  52.725  10.251  26.096 0.0000000000
92155  53.337  10.857  25.705 0.0000000000
92161  53.288  10.799  24.760 0.0000000000
63706  27.437  -15.667  56.341 0.0000000000
154418  26.924  -16.319  56.700 0.0000000000
63692  27.390  -16.006  57.364 0.0000000000
62563  27.681  -16.041  58.269 0.0000000000
65839  29.821  -13.691  56.513 0.0000000000
64775  29.228  -14.261  56.949 0.0000000000
63705  28.058  -15.215  56.865 0.0000000000
82877  53.991  1.696  31.145 0.0000000000
82878  53.229  1.508  30.616 0.0000000000
82885  52.546  1.480  30.184 0.0000000000
150427  49.948  0.329  29.595 0.0000000000
149043  25.733  -20.724  55.505 0.0000000000
56695  25.619  -21.431  55.715 0.0000000000
156097  24.888  -22.901  54.999 0.0000000000
52213  23.969  -25.201  56.688 0.0000000000
51132  23.018  -26.021  55.927 0.0000000000
163212  21.901  -27.049  54.821 0.0000000000
50020  21.945  -26.962  55.527 0.0000000000
48863  21.326  -27.425  55.665 0.0000000000
138197  20.388  -27.872  55.760 0.0000000000
47607  21.808  -28.424  60.579 0.0000000000
46386  19.094  -29.875  60.727 0.0000000000
157927  19.844  -29.217  59.918 0.0000000000
46394  19.053  -29.633  59.928 0.0000000000
47626  18.593  -29.348  58.172 0.0000000000
69383  41.367  -10.330  43.792 0.0000000000
156072  41.395  -10.382  44.661 0.0000000000
69359  40.629  -10.370  44.552 0.0000000000
69337  39.845  -10.324  45.329 0.0000000000
68122  40.297  -11.496  51.000 0.0000000000
69238  40.541  -10.473  50.888 0.0000000000
68123  39.888  -10.881  50.350 0.0000000000
68134  38.963  -10.800  49.198 0.0000000000
69280  38.754  -10.557  48.578 0.0000000000
68143  38.552  -11.175  48.612 0.0000000000
163237  38.479  -11.670  48.299 0.0000000000
67032  37.921  -12.070  47.232 0.0000000000
65924  39.791  -13.374  47.160 0.0000000000
64872  40.748  -15.008  47.991 0.0000000000
62551  35.272  -15.464  56.600 0.0000000000
61279  35.940  -16.071  56.843 0.0000000000
61295  35.444  -16.246  56.414 0.0000000000
60096  35.340  -16.946  55.735 0.0000000000
60108  36.165  -17.313  55.393 0.0000000000
59032  35.683  -19.169  51.487 0.0000000000
59019  36.491  -19.165  52.516 0.0000000000
60161  36.891  -19.076  51.812 0.0000000000
153892  37.488  -18.967  51.872 0.0000000000
60159  37.964  -18.734  52.343 0.0000000000
144374  38.798  -18.495  52.546 0.0000000000
139079  38.521  -18.684  51.975 0.0000000000
60158  39.246  -18.534  51.949 0.0000000000
61377  39.671  -18.364  51.128 0.0000000000
60191  38.837  -18.335  49.711 0.0000000000
61433  35.935  -17.913  47.045 0.0000000000
153279  37.125  -17.935  46.427 0.0000000000
61458  37.806  -17.838  46.106 0.0000000000
61487  37.055  -17.676  45.457 0.0000000000
69457  44.000  -10.893  39.495 0.0000000000
163407  40.908  -11.305  37.369 0.0000000000
69497  40.536  -11.606  37.026 0.0000000000
96413  58.673  14.484  20.280 0.0000000000
96416  58.835  14.353  19.446 0.0000000000
151994  47.031  -4.037  37.847 0.0000000000
76490  46.724  -4.602  37.727 0.0000000000
146784  46.281  -6.780  37.250 0.0000000000
146462  50.117  -3.837  38.962 0.0000000000
152344  49.318  -4.943  38.837 0.0000000000
76477  48.959  -4.390  38.606 0.0000000000
53346  24.505  -23.994  50.696 0.0000000000
55620  24.677  -22.503  50.639 0.0000000000
54400  24.568  -23.190  51.105 0.0000000000
53347  24.161  -24.384  51.288 0.0000000000
52277  23.891  -24.434  52.261 0.0000000000
65848  31.591  -13.226  54.774 0.0000000000
65857  31.790  -13.908  54.446 0.0000000000
65858  30.985  -13.841  54.345 0.0000000000
63740  29.350  -15.140  52.707 0.0000000000
63741  28.378  -15.215  53.001 0.0000000000
63751  28.916  -15.390  52.250 0.0000000000
62615  28.899  -15.872  51.585 0.0000000000
61397  27.548  -16.808  50.039 0.0000000000
86992  51.677  5.786  29.192 0.0000000000
86997  50.876  5.948  28.755 0.0000000000
161761  29.268  -14.461  59.273 0.0000000000
64737  29.791  -14.002  59.763 0.0000000000
82827  50.654  1.628  35.702 0.0000000000
81723  51.067  1.021  34.724 0.0000000000
81732  52.288  0.127  33.654 0.0000000000
80602  52.068  -0.392  33.146 0.0000000000
158041  52.525  -0.680  32.745 0.0000000000
80648  52.427  -0.336  31.245 0.0000000000
159295  52.106  -0.676  32.066 0.0000000000
80636  50.924  -0.428  31.419 0.0000000000
160742  50.326  -0.356  30.930 0.0000000000
156585  49.525  -0.370  30.314 0.0000000000
161334  25.955  -21.819  57.442 0.0000000000
55530  25.710  -22.037  57.023 0.0000000000
162146  25.576  -22.573  57.399 0.0000000000
140127  25.053  -23.593  57.283 0.0000000000
160323  24.804  -24.222  57.599 0.0000000000
53259  25.343  -23.814  58.852 0.0000000000
52200  24.503  -24.825  57.912 0.0000000000
51121  24.056  -25.372  57.409 0.0000000000
50007  23.134  -26.459  57.248 0.0000000000
50000  22.757  -26.924  57.546 0.0000000000
140177  20.475  -29.410  62.264 0.0000000000
46377  19.894  -29.589  61.652 0.0000000000
140521  19.346  -29.876  61.257 0.0000000000
46378  19.220  -30.053  62.001 0.0000000000
45152  17.438  -30.547  59.843 0.0000000000
45146  16.195  -31.833  60.077 0.0000000000
160812  16.203  -31.766  61.508 0.0000000000
66993  40.737  -12.249  51.613 0.0000000000
67008  40.433  -12.555  50.729 0.0000000000
67016  40.291  -12.798  49.741 0.0000000000
65910  40.270  -13.927  49.156 0.0000000000
59003  32.748  -18.956  53.125 0.0000000000
58980  33.461  -18.496  53.647 0.0000000000
59022  33.091  -19.282  52.866 0.0000000000
137768  33.837  -19.447  52.289 0.0000000000
59033  34.224  -19.374  51.273 0.0000000000
150090  33.635  -19.145  49.842 0.0000000000
59049  34.482  -19.197  50.606 0.0000000000
59048  35.037  -19.179  51.011 0.0000000000
60177  35.807  -19.018  50.772 0.0000000000
137305  36.786  -18.646  49.729 0.0000000000
138427  36.027  -18.593  49.228 0.0000000000
60253  35.565  -18.185  47.783 0.0000000000
61460  35.576  -17.439  46.227 0.0000000000
70654  41.656  -10.387  40.872 0.0000000000
69441  41.153  -10.499  40.198 0.0000000000
69461  40.621  -10.757  39.481 0.0000000000
142550  40.061  -11.053  38.704 0.0000000000
158069  39.303  -10.641  40.092 0.0000000000
141481  39.569  -11.416  38.041 0.0000000000
68234  39.681  -11.882  37.299 0.0000000000
97456  58.843  15.300  21.598 0.0000000000
143622  58.231  14.875  22.145 0.0000000000
96409  58.456  14.668  21.203 0.0000000000
94203  57.901  13.223  19.621 0.0000000000
80595  46.010  -0.273  34.618 0.0000000000
141270  45.230  -0.855  35.198 0.0000000000
161794  45.129  -1.687  36.436 0.0000000000
78533  44.197  -2.045  35.654 0.0000000000
159024  44.007  -3.989  36.582 0.0000000000
76511  43.610  -4.620  36.409 0.0000000000
77521  43.306  -3.786  36.048 0.0000000000
77531  42.703  -4.023  35.355 0.0000000000
79514  50.122  -1.611  39.116 0.0000000000
81709  49.357  1.057  37.609 0.0000000000
81710  48.620  0.658  37.309 0.0000000000
81715  48.096  0.724  36.564 0.0000000000
80576  47.462  0.028  36.969 0.0000000000
80583  47.033  0.274  35.241 0.0000000000
66881  37.371  -12.086  59.529 0.0000000000
65776  37.718  -13.656  59.662 0.0000000000
156809  37.100  -13.088  58.782 0.0000000000
65797  36.715  -13.756  58.278 0.0000000000
64736  36.349  -14.501  57.745 0.0000000000
151107  35.561  -14.203  56.980 0.0000000000
64749  35.337  -14.775  56.722 0.0000000000
63676  35.407  -14.970  56.749 0.0000000000
62561  34.949  -15.649  56.335 0.0000000000
61307  34.068  -16.436  55.385 0.0000000000
60111  33.307  -17.376  54.277 0.0000000000
65847  32.538  -13.625  54.740 0.0000000000
64792  32.326  -14.558  54.468 0.0000000000
63717  33.016  -15.488  54.730 0.0000000000
62596  31.651  -16.398  53.194 0.0000000000
147319  32.089  -16.188  53.799 0.0000000000
62588  32.728  -16.395  54.408 0.0000000000
61326  32.518  -16.798  54.104 0.0000000000
60112  32.946  -17.166  54.280 0.0000000000
58982  32.772  -18.337  53.191 0.0000000000
59004  32.414  -18.764  52.672 0.0000000000
59036  31.879  -19.067  51.413 0.0000000000
59052  31.764  -19.115  50.733 0.0000000000
59067  30.982  -18.915  49.708 0.0000000000
60214  31.278  -18.938  49.096 0.0000000000
137428  31.165  -18.253  47.798 0.0000000000
60277  30.152  -17.679  46.679 0.0000000000
59098  26.105  -19.297  47.587 0.0000000000
68181  36.637  -11.607  44.028 0.0000000000
92119  55.501  10.629  30.136 0.0000000000
88040  52.055  6.463  29.274 0.0000000000
89158  52.250  7.258  29.237 0.0000000000
90147  53.056  8.330  29.457 0.0000000000
90154  52.164  8.443  28.323 0.0000000000
90153  52.674  8.766  28.741 0.0000000000
91140  53.358  9.167  29.185 0.0000000000
91139  54.131  9.632  29.572 0.0000000000
92123  54.996  10.954  29.430 0.0000000000
93125  55.518  11.358  29.611 0.0000000000
143489  55.170  11.817  28.558 0.0000000000
140322  55.365  12.350  28.030 0.0000000000
94166  55.323  12.644  27.089 0.0000000000
93135  54.304  11.689  26.968 0.0000000000
94169  54.802  12.260  26.602 0.0000000000
94168  55.314  12.784  26.188 0.0000000000
94172  55.320  12.832  25.285 0.0000000000
94177  55.327  12.840  24.382 0.0000000000
94183  55.413  12.713  23.485 0.0000000000
93161  54.957  12.096  22.999 0.0000000000
60129  25.527  -18.249  53.778 0.0000000000
59007  25.443  -19.587  53.622 0.0000000000
60128  25.596  -18.443  54.755 0.0000000000
60113  25.776  -18.571  55.656 0.0000000000
62576  26.490  -16.963  56.432 0.0000000000
58965  25.903  -19.378  55.929 0.0000000000
58952  26.105  -19.296  56.519 0.0000000000
57883  26.220  -20.444  56.901 0.0000000000
63677  28.775  -14.974  59.012 0.0000000000
160091  27.906  -16.085  58.898 0.0000000000
62553  27.557  -16.746  58.667 0.0000000000
62538  28.399  -16.614  59.949 0.0000000000
61280  27.603  -17.481  59.088 0.0000000000
139666  26.744  -19.216  57.907 0.0000000000
58942  26.501  -20.031  57.531 0.0000000000
57873  26.434  -20.728  57.676 0.0000000000
152980  26.647  -20.899  58.434 0.0000000000
56654  26.594  -21.438  58.980 0.0000000000
55481  26.623  -22.042  59.626 0.0000000000
56635  27.114  -21.327  59.747 0.0000000000
157211  26.663  -22.460  60.329 0.0000000000
67970  37.518  -11.506  59.987 0.0000000000
67992  36.520  -11.260  58.681 0.0000000000
69149  35.578  -10.592  58.518 0.0000000000
68015  35.059  -11.742  57.225 0.0000000000
152348  32.949  -12.150  55.749 0.0000000000
68030  32.672  -11.613  56.579 0.0000000000
66932  32.051  -12.021  55.963 0.0000000000
66950  31.313  -12.651  55.686 0.0000000000
150738  29.490  -14.050  54.929 0.0000000000
64784  29.302  -14.101  55.951 0.0000000000
64785  28.751  -14.495  55.393 0.0000000000
149490  28.222  -14.867  54.942 0.0000000000
62597  27.312  -15.679  54.348 0.0000000000
80625  45.829  -0.504  32.769 0.0000000000
86983  55.278  4.932  31.360 0.0000000000
83854  54.245  2.636  31.192 0.0000000000
85916  54.087  3.584  30.925 0.0000000000
149421  53.881  4.398  30.760 0.0000000000
151528  53.158  4.598  30.343 0.0000000000
85928  52.295  4.156  29.849 0.0000000000
85929  51.484  4.208  29.544 0.0000000000
81772  52.745  0.169  30.684 0.0000000000
81781  52.441  0.795  30.229 0.0000000000
82886  52.014  1.494  29.972 0.0000000000
81783  50.731  0.583  29.856 0.0000000000
84849  51.487  3.259  29.694 0.0000000000
85930  50.530  4.450  29.044 0.0000000000
57920  25.455  -20.155  53.462 0.0000000000
57930  25.466  -20.815  53.337 0.0000000000
55581  25.129  -22.087  53.115 0.0000000000
57919  25.513  -20.821  54.393 0.0000000000
54364  24.751  -22.786  52.982 0.0000000000
140104  24.434  -23.445  52.886 0.0000000000
150052  24.163  -24.000  52.851 0.0000000000
143731  23.483  -25.032  52.654 0.0000000000
54348  25.111  -22.846  55.863 0.0000000000
53288  24.704  -23.501  55.439 0.0000000000
52230  23.978  -24.597  55.368 0.0000000000
148252  24.351  -24.029  54.889 0.0000000000
52248  23.875  -24.479  54.326 0.0000000000
52264  23.448  -25.029  53.720 0.0000000000
51149  23.046  -25.626  53.062 0.0000000000
51150  22.387  -26.731  52.825 0.0000000000
50045  21.897  -27.042  53.157 0.0000000000
50046  21.167  -27.612  53.024 0.0000000000
50033  20.950  -27.628  54.001 0.0000000000
50034  20.556  -28.218  53.446 0.0000000000
49992  23.517  -26.729  59.004 0.0000000000
48836  23.076  -27.133  58.795 0.0000000000
48837  22.710  -27.217  58.325 0.0000000000
157708  22.298  -27.323  57.787 0.0000000000
47598  21.647  -28.720  61.397 0.0000000000
47608  21.255  -28.788  60.712 0.0000000000
149053  21.307  -28.543  60.064 0.0000000000
47616  20.882  -28.654  59.581 0.0000000000
47623  21.374  -28.272  59.392 0.0000000000
48839  21.489  -27.914  58.733 0.0000000000
48846  21.695  -27.619  58.035 0.0000000000
149350  21.832  -27.415  57.258 0.0000000000
137963  21.234  -27.628  57.533 0.0000000000
162132  20.422  -27.841  56.544 0.0000000000
48857  19.731  -28.214  56.368 0.0000000000
47639  18.924  -28.742  56.586 0.0000000000
48858  19.036  -28.810  55.727 0.0000000000
42627  15.787  -32.238  65.402 0.0000000000
42628  14.966  -32.820  65.544 0.0000000000
41253  14.141  -33.475  65.873 0.0000000000
43892  13.832  -32.138  66.453 0.0000000000
144600  46.983  -9.644  38.470 0.0000000000
69440  42.445  -10.551  40.749 0.0000000000
70641  41.396  -10.220  41.476 0.0000000000
70642  40.838  -10.144  41.723 0.0000000000
69403  40.119  -10.240  42.067 0.0000000000
70612  40.923  -10.180  43.132 0.0000000000
69384  40.122  -10.229  42.965 0.0000000000
69404  39.335  -10.327  42.467 0.0000000000
69405  38.487  -10.448  42.827 0.0000000000
69386  38.260  -10.468  43.672 0.0000000000
69363  37.337  -10.626  44.067 0.0000000000
69314  40.150  -10.279  46.205 0.0000000000
69315  38.905  -10.229  46.241 0.0000000000
150727  38.516  -10.430  47.244 0.0000000000
69339  37.631  -10.521  45.301 0.0000000000
161088  37.215  -10.651  44.764 0.0000000000
69364  36.770  -10.978  44.494 0.0000000000
67059  36.754  -11.568  44.901 0.0000000000
67058  37.011  -12.141  45.217 0.0000000000
67045  37.907  -12.468  46.344 0.0000000000
65960  38.367  -12.838  45.646 0.0000000000
65980  38.415  -12.918  44.899 0.0000000000
65923  40.278  -13.762  47.693 0.0000000000
65938  40.288  -13.913  46.737 0.0000000000
62698  40.837  -16.975  44.729 0.0000000000
62613  41.751  -15.414  52.705 0.0000000000
64710  37.839  -14.488  59.456 0.0000000000
63631  38.217  -14.781  59.499 0.0000000000
63647  38.332  -15.194  59.335 0.0000000000
61266  37.188  -15.927  57.951 0.0000000000
61265  37.717  -15.985  58.278 0.0000000000
142173  38.452  -15.863  58.851 0.0000000000
61305  39.456  -16.900  56.404 0.0000000000
145562  34.178  -18.290  53.941 0.0000000000
58979  34.975  -18.016  54.119 0.0000000000
58960  36.274  -17.594  54.695 0.0000000000
59018  36.789  -18.913  53.213 0.0000000000
58976  36.994  -17.649  54.285 0.0000000000
136802  37.017  -17.371  55.241 0.0000000000
137526  37.830  -17.334  55.450 0.0000000000
139701  39.057  -17.166  55.867 0.0000000000
61324  39.669  -17.004  55.763 0.0000000000
61323  40.160  -16.826  55.236 0.0000000000
147279  40.870  -17.553  53.174 0.0000000000
61347  41.221  -17.043  53.593 0.0000000000
62603  41.560  -16.467  53.338 0.0000000000
62614  41.683  -16.311  52.519 0.0000000000
156754  41.600  -15.605  52.082 0.0000000000
62641  41.284  -16.090  50.740 0.0000000000
62642  41.036  -16.859  50.105 0.0000000000
62650  40.658  -16.671  49.294 0.0000000000
60209  38.123  -18.439  49.205 0.0000000000
61420  38.397  -18.277  48.399 0.0000000000
60251  37.130  -18.279  47.571 0.0000000000
61421  37.779  -18.330  47.869 0.0000000000
61429  39.499  -17.538  47.533 0.0000000000
155213  38.528  -17.693  45.799 0.0000000000
61485  39.062  -17.701  44.948 0.0000000000
70679  46.112  -9.481  37.940 0.0000000000
70695  45.374  -9.230  37.630 0.0000000000
70696  44.549  -9.544  37.764 0.0000000000
151927  44.667  -8.852  37.395 0.0000000000
71795  44.048  -8.471  37.168 0.0000000000
71815  43.278  -8.637  36.804 0.0000000000
69495  42.481  -10.841  37.988 0.0000000000
69515  42.014  -10.783  37.038 0.0000000000
138630  42.663  -9.225  36.478 0.0000000000
71816  42.442  -8.489  36.158 0.0000000000
94182  55.969  13.135  23.070 0.0000000000
94190  56.148  12.897  22.163 0.0000000000
94197  56.406  12.621  21.302 0.0000000000
93177  56.021  11.977  20.829 0.0000000000
42640  15.113  -32.872  65.291 0.0000000000
50031  22.213  -26.718  54.823 0.0000000000
52188  24.935  -24.302  58.386 0.0000000000
54314  25.822  -22.885  58.631 0.0000000000
56673  26.289  -21.554  57.991 0.0000000000
58961  35.440  -17.580  54.871 0.0000000000
58962  34.561  -17.637  54.564 0.0000000000
58977  36.416  -17.811  54.015 0.0000000000
58978  35.766  -17.873  54.180 0.0000000000
58981  33.101  -18.548  53.440 0.0000000000
58998  36.886  -18.034  53.512 0.0000000000
59006  25.492  -19.896  54.257 0.0000000000
59023  32.061  -19.008  52.079 0.0000000000
59031  36.243  -19.150  51.893 0.0000000000
59053  31.145  -18.862  50.399 0.0000000000
59066  31.739  -19.155  49.886 0.0000000000
59068  26.335  -18.111  48.684 0.0000000000
60081  38.469  -16.809  57.294 0.0000000000
60085  35.771  -16.633  56.247 0.0000000000
60086  35.077  -16.551  55.965 0.0000000000
60093  38.301  -17.208  56.019 0.0000000000
60099  33.525  -16.894  54.847 0.0000000000
60109  34.268  -17.293  54.919 0.0000000000
60110  33.712  -17.301  54.563 0.0000000000
60125  33.050  -17.768  53.654 0.0000000000
60127  32.102  -17.295  53.017 0.0000000000
60141  38.248  -18.250  53.075 0.0000000000
60163  30.889  -17.451  51.209 0.0000000000
60178  31.218  -18.171  51.171 0.0000000000
60211  35.392  -18.675  49.539 0.0000000000
60212  33.959  -18.837  49.290 0.0000000000
60257  31.880  -18.157  47.572 0.0000000000
61264  38.106  -16.042  58.474 0.0000000000
61267  28.108  -17.387  59.754 0.0000000000
61278  36.733  -16.053  57.302 0.0000000000
61293  37.780  -16.675  57.301 0.0000000000
61296  34.685  -16.202  55.908 0.0000000000
61304  40.131  -16.706  56.140 0.0000000000
61325  33.094  -16.616  54.649 0.0000000000
61365  25.517  -18.138  52.950 0.0000000000
61379  28.695  -16.691  50.399 0.0000000000
61399  25.823  -17.949  50.861 0.0000000000
62519  38.350  -15.484  59.204 0.0000000000
62520  38.065  -15.571  59.132 0.0000000000
62533  38.162  -15.949  58.759 0.0000000000
62534  37.724  -15.769  58.554 0.0000000000
62549  36.498  -15.701  57.417 0.0000000000
62550  35.836  -15.442  56.959 0.0000000000
62573  33.906  -15.921  55.416 0.0000000000
63648  37.924  -15.154  59.242 0.0000000000
63661  37.276  -14.933  58.560 0.0000000000
63662  36.633  -15.021  57.956 0.0000000000
63675  35.947  -14.891  57.211 0.0000000000
63690  34.767  -15.337  56.187 0.0000000000
63704  33.642  -15.755  55.259 0.0000000000
63718  32.637  -15.994  54.420 0.0000000000
63739  30.352  -15.423  52.810 0.0000000000
63752  27.929  -15.596  52.421 0.0000000000
64748  35.760  -14.596  57.103 0.0000000000
64762  34.645  -14.976  56.106 0.0000000000
64783  33.194  -14.601  54.841 0.0000000000
64793  31.615  -14.443  54.205 0.0000000000
65808  35.728  -13.461  57.268 0.0000000000
65824  29.697  -13.812  57.505 0.0000000000
65837  33.990  -13.683  55.498 0.0000000000
65849  30.693  -13.257  55.115 0.0000000000
65900  40.434  -13.850  50.908 0.0000000000
66930  34.523  -12.502  56.367 0.0000000000
67024  38.113  -11.434  47.834 0.0000000000
67151  38.031  -12.707  38.759 0.0000000000
68018  32.127  -11.651  57.151 0.0000000000
68188  36.649  -11.563  43.187 0.0000000000
68223  38.255  -11.469  39.127 0.0000000000
69407  36.899  -11.004  42.979 0.0000000000
72928  48.309  -7.060  38.370 0.0000000000
77478  50.661  -3.677  39.259 0.0000000000
80635  51.617  -0.435  31.444 0.0000000000
81726  47.664  0.551  35.002 0.0000000000
84853  50.043  3.715  28.923 0.0000000000
85927  52.740  3.980  30.113 0.0000000000
86998  50.295  5.225  28.704 0.0000000000
89159  51.726  7.031  28.814 0.0000000000
90164  51.936  8.783  27.661 0.0000000000
91147  52.467  9.090  28.058 0.0000000000
92139  53.773  10.804  27.874 0.0000000000
92148  53.283  10.685  26.665 0.0000000000
93127  55.212  11.504  29.022 0.0000000000
94164  55.660  12.088  29.016 0.0000000000
95258  56.332  13.731  25.322 0.0000000000
95277  55.852  13.295  23.976 0.0000000000
95288  58.286  13.863  19.949 0.0000000000
96362  56.787  14.120  26.466 0.0000000000
96429  59.285  15.029  18.120 0.0000000000
138377  35.591  -18.620  53.892 0.0000000000
140380  32.878  -19.390  50.864 0.0000000000
141164  33.114  -18.954  53.422 0.0000000000
141213  30.009  -18.154  48.048 0.0000000000
141727  38.636  -10.507  40.986 0.0000000000
142959  34.862  -19.302  51.866 0.0000000000
144024  26.802  -16.149  53.973 0.0000000000
145910  52.427  2.890  29.968 0.0000000000
146022  38.020  -10.373  45.901 0.0000000000
146598  51.941  5.006  29.572 0.0000000000
147144  44.225  -2.596  36.259 0.0000000000
147541  37.396  -12.960  59.323 0.0000000000
147590  31.188  -12.314  58.116 0.0000000000
147644  36.031  -16.978  55.898 0.0000000000
148294  40.431  -17.957  53.194 0.0000000000
149507  37.287  -16.120  57.748 0.0000000000
150315  34.146  -14.775  55.544 0.0000000000
150377  35.125  -16.025  56.367 0.0000000000
150437  33.961  -16.052  55.458 0.0000000000
150890  52.589  4.835  29.966 0.0000000000
151034  35.195  -15.205  56.588 0.0000000000
153689  22.174  -28.473  61.754 0.0000000000
153789  26.257  -16.799  54.599 0.0000000000
154429  53.841  11.408  25.703 0.0000000000
156270  32.569  -19.193  52.479 0.0000000000
157227  34.899  -16.181  56.066 0.0000000000
157340  36.083  -19.143  53.309 0.0000000000
158614  33.013  -19.429  52.178 0.0000000000
159729  54.396  7.374  30.731 0.0000000000
159784  35.533  -15.108  56.810 0.0000000000
160431  56.808  13.996  27.656 0.0000000000
163972  53.242  -0.441  33.228 0.0000000000
163973  36.430  -13.328  57.946 0.0000000000
164952  35.577  -17.240  55.458 0.0000000000
