#!ascii label  , from subject sub-LJ001 vox2ras=TkReg
1260
60308  40.216  -18.396  43.680 0.0000000000
161771  51.068  2.062  25.532 0.0000000000
69551  44.589  -10.902  32.924 0.0000000000
46433  19.731  -30.238  54.373 0.0000000000
61438  31.136  -17.776  46.979 0.0000000000
76532  42.232  -4.535  33.282 0.0000000000
160435  24.889  -25.055  47.739 0.0000000000
47674  23.909  -29.568  52.496 0.0000000000
55691  27.698  -22.337  45.295 0.0000000000
87021  54.599  5.452  25.462 0.0000000000
64906  40.689  -14.891  44.475 0.0000000000
66030  42.255  -12.796  41.192 0.0000000000
162800  43.464  -14.818  44.773 0.0000000000
91173  51.578  9.212  25.007 0.0000000000
90234  54.832  8.217  20.055 0.0000000000
80665  48.452  -0.708  28.754 0.0000000000
77623  53.683  -3.272  27.687 0.0000000000
76583  46.977  -4.867  28.959 0.0000000000
72981  48.651  -7.121  33.140 0.0000000000
140265  37.458  -20.425  46.021 0.0000000000
41336  18.203  -34.576  58.490 0.0000000000
41314  14.645  -34.302  61.318 0.0000000000
41268  13.742  -34.123  65.913 0.0000000000
158329  35.768  -17.472  44.549 0.0000000000
58020  32.383  -20.258  45.683 0.0000000000
66150  40.793  -12.941  36.197 0.0000000000
156036  47.164  -12.962  39.082 0.0000000000
93193  57.794  12.176  18.640 0.0000000000
151313  53.053  3.573  25.581 0.0000000000
81812  54.667  0.599  26.088 0.0000000000
62697  41.452  -16.441  44.202 0.0000000000
64912  41.868  -14.686  43.771 0.0000000000
61524  42.168  -17.058  44.022 0.0000000000
85949  49.217  4.294  27.017 0.0000000000
89175  51.007  7.804  27.559 0.0000000000
85972  50.115  5.103  25.197 0.0000000000
87044  51.700  5.751  23.322 0.0000000000
38657  12.547  -36.070  66.523 0.0000000000
78608  47.744  -2.806  28.607 0.0000000000
79593  45.620  -1.485  30.503 0.0000000000
72992  43.521  -7.561  32.302 0.0000000000
75318  45.273  -5.883  32.142 0.0000000000
70762  47.072  -9.171  32.827 0.0000000000
69527  48.734  -10.667  35.192 0.0000000000
46460  21.786  -29.822  53.008 0.0000000000
46418  23.595  -31.093  55.328 0.0000000000
141463  21.028  -31.794  55.538 0.0000000000
42699  20.408  -33.406  57.729 0.0000000000
43994  18.573  -32.121  56.264 0.0000000000
42686  15.584  -33.139  60.066 0.0000000000
41289  14.126  -34.519  63.982 0.0000000000
61462  33.671  -17.070  45.928 0.0000000000
59142  34.095  -18.868  43.450 0.0000000000
60317  31.664  -18.327  43.746 0.0000000000
158651  27.930  -24.543  48.196 0.0000000000
55648  29.656  -22.910  48.333 0.0000000000
162786  45.027  -13.209  42.133 0.0000000000
145833  44.655  -13.744  39.513 0.0000000000
157150  43.850  -1.747  34.072 0.0000000000
74154  41.922  -6.207  35.160 0.0000000000
71841  41.791  -8.474  33.468 0.0000000000
144838  26.595  -26.319  48.983 0.0000000000
48884  26.152  -28.365  52.351 0.0000000000
50076  24.483  -27.669  49.268 0.0000000000
50067  22.523  -27.797  50.831 0.0000000000
48880  20.853  -28.464  52.746 0.0000000000
59114  28.226  -19.188  44.819 0.0000000000
58003  26.824  -19.726  46.202 0.0000000000
151767  26.481  -23.657  46.273 0.0000000000
143025  38.451  -12.990  44.188 0.0000000000
66033  39.006  -13.105  40.755 0.0000000000
67079  40.713  -12.713  42.823 0.0000000000
67076  42.768  -12.589  43.246 0.0000000000
93179  54.769  11.278  21.728 0.0000000000
91204  52.636  9.222  22.023 0.0000000000
87066  53.768  6.132  22.245 0.0000000000
81814  49.276  0.627  26.215 0.0000000000
80703  51.954  -0.806  26.008 0.0000000000
78634  49.903  -2.301  26.769 0.0000000000
76623  49.853  -4.252  27.917 0.0000000000
75346  49.753  -6.240  30.553 0.0000000000
76572  43.815  -3.919  31.016 0.0000000000
75330  47.348  -6.170  31.764 0.0000000000
59120  39.436  -19.410  43.896 0.0000000000
60289  41.609  -18.681  44.924 0.0000000000
82898  49.813  1.772  29.113 0.0000000000
46413  18.056  -30.208  56.325 0.0000000000
43975  16.851  -32.399  58.035 0.0000000000
41327  15.983  -34.598  59.391 0.0000000000
38699  15.049  -36.719  61.110 0.0000000000
38690  13.864  -36.605  62.535 0.0000000000
38664  13.524  -35.611  64.932 0.0000000000
149192  12.690  -34.590  66.743 0.0000000000
42616  11.288  -33.658  66.979 0.0000000000
154297  37.813  -18.034  43.360 0.0000000000
59123  36.440  -19.404  43.349 0.0000000000
58017  34.874  -20.215  45.555 0.0000000000
56841  29.964  -21.092  45.622 0.0000000000
68311  42.789  -11.845  34.044 0.0000000000
66104  41.529  -13.791  38.611 0.0000000000
66136  44.143  -13.339  36.699 0.0000000000
67213  46.041  -12.148  35.963 0.0000000000
61454  43.669  -17.376  46.054 0.0000000000
92240  59.039  10.230  16.225 0.0000000000
92206  56.324  10.299  19.144 0.0000000000
90262  58.739  8.821  17.810 0.0000000000
83903  51.845  2.446  25.489 0.0000000000
82921  54.173  1.741  25.652 0.0000000000
81819  52.912  0.766  25.634 0.0000000000
61510  40.654  -17.659  44.093 0.0000000000
62714  41.729  -16.412  43.953 0.0000000000
157610  41.335  -17.609  44.044 0.0000000000
84878  49.792  2.897  25.985 0.0000000000
139295  49.401  4.847  26.390 0.0000000000
84877  50.560  3.363  25.683 0.0000000000
138756  51.168  4.038  25.505 0.0000000000
154098  11.782  -35.563  67.434 0.0000000000
79578  46.340  -0.829  31.116 0.0000000000
79565  46.115  -0.597  32.015 0.0000000000
71857  43.832  -8.778  32.173 0.0000000000
71856  44.918  -8.738  32.164 0.0000000000
70764  45.436  -9.523  32.280 0.0000000000
160242  47.372  -9.660  33.126 0.0000000000
69549  46.322  -10.551  33.230 0.0000000000
46432  20.448  -30.420  54.094 0.0000000000
46420  21.876  -30.911  54.503 0.0000000000
45193  20.065  -31.589  55.239 0.0000000000
45178  20.287  -32.172  55.937 0.0000000000
45194  19.240  -31.206  55.283 0.0000000000
61463  32.127  -17.235  46.019 0.0000000000
61518  32.520  -17.395  44.334 0.0000000000
160289  31.385  -17.331  45.211 0.0000000000
161807  27.943  -25.439  50.666 0.0000000000
68205  37.086  -11.401  41.278 0.0000000000
66026  46.355  -13.584  41.842 0.0000000000
72973  41.611  -7.640  33.951 0.0000000000
71829  41.906  -8.438  35.328 0.0000000000
51207  25.803  -25.920  47.786 0.0000000000
50088  25.241  -27.115  48.629 0.0000000000
52319  24.508  -25.864  48.145 0.0000000000
52298  23.506  -25.942  50.251 0.0000000000
51159  22.843  -26.354  51.541 0.0000000000
48898  21.798  -28.550  51.740 0.0000000000
60280  27.785  -18.027  47.134 0.0000000000
55651  25.223  -22.437  48.124 0.0000000000
151059  25.865  -21.985  46.808 0.0000000000
54456  25.495  -23.651  47.163 0.0000000000
52329  26.236  -25.409  47.306 0.0000000000
145018  38.939  -12.911  43.105 0.0000000000
65998  40.342  -14.054  43.941 0.0000000000
64905  42.651  -14.350  44.018 0.0000000000
65996  42.340  -13.258  43.889 0.0000000000
65977  43.000  -13.405  44.315 0.0000000000
162031  43.754  -12.881  44.407 0.0000000000
65957  43.962  -13.737  45.109 0.0000000000
90175  51.142  8.621  26.369 0.0000000000
92169  53.278  10.513  23.326 0.0000000000
90195  51.855  9.031  23.157 0.0000000000
87031  52.524  5.453  24.522 0.0000000000
140474  53.085  5.859  22.882 0.0000000000
87041  53.790  6.101  24.206 0.0000000000
80691  48.633  -0.334  27.214 0.0000000000
80705  49.445  -0.823  26.290 0.0000000000
139827  48.434  -1.014  27.753 0.0000000000
78609  47.043  -3.125  28.825 0.0000000000
161582  48.747  -3.568  27.988 0.0000000000
76605  48.600  -4.815  28.407 0.0000000000
75379  49.804  -5.575  28.752 0.0000000000
75362  48.341  -5.933  29.516 0.0000000000
77548  42.648  -3.116  33.192 0.0000000000
78569  43.365  -2.789  31.765 0.0000000000
76541  42.948  -4.172  32.118 0.0000000000
160087  46.727  -6.818  32.613 0.0000000000
75317  46.290  -6.000  32.134 0.0000000000
74179  47.720  -6.366  32.304 0.0000000000
75314  48.728  -6.385  32.101 0.0000000000
59113  38.792  -19.972  44.715 0.0000000000
59111  40.295  -19.791  45.793 0.0000000000
80664  49.302  -0.172  29.463 0.0000000000
81795  48.746  0.551  28.113 0.0000000000
82905  48.779  1.447  27.675 0.0000000000
48879  25.508  -29.072  52.762 0.0000000000
47658  25.177  -29.654  53.456 0.0000000000
42708  19.468  -33.524  57.528 0.0000000000
42691  20.486  -34.109  59.232 0.0000000000
41335  19.095  -34.675  58.852 0.0000000000
39995  18.083  -35.690  59.528 0.0000000000
154224  17.189  -30.802  57.912 0.0000000000
45171  17.213  -31.824  57.356 0.0000000000
45162  16.862  -31.596  58.134 0.0000000000
42687  15.154  -33.900  60.508 0.0000000000
42694  15.675  -33.992  59.677 0.0000000000
39998  15.523  -34.765  59.869 0.0000000000
39984  15.577  -35.673  60.048 0.0000000000
38710  14.922  -35.914  60.696 0.0000000000
38700  14.379  -36.684  61.723 0.0000000000
39960  14.069  -35.647  62.097 0.0000000000
39934  14.190  -34.300  64.870 0.0000000000
39944  13.726  -35.236  64.396 0.0000000000
39935  13.717  -34.874  65.252 0.0000000000
39924  13.043  -35.316  66.214 0.0000000000
41254  13.347  -34.073  66.299 0.0000000000
61487  37.055  -17.676  45.457 0.0000000000
61486  38.035  -17.699  45.105 0.0000000000
61529  36.865  -17.909  43.370 0.0000000000
60311  37.304  -18.421  42.929 0.0000000000
60312  36.451  -18.475  42.970 0.0000000000
59126  32.884  -19.500  44.225 0.0000000000
59125  34.642  -19.382  43.817 0.0000000000
58018  33.848  -20.216  45.769 0.0000000000
56861  28.216  -20.811  44.669 0.0000000000
58043  29.453  -20.317  44.391 0.0000000000
56842  29.321  -21.380  45.294 0.0000000000
156623  30.674  -21.946  48.550 0.0000000000
78631  53.062  -2.075  26.866 0.0000000000
79640  54.324  -1.273  26.724 0.0000000000
159589  54.260  -2.663  27.425 0.0000000000
146125  41.373  -11.833  35.459 0.0000000000
68312  41.728  -11.367  34.606 0.0000000000
67216  42.168  -12.718  35.439 0.0000000000
145570  40.755  -12.830  40.917 0.0000000000
66085  40.060  -13.484  39.405 0.0000000000
66056  42.181  -13.444  39.855 0.0000000000
66081  45.956  -13.591  39.515 0.0000000000
66101  44.327  -13.667  38.113 0.0000000000
66099  46.029  -13.096  38.010 0.0000000000
67203  44.572  -12.811  36.077 0.0000000000
67177  46.655  -12.572  37.511 0.0000000000
68254  47.991  -11.873  37.232 0.0000000000
60287  42.948  -18.015  45.662 0.0000000000
93221  58.131  11.181  17.347 0.0000000000
91209  54.189  9.489  20.574 0.0000000000
92192  55.218  10.716  20.400 0.0000000000
90233  55.333  8.989  19.601 0.0000000000
89265  58.789  7.596  18.750 0.0000000000
89277  60.033  7.841  18.009 0.0000000000
55636  24.957  -22.739  48.848 0.0000000000
53379  24.364  -25.100  48.616 0.0000000000
85960  53.389  4.439  25.569 0.0000000000
161328  55.803  3.332  25.506 0.0000000000
83899  55.218  2.806  25.557 0.0000000000
63823  41.218  -15.886  44.491 0.0000000000
64914  40.971  -14.971  44.072 0.0000000000
63834  41.447  -15.551  43.925 0.0000000000
63833  41.914  -15.781  43.790 0.0000000000
151354  43.013  -15.896  44.248 0.0000000000
136585  51.118  6.726  28.468 0.0000000000
88046  49.812  6.037  27.880 0.0000000000
89187  49.549  6.868  26.002 0.0000000000
89195  49.954  7.468  24.766 0.0000000000
90197  50.707  7.775  23.699 0.0000000000
88086  50.285  6.161  24.156 0.0000000000
85970  52.043  4.923  25.039 0.0000000000
159366  12.555  -36.873  65.959 0.0000000000
79590  48.151  -0.989  29.925 0.0000000000
79616  48.219  -1.616  28.326 0.0000000000
79607  47.625  -1.494  29.390 0.0000000000
78581  45.964  -1.968  29.752 0.0000000000
78599  45.550  -2.872  29.443 0.0000000000
75307  42.321  -6.017  32.928 0.0000000000
75319  43.660  -5.763  32.177 0.0000000000
72991  44.465  -6.937  32.272 0.0000000000
72989  46.123  -7.527  32.491 0.0000000000
71848  47.455  -8.282  32.967 0.0000000000
70752  48.657  -9.053  33.145 0.0000000000
69536  49.288  -10.234  34.504 0.0000000000
138336  37.255  -20.496  46.986 0.0000000000
47661  22.549  -29.757  52.753 0.0000000000
46442  23.460  -30.285  53.829 0.0000000000
46430  22.693  -30.625  54.192 0.0000000000
45191  22.546  -31.605  55.692 0.0000000000
45170  22.086  -32.110  56.902 0.0000000000
43982  19.938  -32.974  57.134 0.0000000000
42709  18.421  -33.374  57.409 0.0000000000
45154  16.374  -31.885  59.289 0.0000000000
42677  15.646  -32.332  61.635 0.0000000000
41306  14.638  -33.840  62.149 0.0000000000
41307  14.361  -34.631  62.069 0.0000000000
41297  14.537  -33.873  62.913 0.0000000000
41288  14.729  -33.594  64.460 0.0000000000
41277  14.627  -33.561  65.151 0.0000000000
61490  34.671  -17.157  44.890 0.0000000000
61531  34.797  -17.847  43.541 0.0000000000
61517  33.471  -17.284  44.183 0.0000000000
60316  32.527  -18.453  43.545 0.0000000000
150712  32.049  -19.685  44.283 0.0000000000
153953  28.266  -23.774  46.961 0.0000000000
55674  29.094  -22.446  46.426 0.0000000000
54442  28.963  -23.535  48.643 0.0000000000
77609  53.305  -4.509  28.643 0.0000000000
67179  39.076  -12.602  37.311 0.0000000000
66029  43.665  -13.092  41.438 0.0000000000
66055  43.567  -13.424  40.510 0.0000000000
146457  44.989  -13.571  40.939 0.0000000000
143700  46.744  -13.657  41.011 0.0000000000
94204  57.293  12.784  20.063 0.0000000000
41250  10.468  -34.893  67.569 0.0000000000
78539  43.647  -2.137  34.823 0.0000000000
77540  42.495  -3.712  34.565 0.0000000000
75301  41.915  -5.297  33.816 0.0000000000
74172  41.808  -6.334  33.645 0.0000000000
152099  42.162  -8.236  32.859 0.0000000000
69561  43.140  -10.325  32.602 0.0000000000
51177  27.307  -26.254  50.400 0.0000000000
50058  27.120  -27.167  51.829 0.0000000000
158521  26.282  -27.344  50.576 0.0000000000
48894  25.243  -28.263  50.912 0.0000000000
48895  24.522  -28.754  51.210 0.0000000000
52309  23.636  -26.215  49.350 0.0000000000
48922  23.618  -28.062  49.855 0.0000000000
48896  23.202  -28.751  50.851 0.0000000000
47676  22.157  -29.429  52.206 0.0000000000
47662  20.962  -29.622  53.049 0.0000000000
47664  19.908  -29.155  53.808 0.0000000000
61466  29.991  -17.745  45.736 0.0000000000
60279  28.266  -18.316  46.380 0.0000000000
59115  27.474  -19.685  45.295 0.0000000000
58025  26.974  -21.261  45.400 0.0000000000
57991  25.667  -20.082  47.748 0.0000000000
56826  26.357  -21.834  46.029 0.0000000000
54489  27.190  -22.855  45.548 0.0000000000
53420  27.379  -24.304  46.635 0.0000000000
51197  27.039  -25.699  48.481 0.0000000000
67068  36.894  -12.182  44.273 0.0000000000
153178  37.404  -12.649  42.048 0.0000000000
66017  38.438  -12.834  42.544 0.0000000000
66016  39.316  -12.730  42.415 0.0000000000
151722  40.883  -12.526  41.921 0.0000000000
138702  40.716  -13.313  43.552 0.0000000000
67078  41.349  -12.750  43.199 0.0000000000
66014  42.762  -12.633  42.036 0.0000000000
66013  43.679  -12.635  43.303 0.0000000000
140152  45.095  -12.803  44.136 0.0000000000
93171  54.450  11.367  22.570 0.0000000000
92185  53.582  10.257  21.904 0.0000000000
90219  54.026  8.497  20.487 0.0000000000
145486  51.558  7.314  22.464 0.0000000000
89223  53.293  7.353  21.233 0.0000000000
82925  49.694  1.232  25.851 0.0000000000
154112  51.665  0.516  25.518 0.0000000000
80713  50.484  -0.229  25.660 0.0000000000
156588  50.622  -1.769  26.425 0.0000000000
78624  51.776  -2.871  27.191 0.0000000000
78627  48.739  -2.889  27.764 0.0000000000
77626  50.328  -3.595  27.516 0.0000000000
76621  52.104  -4.129  27.949 0.0000000000
75377  51.524  -5.233  28.794 0.0000000000
75344  51.523  -5.760  30.268 0.0000000000
79580  44.490  -1.484  31.743 0.0000000000
78583  44.321  -2.689  30.459 0.0000000000
76585  45.373  -4.638  29.773 0.0000000000
75333  44.674  -5.417  31.636 0.0000000000
75350  45.622  -5.302  30.609 0.0000000000
75349  46.557  -5.707  30.436 0.0000000000
75347  48.249  -6.239  30.484 0.0000000000
59136  39.835  -18.909  43.555 0.0000000000
60298  41.302  -18.331  44.208 0.0000000000
145105  40.485  -19.382  44.977 0.0000000000
59103  40.854  -19.710  46.569 0.0000000000
83878  49.061  2.866  27.958 0.0000000000
83885  48.843  1.957  26.925 0.0000000000
48866  19.327  -28.908  54.948 0.0000000000
47640  18.503  -29.430  56.002 0.0000000000
46422  18.550  -30.021  55.620 0.0000000000
45180  18.126  -31.185  56.218 0.0000000000
43984  18.007  -32.536  56.942 0.0000000000
42701  17.837  -33.810  57.951 0.0000000000
43976  16.377  -32.760  58.751 0.0000000000
41338  16.492  -33.777  58.749 0.0000000000
41337  17.251  -34.264  58.466 0.0000000000
39996  17.092  -35.599  59.356 0.0000000000
38708  17.078  -36.842  60.377 0.0000000000
37355  13.497  -37.560  63.644 0.0000000000
39951  13.749  -35.573  63.303 0.0000000000
164291  13.571  -35.883  63.872 0.0000000000
38665  13.143  -36.384  64.884 0.0000000000
146189  12.881  -36.160  65.768 0.0000000000
39911  12.666  -35.185  66.742 0.0000000000
39899  11.838  -35.037  67.361 0.0000000000
42608  12.669  -33.492  66.723 0.0000000000
42610  11.527  -34.050  67.177 0.0000000000
42611  10.883  -34.297  67.288 0.0000000000
61511  40.070  -17.664  44.468 0.0000000000
61485  39.062  -17.701  44.948 0.0000000000
61528  38.795  -18.269  43.412 0.0000000000
157603  38.776  -18.780  42.970 0.0000000000
58035  37.996  -19.781  43.900 0.0000000000
58036  37.064  -19.867  44.127 0.0000000000
59141  34.990  -18.873  43.165 0.0000000000
58037  36.126  -19.890  44.295 0.0000000000
148792  36.453  -20.441  46.325 0.0000000000
161514  29.632  -18.895  44.100 0.0000000000
59128  30.641  -19.513  43.955 0.0000000000
58002  31.459  -20.581  45.954 0.0000000000
151351  29.749  -21.975  47.171 0.0000000000
56823  31.069  -20.893  46.935 0.0000000000
57989  31.918  -20.665  46.982 0.0000000000
80710  53.256  0.118  25.962 0.0000000000
70744  41.646  -9.732  34.101 0.0000000000
69553  42.501  -10.749  33.221 0.0000000000
68326  44.131  -11.427  33.396 0.0000000000
66061  37.840  -12.989  40.317 0.0000000000
66106  39.263  -13.690  38.030 0.0000000000
64985  40.496  -13.802  37.530 0.0000000000
66082  43.174  -13.826  39.000 0.0000000000
66121  42.858  -13.847  37.420 0.0000000000
66148  42.315  -13.319  36.157 0.0000000000
66147  43.011  -13.060  35.740 0.0000000000
67225  44.124  -12.123  34.648 0.0000000000
67224  45.348  -11.564  34.265 0.0000000000
68291  47.348  -11.304  35.640 0.0000000000
60297  41.991  -18.102  44.513 0.0000000000
61482  43.133  -17.263  45.129 0.0000000000
62680  43.684  -16.488  45.371 0.0000000000
62671  44.743  -16.315  46.787 0.0000000000
64887  44.429  -14.824  45.829 0.0000000000
93243  58.884  11.440  15.396 0.0000000000
93185  56.340  11.671  20.034 0.0000000000
92205  56.789  11.193  19.240 0.0000000000
90231  57.039  8.109  18.995 0.0000000000
91238  57.265  9.524  18.427 0.0000000000
92221  57.705  10.164  18.004 0.0000000000
91262  58.746  9.919  16.944 0.0000000000
91260  60.256  9.225  16.248 0.0000000000
82923  52.618  1.638  25.452 0.0000000000
149064  51.524  1.348  25.443 0.0000000000
61526  40.742  -17.873  43.864 0.0000000000
83904  50.427  2.409  25.671 0.0000000000
145588  49.862  3.799  26.009 0.0000000000
160416  51.080  2.718  25.570 0.0000000000
39900  11.314  -35.490  67.661 0.0000000000
150790  44.500  -9.611  32.189 0.0000000000
69559  45.030  -10.288  32.444 0.0000000000
69558  45.914  -10.145  32.596 0.0000000000
69550  45.473  -10.758  33.050 0.0000000000
45208  19.879  -30.885  54.725 0.0000000000
61464  31.488  -17.403  46.228 0.0000000000
61465  30.753  -17.495  45.997 0.0000000000
52287  27.813  -26.057  51.339 0.0000000000
150017  28.365  -25.376  51.501 0.0000000000
68196  36.960  -11.202  41.894 0.0000000000
159086  24.978  -25.623  47.751 0.0000000000
51208  25.106  -26.074  47.817 0.0000000000
54444  25.098  -23.388  48.119 0.0000000000
164261  25.356  -23.032  47.604 0.0000000000
142199  25.155  -24.236  47.645 0.0000000000
53409  25.535  -24.618  47.173 0.0000000000
163618  39.570  -13.569  43.921 0.0000000000
63821  43.073  -15.079  44.340 0.0000000000
64904  43.359  -14.068  44.645 0.0000000000
64897  43.908  -14.637  45.243 0.0000000000
90182  51.013  8.680  25.447 0.0000000000
91166  51.609  9.206  25.982 0.0000000000
91179  52.237  9.701  24.583 0.0000000000
91186  52.298  9.612  23.665 0.0000000000
91180  51.665  9.132  24.041 0.0000000000
87022  53.757  5.270  25.434 0.0000000000
87030  53.320  5.707  24.878 0.0000000000
87029  54.083  5.993  25.119 0.0000000000
87028  54.893  6.168  25.191 0.0000000000
36059  13.466  -38.417  63.948 0.0000000000
80678  48.520  -0.230  28.004 0.0000000000
77612  46.914  -4.068  28.739 0.0000000000
76606  47.720  -4.651  28.591 0.0000000000
75381  48.201  -5.358  28.794 0.0000000000
75363  47.533  -5.462  29.179 0.0000000000
77556  42.892  -3.328  32.313 0.0000000000
77557  42.497  -3.911  32.813 0.0000000000
152908  47.444  -6.665  32.695 0.0000000000
74180  46.966  -6.410  32.365 0.0000000000
74171  48.167  -6.497  32.647 0.0000000000
58013  38.396  -20.392  45.829 0.0000000000
58012  39.386  -20.242  45.929 0.0000000000
160731  38.794  -20.450  46.559 0.0000000000
81784  49.313  0.428  28.966 0.0000000000
80677  48.823  -0.064  28.669 0.0000000000
48885  24.618  -29.163  52.093 0.0000000000
47673  24.699  -29.487  52.850 0.0000000000
42700  18.977  -34.062  58.146 0.0000000000
42692  19.718  -34.318  58.753 0.0000000000
41324  18.544  -35.094  59.183 0.0000000000
148753  14.911  -34.973  60.528 0.0000000000
39970  14.494  -35.269  61.283 0.0000000000
162775  14.485  -36.042  61.333 0.0000000000
41278  14.025  -34.164  65.474 0.0000000000
39923  13.514  -34.741  65.863 0.0000000000
61488  36.108  -17.483  45.396 0.0000000000
61459  36.424  -17.730  46.321 0.0000000000
61514  36.504  -17.577  44.388 0.0000000000
61530  35.816  -17.841  43.560 0.0000000000
58040  32.595  -19.890  44.939 0.0000000000
58019  33.411  -19.821  44.880 0.0000000000
162784  33.056  -20.101  45.521 0.0000000000
57987  33.654  -20.488  46.880 0.0000000000
58000  33.011  -20.346  46.215 0.0000000000
56843  28.432  -21.664  45.071 0.0000000000
78623  52.777  -2.920  27.312 0.0000000000
78622  53.538  -2.577  27.239 0.0000000000
67204  40.123  -12.769  36.478 0.0000000000
68277  40.257  -12.157  36.675 0.0000000000
68295  40.787  -12.330  36.100 0.0000000000
67217  41.387  -12.475  35.697 0.0000000000
66149  41.536  -13.087  36.036 0.0000000000
66031  41.487  -12.682  41.283 0.0000000000
141588  40.743  -13.129  40.088 0.0000000000
66057  41.646  -13.046  40.430 0.0000000000
66098  46.402  -13.233  38.890 0.0000000000
138558  45.625  -13.494  38.766 0.0000000000
67178  45.973  -12.719  37.261 0.0000000000
67150  46.890  -12.775  38.312 0.0000000000
67176  47.450  -12.356  37.755 0.0000000000
94211  58.136  12.962  18.914 0.0000000000
94223  58.255  12.750  18.192 0.0000000000
93207  57.995  11.710  17.996 0.0000000000
91225  54.598  9.006  20.084 0.0000000000
91224  54.868  9.781  20.137 0.0000000000
89251  55.590  7.910  19.676 0.0000000000
55635  24.785  -21.822  50.030 0.0000000000
54420  24.782  -22.606  49.697 0.0000000000
55620  24.677  -22.503  50.639 0.0000000000
55650  25.010  -22.039  49.096 0.0000000000
84874  54.580  3.463  25.541 0.0000000000
83901  53.501  2.924  25.539 0.0000000000
81817  54.819  1.331  25.858 0.0000000000
141436  54.833  2.054  25.668 0.0000000000
151196  41.770  -17.063  43.978 0.0000000000
62713  42.100  -16.425  43.844 0.0000000000
62696  42.583  -16.472  44.108 0.0000000000
151149  49.289  4.169  27.820 0.0000000000
86999  49.737  5.350  28.171 0.0000000000
85941  49.390  4.818  27.683 0.0000000000
87023  49.589  5.485  25.734 0.0000000000
88065  49.463  6.232  26.266 0.0000000000
88077  49.595  6.363  25.440 0.0000000000
89196  49.641  7.145  25.386 0.0000000000
88087  49.817  6.654  24.697 0.0000000000
87032  50.512  5.497  24.514 0.0000000000
159017  51.834  3.915  25.514 0.0000000000
85962  51.719  4.409  25.321 0.0000000000
85961  52.467  4.291  25.501 0.0000000000
79576  48.045  -0.720  30.672 0.0000000000
79591  47.414  -1.123  30.109 0.0000000000
79592  46.562  -1.254  30.292 0.0000000000
78598  46.464  -2.528  29.220 0.0000000000
78582  45.052  -2.304  30.006 0.0000000000
140618  42.800  -6.786  32.512 0.0000000000
74183  43.677  -6.547  32.301 0.0000000000
71855  45.804  -8.612  32.338 0.0000000000
147404  45.342  -7.980  32.264 0.0000000000
71854  46.636  -8.427  32.654 0.0000000000
69538  47.557  -10.595  34.131 0.0000000000
69547  48.025  -9.849  33.502 0.0000000000
69537  48.444  -10.389  34.305 0.0000000000
145324  48.795  -0.617  30.504 0.0000000000
46443  22.608  -30.157  53.406 0.0000000000
46431  21.867  -30.415  53.768 0.0000000000
45192  21.852  -31.497  55.196 0.0000000000
140842  21.935  -31.842  56.033 0.0000000000
45177  21.231  -32.231  56.383 0.0000000000
43993  19.581  -32.570  56.350 0.0000000000
43983  18.979  -32.899  56.898 0.0000000000
42668  15.622  -32.446  62.574 0.0000000000
42678  14.951  -33.151  61.713 0.0000000000
42669  15.022  -33.127  62.812 0.0000000000
61435  34.083  -17.237  46.863 0.0000000000
61461  34.630  -17.150  45.926 0.0000000000
143375  33.989  -17.016  44.979 0.0000000000
61516  34.311  -17.341  44.148 0.0000000000
60300  31.592  -17.691  44.280 0.0000000000
61534  32.256  -17.839  43.843 0.0000000000
59144  31.812  -18.880  43.691 0.0000000000
154237  32.313  -19.160  43.834 0.0000000000
59127  31.500  -19.352  43.896 0.0000000000
54443  28.400  -24.007  47.977 0.0000000000
53394  28.394  -24.282  48.903 0.0000000000
68235  38.883  -11.935  37.866 0.0000000000
67180  38.529  -12.697  37.977 0.0000000000
66028  44.531  -13.220  41.729 0.0000000000
156852  47.168  -13.670  41.631 0.0000000000
41256  9.429  -34.775  67.105 0.0000000000
77539  42.936  -2.831  34.737 0.0000000000
75294  41.923  -5.490  34.760 0.0000000000
148239  41.751  -6.008  34.349 0.0000000000
72983  41.879  -7.644  33.202 0.0000000000
71849  42.233  -8.999  32.823 0.0000000000
70766  42.947  -9.403  32.418 0.0000000000
51188  26.616  -26.649  49.696 0.0000000000
51178  26.676  -26.961  50.498 0.0000000000
50075  25.204  -27.525  49.281 0.0000000000
48907  25.238  -27.891  50.107 0.0000000000
48920  24.696  -27.927  49.729 0.0000000000
48908  24.470  -28.362  50.332 0.0000000000
53362  24.522  -24.297  49.607 0.0000000000
52308  23.974  -25.774  48.792 0.0000000000
52297  23.983  -25.290  49.639 0.0000000000
51180  22.910  -27.331  50.396 0.0000000000
50066  23.354  -27.549  49.800 0.0000000000
48910  23.042  -28.146  50.350 0.0000000000
47689  22.652  -29.133  51.503 0.0000000000
48897  22.406  -28.537  51.131 0.0000000000
50054  21.462  -28.160  52.237 0.0000000000
48886  21.296  -28.818  52.202 0.0000000000
47678  20.771  -29.064  52.730 0.0000000000
47663  20.385  -29.375  53.347 0.0000000000
48881  20.368  -28.818  53.277 0.0000000000
60259  29.618  -17.785  47.332 0.0000000000
60260  28.800  -17.832  47.219 0.0000000000
59097  26.709  -18.781  47.075 0.0000000000
59105  27.420  -18.874  46.288 0.0000000000
145953  27.008  -20.422  45.536 0.0000000000
55676  26.070  -22.555  46.422 0.0000000000
54472  26.574  -22.882  45.912 0.0000000000
54471  27.070  -23.588  45.956 0.0000000000
53421  26.617  -24.298  46.451 0.0000000000
51206  26.437  -25.743  47.859 0.0000000000
52328  26.863  -25.336  47.509 0.0000000000
51187  27.112  -26.021  49.476 0.0000000000
65981  37.589  -12.636  44.446 0.0000000000
66001  37.259  -12.561  43.485 0.0000000000
66000  38.118  -12.899  43.478 0.0000000000
142577  39.817  -13.002  43.297 0.0000000000
66015  40.121  -12.649  42.378 0.0000000000
64913  41.050  -14.426  43.840 0.0000000000
67077  41.940  -12.749  43.466 0.0000000000
67089  42.001  -12.497  42.805 0.0000000000
141206  43.683  -12.719  42.410 0.0000000000
65975  44.265  -12.977  44.770 0.0000000000
65994  44.214  -12.688  43.863 0.0000000000
90155  51.661  8.132  27.942 0.0000000000
93162  54.487  11.746  23.421 0.0000000000
93163  53.913  11.178  23.505 0.0000000000
91194  53.059  10.021  22.494 0.0000000000
91203  53.253  9.647  21.651 0.0000000000
91210  53.517  9.206  20.975 0.0000000000
159579  53.018  9.039  21.400 0.0000000000
88104  51.213  6.695  22.850 0.0000000000
89207  51.102  7.597  22.983 0.0000000000
87055  51.667  6.077  22.806 0.0000000000
88102  52.897  6.241  22.212 0.0000000000
88115  53.488  6.596  21.603 0.0000000000
88127  53.968  6.961  20.971 0.0000000000
81822  50.004  0.558  25.631 0.0000000000
80714  49.651  -0.211  25.906 0.0000000000
79644  49.663  -1.516  26.451 0.0000000000
150374  50.111  -0.974  25.963 0.0000000000
78633  51.389  -2.229  26.758 0.0000000000
78625  50.738  -2.766  27.071 0.0000000000
79617  47.898  -2.006  28.791 0.0000000000
78607  48.242  -2.463  28.194 0.0000000000
76624  49.064  -4.168  28.092 0.0000000000
77627  49.415  -3.448  27.624 0.0000000000
76622  50.702  -4.336  27.950 0.0000000000
142297  51.520  -4.559  28.149 0.0000000000
76602  50.940  -4.939  28.365 0.0000000000
75360  50.271  -5.954  29.523 0.0000000000
75359  51.194  -5.741  29.531 0.0000000000
75345  50.773  -6.014  30.376 0.0000000000
79555  45.110  -0.737  33.224 0.0000000000
79567  44.418  -1.324  32.722 0.0000000000
78584  43.700  -3.093  30.991 0.0000000000
78568  43.969  -2.287  31.266 0.0000000000
77580  44.246  -3.520  30.402 0.0000000000
78600  44.766  -3.204  29.806 0.0000000000
76586  44.726  -4.029  29.904 0.0000000000
155265  44.428  -5.712  32.014 0.0000000000
75334  43.904  -5.225  31.735 0.0000000000
75331  46.532  -5.856  31.507 0.0000000000
75332  45.515  -5.591  31.612 0.0000000000
75348  47.442  -5.970  30.207 0.0000000000
141387  47.880  -6.266  31.387 0.0000000000
59119  40.225  -19.184  44.160 0.0000000000
57996  40.084  -20.130  46.692 0.0000000000
84853  50.043  3.715  28.923 0.0000000000
151597  49.125  2.076  28.327 0.0000000000
82916  48.846  1.135  26.845 0.0000000000
82915  49.259  1.564  26.342 0.0000000000
50052  26.698  -27.739  52.027 0.0000000000
50043  26.907  -28.048  52.815 0.0000000000
46429  23.556  -30.768  54.625 0.0000000000
42698  21.063  -33.567  58.514 0.0000000000
48873  19.633  -28.909  54.289 0.0000000000
47634  18.349  -29.371  56.945 0.0000000000
45195  18.561  -30.740  55.650 0.0000000000
42710  17.477  -32.942  57.535 0.0000000000
42702  16.968  -33.358  58.153 0.0000000000
45146  16.195  -31.833  60.077 0.0000000000
43967  16.011  -32.548  59.639 0.0000000000
42693  16.110  -34.101  59.183 0.0000000000
41326  16.647  -34.705  59.020 0.0000000000
39997  16.195  -35.306  59.498 0.0000000000
38709  15.903  -36.655  60.507 0.0000000000
39983  16.548  -36.132  59.853 0.0000000000
37363  14.443  -37.506  62.189 0.0000000000
37354  13.929  -37.521  62.925 0.0000000000
38679  13.527  -36.596  63.478 0.0000000000
41298  14.133  -34.687  62.978 0.0000000000
38672  13.445  -36.105  64.287 0.0000000000
39936  13.331  -35.479  65.541 0.0000000000
39910  13.165  -34.665  66.349 0.0000000000
39912  12.257  -35.084  67.125 0.0000000000
41255  12.255  -34.671  67.060 0.0000000000
145196  12.470  -32.999  66.719 0.0000000000
149975  11.923  -33.232  66.821 0.0000000000
42617  10.694  -33.941  66.952 0.0000000000
61512  38.395  -17.757  44.033 0.0000000000
141395  39.227  -17.854  43.999 0.0000000000
60310  38.122  -18.585  42.941 0.0000000000
59139  36.780  -18.944  42.809 0.0000000000
59138  37.616  -18.904  42.747 0.0000000000
59122  37.356  -19.392  43.213 0.0000000000
60314  34.431  -18.345  43.289 0.0000000000
60313  35.399  -18.442  43.183 0.0000000000
58038  35.212  -19.858  44.531 0.0000000000
58016  35.815  -20.231  45.374 0.0000000000
58015  36.771  -20.237  45.188 0.0000000000
143796  35.466  -20.430  46.353 0.0000000000
60290  29.400  -18.129  45.268 0.0000000000
163678  29.638  -18.298  44.762 0.0000000000
60302  29.152  -18.756  44.559 0.0000000000
58023  29.724  -20.740  44.964 0.0000000000
149799  29.758  -19.739  44.104 0.0000000000
58042  30.310  -20.206  44.473 0.0000000000
58021  31.069  -20.309  45.030 0.0000000000
58022  30.508  -20.693  45.380 0.0000000000
55660  29.419  -22.677  47.411 0.0000000000
160299  29.870  -22.283  47.897 0.0000000000
138394  31.116  -21.523  48.165 0.0000000000
56813  30.897  -21.315  47.536 0.0000000000
152409  31.536  -21.019  47.666 0.0000000000
80712  51.384  -0.168  25.665 0.0000000000
80711  52.326  0.072  25.749 0.0000000000
80702  52.889  -0.640  26.187 0.0000000000
70732  41.741  -10.016  34.907 0.0000000000
151704  42.092  -11.666  34.256 0.0000000000
68327  41.898  -11.039  33.858 0.0000000000
162516  42.445  -11.350  33.736 0.0000000000
152282  43.187  -11.340  33.425 0.0000000000
68310  43.664  -11.829  33.986 0.0000000000
66034  38.194  -13.039  40.993 0.0000000000
66035  37.536  -12.718  41.245 0.0000000000
66060  38.467  -13.215  40.250 0.0000000000
66086  39.094  -13.566  38.869 0.0000000000
139054  39.788  -13.717  38.579 0.0000000000
64973  40.111  -13.823  38.005 0.0000000000
64972  40.916  -13.861  38.038 0.0000000000
66054  44.458  -13.627  40.275 0.0000000000
150784  42.960  -13.609  39.775 0.0000000000
146456  43.831  -13.718  39.654 0.0000000000
66102  43.440  -13.821  38.179 0.0000000000
64995  42.256  -13.730  36.809 0.0000000000
66137  43.181  -13.540  36.581 0.0000000000
155373  43.736  -13.117  36.070 0.0000000000
147712  45.281  -12.366  35.809 0.0000000000
67214  44.708  -12.330  35.263 0.0000000000
68293  45.565  -11.888  35.137 0.0000000000
158860  44.867  -11.937  34.671 0.0000000000
68308  46.169  -11.329  34.548 0.0000000000
68292  46.504  -11.580  35.394 0.0000000000
68274  48.503  -11.352  36.672 0.0000000000
61483  42.559  -17.774  44.840 0.0000000000
63808  44.632  -15.508  46.246 0.0000000000
64896  44.471  -14.210  45.670 0.0000000000
93233  58.298  11.473  16.711 0.0000000000
93244  58.375  11.788  15.972 0.0000000000
92253  58.654  10.988  16.036 0.0000000000
91276  59.839  9.872  15.837 0.0000000000
93170  55.140  11.817  22.127 0.0000000000
92207  55.569  10.058  19.607 0.0000000000
92191  55.974  10.900  19.772 0.0000000000
92222  57.031  10.356  18.642 0.0000000000
90246  58.353  8.365  18.344 0.0000000000
90247  57.534  8.666  18.532 0.0000000000
91237  57.970  9.189  18.071 0.0000000000
91252  58.391  9.610  17.567 0.0000000000
84875  52.260  3.395  25.549 0.0000000000
83902  52.809  2.680  25.494 0.0000000000
158839  53.482  1.319  25.614 0.0000000000
81818  54.123  0.990  25.819 0.0000000000
62698  40.837  -16.975  44.729 0.0000000000
62715  41.349  -17.256  44.164 0.0000000000
61525  41.833  -17.779  44.053 0.0000000000
84865  49.340  3.419  26.593 0.0000000000
149930  49.496  4.200  26.351 0.0000000000
85964  49.772  4.628  25.842 0.0000000000
85963  50.392  4.306  25.554 0.0000000000
84876  51.469  3.325  25.557 0.0000000000
38650  12.200  -35.695  67.111 0.0000000000
79577  47.250  -0.747  30.872 0.0000000000
147214  47.209  -0.471  31.784 0.0000000000
79579  45.364  -1.076  31.384 0.0000000000
70763  46.291  -9.362  32.529 0.0000000000
70754  46.712  -9.910  32.890 0.0000000000
69548  47.135  -10.283  33.431 0.0000000000
46444  21.121  -30.170  53.561 0.0000000000
157646  21.216  -30.618  54.118 0.0000000000
45207  20.881  -31.173  54.702 0.0000000000
45179  19.364  -31.901  55.735 0.0000000000
42659  15.688  -32.502  63.444 0.0000000000
143374  32.867  -17.130  45.920 0.0000000000
61491  33.135  -17.070  45.041 0.0000000000
61492  32.316  -17.179  45.175 0.0000000000
163131  31.936  -17.342  44.706 0.0000000000
60301  30.832  -18.340  43.999 0.0000000000
53377  28.067  -24.799  49.514 0.0000000000
52296  28.427  -24.716  50.309 0.0000000000
142465  37.399  -12.011  39.868 0.0000000000
66011  45.561  -13.179  42.539 0.0000000000
137299  46.500  -13.379  42.836 0.0000000000
74164  41.647  -6.795  34.387 0.0000000000
162926  41.798  -6.866  35.095 0.0000000000
72972  41.739  -7.545  34.978 0.0000000000
71840  41.633  -8.367  34.394 0.0000000000
51198  26.237  -26.233  48.348 0.0000000000
50074  25.925  -26.883  48.959 0.0000000000
51199  25.493  -26.549  48.244 0.0000000000
51200  24.734  -26.759  48.321 0.0000000000
50090  24.207  -27.247  48.837 0.0000000000
51168  23.017  -26.525  50.692 0.0000000000
51169  22.559  -27.152  51.066 0.0000000000
50061  22.065  -27.823  51.528 0.0000000000
153351  25.183  -21.669  48.450 0.0000000000
56802  25.287  -20.953  48.112 0.0000000000
55662  25.479  -21.792  47.608 0.0000000000
55663  25.604  -22.677  47.129 0.0000000000
53422  26.042  -24.123  46.659 0.0000000000
52344  26.099  -24.882  46.845 0.0000000000
65999  38.993  -13.154  43.729 0.0000000000
65995  43.241  -12.828  44.084 0.0000000000
65976  43.514  -13.197  44.620 0.0000000000
65956  44.632  -13.591  45.420 0.0000000000
90166  50.656  8.061  26.755 0.0000000000
91165  52.221  9.644  26.473 0.0000000000
146277  53.405  10.821  24.026 0.0000000000
92162  52.843  10.268  24.106 0.0000000000
91195  52.433  9.497  22.843 0.0000000000
164914  52.151  8.914  22.514 0.0000000000
87043  52.376  5.676  23.519 0.0000000000
87054  52.294  5.896  22.785 0.0000000000
136922  53.931  5.964  22.987 0.0000000000
156491  54.370  6.285  23.594 0.0000000000
81804  48.760  0.370  26.886 0.0000000000
80706  49.048  -0.254  26.503 0.0000000000
79645  48.902  -1.136  26.864 0.0000000000
78635  49.257  -1.926  26.907 0.0000000000
77610  48.252  -3.266  28.233 0.0000000000
77611  47.655  -3.666  28.500 0.0000000000
150094  48.331  -4.047  28.269 0.0000000000
76604  49.405  -4.912  28.302 0.0000000000
76603  50.228  -4.951  28.291 0.0000000000
75380  48.923  -5.542  28.741 0.0000000000
75361  49.321  -6.019  29.486 0.0000000000
78547  43.112  -2.365  33.827 0.0000000000
78546  43.754  -1.819  33.205 0.0000000000
78556  43.163  -2.516  32.707 0.0000000000
77568  43.323  -3.596  31.600 0.0000000000
74181  46.004  -6.494  32.392 0.0000000000
75316  47.219  -6.206  32.088 0.0000000000
75315  47.851  -6.354  32.109 0.0000000000
59112  39.756  -19.651  44.903 0.0000000000
80663  50.349  0.025  30.228 0.0000000000
150427  49.948  0.329  29.595 0.0000000000
82899  49.192  1.200  28.627 0.0000000000
153940  48.683  0.763  27.387 0.0000000000
139503  25.355  -28.633  51.799 0.0000000000
48878  26.439  -28.725  53.176 0.0000000000
47657  25.995  -29.363  53.638 0.0000000000
143579  20.049  -33.889  58.289 0.0000000000
147682  19.251  -34.985  59.497 0.0000000000
47627  17.762  -30.076  57.364 0.0000000000
45181  17.528  -30.900  56.920 0.0000000000
43900  11.193  -33.317  66.666 0.0000000000
61513  37.438  -17.661  44.210 0.0000000000
59152  37.040  -18.707  42.794 0.0000000000
152193  33.751  -19.420  44.050 0.0000000000
58039  34.296  -19.837  44.756 0.0000000000
57999  34.568  -20.438  46.537 0.0000000000
59130  28.090  -20.029  44.515 0.0000000000
59129  28.707  -19.499  44.363 0.0000000000
58044  28.888  -20.108  44.309 0.0000000000
56860  28.937  -20.863  44.632 0.0000000000
160070  30.089  -22.783  48.989 0.0000000000
55647  30.167  -22.288  48.491 0.0000000000
55634  30.545  -22.332  49.259 0.0000000000
79642  52.520  -1.430  26.469 0.0000000000
79641  53.429  -1.317  26.580 0.0000000000
79633  53.898  -1.987  26.975 0.0000000000
79632  54.767  -2.016  27.123 0.0000000000
68294  41.086  -11.704  36.243 0.0000000000
69529  41.608  -11.013  35.254 0.0000000000
67228  41.764  -12.082  34.932 0.0000000000
67227  42.454  -12.243  34.672 0.0000000000
66058  39.903  -13.062  40.389 0.0000000000
66084  41.301  -13.510  39.473 0.0000000000
158028  45.292  -13.689  39.354 0.0000000000
138557  44.863  -13.722  38.783 0.0000000000
66100  45.154  -13.458  38.058 0.0000000000
66119  44.623  -13.433  37.386 0.0000000000
66135  44.849  -13.101  36.815 0.0000000000
66118  45.362  -13.101  37.352 0.0000000000
67202  45.493  -12.644  36.586 0.0000000000
67201  46.381  -12.351  36.741 0.0000000000
68276  46.856  -11.833  36.206 0.0000000000
67200  47.191  -12.139  36.965 0.0000000000
60276  41.875  -18.919  45.692 0.0000000000
60288  42.291  -18.412  45.281 0.0000000000
60275  42.478  -18.696  46.279 0.0000000000
60274  43.260  -18.220  46.569 0.0000000000
61427  43.933  -17.765  46.985 0.0000000000
94236  58.193  12.078  17.434 0.0000000000
92241  58.486  10.657  16.759 0.0000000000
92193  54.485  10.305  20.832 0.0000000000
91223  56.104  9.428  19.121 0.0000000000
89264  59.700  7.406  18.689 0.0000000000
90245  59.179  8.089  18.182 0.0000000000
90261  59.533  8.513  17.580 0.0000000000
53396  24.809  -24.270  48.436 0.0000000000
54433  24.814  -23.434  49.163 0.0000000000
56787  25.048  -21.127  49.216 0.0000000000
85959  54.359  4.444  25.587 0.0000000000
85958  55.248  4.766  25.547 0.0000000000
84873  55.191  3.815  25.516 0.0000000000
83900  54.244  2.665  25.563 0.0000000000
152359  55.665  1.785  25.836 0.0000000000
63822  42.456  -15.591  43.897 0.0000000000
88045  50.404  6.411  28.193 0.0000000000
88053  49.984  6.720  27.553 0.0000000000
87012  49.406  5.545  26.643 0.0000000000
88054  49.559  6.189  27.125 0.0000000000
89176  50.274  7.399  27.148 0.0000000000
89186  49.929  7.552  26.220 0.0000000000
90176  50.465  8.203  25.889 0.0000000000
90183  50.382  8.157  25.042 0.0000000000
90188  50.928  8.545  24.417 0.0000000000
90189  50.400  7.825  24.354 0.0000000000
88094  50.733  6.429  23.491 0.0000000000
87045  50.971  5.710  23.791 0.0000000000
85971  51.030  4.864  24.969 0.0000000000
163325  51.015  5.351  24.335 0.0000000000
138303  51.625  5.412  24.209 0.0000000000
85969  52.913  5.084  25.283 0.0000000000
37337  12.676  -37.167  65.188 0.0000000000
80652  48.748  -0.678  29.688 0.0000000000
79606  48.136  -1.217  29.137 0.0000000000
78597  47.282  -2.243  29.034 0.0000000000
79608  46.850  -1.693  29.562 0.0000000000
77594  46.204  -3.487  29.062 0.0000000000
153973  42.326  -5.213  32.978 0.0000000000
76542  42.649  -4.727  32.600 0.0000000000
75321  42.843  -5.490  32.494 0.0000000000
74182  44.488  -6.150  32.241 0.0000000000
145777  44.565  -7.861  32.211 0.0000000000
72990  45.277  -7.184  32.328 0.0000000000
150247  45.132  -6.448  32.306 0.0000000000
72988  47.028  -7.422  32.857 0.0000000000
72982  47.842  -7.277  33.052 0.0000000000
70741  49.801  -9.671  33.885 0.0000000000
70742  48.979  -9.758  33.671 0.0000000000
57998  38.084  -20.492  46.741 0.0000000000
57982  37.888  -20.506  47.695 0.0000000000
47660  23.295  -29.864  53.024 0.0000000000
47659  24.248  -29.886  53.435 0.0000000000
46419  22.774  -31.151  55.038 0.0000000000
43981  20.689  -32.961  57.347 0.0000000000
43992  20.535  -32.667  56.701 0.0000000000
43959  15.799  -32.218  60.638 0.0000000000
43960  15.322  -32.896  60.881 0.0000000000
155814  14.479  -33.946  63.645 0.0000000000
42660  15.099  -33.175  63.755 0.0000000000
41267  14.416  -33.509  65.536 0.0000000000
61489  35.321  -17.272  45.224 0.0000000000
61515  35.096  -17.482  44.271 0.0000000000
61532  33.905  -17.763  43.591 0.0000000000
61533  33.027  -17.751  43.690 0.0000000000
60315  33.510  -18.317  43.354 0.0000000000
59143  33.187  -18.959  43.697 0.0000000000
55675  28.401  -23.155  46.227 0.0000000000
55690  28.411  -22.502  45.634 0.0000000000
55661  28.828  -23.075  46.929 0.0000000000
55649  28.914  -23.306  47.728 0.0000000000
148919  28.591  -24.311  49.700 0.0000000000
54432  28.983  -23.727  49.489 0.0000000000
54431  29.594  -23.237  49.218 0.0000000000
77624  52.955  -3.935  27.981 0.0000000000
77622  54.453  -3.310  27.893 0.0000000000
68278  39.655  -12.514  36.885 0.0000000000
67205  39.530  -13.115  36.924 0.0000000000
151387  43.013  -13.020  41.099 0.0000000000
156806  42.633  -13.226  40.452 0.0000000000
151787  44.255  -13.447  40.969 0.0000000000
66027  45.401  -13.439  41.662 0.0000000000
145834  45.868  -13.616  40.959 0.0000000000
66053  45.366  -13.702  40.117 0.0000000000
66052  46.303  -13.636  40.267 0.0000000000
153784  46.734  -13.393  39.639 0.0000000000
94212  57.596  12.500  19.332 0.0000000000
89232  55.153  7.339  20.229 0.0000000000
79550  44.454  -1.428  34.787 0.0000000000
78548  42.585  -3.084  34.012 0.0000000000
77549  42.349  -3.759  33.640 0.0000000000
76527  42.112  -4.357  34.032 0.0000000000
141240  42.084  -6.901  33.037 0.0000000000
74165  41.725  -7.059  33.605 0.0000000000
72993  42.480  -7.594  32.657 0.0000000000
71858  42.824  -8.440  32.464 0.0000000000
70765  43.678  -9.734  32.272 0.0000000000
69560  44.096  -10.354  32.438 0.0000000000
51167  27.233  -26.758  51.221 0.0000000000
50059  26.572  -27.396  51.184 0.0000000000
48893  25.961  -27.983  51.509 0.0000000000
50065  25.979  -27.308  49.949 0.0000000000
50060  25.873  -27.696  50.699 0.0000000000
51189  24.005  -26.506  48.668 0.0000000000
50077  23.883  -27.676  49.393 0.0000000000
51179  23.286  -26.768  49.915 0.0000000000
48921  24.125  -28.092  49.749 0.0000000000
48909  23.700  -28.408  50.263 0.0000000000
47688  23.632  -29.186  51.502 0.0000000000
47675  22.993  -29.543  52.187 0.0000000000
47690  21.896  -29.037  51.762 0.0000000000
47677  21.407  -29.282  52.424 0.0000000000
46445  20.554  -29.903  53.542 0.0000000000
46446  19.992  -29.780  53.866 0.0000000000
60277  30.152  -17.679  46.679 0.0000000000
60278  29.222  -17.914  46.309 0.0000000000
60291  28.627  -18.459  45.447 0.0000000000
59104  27.936  -18.887  45.618 0.0000000000
58024  27.536  -20.675  44.940 0.0000000000
56844  27.625  -21.505  45.071 0.0000000000
57990  26.222  -19.922  46.971 0.0000000000
155714  25.899  -21.049  47.054 0.0000000000
58004  26.443  -20.692  46.117 0.0000000000
55692  27.028  -22.155  45.423 0.0000000000
54488  27.757  -23.075  45.690 0.0000000000
54470  27.785  -23.627  46.228 0.0000000000
53407  27.781  -24.456  47.442 0.0000000000
52343  26.739  -24.927  46.882 0.0000000000
53395  27.434  -25.026  47.880 0.0000000000
53378  27.728  -24.965  48.727 0.0000000000
52307  27.577  -25.423  49.354 0.0000000000
67092  36.722  -12.116  42.544 0.0000000000
67091  37.066  -12.495  42.652 0.0000000000
66018  37.628  -12.738  42.682 0.0000000000
147884  38.762  -12.819  41.662 0.0000000000
66032  39.822  -12.735  41.491 0.0000000000
65997  41.455  -13.434  43.696 0.0000000000
67090  41.379  -12.566  42.545 0.0000000000
67100  41.811  -12.510  41.982 0.0000000000
66012  44.562  -12.828  42.729 0.0000000000
137565  45.079  -12.805  43.320 0.0000000000
93161  54.957  12.096  22.999 0.0000000000
92178  53.744  10.686  22.575 0.0000000000
92184  54.205  10.723  21.688 0.0000000000
91202  53.848  9.973  21.246 0.0000000000
90196  51.263  8.437  23.449 0.0000000000
90204  51.705  8.214  22.611 0.0000000000
90203  52.281  8.425  22.001 0.0000000000
88103  52.012  6.562  22.299 0.0000000000
88116  52.694  6.948  21.715 0.0000000000
89224  52.686  7.860  21.542 0.0000000000
90212  53.240  8.326  21.069 0.0000000000
89234  53.759  7.676  20.777 0.0000000000
89233  54.398  7.542  20.498 0.0000000000
82924  50.439  1.443  25.578 0.0000000000
81821  50.893  0.563  25.493 0.0000000000
80704  51.010  -0.965  25.909 0.0000000000
79643  51.611  -1.565  26.381 0.0000000000
78632  52.193  -2.181  26.811 0.0000000000
79634  48.680  -1.970  27.539 0.0000000000
78626  49.312  -2.601  27.247 0.0000000000
140537  49.930  -2.984  27.155 0.0000000000
77625  51.341  -3.693  27.610 0.0000000000
147328  52.196  -3.522  27.588 0.0000000000
76601  52.433  -4.773  28.566 0.0000000000
76582  53.102  -4.912  29.257 0.0000000000
75378  50.679  -5.491  28.811 0.0000000000
79566  45.171  -0.845  32.294 0.0000000000
79594  44.711  -1.815  30.819 0.0000000000
78555  43.791  -2.000  32.199 0.0000000000
77595  45.362  -3.800  29.429 0.0000000000
76584  46.165  -4.534  29.230 0.0000000000
75320  43.252  -4.995  32.107 0.0000000000
76556  43.525  -4.451  31.591 0.0000000000
76555  44.161  -4.738  31.236 0.0000000000
76554  44.853  -5.016  31.003 0.0000000000
76571  44.388  -4.334  30.588 0.0000000000
156930  44.922  -4.685  30.312 0.0000000000
75365  46.009  -5.227  29.834 0.0000000000
75364  46.737  -5.394  29.573 0.0000000000
142265  48.882  -6.263  30.206 0.0000000000
75329  48.817  -6.350  31.145 0.0000000000
60307  40.981  -18.085  43.852 0.0000000000
60299  40.575  -18.630  43.909 0.0000000000
155888  40.933  -18.955  44.514 0.0000000000
59110  41.136  -19.297  45.553 0.0000000000
84854  49.405  3.618  28.278 0.0000000000
84858  49.119  3.538  27.470 0.0000000000
159483  48.866  2.245  27.578 0.0000000000
138272  48.924  2.769  27.115 0.0000000000
83894  49.290  2.432  26.463 0.0000000000
83905  49.746  1.997  25.907 0.0000000000
48872  20.035  -28.600  53.878 0.0000000000
47653  19.497  -29.555  54.480 0.0000000000
47646  18.952  -29.523  55.269 0.0000000000
46421  19.146  -30.331  55.016 0.0000000000
138363  18.732  -31.456  55.788 0.0000000000
43995  17.782  -31.711  56.672 0.0000000000
45153  16.840  -31.167  58.914 0.0000000000
45163  16.586  -31.950  58.582 0.0000000000
152261  16.001  -33.387  59.308 0.0000000000
41325  17.632  -35.004  58.987 0.0000000000
39982  17.587  -36.276  59.920 0.0000000000
37372  15.082  -37.443  61.586 0.0000000000
38673  13.280  -36.856  64.094 0.0000000000
37345  13.068  -37.500  64.360 0.0000000000
146952  11.395  -35.017  67.510 0.0000000000
151486  13.743  -33.345  66.221 0.0000000000
42615  12.892  -33.952  66.633 0.0000000000
164776  12.509  -34.412  66.842 0.0000000000
42609  12.135  -33.790  66.950 0.0000000000
41248  11.833  -34.539  67.233 0.0000000000
41249  11.150  -34.702  67.466 0.0000000000
67057  37.665  -12.520  45.451 0.0000000000
61527  39.883  -18.088  43.766 0.0000000000
60309  39.419  -18.645  43.345 0.0000000000
59137  39.040  -19.093  43.086 0.0000000000
147048  38.402  -18.962  42.782 0.0000000000
136806  38.244  -19.297  43.080 0.0000000000
59121  38.725  -19.533  43.667 0.0000000000
58014  37.746  -20.188  44.966 0.0000000000
59140  35.907  -18.899  42.934 0.0000000000
59124  35.537  -19.390  43.552 0.0000000000
61493  30.542  -17.602  45.264 0.0000000000
61519  30.688  -17.808  44.612 0.0000000000
154982  29.367  -19.354  44.111 0.0000000000
59146  30.145  -19.051  43.868 0.0000000000
59145  31.081  -18.945  43.737 0.0000000000
58041  31.216  -19.891  44.333 0.0000000000
147086  31.800  -20.107  45.033 0.0000000000
55689  29.018  -21.980  45.661 0.0000000000
56825  29.738  -21.648  46.176 0.0000000000
56814  30.374  -21.811  47.843 0.0000000000
142645  30.384  -21.439  46.992 0.0000000000
56824  30.511  -21.042  46.201 0.0000000000
58001  32.314  -20.457  46.377 0.0000000000
57988  32.756  -20.538  46.982 0.0000000000
81820  52.211  0.852  25.495 0.0000000000
81813  53.993  0.321  26.051 0.0000000000
80701  53.874  -0.475  26.342 0.0000000000
80700  54.770  -0.569  26.538 0.0000000000
78621  55.195  -2.808  27.715 0.0000000000
70743  41.700  -9.141  34.746 0.0000000000
162016  41.644  -9.020  33.977 0.0000000000
69540  41.712  -10.575  34.283 0.0000000000
69554  41.867  -10.246  33.555 0.0000000000
70756  41.860  -9.411  33.399 0.0000000000
70755  42.317  -9.904  32.856 0.0000000000
68338  43.714  -10.938  32.905 0.0000000000
67112  36.915  -12.096  41.136 0.0000000000
67111  37.364  -12.397  40.543 0.0000000000
67130  37.727  -12.593  39.654 0.0000000000
66059  39.100  -13.346  39.828 0.0000000000
66087  38.333  -13.235  39.409 0.0000000000
66107  38.649  -13.293  38.364 0.0000000000
66123  38.984  -13.317  37.544 0.0000000000
66122  39.813  -13.595  37.338 0.0000000000
66139  40.255  -13.333  36.683 0.0000000000
66083  42.267  -13.711  39.178 0.0000000000
139765  44.058  -13.823  38.886 0.0000000000
66103  42.410  -13.872  38.262 0.0000000000
157581  41.604  -13.885  37.971 0.0000000000
64971  41.960  -13.871  37.464 0.0000000000
64996  41.438  -13.759  36.902 0.0000000000
145621  41.702  -13.508  36.459 0.0000000000
67215  42.898  -12.688  35.063 0.0000000000
66146  43.755  -12.673  35.317 0.0000000000
67226  43.247  -12.293  34.564 0.0000000000
68325  45.007  -11.291  33.534 0.0000000000
68324  45.849  -11.075  33.742 0.0000000000
69539  46.688  -10.830  33.954 0.0000000000
69528  47.874  -10.839  35.008 0.0000000000
68275  47.672  -11.572  36.449 0.0000000000
68290  48.172  -11.049  35.870 0.0000000000
69514  48.993  -10.848  36.066 0.0000000000
61509  42.214  -17.548  44.315 0.0000000000
61508  42.642  -17.132  44.435 0.0000000000
62695  43.131  -16.514  44.625 0.0000000000
63818  43.521  -15.585  44.846 0.0000000000
61453  44.307  -17.072  46.644 0.0000000000
62672  44.210  -16.400  46.133 0.0000000000
63809  44.084  -15.542  45.639 0.0000000000
93186  55.752  11.365  20.416 0.0000000000
94205  56.666  12.372  20.457 0.0000000000
93184  56.999  12.067  19.685 0.0000000000
93208  57.504  11.195  18.460 0.0000000000
90232  56.173  8.462  19.185 0.0000000000
90248  56.759  8.974  18.756 0.0000000000
89266  57.900  7.834  18.827 0.0000000000
91239  56.670  9.718  18.764 0.0000000000
141128  57.884  10.915  17.820 0.0000000000
92231  58.222  10.394  17.409 0.0000000000
91251  59.123  9.221  17.251 0.0000000000
91261  59.453  9.534  16.558 0.0000000000
41247  12.374  -34.230  66.915 0.0000000000
50051  27.366  -27.396  52.505 0.0000000000
50089  24.784  -27.338  48.796 0.0000000000
51190  23.624  -27.035  49.222 0.0000000000
52306  27.882  -25.202  49.979 0.0000000000
52330  25.508  -25.403  47.441 0.0000000000
53408  27.243  -24.888  47.179 0.0000000000
54473  26.027  -23.295  46.509 0.0000000000
61494  30.009  -17.922  44.941 0.0000000000
64984  41.164  -13.854  37.470 0.0000000000
64997  40.640  -13.710  36.997 0.0000000000
66105  40.617  -13.733  38.693 0.0000000000
66120  43.781  -13.659  37.378 0.0000000000
66138  41.019  -13.450  36.491 0.0000000000
67080  36.799  -12.197  43.372 0.0000000000
67101  37.013  -12.389  41.795 0.0000000000
67102  36.750  -11.821  41.814 0.0000000000
68197  36.768  -11.387  42.453 0.0000000000
68213  37.284  -11.679  40.534 0.0000000000
68307  47.022  -11.062  34.793 0.0000000000
68309  44.533  -11.713  34.068 0.0000000000
69406  37.205  -10.883  42.395 0.0000000000
69552  43.135  -10.877  33.006 0.0000000000
70753  47.834  -9.054  33.043 0.0000000000
77530  42.932  -3.390  35.337 0.0000000000
81796  48.615  0.235  27.509 0.0000000000
82922  53.484  2.148  25.504 0.0000000000
84872  56.496  3.394  25.534 0.0000000000
87003  49.495  5.507  27.441 0.0000000000
87033  49.899  5.864  24.891 0.0000000000
87042  53.111  5.803  23.795 0.0000000000
88093  51.229  6.065  23.186 0.0000000000
89166  50.686  7.111  27.884 0.0000000000
89177  49.683  6.883  26.753 0.0000000000
89201  50.249  7.037  23.979 0.0000000000
89208  50.711  7.092  23.323 0.0000000000
89218  52.090  7.531  22.006 0.0000000000
90213  52.741  8.601  21.579 0.0000000000
91172  52.197  9.720  25.548 0.0000000000
92170  52.748  10.018  23.272 0.0000000000
92183  54.783  10.924  21.146 0.0000000000
93194  57.355  11.822  19.075 0.0000000000
94250  58.253  12.354  16.701 0.0000000000
137469  23.864  -28.740  50.766 0.0000000000
139243  53.855  3.595  25.576 0.0000000000
149804  47.124  -6.084  31.067 0.0000000000
151154  37.947  -12.832  41.861 0.0000000000
151803  49.300  5.002  27.017 0.0000000000
154059  29.994  -18.437  44.340 0.0000000000
157904  50.168  5.816  28.393 0.0000000000
157982  32.657  -17.290  46.575 0.0000000000
159753  49.996  7.762  25.457 0.0000000000
161330  27.561  -25.683  49.977 0.0000000000
161723  53.555  0.693  25.801 0.0000000000
161837  37.168  -12.395  41.171 0.0000000000
162138  51.525  6.381  28.878 0.0000000000
163388  54.488  0.000  26.283 0.0000000000
163852  43.030  -6.130  32.413 0.0000000000
