#!ascii label  , from subject sub-LJ001 vox2ras=TkReg
999
108125  42.950  27.119  29.413 0.0000000000
104869  49.841  22.409  17.537 0.0000000000
108255  53.606  27.034  17.683 0.0000000000
103142  47.301  21.043  5.816 0.0000000000
101944  45.093  18.923  24.060 0.0000000000
108969  56.351  27.969  28.016 0.0000000000
105846  49.327  24.039  9.921 0.0000000000
106604  46.078  24.898  17.259 0.0000000000
107354  51.687  25.344  27.412 0.0000000000
105680  48.365  22.774  25.869 0.0000000000
100993  47.615  18.505  16.562 0.0000000000
108205  49.316  26.328  21.263 0.0000000000
107465  48.909  25.414  13.702 0.0000000000
106612  53.607  25.004  16.439 0.0000000000
109140  51.397  27.750  9.213 0.0000000000
109074  45.579  28.228  17.974 0.0000000000
108989  47.718  27.540  27.639 0.0000000000
107375  45.834  24.966  26.647 0.0000000000
100961  46.216  18.328  19.357 0.0000000000
109013  53.882  27.390  24.517 0.0000000000
109797  51.536  28.058  25.155 0.0000000000
108231  51.177  26.452  19.395 0.0000000000
109849  48.917  28.375  16.916 0.0000000000
109864  51.104  29.084  14.676 0.0000000000
105719  51.059  23.506  22.154 0.0000000000
105716  53.369  23.885  22.092 0.0000000000
105778  51.490  23.507  17.017 0.0000000000
105883  47.895  24.359  5.422 0.0000000000
107505  51.234  26.614  8.672 0.0000000000
107525  47.027  25.024  6.385 0.0000000000
107498  46.898  25.305  9.482 0.0000000000
104077  45.838  21.566  7.760 0.0000000000
99981  46.767  17.681  10.127 0.0000000000
107364  41.079  25.049  27.997 0.0000000000
105667  44.219  23.628  26.223 0.0000000000
108170  55.985  26.586  22.786 0.0000000000
104001  48.295  20.947  13.386 0.0000000000
105813  49.209  23.184  13.383 0.0000000000
104042  48.491  21.782  9.912 0.0000000000
104075  48.729  22.328  6.449 0.0000000000
110560  52.065  29.485  30.361 0.0000000000
110569  49.939  29.028  29.011 0.0000000000
106517  50.198  24.024  26.677 0.0000000000
104831  48.611  22.495  20.598 0.0000000000
102944  46.567  20.568  24.508 0.0000000000
103935  47.213  21.295  20.095 0.0000000000
103012  48.060  20.806  16.950 0.0000000000
101032  48.771  18.751  13.769 0.0000000000
106478  39.387  24.610  31.631 0.0000000000
110599  49.386  28.940  25.018 0.0000000000
108208  46.724  26.876  21.451 0.0000000000
109086  47.115  28.363  17.054 0.0000000000
158794  47.823  25.554  15.882 0.0000000000
105804  45.962  22.876  13.910 0.0000000000
108144  54.076  26.347  27.423 0.0000000000
106541  55.829  25.227  23.045 0.0000000000
107432  55.305  26.182  17.560 0.0000000000
106642  51.575  25.226  13.288 0.0000000000
108288  53.861  27.187  13.092 0.0000000000
147255  53.891  29.210  13.470 0.0000000000
108300  50.002  26.783  11.576 0.0000000000
105836  45.832  23.999  11.331 0.0000000000
109075  44.597  28.262  18.043 0.0000000000
139086  45.106  27.515  19.930 0.0000000000
108978  45.364  28.132  28.071 0.0000000000
108993  43.962  27.350  27.873 0.0000000000
108201  53.806  26.453  21.564 0.0000000000
108202  52.669  26.325  21.643 0.0000000000
108230  52.234  26.483  19.369 0.0000000000
108257  51.240  26.985  17.740 0.0000000000
156375  52.457  28.066  15.975 0.0000000000
104843  50.197  23.032  18.927 0.0000000000
105742  51.678  23.684  19.662 0.0000000000
104881  50.456  22.762  16.978 0.0000000000
104999  47.385  23.190  4.692 0.0000000000
106711  47.772  24.777  5.737 0.0000000000
105884  46.510  23.702  5.711 0.0000000000
148752  46.097  23.339  6.643 0.0000000000
145690  46.727  21.170  6.494 0.0000000000
102101  47.271  19.146  8.184 0.0000000000
102111  47.513  19.589  7.165 0.0000000000
105670  41.533  23.399  26.524 0.0000000000
109787  56.211  27.795  25.833 0.0000000000
108165  56.367  26.810  25.009 0.0000000000
102064  48.774  20.152  11.783 0.0000000000
104024  48.376  21.557  11.966 0.0000000000
103099  49.181  20.471  10.018 0.0000000000
103129  49.698  21.233  6.423 0.0000000000
103149  49.978  21.842  4.296 0.0000000000
104100  48.750  22.297  4.248 0.0000000000
160468  47.539  24.905  26.856 0.0000000000
107357  48.894  25.575  27.383 0.0000000000
105663  48.813  23.469  26.337 0.0000000000
159235  49.540  22.937  23.559 0.0000000000
104797  48.945  22.594  23.786 0.0000000000
150278  44.712  21.071  25.396 0.0000000000
104782  44.973  22.176  25.706 0.0000000000
102945  45.812  20.080  24.586 0.0000000000
100972  46.830  18.538  18.019 0.0000000000
102987  46.482  19.979  19.407 0.0000000000
101997  47.121  19.442  17.607 0.0000000000
103954  47.581  21.026  18.706 0.0000000000
102019  47.756  19.579  15.990 0.0000000000
103024  47.878  20.167  15.623 0.0000000000
156826  48.389  18.770  14.579 0.0000000000
148958  52.082  18.382  12.614 0.0000000000
108190  50.283  26.474  22.368 0.0000000000
109016  50.100  27.588  24.253 0.0000000000
108176  49.152  26.742  23.015 0.0000000000
109025  47.981  27.511  23.499 0.0000000000
108206  48.333  26.470  21.233 0.0000000000
109061  46.935  27.597  18.863 0.0000000000
108232  48.337  27.177  19.007 0.0000000000
109110  49.290  28.280  15.314 0.0000000000
108275  48.021  27.312  15.891 0.0000000000
106625  48.256  25.167  15.157 0.0000000000
105792  47.202  23.862  15.147 0.0000000000
106646  47.775  24.365  13.740 0.0000000000
108131  51.479  26.892  28.164 0.0000000000
109757  52.855  28.332  28.876 0.0000000000
107353  52.578  25.455  27.254 0.0000000000
106592  53.386  24.357  18.881 0.0000000000
106543  54.251  24.298  21.936 0.0000000000
106577  55.027  24.897  19.370 0.0000000000
107418  56.030  25.888  19.487 0.0000000000
107433  54.893  25.712  17.180 0.0000000000
105824  49.214  23.600  11.955 0.0000000000
105812  50.406  24.116  13.972 0.0000000000
106662  49.913  24.428  11.378 0.0000000000
108325  51.281  27.263  8.496 0.0000000000
107484  52.085  26.956  9.967 0.0000000000
108315  52.761  28.443  10.244 0.0000000000
109121  54.468  28.521  13.082 0.0000000000
109881  53.063  29.125  10.864 0.0000000000
109122  52.190  29.096  12.644 0.0000000000
108307  50.064  27.162  10.405 0.0000000000
104957  45.284  23.063  9.205 0.0000000000
106665  45.877  24.453  10.511 0.0000000000
104947  44.612  22.533  10.476 0.0000000000
104935  44.862  23.106  11.480 0.0000000000
109745  55.832  28.681  29.903 0.0000000000
138875  44.830  27.515  17.432 0.0000000000
108259  45.526  27.102  17.195 0.0000000000
109750  47.226  29.058  29.261 0.0000000000
109762  46.493  28.682  28.687 0.0000000000
108150  46.573  26.643  27.228 0.0000000000
107374  46.740  24.986  26.746 0.0000000000
100934  45.328  18.720  21.599 0.0000000000
109014  52.727  27.437  24.572 0.0000000000
152377  51.145  26.461  22.428 0.0000000000
153807  50.166  26.524  19.420 0.0000000000
108245  48.909  27.253  18.591 0.0000000000
109069  50.168  27.269  17.754 0.0000000000
109859  49.761  28.837  15.629 0.0000000000
108281  49.890  27.460  14.439 0.0000000000
105687  51.841  23.554  24.704 0.0000000000
105686  52.762  23.862  24.813 0.0000000000
154973  52.002  23.637  21.096 0.0000000000
105753  52.414  23.981  19.260 0.0000000000
106614  52.238  24.069  16.575 0.0000000000
105864  48.564  23.930  7.043 0.0000000000
142116  50.007  24.991  9.150 0.0000000000
106696  49.360  25.731  7.241 0.0000000000
107522  49.510  26.248  7.396 0.0000000000
108327  49.655  26.760  8.019 0.0000000000
107496  48.682  26.295  9.863 0.0000000000
107508  46.871  25.389  8.371 0.0000000000
104966  45.543  22.855  8.310 0.0000000000
103101  45.254  20.639  8.938 0.0000000000
148457  47.427  17.969  9.626 0.0000000000
108136  41.763  26.224  29.140 0.0000000000
107362  43.174  25.804  27.168 0.0000000000
106525  42.228  24.565  26.792 0.0000000000
104784  43.233  22.132  25.840 0.0000000000
101922  44.048  19.869  25.027 0.0000000000
109788  55.466  28.171  25.847 0.0000000000
108171  54.979  26.703  22.983 0.0000000000
155009  54.752  26.498  20.102 0.0000000000
104893  48.976  21.956  15.402 0.0000000000
104902  49.338  22.554  14.889 0.0000000000
104915  48.655  22.462  13.180 0.0000000000
104934  48.486  22.284  11.628 0.0000000000
153849  48.584  22.608  9.997 0.0000000000
136613  49.672  20.778  7.787 0.0000000000
104064  48.617  21.989  7.762 0.0000000000
104977  48.537  22.970  7.041 0.0000000000
104989  48.439  23.219  5.602 0.0000000000
105004  48.310  22.545  4.224 0.0000000000
103141  47.933  20.957  4.983 0.0000000000
102110  48.310  19.339  6.692 0.0000000000
109759  50.877  28.814  28.950 0.0000000000
108132  50.682  26.535  27.959 0.0000000000
108976  48.856  28.033  28.084 0.0000000000
108133  49.839  26.688  27.840 0.0000000000
143305  50.900  24.285  26.758 0.0000000000
105688  50.460  23.191  24.513 0.0000000000
105720  49.900  23.260  21.373 0.0000000000
104844  49.467  22.683  19.321 0.0000000000
107376  44.387  25.028  26.634 0.0000000000
105665  45.939  23.540  26.172 0.0000000000
103899  47.632  21.449  24.939 0.0000000000
102960  45.817  20.093  22.359 0.0000000000
103916  46.822  21.198  22.484 0.0000000000
103915  47.512  21.759  22.734 0.0000000000
104832  47.937  22.167  21.100 0.0000000000
103953  48.376  21.509  18.316 0.0000000000
103976  48.622  21.359  16.621 0.0000000000
143604  48.141  20.876  15.303 0.0000000000
103064  48.418  20.276  13.139 0.0000000000
102050  49.215  19.489  12.143 0.0000000000
161624  49.971  18.156  13.340 0.0000000000
101042  50.364  18.750  12.116 0.0000000000
107334  41.159  25.506  30.487 0.0000000000
107338  40.587  25.231  29.876 0.0000000000
106489  38.683  24.049  30.595 0.0000000000
111373  50.818  30.688  26.401 0.0000000000
110600  48.649  29.243  24.741 0.0000000000
109062  45.999  27.263  19.965 0.0000000000
109073  46.369  28.198  17.976 0.0000000000
108269  46.149  27.671  16.878 0.0000000000
109850  47.763  28.422  16.774 0.0000000000
108267  47.398  27.096  16.308 0.0000000000
106616  46.572  24.515  16.786 0.0000000000
108143  55.126  26.623  27.151 0.0000000000
106535  53.705  24.313  25.005 0.0000000000
107382  55.067  25.270  25.407 0.0000000000
107381  55.956  25.758  25.034 0.0000000000
107394  56.366  26.058  22.014 0.0000000000
108214  55.999  26.225  20.283 0.0000000000
108254  54.757  26.916  17.880 0.0000000000
105800  50.505  23.722  14.837 0.0000000000
106624  51.283  23.996  15.261 0.0000000000
106622  52.455  24.899  15.020 0.0000000000
107485  51.462  25.852  10.849 0.0000000000
107463  52.421  25.826  13.276 0.0000000000
160604  53.783  25.650  15.214 0.0000000000
108279  54.568  27.016  14.497 0.0000000000
109106  54.708  27.553  15.593 0.0000000000
109098  53.591  28.041  15.784 0.0000000000
109863  52.323  29.143  14.413 0.0000000000
109871  51.235  28.695  13.564 0.0000000000
107464  49.325  25.811  13.084 0.0000000000
107486  48.018  25.563  10.722 0.0000000000
107477  47.840  25.007  11.705 0.0000000000
106654  47.666  24.538  12.673 0.0000000000
160166  46.465  23.675  12.661 0.0000000000
99967  46.140  17.454  10.661 0.0000000000
109055  44.549  27.728  20.410 0.0000000000
109046  44.729  27.731  21.342 0.0000000000
108966  43.611  27.357  30.137 0.0000000000
108980  43.677  27.608  28.958 0.0000000000
108134  43.185  27.004  28.317 0.0000000000
137186  53.831  26.504  20.096 0.0000000000
108217  52.724  26.412  20.127 0.0000000000
108241  52.884  26.675  18.554 0.0000000000
108256  52.348  26.878  17.772 0.0000000000
161099  52.814  27.160  17.258 0.0000000000
104854  50.305  22.848  18.105 0.0000000000
104868  50.370  22.775  17.556 0.0000000000
104102  47.258  22.592  4.848 0.0000000000
104990  46.751  23.045  5.162 0.0000000000
104089  46.806  22.036  5.669 0.0000000000
104978  46.329  22.781  6.143 0.0000000000
102120  47.026  20.360  6.751 0.0000000000
109744  56.428  28.784  29.432 0.0000000000
109753  56.489  28.492  28.285 0.0000000000
108984  56.647  27.984  27.151 0.0000000000
109001  56.386  27.435  26.598 0.0000000000
102076  49.631  19.882  10.550 0.0000000000
103084  48.921  20.316  10.897 0.0000000000
104098  50.189  21.721  3.903 0.0000000000
103160  49.725  21.373  3.805 0.0000000000
105769  45.943  24.048  17.201 0.0000000000
145014  47.816  23.483  26.315 0.0000000000
106519  48.258  24.307  26.756 0.0000000000
104778  48.723  22.410  25.255 0.0000000000
104790  48.888  22.393  24.591 0.0000000000
102946  44.919  19.964  24.839 0.0000000000
102933  45.353  20.665  25.181 0.0000000000
101943  45.668  19.542  23.783 0.0000000000
100983  47.305  18.607  17.218 0.0000000000
101987  46.710  19.509  18.496 0.0000000000
102007  47.514  19.362  16.723 0.0000000000
101007  47.811  18.845  15.964 0.0000000000
101006  48.278  18.307  15.263 0.0000000000
162955  50.005  26.340  21.729 0.0000000000
152198  49.842  26.651  22.896 0.0000000000
108191  49.433  26.476  22.257 0.0000000000
153144  48.738  26.620  22.484 0.0000000000
108220  48.763  26.501  20.393 0.0000000000
153808  48.345  26.808  19.742 0.0000000000
108282  49.239  26.864  14.937 0.0000000000
108274  48.661  27.425  15.471 0.0000000000
107457  48.899  25.740  14.626 0.0000000000
106635  48.397  24.907  14.271 0.0000000000
108146  52.083  26.098  27.747 0.0000000000
136568  53.219  24.463  17.894 0.0000000000
106578  54.104  24.371  19.574 0.0000000000
106591  54.172  24.806  18.252 0.0000000000
106590  54.991  25.242  18.654 0.0000000000
106602  54.080  25.005  17.304 0.0000000000
105834  49.276  23.828  10.933 0.0000000000
106673  49.987  24.668  10.291 0.0000000000
109141  50.906  27.547  8.684 0.0000000000
108316  52.262  27.854  9.631 0.0000000000
109139  52.301  28.163  9.865 0.0000000000
109887  52.866  28.736  10.374 0.0000000000
109136  51.680  28.165  10.123 0.0000000000
108317  50.905  27.714  9.880 0.0000000000
104958  44.853  22.434  9.697 0.0000000000
104946  45.041  23.283  10.116 0.0000000000
104055  44.541  21.868  10.129 0.0000000000
104043  44.224  21.860  10.775 0.0000000000
139328  45.230  28.053  17.562 0.0000000000
142899  44.954  26.542  17.446 0.0000000000
109088  45.631  27.881  17.192 0.0000000000
109751  46.238  28.767  29.754 0.0000000000
109737  45.753  28.264  30.531 0.0000000000
108151  45.548  26.754  27.197 0.0000000000
154265  45.568  27.572  27.570 0.0000000000
107359  46.187  25.800  26.910 0.0000000000
109008  53.366  27.785  25.187 0.0000000000
109021  53.216  27.020  23.875 0.0000000000
138947  51.680  26.335  20.170 0.0000000000
108203  51.661  26.281  21.683 0.0000000000
137187  51.197  26.246  20.961 0.0000000000
158303  50.754  26.306  21.704 0.0000000000
108218  50.695  26.331  20.222 0.0000000000
108243  50.669  26.710  18.572 0.0000000000
109099  51.195  28.250  16.115 0.0000000000
136541  50.700  27.662  16.931 0.0000000000
109858  50.493  28.941  15.394 0.0000000000
109865  50.000  29.137  15.014 0.0000000000
109116  50.377  28.484  14.500 0.0000000000
105704  51.369  23.445  23.088 0.0000000000
142264  51.921  23.508  22.381 0.0000000000
105718  51.739  23.556  21.680 0.0000000000
105767  51.606  23.595  17.962 0.0000000000
105754  51.638  23.680  18.843 0.0000000000
105766  52.422  24.031  18.393 0.0000000000
106603  52.340  24.001  17.470 0.0000000000
105873  48.296  24.100  6.033 0.0000000000
145044  48.688  24.962  6.637 0.0000000000
157026  47.577  25.052  6.062 0.0000000000
107530  48.137  25.198  6.292 0.0000000000
107523  48.551  25.681  6.922 0.0000000000
107515  48.707  26.195  7.696 0.0000000000
107516  47.744  25.656  7.526 0.0000000000
107517  46.904  25.274  7.325 0.0000000000
104979  45.879  22.568  7.332 0.0000000000
105875  45.804  23.481  7.544 0.0000000000
160681  45.555  22.120  8.197 0.0000000000
104065  45.389  21.447  8.590 0.0000000000
103115  45.758  20.748  8.230 0.0000000000
145190  45.752  19.971  8.625 0.0000000000
158243  47.883  18.661  8.438 0.0000000000
101072  47.345  18.527  8.946 0.0000000000
107342  41.404  25.652  28.544 0.0000000000
106509  42.417  25.676  27.447 0.0000000000
107363  41.733  25.411  27.702 0.0000000000
104772  42.116  23.000  26.301 0.0000000000
103892  42.486  21.472  25.753 0.0000000000
103891  43.320  21.275  25.569 0.0000000000
102935  43.603  20.546  25.315 0.0000000000
109011  55.988  27.216  24.275 0.0000000000
109006  55.876  27.529  25.074 0.0000000000
109019  55.645  26.993  23.651 0.0000000000
108200  55.128  26.532  21.435 0.0000000000
108186  55.414  26.582  22.245 0.0000000000
104903  48.685  21.925  14.589 0.0000000000
156319  48.475  21.772  13.726 0.0000000000
104032  48.448  21.450  10.732 0.0000000000
153320  48.403  21.645  11.276 0.0000000000
104945  48.479  22.258  10.775 0.0000000000
161699  49.997  20.418  8.472 0.0000000000
104074  49.171  21.857  5.816 0.0000000000
104063  49.046  21.488  7.160 0.0000000000
104965  48.561  22.457  8.219 0.0000000000
104087  48.786  22.576  5.072 0.0000000000
103161  49.103  21.560  3.877 0.0000000000
104110  48.780  22.054  3.998 0.0000000000
160759  48.662  21.775  3.995 0.0000000000
150359  48.187  21.743  4.277 0.0000000000
103150  48.649  21.044  4.267 0.0000000000
102128  48.400  20.367  5.104 0.0000000000
110563  49.510  29.371  29.818 0.0000000000
110562  50.491  29.412  29.870 0.0000000000
137083  50.268  28.241  28.501 0.0000000000
109761  47.255  28.579  28.349 0.0000000000
153934  47.845  28.854  28.630 0.0000000000
108977  48.010  28.242  28.046 0.0000000000
162312  49.461  25.202  27.365 0.0000000000
108148  48.976  26.375  27.599 0.0000000000
106507  49.749  24.649  27.144 0.0000000000
159110  50.099  25.226  27.443 0.0000000000
157158  50.985  23.497  25.647 0.0000000000
105679  50.381  23.173  25.326 0.0000000000
104804  49.318  23.081  22.055 0.0000000000
104796  49.818  23.139  22.927 0.0000000000
104815  49.250  22.935  21.058 0.0000000000
105734  49.790  23.140  20.649 0.0000000000
104830  49.319  22.813  20.192 0.0000000000
107377  43.533  25.120  26.743 0.0000000000
107361  44.034  25.836  26.930 0.0000000000
102932  46.276  20.709  25.054 0.0000000000
104768  45.484  22.834  25.903 0.0000000000
103888  46.602  21.326  25.338 0.0000000000
104780  46.919  22.022  25.623 0.0000000000
103900  47.036  20.951  25.014 0.0000000000
100947  45.784  18.353  20.182 0.0000000000
101958  45.531  19.578  21.763 0.0000000000
101969  45.610  19.176  20.770 0.0000000000
102977  46.608  20.667  20.131 0.0000000000
102965  46.262  20.535  20.924 0.0000000000
103936  46.846  21.173  20.845 0.0000000000
103921  47.257  21.646  21.654 0.0000000000
104806  48.001  22.265  22.070 0.0000000000
142352  47.429  21.655  20.744 0.0000000000
103004  47.858  20.898  17.787 0.0000000000
103944  48.204  21.688  19.187 0.0000000000
103963  48.553  21.387  17.456 0.0000000000
150213  48.566  21.413  15.810 0.0000000000
149017  48.126  20.814  16.130 0.0000000000
102031  48.301  19.470  14.259 0.0000000000
103039  48.081  20.197  14.770 0.0000000000
102042  48.537  19.613  13.423 0.0000000000
102051  48.660  19.885  12.622 0.0000000000
101044  48.981  19.155  12.909 0.0000000000
99954  50.537  17.819  13.584 0.0000000000
101041  51.225  18.565  12.155 0.0000000000
154107  51.541  18.897  11.265 0.0000000000
107326  41.586  25.548  31.710 0.0000000000
106477  40.008  24.747  31.331 0.0000000000
107335  40.631  25.042  30.884 0.0000000000
106491  39.900  24.704  30.262 0.0000000000
106496  40.108  24.851  29.200 0.0000000000
145894  39.567  24.477  29.411 0.0000000000
109799  49.765  28.175  24.698 0.0000000000
110591  50.620  29.247  25.834 0.0000000000
110592  49.803  29.516  25.510 0.0000000000
147801  50.273  30.106  25.987 0.0000000000
110593  49.069  29.764  25.183 0.0000000000
109034  47.507  27.145  22.872 0.0000000000
109044  46.226  27.104  21.992 0.0000000000
109053  46.044  26.999  21.107 0.0000000000
108222  46.822  26.885  20.672 0.0000000000
109072  47.190  28.107  17.863 0.0000000000
158775  46.579  28.310  17.336 0.0000000000
164289  46.007  28.094  16.998 0.0000000000
109087  46.505  28.187  16.927 0.0000000000
109070  49.108  27.666  17.710 0.0000000000
109085  48.318  28.301  17.200 0.0000000000
144013  48.440  28.492  16.482 0.0000000000
158838  47.819  26.441  16.012 0.0000000000
109103  47.616  27.946  16.266 0.0000000000
107442  47.298  26.061  16.390 0.0000000000
106615  47.256  25.007  16.381 0.0000000000
106627  47.008  24.091  16.076 0.0000000000
105803  46.592  23.328  14.538 0.0000000000
151932  52.492  29.590  31.246 0.0000000000
108972  53.201  27.612  28.430 0.0000000000
109746  53.667  28.713  29.520 0.0000000000
108971  54.323  27.624  28.321 0.0000000000
108987  54.712  27.117  27.728 0.0000000000
105702  53.135  23.872  23.145 0.0000000000
105685  53.390  24.097  24.126 0.0000000000
106542  54.968  24.620  22.629 0.0000000000
106537  55.034  24.756  23.593 0.0000000000
107386  55.461  25.262  24.625 0.0000000000
107369  55.736  25.965  25.763 0.0000000000
107385  56.118  25.742  24.251 0.0000000000
107388  56.263  25.783  23.427 0.0000000000
150898  56.322  25.771  22.673 0.0000000000
107425  55.556  25.930  18.416 0.0000000000
107411  56.181  25.966  20.104 0.0000000000
108239  55.643  26.237  18.763 0.0000000000
108228  55.454  26.422  19.167 0.0000000000
109081  55.145  26.840  17.296 0.0000000000
105801  49.704  23.357  14.271 0.0000000000
105791  50.007  23.079  15.274 0.0000000000
106643  50.645  24.639  12.974 0.0000000000
106634  51.040  24.300  14.480 0.0000000000
158067  51.504  24.740  14.112 0.0000000000
146600  51.776  24.545  14.790 0.0000000000
106672  50.718  25.618  9.442 0.0000000000
107495  51.404  26.262  9.700 0.0000000000
107473  52.940  27.194  11.465 0.0000000000
107474  52.188  26.492  11.142 0.0000000000
107462  53.073  26.685  12.643 0.0000000000
107455  53.225  26.141  13.794 0.0000000000
107454  53.937  26.164  14.572 0.0000000000
108280  54.091  26.751  13.900 0.0000000000
109874  54.362  29.034  13.154 0.0000000000
109120  54.535  28.374  13.825 0.0000000000
109115  54.269  28.683  14.027 0.0000000000
109097  54.391  27.625  16.082 0.0000000000
109862  53.528  28.978  14.259 0.0000000000
109108  52.997  28.604  15.142 0.0000000000
109869  53.033  29.348  13.521 0.0000000000
108299  50.701  27.515  12.097 0.0000000000
109123  51.413  28.411  12.420 0.0000000000
108289  50.499  27.537  13.418 0.0000000000
108290  49.926  26.560  12.774 0.0000000000
107497  47.821  25.752  9.639 0.0000000000
106674  47.253  25.286  10.250 0.0000000000
106664  46.416  24.539  11.123 0.0000000000
106663  47.179  24.938  10.963 0.0000000000
106655  47.091  24.478  11.756 0.0000000000
107476  48.556  25.256  12.625 0.0000000000
164260  46.952  24.110  12.403 0.0000000000
105827  45.811  23.594  12.112 0.0000000000
104033  44.043  21.908  11.570 0.0000000000
104926  44.489  22.496  11.980 0.0000000000
99998  45.976  17.999  10.123 0.0000000000
109842  43.630  28.335  17.858 0.0000000000
109064  44.509  27.911  19.325 0.0000000000
109063  45.299  27.793  19.016 0.0000000000
109752  45.345  28.355  29.731 0.0000000000
108965  44.443  27.940  29.722 0.0000000000
108979  44.484  27.935  28.438 0.0000000000
108152  44.490  26.651  27.251 0.0000000000
108172  53.770  26.719  23.104 0.0000000000
108188  53.190  26.507  22.385 0.0000000000
108242  51.731  26.625  18.570 0.0000000000
109083  51.983  27.389  16.900 0.0000000000
109109  51.702  28.793  15.283 0.0000000000
105733  50.408  23.386  20.783 0.0000000000
142872  51.000  23.528  20.193 0.0000000000
138386  50.898  23.431  19.325 0.0000000000
105755  50.895  23.314  18.462 0.0000000000
154317  50.930  23.106  17.010 0.0000000000
105889  47.791  23.708  4.903 0.0000000000
105890  47.417  23.705  4.857 0.0000000000
106718  47.002  24.183  5.229 0.0000000000
106713  46.683  24.486  6.019 0.0000000000
105874  46.197  24.052  6.740 0.0000000000
104076  46.321  21.820  6.807 0.0000000000
103130  46.330  20.777  7.390 0.0000000000
103114  46.204  20.166  8.079 0.0000000000
102112  46.749  19.864  7.645 0.0000000000
101100  48.069  19.011  7.704 0.0000000000
151746  40.768  24.483  27.557 0.0000000000
106510  41.486  24.680  27.220 0.0000000000
106526  40.876  23.910  26.931 0.0000000000
109768  56.147  28.656  27.215 0.0000000000
153882  56.585  28.177  27.004 0.0000000000
109005  56.301  27.284  25.475 0.0000000000
108168  56.136  26.726  23.792 0.0000000000
147330  48.407  20.733  12.416 0.0000000000
104013  48.358  21.632  12.838 0.0000000000
103074  48.443  20.923  11.329 0.0000000000
103085  48.580  20.958  10.383 0.0000000000
103139  50.412  21.351  5.378 0.0000000000
103140  49.711  21.711  5.268 0.0000000000
104086  49.350  22.128  4.532 0.0000000000
104099  49.423  21.940  3.896 0.0000000000
110570  49.048  29.157  29.075 0.0000000000
108149  47.476  26.744  27.388 0.0000000000
140527  48.293  26.924  27.589 0.0000000000
142153  48.184  25.232  27.126 0.0000000000
106508  48.965  24.823  27.143 0.0000000000
105662  49.628  23.543  26.332 0.0000000000
104777  49.913  22.827  25.016 0.0000000000
145202  49.457  22.985  25.658 0.0000000000
150707  49.083  22.809  22.965 0.0000000000
104805  48.646  22.653  22.341 0.0000000000
104783  44.136  22.258  25.753 0.0000000000
104769  44.598  22.916  25.933 0.0000000000
103889  45.230  21.430  25.489 0.0000000000
150119  45.904  21.177  25.355 0.0000000000
102953  46.252  20.093  24.013 0.0000000000
100973  46.504  18.694  18.716 0.0000000000
101979  46.028  19.182  19.826 0.0000000000
101988  46.333  19.153  19.125 0.0000000000
102995  46.972  20.359  18.797 0.0000000000
103945  47.584  21.358  19.486 0.0000000000
142749  47.246  20.274  18.089 0.0000000000
103005  47.504  20.198  17.246 0.0000000000
103013  47.724  20.177  16.431 0.0000000000
102018  48.005  19.329  15.197 0.0000000000
101030  51.321  18.139  13.039 0.0000000000
109023  50.925  27.205  23.940 0.0000000000
109798  50.735  27.929  24.806 0.0000000000
109024  49.817  27.097  23.567 0.0000000000
109017  49.311  27.699  24.149 0.0000000000
109803  48.471  27.911  24.055 0.0000000000
142115  48.843  27.286  23.560 0.0000000000
108192  48.020  26.689  22.148 0.0000000000
108207  47.448  26.685  21.335 0.0000000000
108234  46.965  27.134  19.798 0.0000000000
108221  47.765  26.729  20.368 0.0000000000
108233  47.687  27.137  19.426 0.0000000000
155121  47.676  27.545  18.659 0.0000000000
109866  48.683  28.594  15.889 0.0000000000
144127  48.308  28.151  15.834 0.0000000000
107449  48.457  26.293  15.469 0.0000000000
106626  47.606  24.630  15.606 0.0000000000
106636  47.790  24.400  14.705 0.0000000000
105802  47.237  23.807  14.151 0.0000000000
105816  46.562  23.424  13.561 0.0000000000
109758  51.838  28.554  28.902 0.0000000000
109747  52.524  29.014  29.539 0.0000000000
108973  52.170  27.723  28.470 0.0000000000
108130  52.572  26.881  28.118 0.0000000000
107352  53.527  25.628  27.058 0.0000000000
105730  53.432  23.878  21.222 0.0000000000
154074  53.922  24.223  22.650 0.0000000000
106555  54.401  24.306  21.082 0.0000000000
106565  54.828  24.545  20.157 0.0000000000
106554  55.502  24.873  20.785 0.0000000000
156768  55.918  25.243  21.328 0.0000000000
106564  55.766  25.361  19.932 0.0000000000
106576  55.655  25.613  19.135 0.0000000000
162002  49.409  23.588  12.755 0.0000000000
106644  49.849  23.877  13.317 0.0000000000
148931  49.892  24.221  12.398 0.0000000000
106653  50.665  24.943  11.746 0.0000000000
107513  50.868  26.840  8.046 0.0000000000
107494  51.717  27.237  9.102 0.0000000000
108305  52.707  27.671  10.358 0.0000000000
108298  53.788  27.953  11.904 0.0000000000
108297  54.290  28.094  12.726 0.0000000000
109129  53.648  28.776  11.298 0.0000000000
109880  53.498  29.088  11.440 0.0000000000
142624  53.017  29.299  11.861 0.0000000000
155711  52.783  29.329  12.831 0.0000000000
109130  52.400  28.923  11.501 0.0000000000
109131  51.590  28.350  11.193 0.0000000000
106686  45.764  24.533  9.685 0.0000000000
147641  46.170  24.934  9.851 0.0000000000
156055  45.497  23.972  10.156 0.0000000000
105837  45.266  23.692  10.873 0.0000000000
142869  45.357  23.524  11.622 0.0000000000
104936  44.462  22.518  11.190 0.0000000000
109754  56.178  28.370  28.788 0.0000000000
109089  44.268  28.028  17.704 0.0000000000
107434  45.615  25.847  17.329 0.0000000000
109770  46.652  28.278  27.928 0.0000000000
109763  45.722  28.524  28.833 0.0000000000
108991  46.069  27.946  27.709 0.0000000000
108990  46.834  27.537  27.523 0.0000000000
107358  47.271  25.761  27.088 0.0000000000
100916  45.165  18.828  23.195 0.0000000000
161765  45.260  17.998  21.581 0.0000000000
156029  45.719  17.680  20.543 0.0000000000
99894  46.595  17.942  18.690 0.0000000000
99893  47.032  17.600  18.172 0.0000000000
155218  47.215  17.930  17.570 0.0000000000
99906  47.680  17.705  16.883 0.0000000000
137699  48.453  17.597  15.600 0.0000000000
109009  52.328  27.891  25.177 0.0000000000
109015  51.701  27.578  24.606 0.0000000000
108173  52.616  26.706  23.184 0.0000000000
108174  51.555  26.714  23.202 0.0000000000
108204  50.275  26.244  21.035 0.0000000000
108219  49.716  26.372  20.300 0.0000000000
155354  49.135  26.741  19.449 0.0000000000
108244  49.685  26.950  18.582 0.0000000000
109084  49.680  28.051  16.958 0.0000000000
109101  49.228  28.628  16.220 0.0000000000
136786  49.355  28.729  15.623 0.0000000000
106531  51.628  23.800  25.911 0.0000000000
106515  52.434  24.273  26.120 0.0000000000
105677  52.202  23.795  25.411 0.0000000000
105693  52.478  23.713  23.996 0.0000000000
105717  52.546  23.639  21.653 0.0000000000
153278  51.822  23.669  20.433 0.0000000000
105741  52.350  23.822  19.951 0.0000000000
105731  52.727  23.770  20.636 0.0000000000
106579  53.118  24.063  19.784 0.0000000000
144919  53.030  24.523  17.000 0.0000000000
105855  49.313  24.290  8.839 0.0000000000
106697  49.039  24.489  7.681 0.0000000000
106684  49.828  25.428  8.053 0.0000000000
106683  50.628  26.054  8.343 0.0000000000
145198  48.197  24.925  6.089 0.0000000000
106704  48.756  25.528  6.719 0.0000000000
107514  50.205  26.429  7.766 0.0000000000
108334  50.506  26.979  7.873 0.0000000000
109148  50.867  27.303  8.234 0.0000000000
108326  50.385  27.262  8.376 0.0000000000
108319  49.504  26.910  8.978 0.0000000000
107506  48.652  26.344  8.744 0.0000000000
107507  47.739  25.814  8.575 0.0000000000
106685  46.134  25.087  9.089 0.0000000000
106706  45.908  24.314  7.782 0.0000000000
106699  45.783  24.490  8.801 0.0000000000
147657  45.227  22.229  8.923 0.0000000000
102090  45.257  19.831  9.229 0.0000000000
99997  46.550  18.361  9.475 0.0000000000
102102  46.437  19.510  8.406 0.0000000000
101090  46.709  18.898  8.811 0.0000000000
98763  47.526  17.428  10.290 0.0000000000
108135  42.454  26.632  28.743 0.0000000000
108154  42.771  26.352  27.816 0.0000000000
107378  42.737  25.150  26.922 0.0000000000
106524  43.015  24.451  26.592 0.0000000000
105669  42.395  23.745  26.468 0.0000000000
104770  43.730  22.936  26.026 0.0000000000
162773  43.839  21.690  25.625 0.0000000000
102934  44.446  20.534  25.218 0.0000000000
101934  44.518  19.201  24.578 0.0000000000
109778  54.570  28.678  26.406 0.0000000000
109007  54.624  27.730  25.154 0.0000000000
109012  55.147  27.344  24.412 0.0000000000
109020  54.454  27.022  23.763 0.0000000000
108187  54.381  26.585  22.289 0.0000000000
108216  54.352  26.470  20.763 0.0000000000
108240  54.114  26.769  18.579 0.0000000000
103975  49.172  21.859  16.219 0.0000000000
104892  49.632  22.410  15.745 0.0000000000
104914  48.961  22.573  14.020 0.0000000000
104924  48.517  22.334  12.386 0.0000000000
105814  48.865  23.065  12.638 0.0000000000
105835  48.720  23.037  11.322 0.0000000000
105847  48.780  23.188  10.460 0.0000000000
105856  48.828  23.360  9.546 0.0000000000
136668  49.531  20.582  8.997 0.0000000000
103100  48.757  21.085  9.429 0.0000000000
103113  48.903  21.210  8.361 0.0000000000
104053  48.563  21.820  8.844 0.0000000000
104956  48.586  22.641  9.078 0.0000000000
159550  48.813  23.575  8.660 0.0000000000
148532  48.608  23.264  7.999 0.0000000000
157655  48.089  23.800  5.131 0.0000000000
104997  48.245  23.086  4.603 0.0000000000
104998  47.860  23.171  4.464 0.0000000000
104101  47.871  22.539  4.324 0.0000000000
104088  47.514  21.804  4.891 0.0000000000
102119  47.801  20.085  5.983 0.0000000000
102118  48.590  19.661  5.623 0.0000000000
109748  51.490  29.207  29.602 0.0000000000
108974  51.191  27.946  28.491 0.0000000000
108147  51.196  25.994  27.741 0.0000000000
110553  47.783  29.196  30.104 0.0000000000
153730  48.177  29.214  29.203 0.0000000000
109760  49.398  28.522  28.500 0.0000000000
152247  48.394  27.610  27.798 0.0000000000
108988  49.012  27.219  27.831 0.0000000000
108975  49.655  27.676  28.140 0.0000000000
142114  50.384  25.907  27.684 0.0000000000
107355  50.866  25.271  27.474 0.0000000000
106505  51.280  24.719  27.102 0.0000000000
163955  51.551  23.562  25.334 0.0000000000
137619  51.165  23.427  24.386 0.0000000000
105705  50.579  23.353  23.000 0.0000000000
105696  50.151  23.196  23.710 0.0000000000
105706  50.187  23.356  22.182 0.0000000000
161596  50.541  23.441  21.528 0.0000000000
105743  50.117  23.212  19.898 0.0000000000
104855  49.634  22.498  18.448 0.0000000000
108153  43.576  26.545  27.487 0.0000000000
107360  45.088  25.700  26.829 0.0000000000
105666  45.072  23.581  26.164 0.0000000000
106521  45.500  24.242  26.405 0.0000000000
148135  46.349  24.248  26.462 0.0000000000
104766  47.372  22.737  25.940 0.0000000000
104779  47.834  22.038  25.427 0.0000000000
101950  45.562  19.548  22.775 0.0000000000
101942  46.102  20.178  23.190 0.0000000000
101957  45.777  19.958  21.051 0.0000000000
102959  46.279  20.599  22.403 0.0000000000
151229  46.599  20.738  23.056 0.0000000000
103908  47.123  21.149  23.361 0.0000000000
153083  47.842  21.660  24.406 0.0000000000
103898  48.253  21.936  24.833 0.0000000000
103914  48.286  22.324  23.102 0.0000000000
104845  48.730  22.304  19.692 0.0000000000
104856  48.900  22.135  18.809 0.0000000000
103952  49.114  21.928  17.944 0.0000000000
103962  49.243  21.811  17.075 0.0000000000
103990  48.481  21.468  15.103 0.0000000000
150571  48.259  21.070  14.392 0.0000000000
103053  48.283  20.263  13.894 0.0000000000
102063  49.412  19.702  11.348 0.0000000000
101019  48.785  18.111  14.474 0.0000000000
150452  49.498  18.511  13.164 0.0000000000
145545  50.359  18.381  12.823 0.0000000000
101043  49.676  18.872  12.459 0.0000000000
101054  49.907  19.154  11.742 0.0000000000
102062  50.164  19.384  11.014 0.0000000000
108122  42.932  26.780  30.488 0.0000000000
108126  42.287  26.590  29.805 0.0000000000
108127  41.689  26.042  30.155 0.0000000000
107337  41.201  25.690  29.520 0.0000000000
160470  41.190  25.349  31.243 0.0000000000
107343  40.748  25.268  28.883 0.0000000000
140368  40.398  24.688  28.278 0.0000000000
106488  39.302  24.361  30.966 0.0000000000
106492  39.120  24.285  30.009 0.0000000000
105644  39.126  23.988  29.083 0.0000000000
110601  47.943  29.511  24.446 0.0000000000
109801  48.195  28.680  24.332 0.0000000000
109804  47.681  28.199  23.899 0.0000000000
150318  47.560  28.916  24.123 0.0000000000
109054  45.281  27.327  20.758 0.0000000000
155192  46.510  27.401  19.394 0.0000000000
138408  46.098  27.709  18.844 0.0000000000
108258  46.104  26.659  16.998 0.0000000000
109071  48.156  27.714  18.023 0.0000000000
142658  47.679  28.283  17.334 0.0000000000
109102  48.004  28.351  16.278 0.0000000000
109851  47.323  28.195  16.694 0.0000000000
108268  46.714  26.855  16.642 0.0000000000
107443  46.550  25.665  16.875 0.0000000000
105793  46.489  23.415  15.554 0.0000000000
110549  53.301  29.292  30.409 0.0000000000
140592  54.846  28.502  29.419 0.0000000000
109755  55.096  28.159  28.798 0.0000000000
108986  55.787  27.363  27.521 0.0000000000
107372  53.017  24.964  26.612 0.0000000000
106530  53.519  24.635  25.852 0.0000000000
107371  53.944  25.277  26.382 0.0000000000
106538  54.103  24.352  23.413 0.0000000000
106529  54.251  24.784  25.408 0.0000000000
108163  54.498  25.905  26.793 0.0000000000
108162  55.470  26.270  26.464 0.0000000000
108161  56.213  26.701  26.116 0.0000000000
108166  56.250  26.443  25.365 0.0000000000
156083  56.312  26.650  24.364 0.0000000000
163059  56.209  26.288  22.351 0.0000000000
156071  56.242  25.709  21.433 0.0000000000
107405  56.189  26.092  21.041 0.0000000000
108185  56.030  26.369  21.813 0.0000000000
108215  55.367  26.459  20.541 0.0000000000
155577  54.627  26.589  19.375 0.0000000000
104891  50.275  22.837  16.120 0.0000000000
105779  50.877  23.235  16.490 0.0000000000
105790  50.724  23.437  15.686 0.0000000000
105789  51.483  23.719  16.099 0.0000000000
106613  52.828  24.568  16.260 0.0000000000
107448  53.125  25.048  15.619 0.0000000000
106661  50.690  25.264  10.604 0.0000000000
106652  51.452  25.483  12.077 0.0000000000
140495  52.240  26.101  12.336 0.0000000000
106633  52.241  25.242  14.179 0.0000000000
139213  53.083  25.494  14.760 0.0000000000
142245  54.108  25.575  15.857 0.0000000000
163623  54.744  26.224  16.097 0.0000000000
107440  54.990  26.938  15.926 0.0000000000
108287  54.488  27.675  13.632 0.0000000000
108278  54.775  27.393  15.133 0.0000000000
109096  54.969  27.170  16.469 0.0000000000
109082  54.542  27.212  17.004 0.0000000000
150768  53.380  27.478  16.652 0.0000000000
109870  51.914  29.220  13.743 0.0000000000
136521  50.915  28.957  14.393 0.0000000000
107456  49.587  26.381  13.893 0.0000000000
108308  49.483  26.821  9.914 0.0000000000
157662  49.119  26.271  10.923 0.0000000000
107475  49.284  25.943  12.130 0.0000000000
106645  48.306  24.835  13.426 0.0000000000
105815  47.130  23.943  13.180 0.0000000000
105817  45.857  23.181  12.977 0.0000000000
104925  45.139  23.022  12.337 0.0000000000
99865  45.506  17.465  21.157 0.0000000000
100948  45.491  18.249  20.951 0.0000000000
100992  47.964  18.009  16.056 0.0000000000
101031  49.540  18.001  13.849 0.0000000000
101933  45.257  19.502  24.411 0.0000000000
102943  47.265  21.092  24.312 0.0000000000
102952  46.682  20.590  23.778 0.0000000000
102966  45.965  20.328  21.678 0.0000000000
102986  47.026  20.831  19.405 0.0000000000
103162  48.409  22.153  4.090 0.0000000000
103887  47.240  21.510  25.275 0.0000000000
103890  44.485  21.628  25.568 0.0000000000
103906  48.334  22.092  24.088 0.0000000000
103907  47.735  21.686  23.683 0.0000000000
103922  46.517  20.963  21.660 0.0000000000
103934  47.960  21.858  20.118 0.0000000000
104054  44.866  21.445  9.439 0.0000000000
104767  46.412  22.771  25.921 0.0000000000
104771  42.853  22.967  26.166 0.0000000000
104781  45.939  21.947  25.639 0.0000000000
104789  49.621  22.842  24.337 0.0000000000
104816  48.609  22.640  21.526 0.0000000000
104882  49.787  22.331  16.601 0.0000000000
105661  50.945  23.814  26.283 0.0000000000
105664  46.848  23.499  26.255 0.0000000000
105668  43.348  23.685  26.320 0.0000000000
105678  51.073  23.361  24.988 0.0000000000
105694  51.639  23.500  23.880 0.0000000000
105695  50.878  23.399  23.787 0.0000000000
105703  52.626  23.632  22.493 0.0000000000
105732  51.209  23.567  21.121 0.0000000000
105768  50.858  23.131  17.582 0.0000000000
105825  48.684  22.899  12.003 0.0000000000
105826  46.413  24.051  11.864 0.0000000000
105838  44.777  23.079  10.838 0.0000000000
105857  45.516  23.837  9.455 0.0000000000
105865  45.624  23.682  8.539 0.0000000000
105891  46.974  23.633  4.982 0.0000000000
106506  50.518  24.665  27.155 0.0000000000
106516  51.550  24.258  26.519 0.0000000000
106518  49.273  24.108  26.771 0.0000000000
106520  47.251  24.239  26.567 0.0000000000
106522  44.695  24.278  26.414 0.0000000000
106523  43.867  24.367  26.476 0.0000000000
106533  55.689  25.267  23.870 0.0000000000
106534  54.651  24.793  24.853 0.0000000000
106553  56.025  25.307  22.093 0.0000000000
106566  53.768  24.095  20.393 0.0000000000
106601  54.917  25.477  17.876 0.0000000000
106623  52.179  24.352  15.657 0.0000000000
106675  46.577  24.933  10.370 0.0000000000
106698  46.204  25.006  8.080 0.0000000000
106705  46.409  24.774  7.023 0.0000000000
106712  47.261  24.674  5.689 0.0000000000
106717  47.512  24.241  5.273 0.0000000000
107333  41.730  25.671  31.066 0.0000000000
107341  42.053  26.049  28.184 0.0000000000
107356  49.610  25.817  27.562 0.0000000000
107370  54.878  25.559  26.147 0.0000000000
107373  52.104  24.774  26.892 0.0000000000
107380  56.320  26.284  24.634 0.0000000000
107383  54.324  25.086  25.844 0.0000000000
107384  56.326  26.282  23.881 0.0000000000
107424  55.904  25.984  19.037 0.0000000000
107441  54.506  25.592  16.576 0.0000000000
107447  54.526  26.412  15.331 0.0000000000
107524  47.665  25.351  6.664 0.0000000000
108129  53.612  26.955  27.939 0.0000000000
108142  56.054  27.024  26.834 0.0000000000
108145  53.055  26.200  27.607 0.0000000000
108160  56.420  27.062  25.809 0.0000000000
108175  50.582  26.702  23.101 0.0000000000
108177  48.358  26.927  22.975 0.0000000000
108189  52.113  26.458  22.436 0.0000000000
108193  47.082  26.937  22.117 0.0000000000
108227  55.959  26.127  19.458 0.0000000000
108229  53.384  26.566  19.348 0.0000000000
108253  55.358  26.505  18.065 0.0000000000
108266  55.065  26.455  16.748 0.0000000000
108286  54.708  27.795  14.397 0.0000000000
108304  53.306  28.337  10.815 0.0000000000
108306  50.807  27.691  10.847 0.0000000000
108318  50.361  27.442  9.260 0.0000000000
108968  56.529  28.177  27.736 0.0000000000
108970  55.513  27.728  28.210 0.0000000000
108985  56.442  27.715  27.301 0.0000000000
108992  44.862  27.489  27.627 0.0000000000
109000  56.416  27.717  26.378 0.0000000000
109010  56.250  27.052  24.633 0.0000000000
109022  52.095  27.092  23.913 0.0000000000
109100  50.117  28.545  16.211 0.0000000000
109107  54.223  28.311  15.085 0.0000000000
109114  54.663  28.097  14.693 0.0000000000
109134  53.209  28.905  10.709 0.0000000000
109135  52.491  28.651  10.528 0.0000000000
109146  51.658  27.621  9.133 0.0000000000
109147  51.175  27.415  8.562 0.0000000000
109736  46.496  28.339  30.998 0.0000000000
109749  48.566  28.726  28.539 0.0000000000
109764  45.024  28.309  28.914 0.0000000000
109769  47.299  28.081  27.792 0.0000000000
109771  46.045  28.360  28.177 0.0000000000
109777  56.266  28.206  26.450 0.0000000000
109789  54.027  28.252  25.761 0.0000000000
109790  52.873  28.317  25.725 0.0000000000
109793  50.197  28.677  25.280 0.0000000000
109800  48.956  28.415  24.517 0.0000000000
109875  53.637  29.289  12.578 0.0000000000
109879  54.125  28.852  12.213 0.0000000000
110561  51.214  29.525  30.386 0.0000000000
111378  49.440  30.465  25.508 0.0000000000
111379  48.906  30.332  25.170 0.0000000000
136924  51.000  24.588  13.779 0.0000000000
137188  52.172  26.264  20.909 0.0000000000
137189  53.235  26.351  20.853 0.0000000000
137504  54.320  24.505  24.237 0.0000000000
138916  45.955  28.227  17.303 0.0000000000
139105  45.264  18.999  22.316 0.0000000000
140115  48.176  26.082  27.393 0.0000000000
140235  56.090  25.599  20.753 0.0000000000
140566  52.197  23.531  23.176 0.0000000000
140576  48.761  26.465  21.883 0.0000000000
141396  41.686  24.087  26.732 0.0000000000
142486  46.916  27.772  16.610 0.0000000000
142871  55.073  26.641  18.630 0.0000000000
144059  48.558  25.552  11.624 0.0000000000
145597  55.485  26.391  19.777 0.0000000000
147689  52.925  24.128  25.459 0.0000000000
148115  46.087  19.933  20.322 0.0000000000
148508  50.519  27.317  28.199 0.0000000000
152704  50.288  23.434  26.025 0.0000000000
153445  55.250  24.701  21.631 0.0000000000
154169  44.059  21.131  25.442 0.0000000000
154367  45.106  24.841  26.574 0.0000000000
156183  54.361  24.672  18.938 0.0000000000
156530  55.831  28.468  29.319 0.0000000000
156784  55.875  26.344  20.989 0.0000000000
157048  53.818  24.073  21.570 0.0000000000
157597  46.106  27.310  27.418 0.0000000000
160673  42.106  25.127  27.158 0.0000000000
160760  50.971  27.214  8.159 0.0000000000
163512  49.374  22.586  25.024 0.0000000000
164492  56.279  26.240  22.937 0.0000000000
164821  55.050  24.888  24.256 0.0000000000
