#!ascii label  , from subject sub-LJ001 vox2ras=TkReg
998
53245  17.996  -23.634  59.634 0.0000000000
48887  5.539  -28.016  52.187 0.0000000000
51037  9.756  -27.462  63.196 0.0000000000
56646  5.511  -22.274  58.871 0.0000000000
61343  11.101  -18.004  55.245 0.0000000000
140081  13.067  -26.303  61.784 0.0000000000
53252  9.735  -24.120  59.470 0.0000000000
54247  23.135  -22.987  63.144 0.0000000000
52082  17.922  -26.305  64.502 0.0000000000
140129  13.711  -27.939  65.645 0.0000000000
153286  6.589  -16.305  60.746 0.0000000000
58969  6.277  -19.521  56.122 0.0000000000
64766  10.081  -14.717  58.284 0.0000000000
46364  8.157  -29.730  61.975 0.0000000000
147950  5.392  -26.680  60.215 0.0000000000
53185  6.861  -25.561  61.292 0.0000000000
57799  7.863  -19.759  60.689 0.0000000000
53281  5.440  -24.709  56.439 0.0000000000
55587  7.069  -23.620  53.461 0.0000000000
156013  11.422  -23.153  50.519 0.0000000000
61383  11.361  -17.153  51.353 0.0000000000
53202  14.895  -25.290  60.771 0.0000000000
52175  12.885  -24.754  59.430 0.0000000000
54266  20.540  -23.448  61.229 0.0000000000
53166  20.758  -25.039  63.315 0.0000000000
53182  17.731  -25.436  62.129 0.0000000000
52102  15.078  -26.495  63.421 0.0000000000
136793  7.380  -15.768  59.426 0.0000000000
48792  9.121  -28.167  62.858 0.0000000000
162569  7.149  -27.198  62.184 0.0000000000
52110  7.777  -26.450  62.311 0.0000000000
153815  10.178  -20.793  59.739 0.0000000000
55488  8.272  -22.167  59.495 0.0000000000
51026  12.057  -27.613  64.427 0.0000000000
48773  12.524  -29.618  65.709 0.0000000000
48784  10.827  -28.857  64.431 0.0000000000
159870  10.470  -30.918  63.730 0.0000000000
53233  5.519  -24.640  59.515 0.0000000000
51098  5.414  -25.940  58.457 0.0000000000
151323  5.404  -23.807  58.071 0.0000000000
60115  8.024  -18.545  55.711 0.0000000000
56709  6.481  -21.362  55.034 0.0000000000
56706  8.912  -21.372  54.576 0.0000000000
54382  10.014  -23.934  52.356 0.0000000000
56722  12.305  -21.072  53.235 0.0000000000
52106  11.550  -26.765  62.806 0.0000000000
139880  9.446  -25.915  61.470 0.0000000000
139277  11.666  -25.607  60.613 0.0000000000
55507  11.482  -22.678  58.445 0.0000000000
54229  25.272  -23.665  63.915 0.0000000000
49965  24.014  -26.225  62.096 0.0000000000
53150  23.103  -25.409  64.764 0.0000000000
149617  20.878  -26.688  65.760 0.0000000000
51014  15.704  -27.182  65.703 0.0000000000
52074  13.360  -27.167  64.267 0.0000000000
146080  6.049  -18.891  59.612 0.0000000000
57874  5.597  -20.584  57.539 0.0000000000
61282  6.500  -17.090  58.435 0.0000000000
62565  7.432  -16.615  57.630 0.0000000000
140298  9.821  -15.990  56.627 0.0000000000
56637  20.076  -21.444  59.258 0.0000000000
164368  27.937  -20.963  61.516 0.0000000000
58861  28.724  -18.775  64.656 0.0000000000
56603  25.172  -20.743  62.854 0.0000000000
56622  22.987  -20.645  61.045 0.0000000000
45130  7.480  -31.406  61.536 0.0000000000
47610  5.820  -29.555  60.293 0.0000000000
48805  6.211  -27.886  61.456 0.0000000000
52133  5.940  -26.227  61.268 0.0000000000
54289  6.040  -23.674  60.143 0.0000000000
53231  8.040  -24.529  60.498 0.0000000000
145094  7.073  -22.844  60.011 0.0000000000
57824  6.539  -20.724  59.612 0.0000000000
144122  7.005  -18.393  61.544 0.0000000000
144067  5.385  -28.413  59.074 0.0000000000
146632  5.521  -27.496  56.876 0.0000000000
51142  5.426  -26.003  54.936 0.0000000000
145863  5.396  -22.503  56.002 0.0000000000
55571  5.560  -23.575  54.639 0.0000000000
138614  5.685  -25.341  52.573 0.0000000000
53365  7.466  -25.104  50.616 0.0000000000
53381  9.266  -24.830  49.367 0.0000000000
65830  11.583  -13.735  57.436 0.0000000000
63731  12.065  -15.768  54.948 0.0000000000
145982  12.584  -14.224  53.090 0.0000000000
151294  12.797  -17.664  53.299 0.0000000000
59041  12.506  -20.033  51.252 0.0000000000
53225  16.400  -24.763  60.514 0.0000000000
53247  15.338  -24.431  59.446 0.0000000000
54317  16.837  -23.300  58.675 0.0000000000
54284  19.462  -23.392  60.109 0.0000000000
53197  19.349  -24.225  61.470 0.0000000000
53224  17.263  -24.620  60.624 0.0000000000
53200  16.614  -25.087  61.266 0.0000000000
46479  5.655  -29.172  51.670 0.0000000000
48899  5.639  -27.930  51.424 0.0000000000
49945  9.371  -27.744  63.039 0.0000000000
161440  8.198  -27.202  62.578 0.0000000000
51045  9.142  -26.938  62.866 0.0000000000
52160  24.871  -25.016  60.469 0.0000000000
51028  10.643  -27.674  63.848 0.0000000000
49937  10.925  -28.223  64.338 0.0000000000
153920  10.380  -28.437  63.973 0.0000000000
48790  10.248  -28.845  63.891 0.0000000000
158178  5.434  -23.627  59.148 0.0000000000
54324  5.393  -24.181  58.561 0.0000000000
56647  5.349  -22.779  58.414 0.0000000000
161355  9.407  -18.951  55.411 0.0000000000
145574  8.981  -20.072  55.176 0.0000000000
57906  9.911  -20.297  54.898 0.0000000000
57923  10.926  -21.178  54.125 0.0000000000
58985  11.577  -19.837  54.312 0.0000000000
52125  12.328  -26.514  62.298 0.0000000000
52126  11.544  -26.444  61.957 0.0000000000
137892  12.133  -26.138  61.403 0.0000000000
54322  11.964  -23.466  58.479 0.0000000000
57843  11.976  -20.681  59.710 0.0000000000
54235  24.302  -23.297  63.969 0.0000000000
53155  24.130  -24.482  64.359 0.0000000000
54232  23.144  -24.210  64.243 0.0000000000
52098  19.316  -25.813  63.691 0.0000000000
52080  20.494  -26.038  64.703 0.0000000000
52068  19.835  -26.484  65.239 0.0000000000
52070  16.467  -26.566  64.993 0.0000000000
52124  13.994  -26.459  62.596 0.0000000000
52103  14.285  -26.624  63.420 0.0000000000
52104  13.452  -26.706  63.339 0.0000000000
52089  12.107  -27.084  63.719 0.0000000000
61258  6.219  -17.365  60.463 0.0000000000
162177  6.063  -17.703  59.288 0.0000000000
62539  6.596  -16.484  59.535 0.0000000000
64743  9.103  -14.976  59.720 0.0000000000
63680  7.901  -15.699  58.746 0.0000000000
63695  8.463  -15.624  58.006 0.0000000000
142294  8.857  -16.492  56.864 0.0000000000
63694  9.484  -15.230  57.824 0.0000000000
56580  26.294  -21.220  63.993 0.0000000000
46370  8.324  -30.510  61.967 0.0000000000
46372  6.924  -29.632  61.128 0.0000000000
47585  7.583  -28.966  61.784 0.0000000000
52131  6.814  -25.837  61.763 0.0000000000
51058  6.134  -26.603  61.652 0.0000000000
53186  6.432  -25.633  61.155 0.0000000000
53208  5.867  -25.076  60.460 0.0000000000
54269  6.346  -24.182  60.443 0.0000000000
53229  9.840  -24.982  60.248 0.0000000000
52147  8.744  -25.571  61.381 0.0000000000
53230  8.922  -24.529  60.203 0.0000000000
57847  7.794  -20.635  59.838 0.0000000000
55489  7.486  -22.139  59.702 0.0000000000
56644  7.307  -21.356  59.733 0.0000000000
56625  6.781  -21.575  59.734 0.0000000000
57823  7.304  -20.165  60.039 0.0000000000
143269  6.950  -19.490  60.391 0.0000000000
58912  7.941  -19.211  61.448 0.0000000000
48803  22.766  -27.858  62.686 0.0000000000
48816  22.787  -27.866  60.743 0.0000000000
48770  14.880  -28.865  66.596 0.0000000000
46326  15.766  -29.949  66.605 0.0000000000
47556  13.704  -29.399  66.375 0.0000000000
47563  11.956  -30.205  65.406 0.0000000000
46334  12.565  -31.091  65.972 0.0000000000
46356  10.018  -30.040  63.174 0.0000000000
45120  9.432  -31.232  62.749 0.0000000000
48817  5.396  -28.129  60.125 0.0000000000
47619  5.471  -29.239  59.501 0.0000000000
146526  5.378  -27.569  59.301 0.0000000000
52214  5.426  -25.165  57.179 0.0000000000
51110  5.368  -25.904  57.665 0.0000000000
51123  5.402  -25.882  56.821 0.0000000000
50022  5.485  -26.675  55.330 0.0000000000
148518  5.471  -25.372  55.482 0.0000000000
150088  5.805  -19.912  56.462 0.0000000000
150334  5.464  -21.558  56.531 0.0000000000
57894  5.837  -20.395  55.949 0.0000000000
56728  6.807  -22.145  54.433 0.0000000000
56730  5.851  -22.359  54.742 0.0000000000
55589  5.888  -23.613  53.865 0.0000000000
54389  5.637  -24.577  53.476 0.0000000000
54387  6.307  -24.199  53.183 0.0000000000
53351  6.696  -25.244  51.865 0.0000000000
150845  7.799  -24.902  52.010 0.0000000000
54402  10.483  -23.989  51.494 0.0000000000
53349  9.126  -24.572  51.070 0.0000000000
147787  10.579  -24.094  50.003 0.0000000000
66940  12.640  -12.605  56.401 0.0000000000
143643  11.750  -14.305  55.990 0.0000000000
65851  12.438  -13.488  55.321 0.0000000000
147353  11.251  -15.033  51.483 0.0000000000
63762  12.240  -15.840  51.944 0.0000000000
63743  12.689  -15.765  53.219 0.0000000000
61382  12.385  -17.313  51.839 0.0000000000
60166  12.885  -18.940  52.463 0.0000000000
60183  12.457  -18.323  51.691 0.0000000000
52142  14.391  -25.835  61.291 0.0000000000
156985  13.114  -25.330  60.281 0.0000000000
53227  13.720  -24.916  59.756 0.0000000000
54264  22.009  -22.848  61.934 0.0000000000
54238  22.001  -23.996  63.249 0.0000000000
53179  20.334  -24.515  62.560 0.0000000000
53168  18.962  -25.543  62.901 0.0000000000
52119  18.081  -25.728  62.826 0.0000000000
144801  16.664  -26.324  63.785 0.0000000000
52121  16.440  -26.119  62.495 0.0000000000
52141  15.243  -25.792  61.524 0.0000000000
63641  7.241  -15.761  61.588 0.0000000000
63656  7.141  -15.788  60.685 0.0000000000
146382  8.633  -15.136  61.074 0.0000000000
64732  9.219  -14.840  60.595 0.0000000000
64742  9.967  -14.460  60.077 0.0000000000
152699  8.994  -28.761  62.695 0.0000000000
48798  7.507  -28.243  62.054 0.0000000000
48797  8.200  -28.033  62.423 0.0000000000
51047  7.809  -26.905  62.429 0.0000000000
52130  7.226  -25.989  61.960 0.0000000000
55486  9.920  -22.508  59.018 0.0000000000
55487  9.154  -22.291  59.328 0.0000000000
57845  9.374  -20.841  59.717 0.0000000000
57846  8.603  -20.472  59.981 0.0000000000
57798  8.363  -19.510  61.459 0.0000000000
58900  8.355  -18.978  62.337 0.0000000000
51018  12.681  -27.823  64.930 0.0000000000
156262  12.829  -28.952  65.802 0.0000000000
150519  12.201  -28.883  65.392 0.0000000000
48777  11.954  -29.473  65.350 0.0000000000
143646  11.569  -30.210  65.065 0.0000000000
46349  11.355  -30.710  64.843 0.0000000000
47570  10.720  -29.386  64.345 0.0000000000
47577  9.584  -29.267  63.075 0.0000000000
157725  5.377  -25.844  59.879 0.0000000000
138563  5.428  -26.178  59.180 0.0000000000
52176  5.422  -25.199  58.958 0.0000000000
53274  5.419  -24.748  57.848 0.0000000000
54343  5.413  -23.857  56.993 0.0000000000
60116  7.374  -18.719  55.837 0.0000000000
57909  6.544  -20.470  55.476 0.0000000000
159209  7.439  -19.753  55.493 0.0000000000
56707  7.962  -21.378  54.686 0.0000000000
55567  7.978  -22.910  53.723 0.0000000000
55585  8.474  -23.619  53.163 0.0000000000
55565  10.011  -22.681  53.533 0.0000000000
55564  11.095  -22.392  53.194 0.0000000000
55582  11.521  -22.823  52.170 0.0000000000
62630  10.501  -16.610  51.255 0.0000000000
60185  10.473  -18.631  50.513 0.0000000000
61400  9.176  -18.111  50.367 0.0000000000
143522  10.433  -27.357  63.415 0.0000000000
52108  9.971  -26.990  62.925 0.0000000000
140799  10.754  -26.509  62.056 0.0000000000
52146  10.033  -25.672  60.943 0.0000000000
157854  10.547  -24.708  59.668 0.0000000000
53228  12.241  -25.248  60.026 0.0000000000
53266  11.172  -24.388  59.199 0.0000000000
54304  10.175  -23.356  58.910 0.0000000000
148902  10.665  -21.345  59.237 0.0000000000
53163  25.845  -24.210  62.768 0.0000000000
52118  25.030  -25.281  62.192 0.0000000000
52077  24.785  -25.287  63.767 0.0000000000
53158  21.844  -25.003  64.198 0.0000000000
51020  22.054  -26.350  65.198 0.0000000000
47575  21.775  -28.576  64.450 0.0000000000
139596  15.964  -28.127  66.443 0.0000000000
51015  14.880  -27.367  65.574 0.0000000000
52085  15.383  -26.537  64.189 0.0000000000
52072  14.843  -26.807  64.747 0.0000000000
51017  13.502  -27.557  65.081 0.0000000000
51034  12.876  -27.411  64.478 0.0000000000
162039  11.703  -27.255  63.863 0.0000000000
57848  5.925  -20.596  59.232 0.0000000000
56663  5.329  -21.985  58.259 0.0000000000
57865  5.689  -20.468  58.486 0.0000000000
151605  5.871  -18.892  57.416 0.0000000000
61315  6.558  -17.879  57.295 0.0000000000
63682  6.846  -16.492  58.878 0.0000000000
62566  6.962  -16.978  57.734 0.0000000000
61313  7.209  -17.787  56.701 0.0000000000
61312  7.730  -17.499  56.532 0.0000000000
61330  9.110  -17.621  55.992 0.0000000000
61329  10.022  -17.793  55.687 0.0000000000
55485  19.024  -22.550  58.877 0.0000000000
54262  27.260  -22.686  61.850 0.0000000000
61228  29.627  -17.085  64.130 0.0000000000
149393  29.223  -17.981  64.929 0.0000000000
60043  29.274  -18.502  63.840 0.0000000000
57743  28.680  -19.835  63.153 0.0000000000
56588  28.012  -21.219  63.041 0.0000000000
148065  26.968  -23.101  62.541 0.0000000000
55436  24.739  -22.448  63.562 0.0000000000
55448  24.276  -21.867  62.904 0.0000000000
56614  24.139  -20.858  61.787 0.0000000000
55462  23.231  -21.893  61.735 0.0000000000
55464  21.759  -22.527  61.051 0.0000000000
55483  20.333  -22.316  59.581 0.0000000000
47593  6.174  -28.522  61.053 0.0000000000
149785  5.594  -27.336  61.051 0.0000000000
49954  6.324  -27.351  61.765 0.0000000000
51059  5.802  -26.753  61.386 0.0000000000
51068  5.440  -26.258  60.320 0.0000000000
53209  5.611  -25.183  60.069 0.0000000000
53232  5.681  -24.548  59.962 0.0000000000
55475  5.703  -23.389  59.591 0.0000000000
52128  8.973  -26.127  61.970 0.0000000000
52129  8.273  -25.805  61.764 0.0000000000
53205  7.397  -24.689  60.689 0.0000000000
54307  7.766  -22.935  59.746 0.0000000000
54287  7.330  -23.718  60.245 0.0000000000
54268  6.781  -24.081  60.513 0.0000000000
54288  6.466  -23.485  60.224 0.0000000000
152642  6.214  -22.799  59.851 0.0000000000
56645  5.865  -21.632  59.277 0.0000000000
136663  6.336  -19.681  59.731 0.0000000000
60055  6.309  -18.109  60.572 0.0000000000
61252  6.417  -17.185  61.553 0.0000000000
60049  7.535  -18.016  62.688 0.0000000000
61246  6.946  -16.949  63.088 0.0000000000
63626  6.871  -16.029  61.931 0.0000000000
42613  15.800  -32.063  65.712 0.0000000000
47557  13.301  -30.040  66.189 0.0000000000
142890  5.417  -26.770  58.912 0.0000000000
146633  5.463  -27.497  57.818 0.0000000000
50047  5.469  -26.875  53.416 0.0000000000
56664  5.295  -22.447  57.760 0.0000000000
157473  5.400  -23.387  56.932 0.0000000000
138352  5.394  -23.541  56.423 0.0000000000
57911  5.771  -21.566  55.374 0.0000000000
55552  5.474  -23.347  55.340 0.0000000000
138031  5.412  -24.101  55.631 0.0000000000
53320  5.474  -24.885  54.357 0.0000000000
52265  5.528  -25.567  53.513 0.0000000000
51170  5.511  -26.652  52.155 0.0000000000
52300  5.814  -26.155  51.400 0.0000000000
54404  8.679  -24.607  51.701 0.0000000000
150517  8.435  -24.949  50.077 0.0000000000
65805  11.412  -13.525  59.108 0.0000000000
66913  11.909  -13.116  58.660 0.0000000000
65831  10.920  -14.245  57.884 0.0000000000
155688  10.669  -14.856  56.902 0.0000000000
161846  11.363  -15.772  55.740 0.0000000000
61328  11.693  -17.269  54.995 0.0000000000
63730  12.469  -15.484  54.083 0.0000000000
62598  12.444  -16.286  54.086 0.0000000000
163349  12.151  -18.616  54.360 0.0000000000
59009  12.436  -20.046  53.560 0.0000000000
56743  12.505  -21.265  52.341 0.0000000000
56771  12.267  -21.780  50.488 0.0000000000
57945  12.063  -20.789  49.783 0.0000000000
143238  16.763  -24.390  59.977 0.0000000000
54303  16.654  -23.927  59.291 0.0000000000
54302  17.488  -23.482  59.154 0.0000000000
54285  18.680  -23.560  59.845 0.0000000000
53223  18.058  -24.100  60.284 0.0000000000
144841  5.549  -28.563  52.928 0.0000000000
47679  5.548  -28.899  52.231 0.0000000000
149305  5.610  -28.553  51.622 0.0000000000
158427  26.351  -23.568  61.277 0.0000000000
53221  25.924  -23.852  60.640 0.0000000000
52159  25.421  -24.441  60.989 0.0000000000
49944  10.142  -27.960  63.644 0.0000000000
55490  5.458  -23.037  59.015 0.0000000000
55491  5.385  -23.538  58.601 0.0000000000
60132  10.218  -18.747  55.310 0.0000000000
58987  9.649  -19.502  55.225 0.0000000000
58986  10.627  -19.642  54.868 0.0000000000
57905  10.805  -20.493  54.481 0.0000000000
60131  11.454  -18.879  54.721 0.0000000000
164648  12.790  -26.032  61.240 0.0000000000
54236  23.532  -23.500  63.894 0.0000000000
54237  22.776  -23.716  63.633 0.0000000000
152522  18.774  -26.180  64.268 0.0000000000
52081  19.571  -26.176  64.468 0.0000000000
164973  18.697  -26.550  65.123 0.0000000000
52061  18.473  -26.712  65.652 0.0000000000
161710  17.930  -26.561  65.139 0.0000000000
52069  17.301  -26.549  65.177 0.0000000000
162748  13.559  -26.404  62.178 0.0000000000
138316  13.165  -26.524  62.584 0.0000000000
52105  12.571  -26.750  63.192 0.0000000000
61257  6.359  -16.720  60.876 0.0000000000
62525  6.331  -16.790  59.968 0.0000000000
62524  6.477  -16.431  60.255 0.0000000000
63679  8.993  -15.210  58.732 0.0000000000
46371  7.458  -29.708  61.510 0.0000000000
52132  6.320  -26.109  61.562 0.0000000000
53207  6.246  -24.975  60.626 0.0000000000
53206  6.605  -24.885  60.718 0.0000000000
54305  8.975  -23.735  59.609 0.0000000000
137474  8.129  -20.032  60.533 0.0000000000
57822  7.494  -20.467  59.918 0.0000000000
57800  7.579  -19.497  60.765 0.0000000000
137010  14.473  -28.484  66.343 0.0000000000
48771  14.082  -28.905  66.511 0.0000000000
49925  13.863  -28.411  66.118 0.0000000000
46342  11.785  -31.006  65.393 0.0000000000
46341  12.182  -31.108  65.761 0.0000000000
47584  9.033  -29.575  62.547 0.0000000000
46363  9.381  -30.469  62.634 0.0000000000
139704  8.718  -30.217  62.292 0.0000000000
45128  8.828  -31.037  62.300 0.0000000000
49968  5.414  -27.327  60.361 0.0000000000
152495  5.360  -27.628  59.813 0.0000000000
143589  5.381  -26.895  59.657 0.0000000000
52232  5.456  -25.293  56.308 0.0000000000
155768  5.460  -24.918  55.857 0.0000000000
58953  5.656  -20.459  56.337 0.0000000000
55568  7.219  -22.902  53.843 0.0000000000
55569  6.593  -22.856  54.005 0.0000000000
55588  6.460  -23.550  53.645 0.0000000000
54386  6.965  -24.244  53.029 0.0000000000
54385  7.501  -24.360  52.817 0.0000000000
54401  11.251  -23.378  51.318 0.0000000000
54421  10.884  -23.773  50.628 0.0000000000
66955  12.697  -12.723  55.520 0.0000000000
65840  12.320  -13.329  56.119 0.0000000000
142222  11.305  -16.340  51.473 0.0000000000
63763  11.683  -15.739  51.629 0.0000000000
62629  12.019  -16.442  51.704 0.0000000000
62618  12.578  -16.403  52.383 0.0000000000
162428  11.835  -17.912  51.355 0.0000000000
52161  14.013  -25.332  60.546 0.0000000000
53261  15.358  -23.947  58.796 0.0000000000
54265  21.289  -23.163  61.572 0.0000000000
54250  20.803  -23.808  62.110 0.0000000000
53196  19.983  -24.008  61.812 0.0000000000
164090  18.096  -24.992  61.722 0.0000000000
53180  19.407  -24.785  62.217 0.0000000000
53181  18.502  -25.208  62.232 0.0000000000
52120  17.269  -25.938  62.646 0.0000000000
53183  16.931  -25.593  61.933 0.0000000000
53201  15.784  -25.153  60.955 0.0000000000
52140  16.087  -25.705  61.746 0.0000000000
52123  14.676  -26.217  62.045 0.0000000000
63655  7.870  -15.493  61.131 0.0000000000
64717  9.261  -14.760  61.437 0.0000000000
64731  9.987  -14.421  60.975 0.0000000000
65794  10.703  -13.929  60.510 0.0000000000
51046  8.368  -26.793  62.586 0.0000000000
152264  7.846  -26.021  62.044 0.0000000000
56641  9.792  -21.587  59.348 0.0000000000
57797  9.029  -19.843  61.393 0.0000000000
57773  8.724  -19.366  62.156 0.0000000000
48776  12.649  -28.362  65.378 0.0000000000
49936  11.904  -28.195  64.832 0.0000000000
48783  11.511  -28.849  64.902 0.0000000000
47569  11.394  -29.519  64.889 0.0000000000
145080  11.181  -29.913  64.685 0.0000000000
48791  9.642  -28.772  63.284 0.0000000000
47576  10.157  -29.359  63.682 0.0000000000
143969  5.483  -25.289  59.578 0.0000000000
139866  5.431  -25.715  59.381 0.0000000000
53253  5.402  -24.680  59.018 0.0000000000
144156  5.425  -24.300  58.128 0.0000000000
54336  5.432  -24.109  57.619 0.0000000000
58967  7.725  -19.199  55.578 0.0000000000
154271  9.255  -20.735  54.849 0.0000000000
57907  8.421  -20.674  55.003 0.0000000000
56727  7.533  -22.165  54.303 0.0000000000
56726  8.423  -22.140  54.191 0.0000000000
55566  8.932  -22.816  53.647 0.0000000000
56725  9.458  -22.019  54.072 0.0000000000
56723  11.501  -21.550  53.561 0.0000000000
56724  10.522  -21.845  53.878 0.0000000000
56744  12.023  -21.933  52.802 0.0000000000
140425  9.785  -16.036  51.193 0.0000000000
62631  9.480  -16.930  51.092 0.0000000000
60186  9.866  -18.177  50.650 0.0000000000
61385  9.206  -17.697  50.762 0.0000000000
52090  11.116  -27.157  63.403 0.0000000000
52107  10.610  -26.836  62.699 0.0000000000
52145  10.996  -26.043  61.246 0.0000000000
52162  10.726  -25.384  60.399 0.0000000000
53265  11.685  -24.063  58.845 0.0000000000
54323  11.057  -23.538  58.711 0.0000000000
53251  10.521  -24.040  59.125 0.0000000000
55508  10.650  -22.677  58.689 0.0000000000
160505  10.413  -22.018  58.968 0.0000000000
56662  11.072  -21.948  58.741 0.0000000000
53153  25.639  -24.268  63.377 0.0000000000
52076  25.300  -24.805  63.223 0.0000000000
156772  25.206  -24.770  63.761 0.0000000000
53156  23.304  -24.750  64.518 0.0000000000
143303  24.168  -25.637  64.233 0.0000000000
52063  23.580  -26.045  64.584 0.0000000000
53165  21.611  -24.737  63.653 0.0000000000
53159  21.100  -25.422  64.178 0.0000000000
52067  20.639  -26.347  65.318 0.0000000000
52079  21.419  -25.920  64.939 0.0000000000
51008  21.506  -26.864  65.624 0.0000000000
49935  22.210  -27.301  65.237 0.0000000000
48774  21.584  -27.837  65.594 0.0000000000
151467  21.128  -28.363  65.798 0.0000000000
47561  20.258  -29.213  66.105 0.0000000000
51013  16.604  -27.031  65.791 0.0000000000
51007  15.378  -27.669  66.066 0.0000000000
52101  15.980  -26.384  63.398 0.0000000000
52084  16.144  -26.462  64.324 0.0000000000
52087  13.808  -26.946  63.982 0.0000000000
52086  14.648  -26.712  64.188 0.0000000000
52073  14.113  -27.012  64.506 0.0000000000
146760  14.339  -27.166  65.039 0.0000000000
51025  13.648  -27.257  64.634 0.0000000000
156469  12.702  -27.212  64.111 0.0000000000
58930  5.854  -19.567  59.073 0.0000000000
61283  6.178  -17.489  58.742 0.0000000000
60077  5.913  -18.238  58.024 0.0000000000
60088  6.216  -18.310  57.306 0.0000000000
61299  6.302  -17.599  57.889 0.0000000000
63666  7.574  -15.562  60.162 0.0000000000
161813  7.018  -15.799  59.974 0.0000000000
63696  7.605  -16.059  58.130 0.0000000000
62554  7.069  -16.513  58.255 0.0000000000
161703  6.974  -17.455  57.279 0.0000000000
62580  7.318  -17.216  57.165 0.0000000000
62579  7.933  -16.842  57.002 0.0000000000
61311  8.549  -17.189  56.412 0.0000000000
62578  9.671  -16.901  56.172 0.0000000000
55484  19.680  -22.354  59.095 0.0000000000
55501  19.161  -21.766  58.709 0.0000000000
57835  19.363  -20.974  59.063 0.0000000000
57808  27.949  -20.657  60.925 0.0000000000
56634  27.382  -21.320  60.554 0.0000000000
56621  27.560  -21.447  61.265 0.0000000000
56613  27.816  -21.554  61.805 0.0000000000
60026  28.408  -18.290  65.330 0.0000000000
61221  28.847  -17.912  65.326 0.0000000000
60025  28.757  -18.497  65.010 0.0000000000
60036  29.064  -18.486  64.567 0.0000000000
58885  29.050  -19.189  63.542 0.0000000000
57729  28.584  -19.427  63.862 0.0000000000
56589  27.418  -21.811  63.289 0.0000000000
55433  27.568  -22.027  62.597 0.0000000000
55429  26.976  -22.466  63.570 0.0000000000
56590  25.749  -20.983  63.344 0.0000000000
55435  25.684  -22.096  63.703 0.0000000000
56591  25.036  -21.503  63.170 0.0000000000
57760  24.085  -19.773  62.284 0.0000000000
56615  23.540  -21.112  61.442 0.0000000000
56616  22.841  -21.447  61.037 0.0000000000
55463  22.475  -22.214  61.405 0.0000000000
55470  22.122  -21.781  60.669 0.0000000000
56636  20.807  -20.839  59.901 0.0000000000
55482  20.901  -21.689  59.765 0.0000000000
54299  19.837  -22.855  59.627 0.0000000000
45137  6.944  -31.568  61.033 0.0000000000
46379  7.230  -30.549  61.187 0.0000000000
47592  6.628  -28.656  61.329 0.0000000000
48810  5.857  -27.867  61.144 0.0000000000
148612  7.328  -27.581  62.173 0.0000000000
48799  6.864  -27.760  61.926 0.0000000000
49953  6.771  -27.213  62.015 0.0000000000
151749  5.896  -27.201  61.631 0.0000000000
51067  5.663  -26.271  60.831 0.0000000000
52150  5.502  -25.770  60.236 0.0000000000
52149  5.750  -25.720  60.673 0.0000000000
54270  5.955  -24.360  60.326 0.0000000000
54290  5.746  -23.993  59.924 0.0000000000
54291  5.534  -24.049  59.519 0.0000000000
140952  9.829  -26.514  62.149 0.0000000000
156925  9.226  -26.616  62.494 0.0000000000
140458  8.583  -25.059  60.831 0.0000000000
53204  8.075  -25.264  61.069 0.0000000000
53184  7.523  -25.527  61.367 0.0000000000
54306  8.618  -23.018  59.469 0.0000000000
144506  6.785  -23.363  60.249 0.0000000000
55474  6.672  -22.757  59.985 0.0000000000
56626  6.192  -21.911  59.582 0.0000000000
58913  7.405  -18.950  61.190 0.0000000000
58914  6.745  -18.614  60.899 0.0000000000
60054  6.432  -17.814  61.216 0.0000000000
60048  8.076  -18.398  62.968 0.0000000000
51066  24.532  -25.736  61.729 0.0000000000
51074  24.471  -25.663  60.868 0.0000000000
49977  24.092  -26.259  61.266 0.0000000000
46327  14.778  -30.230  66.487 0.0000000000
43890  15.844  -31.229  66.373 0.0000000000
152407  13.081  -29.540  66.075 0.0000000000
47558  12.821  -30.260  65.958 0.0000000000
45129  8.124  -31.263  61.894 0.0000000000
142768  5.454  -29.384  58.907 0.0000000000
142897  5.480  -28.558  58.300 0.0000000000
146496  5.421  -26.627  57.318 0.0000000000
142896  5.559  -28.384  57.396 0.0000000000
50035  5.505  -26.707  54.339 0.0000000000
157877  5.527  -27.359  53.838 0.0000000000
57866  5.514  -21.244  58.104 0.0000000000
57867  5.408  -21.592  57.602 0.0000000000
146815  5.402  -22.309  56.553 0.0000000000
55531  5.396  -22.988  56.506 0.0000000000
55540  5.413  -23.147  55.930 0.0000000000
57910  6.028  -20.954  55.445 0.0000000000
56710  5.962  -21.703  55.015 0.0000000000
152574  5.716  -23.046  54.526 0.0000000000
160203  5.547  -23.028  55.004 0.0000000000
54355  5.461  -23.891  55.138 0.0000000000
53303  5.478  -24.399  55.073 0.0000000000
54366  5.508  -24.293  54.299 0.0000000000
53334  5.629  -25.038  53.020 0.0000000000
138562  5.537  -24.935  53.563 0.0000000000
52278  5.594  -25.426  52.854 0.0000000000
51161  5.459  -26.372  52.972 0.0000000000
145838  5.540  -26.004  52.525 0.0000000000
145879  5.629  -26.342  51.800 0.0000000000
52290  5.673  -25.778  52.134 0.0000000000
53366  7.065  -25.269  51.035 0.0000000000
53384  7.377  -25.265  49.788 0.0000000000
54383  8.988  -24.171  52.486 0.0000000000
54384  8.236  -24.339  52.511 0.0000000000
53363  9.213  -24.749  50.358 0.0000000000
53382  8.372  -25.002  49.173 0.0000000000
146948  12.573  -12.346  57.930 0.0000000000
66926  12.137  -13.049  57.877 0.0000000000
65817  11.467  -13.632  58.268 0.0000000000
64765  11.103  -14.372  57.134 0.0000000000
63721  11.707  -14.978  55.685 0.0000000000
63707  11.286  -14.636  56.455 0.0000000000
62591  11.479  -16.474  55.379 0.0000000000
64813  12.298  -14.281  52.308 0.0000000000
65873  12.432  -13.554  52.639 0.0000000000
65866  12.621  -13.455  53.557 0.0000000000
64808  12.570  -14.225  53.861 0.0000000000
151826  12.592  -14.897  53.579 0.0000000000
62608  12.728  -16.767  53.337 0.0000000000
61341  12.455  -17.299  54.201 0.0000000000
60130  12.560  -18.338  53.906 0.0000000000
60147  12.251  -19.151  54.079 0.0000000000
60146  12.730  -19.109  53.372 0.0000000000
59026  12.839  -19.856  52.152 0.0000000000
57932  12.697  -20.617  51.833 0.0000000000
56757  12.500  -21.237  51.295 0.0000000000
157071  12.529  -20.664  51.048 0.0000000000
59043  10.962  -19.133  50.281 0.0000000000
155753  15.913  -24.799  60.389 0.0000000000
53226  15.425  -24.835  60.210 0.0000000000
149461  16.061  -24.464  59.829 0.0000000000
145446  15.901  -24.086  59.180 0.0000000000
143880  16.237  -23.087  58.288 0.0000000000
54267  19.753  -23.704  60.942 0.0000000000
53222  18.882  -24.048  60.754 0.0000000000
144603  18.106  -24.651  61.060 0.0000000000
53199  17.430  -25.028  61.512 0.0000000000
48911  5.815  -28.002  50.830 0.0000000000
50079  5.950  -27.539  50.620 0.0000000000
49946  8.557  -27.558  62.656 0.0000000000
51038  8.735  -27.206  62.761 0.0000000000
51027  11.356  -27.771  64.323 0.0000000000
151915  9.819  -28.311  63.443 0.0000000000
54308  5.384  -24.112  59.050 0.0000000000
55509  5.326  -23.190  57.939 0.0000000000
60114  9.075  -18.360  55.628 0.0000000000
58966  8.668  -19.207  55.435 0.0000000000
56705  9.997  -21.173  54.489 0.0000000000
57922  11.640  -20.712  53.910 0.0000000000
53264  12.406  -24.162  58.802 0.0000000000
55506  12.484  -22.633  58.183 0.0000000000
56661  11.903  -21.822  58.536 0.0000000000
56640  11.472  -21.180  59.066 0.0000000000
56639  12.343  -21.022  58.963 0.0000000000
54230  24.571  -23.801  64.192 0.0000000000
147774  24.824  -24.255  64.203 0.0000000000
54231  23.829  -23.982  64.324 0.0000000000
53157  22.714  -24.879  64.489 0.0000000000
52097  20.189  -25.615  63.910 0.0000000000
52059  20.189  -26.613  65.707 0.0000000000
51022  16.765  -26.687  65.403 0.0000000000
51023  16.065  -26.807  65.317 0.0000000000
142267  14.737  -26.428  62.776 0.0000000000
52088  12.978  -27.017  63.861 0.0000000000
60064  6.108  -18.021  59.841 0.0000000000
61268  6.219  -17.290  59.580 0.0000000000
62540  6.434  -16.920  59.175 0.0000000000
64744  8.170  -15.415  59.502 0.0000000000
63710  8.162  -16.184  57.487 0.0000000000
63709  9.119  -15.797  57.334 0.0000000000
136771  10.036  -15.336  57.118 0.0000000000
57783  28.294  -20.326  61.623 0.0000000000
58863  27.947  -18.963  65.061 0.0000000000
56579  26.894  -21.223  64.176 0.0000000000
57732  25.936  -20.222  63.904 0.0000000000
57758  25.356  -20.113  63.177 0.0000000000
56623  22.326  -20.933  60.570 0.0000000000
137352  7.800  -30.498  61.623 0.0000000000
47591  7.115  -29.042  61.465 0.0000000000
48804  7.020  -28.413  61.704 0.0000000000
51057  6.492  -26.528  61.872 0.0000000000
51049  6.385  -26.863  61.854 0.0000000000
52148  6.097  -25.680  60.976 0.0000000000
53203  9.234  -25.291  60.883 0.0000000000
54286  8.214  -23.787  59.890 0.0000000000
56643  7.975  -21.325  59.602 0.0000000000
55473  6.973  -22.150  59.868 0.0000000000
48802  23.187  -27.353  62.155 0.0000000000
48808  23.254  -27.427  61.227 0.0000000000
48809  22.698  -27.999  61.710 0.0000000000
49916  15.738  -28.709  66.673 0.0000000000
48765  15.392  -29.161  66.723 0.0000000000
148731  14.680  -29.604  66.519 0.0000000000
47552  13.943  -29.758  66.392 0.0000000000
47562  12.424  -30.367  65.723 0.0000000000
45119  9.990  -31.076  63.131 0.0000000000
47602  5.620  -28.793  60.352 0.0000000000
47611  5.624  -29.498  59.965 0.0000000000
141410  5.440  -28.794  59.915 0.0000000000
48827  5.379  -28.287  59.628 0.0000000000
52201  5.389  -25.376  57.927 0.0000000000
50010  5.493  -26.648  56.361 0.0000000000
51134  5.486  -25.928  55.904 0.0000000000
58944  5.586  -20.434  56.779 0.0000000000
57875  5.476  -21.173  56.972 0.0000000000
58945  5.551  -20.913  56.468 0.0000000000
57884  5.537  -21.227  56.177 0.0000000000
56696  5.438  -21.787  56.074 0.0000000000
56729  6.251  -22.200  54.568 0.0000000000
55570  6.053  -22.889  54.195 0.0000000000
161645  5.676  -23.541  54.245 0.0000000000
55590  5.620  -23.963  53.954 0.0000000000
54388  5.856  -24.345  53.320 0.0000000000
54409  5.789  -24.983  52.727 0.0000000000
53352  6.091  -25.389  51.943 0.0000000000
54407  6.840  -24.788  52.495 0.0000000000
54406  7.386  -24.839  52.315 0.0000000000
54403  9.548  -24.416  51.673 0.0000000000
53348  10.045  -24.429  50.739 0.0000000000
53380  9.980  -24.539  49.798 0.0000000000
66925  12.584  -12.494  57.246 0.0000000000
65829  12.190  -13.222  56.949 0.0000000000
65841  11.718  -13.909  56.559 0.0000000000
65852  12.057  -13.846  55.876 0.0000000000
64786  12.165  -14.214  55.359 0.0000000000
64820  12.170  -15.088  51.901 0.0000000000
150151  12.570  -14.966  52.718 0.0000000000
63753  12.487  -15.606  52.410 0.0000000000
147008  12.755  -17.206  52.628 0.0000000000
61366  12.814  -17.958  52.464 0.0000000000
159949  12.865  -18.401  53.125 0.0000000000
148210  12.496  -19.219  51.473 0.0000000000
156545  13.895  -26.240  61.803 0.0000000000
52143  13.410  -25.843  61.092 0.0000000000
53248  14.596  -24.842  59.852 0.0000000000
53249  13.602  -24.517  59.185 0.0000000000
54248  22.356  -23.259  62.808 0.0000000000
54249  21.589  -23.551  62.442 0.0000000000
53178  21.166  -24.243  62.901 0.0000000000
53167  19.861  -25.268  63.071 0.0000000000
52099  18.426  -25.971  63.614 0.0000000000
52100  17.459  -26.141  63.570 0.0000000000
52083  16.990  -26.383  64.457 0.0000000000
152381  16.767  -26.222  63.163 0.0000000000
52122  15.492  -26.242  62.449 0.0000000000
63642  6.839  -16.049  61.083 0.0000000000
64733  8.393  -15.258  60.353 0.0000000000
64756  9.947  -14.605  59.164 0.0000000000
47578  8.245  -28.859  62.225 0.0000000000
49952  7.722  -27.298  62.380 0.0000000000
51048  6.984  -26.898  62.126 0.0000000000
52111  7.077  -26.492  62.127 0.0000000000
141779  9.412  -23.165  59.214 0.0000000000
56642  8.836  -21.397  59.539 0.0000000000
57821  9.620  -20.385  60.433 0.0000000000
158382  13.135  -27.995  65.382 0.0000000000
49930  13.249  -28.427  65.760 0.0000000000
46350  10.687  -30.185  64.171 0.0000000000
51075  5.352  -26.242  59.787 0.0000000000
163904  5.442  -25.636  58.878 0.0000000000
52190  5.406  -25.250  58.425 0.0000000000
53267  5.405  -24.713  58.488 0.0000000000
150762  5.439  -24.434  57.084 0.0000000000
60117  6.833  -19.018  55.997 0.0000000000
58968  6.687  -19.719  55.736 0.0000000000
137039  7.146  -19.284  55.705 0.0000000000
58989  7.007  -20.043  55.501 0.0000000000
147491  6.898  -20.739  55.270 0.0000000000
58988  8.077  -19.893  55.344 0.0000000000
57908  7.526  -20.542  55.217 0.0000000000
56708  7.165  -21.390  54.850 0.0000000000
55586  7.718  -23.787  53.201 0.0000000000
55584  9.462  -23.455  53.064 0.0000000000
55583  10.518  -23.198  52.791 0.0000000000
54381  10.824  -23.551  52.066 0.0000000000
55605  11.857  -22.673  51.000 0.0000000000
63764  10.803  -15.799  51.369 0.0000000000
151462  10.889  -18.050  50.962 0.0000000000
61384  10.207  -17.474  51.028 0.0000000000
60203  8.782  -17.982  49.919 0.0000000000
164665  9.789  -27.221  63.123 0.0000000000
52127  10.183  -26.201  61.529 0.0000000000
52144  12.545  -25.697  60.773 0.0000000000
151440  11.372  -25.061  59.840 0.0000000000
53250  11.948  -24.657  59.331 0.0000000000
53177  25.995  -24.104  62.139 0.0000000000
52138  25.514  -24.608  61.800 0.0000000000
52117  25.430  -24.737  62.531 0.0000000000
52096  24.805  -25.415  63.077 0.0000000000
51056  24.485  -25.865  62.542 0.0000000000
139978  24.682  -24.920  64.225 0.0000000000
51032  24.298  -25.841  63.791 0.0000000000
49951  23.714  -26.646  63.394 0.0000000000
48795  23.274  -27.298  63.058 0.0000000000
47582  22.339  -28.272  63.228 0.0000000000
53164  22.450  -24.458  63.992 0.0000000000
53152  22.272  -25.447  64.706 0.0000000000
52066  22.128  -25.874  64.969 0.0000000000
52065  22.826  -26.032  65.102 0.0000000000
149544  22.563  -26.790  65.071 0.0000000000
48789  22.136  -28.047  64.683 0.0000000000
47583  21.863  -28.660  63.719 0.0000000000
47553  20.666  -28.617  66.147 0.0000000000
48763  17.072  -28.684  66.741 0.0000000000
49924  15.157  -28.304  66.362 0.0000000000
49929  14.496  -27.907  65.959 0.0000000000
51016  14.183  -27.553  65.469 0.0000000000
52071  15.570  -26.654  64.800 0.0000000000
51024  15.225  -26.944  65.195 0.0000000000
51035  12.148  -27.312  64.096 0.0000000000
51036  11.346  -27.410  63.954 0.0000000000
57849  5.596  -21.422  58.742 0.0000000000
60069  5.902  -18.399  58.949 0.0000000000
58938  5.770  -19.383  58.065 0.0000000000
58943  5.723  -19.711  57.109 0.0000000000
140202  6.030  -19.094  56.773 0.0000000000
60103  6.573  -18.551  56.620 0.0000000000
63657  6.707  -16.076  60.229 0.0000000000
149482  6.641  -16.758  58.865 0.0000000000
63681  7.227  -16.124  58.811 0.0000000000
62555  6.742  -16.839  58.312 0.0000000000
61298  6.669  -17.339  57.705 0.0000000000
61314  6.854  -17.898  56.974 0.0000000000
60102  7.060  -18.415  56.241 0.0000000000
60101  7.547  -18.137  56.110 0.0000000000
61331  8.270  -17.878  56.017 0.0000000000
54301  18.379  -23.088  59.096 0.0000000000
54316  17.605  -22.844  58.653 0.0000000000
55502  18.384  -22.361  58.621 0.0000000000
57859  18.727  -21.155  58.772 0.0000000000
54263  26.775  -23.112  61.514 0.0000000000
61219  29.517  -17.232  64.755 0.0000000000
58893  29.016  -19.417  62.724 0.0000000000
57757  28.523  -20.094  62.380 0.0000000000
57730  28.130  -19.665  64.042 0.0000000000
56602  27.948  -21.458  62.370 0.0000000000
55447  27.682  -22.182  62.044 0.0000000000
54245  27.305  -22.689  62.284 0.0000000000
53176  26.496  -23.600  62.481 0.0000000000
54233  26.691  -23.231  63.124 0.0000000000
147754  26.379  -22.011  64.003 0.0000000000
55431  25.990  -22.824  63.790 0.0000000000
55432  25.115  -23.072  63.880 0.0000000000
55437  23.921  -22.730  63.397 0.0000000000
58886  25.230  -19.599  63.933 0.0000000000
57759  24.762  -20.207  62.541 0.0000000000
56604  24.646  -20.993  62.331 0.0000000000
56605  24.011  -21.516  62.004 0.0000000000
55449  23.560  -22.261  62.568 0.0000000000
55450  22.792  -22.588  62.251 0.0000000000
54282  21.042  -22.806  60.727 0.0000000000
55471  21.430  -22.120  60.323 0.0000000000
54283  20.307  -23.057  60.271 0.0000000000
54300  19.225  -23.013  59.352 0.0000000000
47600  6.418  -29.407  60.856 0.0000000000
47601  5.988  -29.119  60.640 0.0000000000
160313  5.833  -28.445  60.796 0.0000000000
48811  5.582  -27.968  60.665 0.0000000000
157271  6.568  -27.975  61.670 0.0000000000
49960  5.861  -27.261  61.482 0.0000000000
162353  5.624  -27.105  61.224 0.0000000000
49967  5.537  -26.800  60.841 0.0000000000
52109  8.495  -26.399  62.342 0.0000000000
151782  7.009  -24.944  60.806 0.0000000000
56627  5.779  -22.532  59.398 0.0000000000
58923  6.380  -18.821  60.247 0.0000000000
163188  6.223  -17.210  61.047 0.0000000000
62515  6.635  -16.331  61.389 0.0000000000
58901  7.668  -18.548  62.064 0.0000000000
60050  6.870  -17.840  62.100 0.0000000000
60046  7.129  -17.510  62.750 0.0000000000
61250  6.677  -17.072  62.270 0.0000000000
158063  6.520  -16.685  61.644 0.0000000000
63625  7.287  -15.757  62.495 0.0000000000
52139  24.978  -25.096  61.364 0.0000000000
51084  24.269  -25.633  59.931 0.0000000000
152755  23.862  -26.098  59.876 0.0000000000
49978  23.654  -26.787  60.794 0.0000000000
48772  13.419  -28.933  66.201 0.0000000000
46329  13.469  -30.486  66.284 0.0000000000
46328  13.810  -30.852  66.407 0.0000000000
46389  5.714  -30.243  59.650 0.0000000000
146634  5.409  -27.545  58.627 0.0000000000
144808  5.407  -26.669  58.159 0.0000000000
159125  5.575  -29.180  57.726 0.0000000000
148921  5.581  -27.632  55.717 0.0000000000
48882  5.495  -27.690  53.083 0.0000000000
56677  5.412  -22.019  57.089 0.0000000000
55521  5.366  -22.877  57.191 0.0000000000
139245  5.393  -23.551  57.479 0.0000000000
138921  5.392  -24.107  56.318 0.0000000000
57893  6.252  -20.182  55.721 0.0000000000
57895  5.673  -21.228  55.798 0.0000000000
56712  5.553  -22.028  55.550 0.0000000000
56711  5.721  -22.004  55.138 0.0000000000
148665  5.494  -22.753  55.484 0.0000000000
54349  5.403  -23.690  55.806 0.0000000000
53290  5.436  -24.492  55.765 0.0000000000
150336  5.489  -24.883  55.196 0.0000000000
52250  5.482  -25.436  54.572 0.0000000000
51151  5.543  -26.125  53.943 0.0000000000
50055  5.453  -27.142  52.550 0.0000000000
50062  5.550  -27.307  51.796 0.0000000000
156847  5.603  -26.846  51.585 0.0000000000
52312  5.975  -26.550  50.837 0.0000000000
158462  7.897  -24.515  52.502 0.0000000000
54405  8.288  -24.767  51.640 0.0000000000
54422  7.766  -24.969  51.231 0.0000000000
53350  8.505  -24.720  50.935 0.0000000000
53364  7.943  -24.913  50.724 0.0000000000
53383  7.834  -25.062  49.881 0.0000000000
65793  11.413  -13.435  60.019 0.0000000000
65806  10.739  -14.030  59.586 0.0000000000
65818  10.784  -14.134  58.700 0.0000000000
63693  10.373  -14.794  57.514 0.0000000000
63708  10.799  -15.398  56.401 0.0000000000
62577  10.683  -16.283  56.047 0.0000000000
146544  10.808  -17.134  55.631 0.0000000000
64798  12.362  -14.764  54.600 0.0000000000
62599  12.075  -16.618  54.730 0.0000000000
61342  12.016  -18.078  54.641 0.0000000000
59008  12.961  -19.733  52.946 0.0000000000
57921  12.765  -20.488  52.779 0.0000000000
56758  12.196  -21.987  51.685 0.0000000000
60184  11.610  -18.706  50.941 0.0000000000
59042  11.904  -19.535  50.657 0.0000000000
59055  12.186  -20.340  50.490 0.0000000000
56770  12.423  -21.004  50.561 0.0000000000
55621  11.754  -22.554  50.012 0.0000000000
45078  15.336  -30.755  66.545 0.0000000000
46339  19.781  -29.651  65.989 0.0000000000
47554  19.918  -29.059  66.387 0.0000000000
47560  20.834  -28.800  65.800 0.0000000000
47567  21.632  -28.506  64.955 0.0000000000
47574  22.279  -28.156  64.035 0.0000000000
48766  14.455  -29.267  66.572 0.0000000000
48775  21.136  -27.813  66.090 0.0000000000
48781  22.444  -27.453  64.810 0.0000000000
48782  21.924  -27.946  65.160 0.0000000000
48815  23.203  -27.318  60.317 0.0000000000
49926  21.769  -27.233  65.569 0.0000000000
49927  21.319  -27.523  65.851 0.0000000000
49928  20.869  -27.284  66.051 0.0000000000
49933  23.255  -26.495  64.528 0.0000000000
49950  24.098  -26.363  62.789 0.0000000000
49959  23.649  -26.771  62.539 0.0000000000
49966  23.606  -26.777  61.677 0.0000000000
50068  5.707  -27.321  51.144 0.0000000000
51044  24.279  -26.103  63.288 0.0000000000
51085  23.909  -26.161  59.351 0.0000000000
51181  5.746  -26.696  51.231 0.0000000000
51192  5.902  -27.032  50.750 0.0000000000
52058  21.464  -26.334  65.363 0.0000000000
52064  23.139  -25.893  64.830 0.0000000000
52078  23.708  -25.302  64.505 0.0000000000
53151  22.729  -25.341  64.746 0.0000000000
53154  25.316  -24.291  63.928 0.0000000000
53198  18.741  -24.683  61.569 0.0000000000
53246  17.377  -24.037  59.805 0.0000000000
53260  16.083  -23.630  58.716 0.0000000000
53353  5.784  -25.458  52.222 0.0000000000
54234  26.174  -23.813  63.045 0.0000000000
54246  26.954  -23.156  62.084 0.0000000000
54280  27.066  -22.586  61.444 0.0000000000
54318  15.502  -23.375  58.296 0.0000000000
54408  6.187  -24.805  52.597 0.0000000000
54423  7.498  -25.088  51.437 0.0000000000
55434  27.151  -22.616  62.881 0.0000000000
55461  27.441  -22.140  61.605 0.0000000000
55472  20.842  -22.417  60.070 0.0000000000
56612  28.132  -20.838  62.071 0.0000000000
56655  18.296  -21.644  58.515 0.0000000000
56731  5.631  -22.511  55.070 0.0000000000
57784  24.341  -20.383  62.016 0.0000000000
57785  23.646  -20.301  61.622 0.0000000000
58862  28.434  -18.863  64.831 0.0000000000
58874  28.899  -18.933  64.249 0.0000000000
58875  28.505  -19.098  64.440 0.0000000000
58954  5.634  -20.808  56.126 0.0000000000
60027  28.226  -18.619  65.194 0.0000000000
63640  7.806  -15.436  62.157 0.0000000000
63667  6.895  -16.099  59.466 0.0000000000
68040  13.022  -11.837  56.704 0.0000000000
138177  19.986  -20.810  59.528 0.0000000000
138676  22.586  -26.353  65.038 0.0000000000
140686  20.912  -26.387  65.471 0.0000000000
141425  14.121  -30.116  66.393 0.0000000000
150413  22.112  -26.809  65.337 0.0000000000
151207  16.195  -29.336  66.778 0.0000000000
152024  5.719  -28.401  51.162 0.0000000000
154462  17.116  -28.323  66.649 0.0000000000
155984  7.160  -25.125  51.907 0.0000000000
159735  15.103  -26.660  64.557 0.0000000000
161362  9.922  -24.513  49.201 0.0000000000
161792  15.373  -29.571  66.610 0.0000000000
162302  7.110  -18.840  55.906 0.0000000000
