#!ascii label  , from subject sub-LJ001 vox2ras=TkReg
918
85434  20.843  3.698  -24.430 0.2500000000
85443  21.623  3.264  -25.010 0.2500000000
84436  21.480  2.328  -25.116 0.7500000000
143027  19.767  6.249  -23.186 0.2500000000
87597  20.311  6.005  -23.746 0.1250000000
86480  20.483  5.083  -23.835 0.2500000000
85416  20.114  3.762  -24.036 0.2500000000
85442  22.345  3.861  -25.739 0.7500000000
149621  22.268  2.885  -25.680 0.8750000000
84445  22.726  2.518  -26.662 0.8750000000
87609  21.195  5.776  -24.470 0.3750000000
86494  21.156  4.704  -24.324 0.3750000000
87618  21.709  5.219  -25.229 0.8750000000
86502  21.708  4.243  -25.013 0.7500000000
86523  23.523  4.079  -27.597 1.0000000000
86511  22.901  4.486  -26.755 1.0000000000
86501  22.341  4.844  -25.925 0.8750000000
85463  23.206  3.236  -27.339 1.0000000000
84472  24.447  3.130  -28.457 1.0000000000
88705  20.292  6.698  -23.417 0.2500000000
141734  21.803  6.020  -25.441 0.8750000000
87617  22.307  5.758  -26.107 0.8750000000
86522  24.262  4.731  -28.082 1.0000000000
87640  23.586  5.102  -27.528 1.0000000000
87629  22.952  5.455  -26.831 1.0000000000
86532  25.264  4.467  -28.627 1.0000000000
86533  24.697  4.283  -28.470 1.0000000000
85475  24.913  3.700  -28.638 1.0000000000
147268  24.185  4.018  -28.212 1.0000000000
88679  19.939  6.902  -22.878 0.1250000000
88714  20.971  6.615  -24.088 0.6250000000
88724  22.242  6.577  -26.155 1.0000000000
88725  21.630  6.739  -25.169 0.8750000000
150284  22.906  6.345  -26.928 1.0000000000
87650  25.479  5.333  -28.583 1.0000000000
87651  24.887  5.245  -28.462 1.0000000000
87639  24.298  5.658  -28.019 1.0000000000
152313  23.612  6.046  -27.549 1.0000000000
86531  25.776  4.613  -28.568 1.0000000000
151882  27.266  4.759  -27.390 1.0000000000
86530  25.948  4.132  -28.545 1.0000000000
92690  21.627  10.511  -24.171 0.2500000000
89731  20.393  7.305  -23.118 0.2500000000
90750  21.126  7.830  -23.715 0.3750000000
89740  21.332  7.296  -24.470 0.5000000000
89751  21.785  7.514  -25.328 1.0000000000
89750  22.187  7.360  -26.104 1.0000000000
89768  24.041  7.430  -28.184 1.0000000000
89759  22.783  7.185  -26.990 1.0000000000
151152  25.853  6.240  -28.620 1.0000000000
88754  25.527  6.170  -28.613 1.0000000000
88756  24.662  7.032  -28.489 1.0000000000
151894  26.226  6.468  -28.385 1.0000000000
87637  26.977  5.511  -27.595 1.0000000000
89758  27.161  7.081  -27.026 1.0000000000
88733  27.386  6.236  -26.900 1.0000000000
92701  21.701  10.545  -25.228 0.5000000000
91701  21.734  9.688  -24.845 0.3750000000
144347  21.563  8.795  -24.329 0.5000000000
91714  21.900  9.768  -25.956 0.5000000000
146115  22.375  8.932  -26.693 0.8750000000
144158  22.641  7.997  -26.888 1.0000000000
91723  22.987  9.363  -27.729 1.0000000000
89781  24.434  7.935  -28.470 1.0000000000
89769  23.374  7.844  -27.757 1.0000000000
89767  26.029  7.826  -28.422 1.0000000000
89779  25.187  7.846  -28.765 1.0000000000
90766  27.009  8.043  -27.079 1.0000000000
88741  26.498  7.265  -27.900 1.0000000000
89757  27.785  6.954  -26.280 0.8750000000
140336  21.545  11.348  -24.561 0.5000000000
92714  21.886  10.648  -26.197 0.6250000000
92713  22.407  10.771  -27.022 0.6250000000
91713  22.341  9.938  -26.907 1.0000000000
91735  23.726  9.364  -28.373 1.0000000000
91711  26.776  9.527  -27.139 1.0000000000
91712  26.136  9.426  -27.920 1.0000000000
91721  25.557  9.142  -28.509 1.0000000000
90789  24.168  8.669  -28.427 1.0000000000
91710  27.456  9.483  -26.464 1.0000000000
90767  26.597  8.768  -27.504 1.0000000000
90786  25.541  8.302  -28.657 1.0000000000
91700  28.192  9.391  -25.863 0.8750000000
150061  27.108  8.877  -26.847 1.0000000000
146778  28.164  7.716  -25.885 0.8750000000
145337  21.659  11.279  -25.475 0.5000000000
93726  24.245  10.787  -28.353 1.0000000000
92712  26.313  10.272  -27.490 1.0000000000
147039  25.809  11.057  -27.738 1.0000000000
91734  24.318  9.386  -28.594 1.0000000000
93702  27.053  11.831  -26.646 1.0000000000
152815  28.606  10.150  -25.583 1.0000000000
92710  27.852  10.233  -26.128 1.0000000000
151430  27.460  11.031  -26.386 1.0000000000
93705  21.926  11.615  -26.247 0.5000000000
93704  22.715  11.516  -27.223 1.0000000000
158906  25.368  13.168  -27.652 1.0000000000
93715  24.577  11.582  -28.012 1.0000000000
93716  24.011  11.476  -27.873 1.0000000000
147779  27.319  13.300  -26.640 1.0000000000
94721  26.701  12.654  -26.896 1.0000000000
94712  28.763  13.069  -25.569 1.0000000000
94720  27.603  12.516  -26.395 1.0000000000
93703  26.182  11.907  -27.299 1.0000000000
93693  28.711  11.637  -25.618 1.0000000000
151349  28.364  12.402  -25.851 1.0000000000
92700  29.054  10.854  -25.393 0.8750000000
98000  23.962  15.878  -27.518 1.0000000000
156909  23.155  15.421  -26.639 0.3750000000
148806  24.246  15.193  -27.571 0.8750000000
145481  24.814  13.797  -27.461 1.0000000000
144668  27.859  13.912  -26.294 1.0000000000
95801  26.502  13.467  -27.168 1.0000000000
99169  23.736  16.594  -27.228 0.8750000000
99175  24.963  16.627  -27.791 1.0000000000
158742  24.578  15.882  -27.628 1.0000000000
156477  25.198  15.856  -27.624 1.0000000000
140249  25.629  14.341  -27.469 1.0000000000
96922  27.157  14.089  -26.941 1.0000000000
144105  26.933  14.890  -27.129 1.0000000000
96916  28.511  14.548  -25.784 1.0000000000
100368  24.100  17.341  -27.519 0.7500000000
152078  25.654  16.589  -27.775 1.0000000000
99174  26.444  16.498  -27.623 1.0000000000
99167  28.031  16.470  -26.389 1.0000000000
97989  26.693  15.696  -27.365 1.0000000000
158642  27.489  15.610  -26.833 1.0000000000
100366  25.411  17.404  -28.110 1.0000000000
100364  26.951  17.192  -27.593 1.0000000000
99168  27.241  16.430  -27.203 1.0000000000
105243  25.279  22.953  -25.618 0.1250000000
106114  25.523  23.673  -25.189 0.1250000000
106125  24.817  23.511  -27.270 0.2500000000
106952  25.225  24.325  -26.762 0.1250000000
106970  25.122  24.098  -27.626 0.3750000000
106951  25.461  24.833  -27.283 0.2500000000
106968  26.166  24.530  -28.081 0.5000000000
107787  25.796  25.324  -27.946 0.2500000000
107786  26.273  25.408  -28.524 0.3750000000
107774  25.554  25.064  -26.291 0.2500000000
108595  25.865  26.127  -27.790 0.2500000000
108594  26.315  26.665  -28.646 0.2500000000
156751  26.396  25.996  -29.479 0.2500000000
108605  27.382  27.017  -30.365 0.2500000000
107797  27.078  26.218  -29.900 0.3750000000
107798  26.021  26.012  -28.996 0.2500000000
107796  28.318  26.475  -29.652 0.3750000000
87598  19.742  5.403  -23.435 0.1250000000
86521  26.230  4.082  -28.371 1.0000000000
92724  23.107  10.760  -27.690 0.8750000000
84412  20.484  2.663  -23.813 0.1250000000
84435  22.066  1.934  -25.692 0.6250000000
83469  22.640  1.682  -26.250 0.7500000000
87574  19.437  5.814  -23.141 0.1250000000
82403  23.840  1.098  -27.362 1.0000000000
86481  19.839  4.411  -23.654 0.1250000000
84456  24.533  2.432  -28.367 1.0000000000
84469  26.006  3.442  -28.464 1.0000000000
86510  27.507  4.149  -27.181 1.0000000000
141743  20.536  7.920  -22.924 0.3750000000
91690  21.552  9.628  -23.755 0.2500000000
90737  21.203  8.709  -23.280 0.2500000000
88732  28.146  6.164  -26.204 0.8750000000
90757  28.539  8.536  -25.596 0.8750000000
152817  29.354  10.070  -25.145 0.8750000000
96917  22.368  14.954  -25.447 0.1250000000
93694  21.496  12.122  -25.046 0.3750000000
94722  22.381  12.368  -26.620 0.6250000000
97983  23.393  15.877  -26.862 0.5000000000
99176  24.348  16.613  -27.651 0.8750000000
96924  22.907  14.959  -26.424 0.3750000000
95802  23.396  14.234  -27.084 0.8750000000
97981  28.983  15.456  -25.446 1.0000000000
100367  24.729  17.398  -27.967 1.0000000000
97982  28.221  15.507  -26.093 1.0000000000
101438  25.049  18.334  -28.444 0.8750000000
101436  26.678  18.777  -28.025 1.0000000000
101429  27.331  18.040  -27.273 1.0000000000
105238  25.720  22.862  -24.652 0.1250000000
105244  24.862  22.263  -26.113 0.1250000000
105270  24.691  22.104  -28.123 0.6250000000
157686  25.133  23.913  -27.983 0.6250000000
106967  27.152  24.507  -27.998 0.5000000000
106937  25.524  24.429  -25.577 0.2500000000
107764  25.903  25.755  -25.776 0.2500000000
108590  26.111  26.314  -26.370 0.2500000000
107785  27.247  25.354  -28.715 0.5000000000
107784  28.402  25.563  -28.650 0.5000000000
109388  26.834  27.221  -29.321 0.1250000000
109395  27.003  27.174  -30.245 0.2500000000
108614  28.956  27.211  -29.771 0.2500000000
107795  29.499  26.518  -29.388 0.3750000000
109401  30.180  27.642  -29.738 0.2500000000
157906  20.452  3.067  -24.064 0.1250000000
84425  20.914  2.714  -24.604 0.3750000000
85453  22.792  3.506  -26.652 0.8750000000
83480  23.220  1.902  -27.284 1.0000000000
84457  23.886  2.583  -28.021 1.0000000000
84471  25.036  3.002  -28.636 1.0000000000
85474  25.557  3.740  -28.612 1.0000000000
88743  23.507  6.933  -27.661 1.0000000000
87638  26.264  5.606  -28.375 1.0000000000
142513  24.699  6.158  -28.375 1.0000000000
88742  24.182  6.583  -28.086 1.0000000000
151881  26.528  4.764  -28.080 1.0000000000
86520  26.889  4.066  -27.826 1.0000000000
139774  21.644  8.067  -24.889 0.5000000000
90758  22.129  8.131  -25.914 0.8750000000
88740  26.742  6.347  -27.746 1.0000000000
141899  25.163  6.991  -28.646 1.0000000000
144370  25.517  6.971  -28.634 1.0000000000
88753  25.929  7.048  -28.547 1.0000000000
146777  27.557  7.666  -26.443 1.0000000000
90768  21.919  8.897  -25.469 0.6250000000
90779  22.958  8.540  -27.550 1.0000000000
91722  23.369  10.081  -28.154 1.0000000000
90788  24.709  8.550  -28.652 1.0000000000
142464  23.965  8.117  -28.236 1.0000000000
90778  23.555  8.640  -28.109 1.0000000000
90765  27.719  8.537  -26.263 0.8750000000
89749  28.531  6.915  -25.707 0.8750000000
153255  22.837  10.171  -27.553 1.0000000000
92735  23.925  10.094  -28.586 1.0000000000
92711  27.036  10.286  -26.699 1.0000000000
91732  25.173  9.554  -28.656 1.0000000000
92721  25.540  10.102  -28.294 1.0000000000
91699  28.944  9.332  -25.339 0.8750000000
93714  24.996  11.726  -28.083 1.0000000000
92723  23.714  10.744  -28.171 1.0000000000
92722  25.184  10.973  -28.232 1.0000000000
93725  24.738  10.872  -28.365 1.0000000000
141867  26.567  11.078  -26.963 1.0000000000
92733  24.958  10.204  -28.649 1.0000000000
93701  27.939  11.735  -26.136 1.0000000000
152814  28.291  10.951  -25.876 1.0000000000
140744  23.328  12.178  -27.419 0.7500000000
94734  24.250  12.325  -27.663 1.0000000000
94733  24.820  12.428  -27.860 1.0000000000
94732  25.207  12.547  -27.820 1.0000000000
149466  25.011  13.147  -27.738 1.0000000000
95811  25.779  13.624  -27.500 1.0000000000
94731  25.835  12.781  -27.537 1.0000000000
145540  28.068  13.142  -26.103 1.0000000000
97991  23.589  15.157  -27.230 0.7500000000
96934  24.013  14.603  -27.516 1.0000000000
147650  24.539  13.138  -27.610 1.0000000000
95812  25.253  13.734  -27.488 1.0000000000
95813  24.226  13.910  -27.464 1.0000000000
96932  25.083  14.432  -27.391 1.0000000000
96923  26.352  14.229  -27.351 1.0000000000
152283  24.844  15.160  -27.501 1.0000000000
97998  25.902  15.782  -27.615 1.0000000000
97990  26.134  14.994  -27.477 1.0000000000
97999  25.432  15.090  -27.506 1.0000000000
144959  27.699  14.753  -26.530 1.0000000000
100365  26.164  17.286  -27.941 1.0000000000
101437  25.953  18.101  -28.378 1.0000000000
105252  24.968  23.027  -26.504 0.1250000000
104352  25.245  22.184  -25.080 0.1250000000
106942  25.843  25.149  -25.353 0.2500000000
105253  24.570  22.654  -27.083 0.3750000000
106138  24.877  23.469  -27.979 0.5000000000
148331  25.822  23.868  -28.042 0.7500000000
108615  28.067  27.143  -30.084 0.2500000000
108604  28.474  26.982  -30.034 0.2500000000
138020  20.800  2.113  -24.084 0.2500000000
157928  20.806  1.814  -23.680 0.1250000000
83461  21.497  1.498  -25.053 0.6250000000
156017  23.997  1.926  -27.918 1.0000000000
136536  22.533  14.240  -26.077 0.5000000000
150444  21.790  12.499  -25.764 0.6250000000
139873  22.765  12.969  -26.933 0.7500000000
94735  23.655  13.199  -27.348 0.8750000000
95803  22.822  13.620  -26.757 0.8750000000
96933  24.571  14.512  -27.461 1.0000000000
163700  27.958  17.833  -26.620 1.0000000000
104360  24.598  21.394  -26.189 0.3750000000
105269  24.910  22.621  -28.303 0.7500000000
106145  25.275  23.308  -28.243 0.7500000000
106126  24.632  22.797  -27.805 0.5000000000
108613  30.053  27.184  -29.759 0.2500000000
108602  30.406  26.584  -29.401 0.3750000000
79226  25.288  -1.757  -25.203 0.7500000000
79224  27.058  -1.565  -25.746 0.7500000000
80211  24.620  -1.298  -25.315 0.7500000000
80212  23.784  -0.975  -24.945 0.7500000000
81265  27.061  -0.944  -26.398 0.7500000000
80210  25.380  -1.304  -25.823 0.7500000000
80221  24.850  -0.969  -26.032 0.7500000000
81266  24.168  -0.747  -25.738 0.7500000000
80219  26.376  -0.445  -26.899 0.7500000000
80220  25.523  -0.798  -26.465 0.7500000000
137029  22.947  0.375  -25.740 0.7500000000
82393  22.223  1.035  -25.534 0.6250000000
81276  25.627  -0.331  -27.065 0.7500000000
82391  24.564  0.046  -27.029 0.8750000000
139448  24.094  0.370  -26.986 0.8750000000
81275  28.028  0.118  -26.487 0.7500000000
141318  27.268  -0.239  -26.775 0.7500000000
82389  26.772  0.222  -27.406 0.7500000000
82402  24.775  0.656  -27.749 0.8750000000
83479  24.601  1.596  -28.143 0.8750000000
83466  27.677  1.180  -26.888 0.7500000000
82399  27.031  0.895  -27.543 0.7500000000
83476  26.569  1.544  -27.905 0.8750000000
83488  25.163  2.219  -28.452 0.8750000000
83467  27.272  1.731  -27.353 0.7500000000
84455  26.169  2.403  -28.264 0.8750000000
145352  28.596  3.551  -25.915 0.8750000000
85460  27.354  3.342  -27.352 0.8750000000
86509  28.003  3.875  -26.571 0.8750000000
151883  27.888  4.676  -26.605 0.8750000000
87608  30.177  5.295  -24.673 0.3750000000
87616  29.031  5.173  -25.399 0.6250000000
87627  28.351  5.343  -26.015 0.7500000000
150288  30.483  5.987  -24.395 0.5000000000
88722  29.647  5.904  -24.945 0.5000000000
146207  30.086  6.868  -24.611 0.7500000000
89748  29.333  6.872  -25.207 0.7500000000
89723  31.600  7.321  -23.572 0.1250000000
88697  30.891  6.885  -23.998 0.3750000000
146775  28.932  7.714  -25.367 0.6250000000
90711  34.398  8.245  -22.402 0.1250000000
89722  32.336  7.761  -23.179 0.1250000000
90731  30.994  8.265  -23.992 0.1250000000
144123  31.805  8.969  -23.556 0.1250000000
90748  30.664  8.714  -24.287 0.6250000000
91688  30.307  9.322  -24.522 0.6250000000
91689  29.663  9.304  -24.901 0.7500000000
138113  33.272  9.319  -22.574 0.1250000000
146105  33.130  10.033  -22.612 0.1250000000
92672  31.779  10.230  -23.458 0.1250000000
92687  31.047  10.240  -24.016 0.5000000000
152243  29.979  9.999  -24.670 0.6250000000
92689  29.758  10.741  -24.940 0.7500000000
90728  34.366  9.282  -22.317 0.1250000000
93677  31.418  10.806  -23.612 0.5000000000
149100  31.562  11.532  -23.400 0.5000000000
93678  30.798  11.197  -23.998 0.6250000000
93679  30.095  11.360  -24.606 0.7500000000
138071  24.388  18.145  -27.794 0.6250000000
158669  24.034  18.686  -27.407 0.5000000000
101449  24.944  19.275  -28.547 0.7500000000
94688  31.037  12.818  -23.625 0.6250000000
94710  29.945  13.055  -24.662 0.6250000000
94711  29.435  13.019  -25.098 0.8750000000
95767  31.477  13.419  -23.420 0.5000000000
95768  30.772  13.388  -23.779 0.6250000000
95781  30.263  13.682  -24.305 0.6250000000
95791  29.690  13.559  -24.800 0.7500000000
101439  24.390  19.081  -28.067 0.7500000000
95792  29.134  13.833  -25.273 0.8750000000
99160  28.755  16.255  -25.688 0.8750000000
96914  29.734  14.222  -24.687 0.7500000000
97968  29.635  15.525  -24.805 0.8750000000
99151  29.426  16.206  -25.146 0.8750000000
151893  29.297  16.906  -25.415 0.8750000000
159760  32.682  14.193  -22.913 0.3750000000
96880  31.929  14.208  -23.259 0.5000000000
96881  30.964  14.208  -23.683 0.5000000000
96906  29.845  14.923  -24.573 0.6250000000
96879  33.430  14.498  -22.933 0.2500000000
139956  32.570  14.914  -23.177 0.3750000000
96904  30.906  15.037  -23.865 0.5000000000
102478  24.622  19.888  -28.296 0.6250000000
102477  25.179  19.954  -28.644 0.7500000000
152842  25.720  19.151  -28.567 0.8750000000
102476  25.794  19.995  -28.624 0.7500000000
102463  26.377  19.732  -28.352 0.8750000000
100360  27.633  17.207  -26.910 0.8750000000
100359  28.428  18.060  -26.159 0.7500000000
100354  29.100  17.792  -25.643 0.8750000000
97967  30.425  15.503  -24.288 0.6250000000
99150  30.068  16.266  -24.620 0.7500000000
96903  31.638  15.036  -23.490 0.3750000000
97945  32.329  15.886  -23.443 0.5000000000
137587  30.875  17.773  -24.451 0.7500000000
97944  33.459  15.492  -23.331 0.2500000000
103465  24.452  20.529  -27.904 0.6250000000
102462  27.096  19.692  -27.738 0.8750000000
140892  27.540  19.028  -27.193 0.8750000000
103456  27.918  20.726  -26.969 0.7500000000
101423  28.787  18.758  -25.953 0.8750000000
102431  30.119  18.988  -25.116 0.7500000000
151986  31.367  17.271  -24.181 0.5000000000
99148  33.608  16.901  -24.076 0.2500000000
99134  32.861  17.160  -23.912 0.5000000000
99136  31.743  16.560  -23.805 0.5000000000
99133  33.998  16.190  -23.738 0.2500000000
104373  24.574  21.362  -27.997 0.5000000000
104372  24.889  21.478  -28.403 0.5000000000
104371  25.322  21.786  -28.495 0.6250000000
104364  26.233  21.303  -28.374 0.7500000000
104359  27.950  21.455  -27.064 0.7500000000
153029  27.228  21.217  -27.614 0.7500000000
104358  28.597  21.189  -26.508 0.7500000000
103454  29.186  20.736  -25.987 0.7500000000
105251  28.375  21.986  -26.915 0.7500000000
103445  29.170  20.049  -25.916 0.7500000000
102441  30.350  19.814  -25.209 0.7500000000
103444  29.805  20.329  -25.622 0.7500000000
102429  31.553  19.129  -24.548 0.5000000000
103431  32.038  19.954  -24.830 0.3750000000
102430  30.773  19.308  -24.811 0.6250000000
100342  33.360  17.741  -24.345 0.2500000000
101411  32.871  18.506  -24.469 0.3750000000
102428  32.471  19.209  -24.625 0.3750000000
153783  26.516  22.926  -27.981 0.6250000000
105260  26.691  22.018  -27.996 0.7500000000
151623  29.048  21.809  -26.499 0.7500000000
164811  29.963  22.036  -26.251 0.7500000000
104349  31.369  21.464  -25.463 0.6250000000
103441  33.368  20.443  -25.709 0.3750000000
103443  31.659  20.736  -25.099 0.3750000000
101420  34.490  18.294  -25.626 0.1250000000
102438  34.188  18.985  -25.925 0.1250000000
102439  33.609  19.493  -25.472 0.2500000000
162933  27.323  22.871  -27.647 0.6250000000
105258  28.061  22.842  -27.406 0.7500000000
105250  29.022  22.501  -26.803 0.6250000000
105242  31.074  22.135  -25.897 0.3750000000
104351  29.921  21.142  -25.798 0.7500000000
103453  33.683  20.563  -26.646 0.2500000000
104347  32.861  21.126  -25.654 0.3750000000
163613  30.690  20.756  -25.314 0.6250000000
101448  34.588  18.533  -28.310 0.1250000000
101435  34.515  18.916  -27.531 0.1250000000
101428  34.719  18.470  -26.356 0.1250000000
106137  27.021  23.583  -27.831 0.6250000000
106136  27.948  23.693  -27.676 0.6250000000
106135  29.721  23.834  -27.321 0.3750000000
106124  28.854  23.358  -27.270 0.3750000000
105249  30.805  22.827  -26.406 0.3750000000
105256  33.198  22.126  -27.384 0.2500000000
105241  31.940  22.019  -25.773 0.3750000000
102475  33.646  19.999  -28.252 0.1250000000
104355  33.296  21.259  -26.225 0.3750000000
104356  32.696  21.747  -25.921 0.3750000000
100370  34.554  18.127  -29.177 0.1250000000
102461  34.001  19.750  -27.304 0.1250000000
107783  29.812  25.777  -28.425 0.3750000000
106966  28.441  24.448  -27.829 0.3750000000
106134  30.833  24.180  -27.364 0.3750000000
106132  32.478  23.764  -28.002 0.3750000000
106133  31.903  24.051  -27.486 0.3750000000
106122  30.567  23.471  -26.877 0.3750000000
105257  32.857  22.867  -27.688 0.3750000000
153981  32.774  22.620  -26.980 0.3750000000
106121  31.567  23.416  -26.819 0.3750000000
102495  32.506  19.870  -30.330 0.1250000000
104369  33.335  21.440  -27.928 0.1250000000
163646  33.075  21.714  -28.423 0.2500000000
101458  33.854  18.787  -29.532 0.1250000000
107782  31.148  25.288  -28.347 0.2500000000
106980  31.823  24.997  -28.920 0.2500000000
106964  31.370  24.591  -27.831 0.3750000000
158671  30.632  24.952  -27.850 0.3750000000
149233  32.489  23.278  -29.882 0.1250000000
106979  32.161  24.295  -28.575 0.3750000000
106963  31.889  24.500  -28.159 0.3750000000
105273  32.608  22.716  -29.459 0.1250000000
105267  32.810  22.944  -28.500 0.2500000000
104390  31.778  21.187  -30.835 0.1250000000
104370  32.829  22.009  -28.937 0.1250000000
159853  30.520  26.068  -28.809 0.3750000000
106147  32.375  24.015  -29.831 0.1250000000
148663  32.292  24.353  -30.624 0.1250000000
106154  32.339  23.453  -30.631 0.1250000000
106159  32.321  23.762  -31.664 0.1250000000
103501  31.600  20.597  -31.256 0.1250000000
105285  31.741  21.940  -31.237 0.1250000000
107819  32.267  25.567  -32.749 0.1250000000
156077  32.116  22.942  -32.452 0.1250000000
107009  32.136  23.684  -33.002 0.1250000000
103502  31.070  20.641  -32.114 0.1250000000
102529  30.755  20.059  -32.440 0.1250000000
156110  25.713  2.050  -28.366 0.8750000000
86500  28.498  4.472  -25.889 0.6250000000
94697  30.956  12.098  -23.733 0.6250000000
96915  29.293  14.747  -25.089 0.8750000000
99149  30.902  16.416  -24.216 0.5000000000
103474  24.798  20.675  -28.379 0.6250000000
103472  26.149  20.432  -28.490 0.8750000000
103464  27.364  20.386  -27.471 0.8750000000
150798  26.743  20.445  -28.054 0.7500000000
102453  27.789  19.888  -27.028 0.8750000000
103455  28.528  20.211  -26.382 0.7500000000
102443  28.839  19.553  -26.047 0.7500000000
102442  29.505  19.440  -25.614 0.7500000000
163611  31.881  17.642  -24.103 0.5000000000
101412  31.580  18.129  -24.314 0.5000000000
101413  30.713  18.499  -24.641 0.7500000000
100343  32.426  17.875  -24.167 0.5000000000
103480  32.603  20.734  -29.644 0.1250000000
142324  32.195  24.375  -29.180 0.2500000000
149323  32.142  22.818  -31.377 0.1250000000
104391  31.391  21.224  -31.686 0.1250000000
90749  30.033  8.566  -24.674 0.6250000000
90756  29.310  8.528  -25.112 0.7500000000
94687  31.793  12.498  -23.164 0.3750000000
161222  33.628  13.970  -22.671 0.2500000000
100345  29.818  17.435  -25.062 0.7500000000
146827  32.483  21.906  -29.838 0.1250000000
153201  34.087  14.840  -23.176 0.1250000000
78233  25.990  -2.905  -24.621 0.7500000000
79214  25.231  -2.375  -24.736 0.7500000000
80200  24.242  -1.566  -24.515 0.7500000000
139196  26.775  -2.342  -24.993 0.7500000000
79225  26.049  -1.764  -25.563 0.7500000000
80208  27.956  -1.262  -25.580 0.7500000000
81278  23.775  -0.155  -26.124 0.7500000000
81264  27.899  -0.630  -26.125 0.6250000000
82387  28.040  0.729  -26.589 0.7500000000
83460  28.444  1.328  -26.359 0.6250000000
84443  28.045  2.083  -26.582 0.6250000000
86493  30.172  4.507  -24.777 0.3750000000
86499  29.321  4.188  -25.316 0.5000000000
88713  31.223  5.936  -23.889 0.1250000000
88695  32.277  6.793  -23.196 0.1250000000
89707  32.879  7.353  -22.776 0.1250000000
90727  35.379  9.189  -22.410 0.1250000000
91671  35.417  10.026  -22.886 0.1250000000
157641  35.509  10.008  -23.332 0.1250000000
92659  33.731  11.167  -22.801 0.1250000000
92670  33.369  10.854  -22.536 0.1250000000
94680  33.283  12.374  -21.839 0.1250000000
94686  32.750  12.561  -22.553 0.2500000000
95766  32.440  13.397  -22.785 0.2500000000
103457  24.245  20.241  -27.201 0.5000000000
97965  34.709  15.934  -24.169 0.1250000000
97943  34.384  15.404  -23.587 0.2500000000
139700  35.502  16.452  -25.969 0.1250000000
100358  35.018  17.951  -26.032 0.1250000000
100363  35.322  17.380  -27.625 0.1250000000
104365  24.459  22.059  -27.565 0.3750000000
100369  35.015  17.750  -28.380 0.1250000000
101466  34.096  18.086  -30.012 0.1250000000
100374  34.609  17.366  -29.813 0.1250000000
101468  32.687  19.284  -30.657 0.1250000000
101488  31.414  18.550  -32.275 0.1250000000
106936  26.136  24.600  -24.731 0.1250000000
107809  31.586  26.134  -30.332 0.2500000000
107814  31.778  26.236  -31.074 0.1250000000
108622  31.981  26.420  -32.012 0.1250000000
148174  32.257  24.533  -33.758 0.1250000000
105286  31.514  21.782  -32.312 0.1250000000
101489  30.567  19.371  -32.675 0.1250000000
104398  31.051  21.223  -32.721 0.1250000000
87628  27.664  5.441  -26.762 0.7500000000
148664  29.122  12.324  -25.367 0.7500000000
93692  29.468  11.532  -25.158 0.7500000000
99161  28.670  16.965  -25.819 0.8750000000
85461  26.511  3.300  -28.074 0.8750000000
83468  23.096  1.104  -26.348 0.7500000000
84470  25.621  2.819  -28.479 0.8750000000
88723  28.842  6.070  -25.543 0.7500000000
151926  26.605  17.862  -27.911 0.8750000000
160876  28.044  18.504  -26.583 0.8750000000
155938  28.283  17.391  -26.207 0.8750000000
108620  30.658  27.437  -30.219 0.1250000000
108612  31.051  26.561  -29.854 0.2500000000
79227  24.805  -1.804  -24.784 0.7500000000
79213  25.822  -2.231  -25.058 0.7500000000
80199  27.832  -1.953  -25.065 0.7500000000
161878  27.492  -1.132  -25.991 0.7500000000
81267  23.426  -0.542  -25.303 0.7500000000
80209  26.218  -1.150  -26.190 0.7500000000
81277  24.802  -0.467  -26.609 0.7500000000
82380  22.394  0.305  -25.046 0.6250000000
82390  25.288  0.034  -27.461 0.8750000000
82388  27.425  0.454  -26.959 0.7500000000
82400  26.385  0.771  -27.869 0.8750000000
83478  25.386  1.425  -28.211 0.8750000000
85452  28.031  3.024  -26.585 0.7500000000
84454  26.865  2.443  -27.747 0.8750000000
85441  28.576  2.749  -26.067 0.6250000000
87607  30.893  5.009  -24.259 0.2500000000
87615  29.670  5.025  -25.010 0.5000000000
88696  31.556  6.582  -23.606 0.2500000000
87592  31.940  5.976  -23.473 0.1250000000
89724  31.091  7.700  -23.884 0.2500000000
89739  29.687  7.726  -24.850 0.6250000000
90712  33.276  8.266  -22.591 0.1250000000
90729  32.420  8.669  -23.145 0.1250000000
90747  31.221  8.863  -23.891 0.5000000000
91673  31.485  9.549  -23.729 0.1250000000
91672  32.325  9.576  -23.184 0.1250000000
91687  30.885  9.437  -24.167 0.5000000000
91661  34.007  10.061  -22.481 0.1250000000
92671  32.517  10.412  -22.900 0.1250000000
93663  32.680  11.093  -22.710 0.1250000000
92688  30.379  10.579  -24.451 0.6250000000
93655  32.463  11.776  -22.681 0.1250000000
149302  30.376  11.917  -24.228 0.6250000000
94699  29.822  12.273  -24.749 0.6250000000
96905  30.346  14.594  -24.231 0.6250000000
151360  29.812  16.789  -24.966 0.7500000000
101414  29.911  18.201  -25.069 0.7500000000
97966  31.324  15.764  -23.813 0.5000000000
101422  29.493  18.632  -25.483 0.7500000000
147826  33.143  16.414  -23.636 0.3750000000
102452  28.246  19.323  -26.491 0.7500000000
100332  32.123  17.222  -23.908 0.5000000000
100353  34.856  17.607  -25.446 0.1250000000
147412  34.637  17.152  -24.854 0.1250000000
99147  34.340  16.658  -24.334 0.2500000000
159728  34.956  16.408  -24.796 0.1250000000
105259  27.513  22.177  -27.521 0.7500000000
104357  29.322  21.383  -26.168 0.7500000000
102440  32.928  19.844  -25.056 0.3750000000
103442  32.533  20.620  -25.231 0.3750000000
101410  33.493  18.397  -24.729 0.1250000000
101421  33.843  18.687  -25.249 0.3750000000
106123  29.828  22.998  -26.785 0.3750000000
102451  33.920  19.747  -26.254 0.3750000000
101427  34.814  18.527  -27.004 0.1250000000
105246  33.095  21.973  -26.619 0.3750000000
105248  31.702  22.641  -26.268 0.3750000000
103463  33.603  20.624  -27.560 0.2500000000
102486  34.223  18.871  -28.869 0.1250000000
101434  34.955  18.181  -27.604 0.1250000000
104363  33.476  21.380  -27.041 0.2500000000
102487  33.710  19.464  -28.984 0.1250000000
103479  33.138  20.234  -29.108 0.1250000000
103470  33.341  20.671  -28.326 0.1250000000
106965  29.676  24.875  -27.725 0.3750000000
106144  32.424  23.645  -29.026 0.3750000000
106120  32.400  23.331  -27.229 0.3750000000
102494  33.136  19.503  -29.833 0.1250000000
102488  32.672  20.160  -29.869 0.1250000000
103489  32.188  20.517  -30.436 0.1250000000
102511  32.058  19.917  -30.960 0.1250000000
103471  32.917  21.128  -28.798 0.1250000000
104376  32.614  21.361  -29.468 0.1250000000
100379  33.686  17.945  -30.698 0.1250000000
101476  32.977  18.503  -31.044 0.1250000000
107803  31.648  25.619  -29.712 0.2500000000
107794  31.228  25.898  -29.100 0.2500000000
106989  32.137  24.822  -29.765 0.2500000000
105279  32.297  22.533  -30.427 0.1250000000
104384  32.263  21.199  -30.123 0.1250000000
107808  32.001  25.338  -30.592 0.1250000000
143035  32.262  24.694  -31.334 0.1250000000
148033  32.308  24.594  -32.315 0.1250000000
101478  31.245  19.462  -32.068 0.1250000000
150307  32.079  21.729  -30.486 0.1250000000
108626  32.103  26.655  -33.093 0.1250000000
107813  32.166  25.467  -31.621 0.1250000000
79215  24.567  -2.389  -24.375 0.7500000000
78234  25.103  -3.257  -24.235 0.7500000000
138267  22.661  -0.130  -24.723 0.5000000000
81268  22.971  -0.187  -25.163 0.6250000000
84434  28.863  2.075  -25.917 0.6250000000
85440  29.311  2.985  -25.513 0.5000000000
93653  33.799  11.606  -22.412 0.1250000000
92669  35.330  11.138  -23.001 0.1250000000
93654  33.204  11.675  -22.477 0.1250000000
99159  35.335  17.298  -26.053 0.1250000000
100388  32.503  18.147  -31.712 0.1250000000
101477  32.061  19.144  -31.475 0.1250000000
79200  24.271  -3.020  -23.815 0.7500000000
80201  23.576  -1.210  -24.070 0.5000000000
78222  27.119  -3.629  -23.497 0.6250000000
78232  26.940  -3.114  -24.241 0.6250000000
79211  28.635  -2.168  -24.424 0.3750000000
80197  30.497  -1.337  -24.275 0.2500000000
80198  28.682  -1.463  -25.014 0.3750000000
85433  30.082  3.532  -24.945 0.3750000000
102454  24.058  19.399  -27.167 0.3750000000
153001  24.416  21.175  -27.186 0.2500000000
151874  24.435  21.960  -26.840 0.2500000000
81262  29.654  -0.329  -25.486 0.5000000000
82379  28.703  0.620  -26.245 0.5000000000
83459  29.209  1.289  -25.894 0.3750000000
79197  29.335  -2.387  -23.717 0.5000000000
79198  28.502  -2.758  -23.730 0.6250000000
78210  26.565  -4.197  -23.089 0.6250000000
80189  23.388  -1.217  -23.348 0.3750000000
79201  23.727  -2.679  -23.261 0.3750000000
140899  26.127  -3.704  -23.944 0.6250000000
78221  29.133  -3.079  -23.008 0.3750000000
156935  28.376  -3.227  -23.223 0.5000000000
80202  23.074  -0.670  -24.065 0.2500000000
79189  29.984  -2.695  -23.034 0.3750000000
81253  30.115  -0.892  -24.906 0.2500000000
79196  30.194  -2.010  -23.669 0.2500000000
82378  29.460  0.496  -25.807 0.3750000000
83458  29.920  1.191  -25.512 0.2500000000
84424  30.074  2.701  -25.141 0.2500000000
91678  21.330  9.538  -22.991 0.1250000000
86491  31.731  4.220  -24.065 0.2500000000
94723  22.087  13.338  -25.868 0.3750000000
94713  21.591  12.900  -25.104 0.2500000000
103446  24.389  20.575  -26.333 0.2500000000
92679  21.521  10.467  -23.189 0.1250000000
83453  21.208  1.368  -24.407 0.2500000000
81263  28.793  -0.121  -26.027 0.5000000000
79216  23.988  -2.176  -23.924 0.5000000000
79212  27.761  -2.619  -24.390 0.6250000000
146302  28.726  -0.789  -25.544 0.5000000000
86492  30.874  3.925  -24.512 0.2500000000
81255  23.039  -0.492  -24.654 0.3750000000
82381  21.791  0.866  -24.774 0.2500000000
150911  22.738  -0.228  -24.358 0.3750000000
84433  29.713  2.008  -25.481 0.2500000000
79199  27.770  -3.155  -23.691 0.6250000000
79210  29.547  -1.606  -24.436 0.2500000000
81254  29.364  -1.033  -25.104 0.3750000000
159595  23.629  -1.869  -23.403 0.3750000000
78223  25.335  -3.911  -23.727 0.6250000000
78209  28.571  -3.577  -22.640 0.3750000000
136374  27.872  -3.581  -23.054 0.5000000000
82377  30.269  0.447  -25.449 0.2500000000
84432  30.488  2.077  -25.198 0.2500000000
149009  20.944  8.704  -22.747 0.1250000000
77216  24.913  -4.861  -22.791 0.5000000000
77213  27.998  -4.015  -22.449 0.2500000000
77195  27.166  -4.797  -21.779 0.3750000000
77214  27.277  -4.364  -22.400 0.5000000000
77215  25.733  -4.639  -22.921 0.5000000000
76041  24.539  -5.218  -22.133 0.3750000000
78211  23.999  -4.041  -22.870 0.5000000000
77228  25.122  -4.395  -23.307 0.5000000000
77229  24.536  -4.430  -23.043 0.5000000000
78225  23.936  -3.415  -23.227 0.3750000000
78224  24.574  -3.818  -23.504 0.5000000000
76011  23.332  -5.687  -20.610 0.1250000000
76021  24.123  -5.597  -21.472 0.3750000000
74816  23.762  -7.110  -20.145 0.1250000000
76010  23.747  -5.993  -20.884 0.2500000000
76020  25.043  -5.581  -21.534 0.3750000000
140885  27.982  -4.469  -21.787 0.2500000000
76019  26.059  -5.520  -21.423 0.3750000000
77196  26.462  -5.100  -21.810 0.5000000000
74832  23.255  -6.448  -20.308 0.1250000000
76022  23.445  -5.037  -21.000 0.1250000000
78196  23.450  -3.635  -21.756 0.1250000000
95748  33.587  13.346  -22.518 0.1250000000
158018  27.376  -3.958  -22.895 0.3750000000
77227  25.772  -4.203  -23.431 0.5000000000
79202  23.402  -2.124  -22.656 0.2500000000
78195  28.792  -4.042  -21.879 0.2500000000
76040  25.596  -5.140  -22.190 0.5000000000
77217  24.201  -4.701  -22.520 0.5000000000
139014  26.477  -4.714  -22.375 0.3750000000
76042  23.785  -5.042  -21.789 0.2500000000
77218  23.669  -4.205  -22.169 0.1250000000
75993  22.940  -5.832  -19.999 0.1250000000
153918  23.666  -5.507  -21.155 0.2500000000
158421  23.270  -5.144  -20.298 0.1250000000
78212  23.493  -3.242  -22.445 0.1250000000
76009  24.589  -5.995  -20.958 0.3750000000
76018  26.948  -5.281  -21.237 0.2500000000
77197  23.489  -4.305  -21.433 0.1250000000
74830  25.186  -6.408  -20.448 0.2500000000
74829  26.016  -6.285  -20.413 0.2500000000
142799  22.279  0.370  -24.532 0.2500000000
76017  27.821  -5.003  -21.178 0.2500000000
74831  24.167  -6.522  -20.537 0.1250000000
76008  25.597  -5.953  -20.917 0.2500000000
153620  22.308  0.448  -24.044 0.1250000000
101440  23.833  18.060  -27.101 0.1250000000
100361  23.595  17.334  -26.733 0.1250000000
101431  23.552  18.028  -26.196 0.1250000000
101425  23.460  17.848  -25.183 0.1250000000
101424  23.777  18.631  -25.599 0.1250000000
148651  24.179  19.905  -26.492 0.1250000000
101430  23.845  18.702  -26.611 0.1250000000
101415  23.941  18.453  -24.380 0.1250000000
102444  24.036  19.323  -26.100 0.1250000000
103434  24.780  20.725  -25.322 0.1250000000
100355  23.347  17.362  -25.847 0.1250000000
139195  24.247  19.244  -25.075 0.1250000000
152909  24.410  19.935  -25.661 0.1250000000
102419  24.539  19.461  -22.926 0.1250000000
97984  22.815  15.701  -25.917 0.1250000000
99162  23.228  16.579  -26.126 0.1250000000
164922  22.728  -0.122  -23.775 0.1250000000
95787  21.622  13.541  -24.935 0.1250000000
99163  22.752  16.283  -25.245 0.1250000000
99152  23.008  17.004  -24.983 0.1250000000
100334  23.149  17.532  -23.332 0.1250000000
102420  23.820  19.359  -22.503 0.1250000000
103433  25.180  20.413  -24.489 0.1250000000
156730  21.076  1.951  -24.666 0.1250000000
83439  21.020  1.294  -23.803 0.1250000000
81242  23.070  -0.644  -23.610 0.1250000000
82372  21.710  0.955  -24.159 0.1250000000
82359  22.520  0.392  -23.525 0.1250000000
100346  23.384  17.580  -24.157 0.1250000000
100333  23.588  18.131  -23.535 0.1250000000
102433  24.781  19.858  -24.734 0.1250000000
147512  24.589  19.219  -24.068 0.1250000000
100322  23.032  17.631  -22.995 0.1250000000
102418  25.613  19.890  -23.085 0.1250000000
139456  29.838  -3.228  -22.318 0.1250000000
79188  30.835  -2.350  -22.917 0.1250000000
80188  30.963  -1.666  -23.623 0.1250000000
152117  31.452  -0.568  -24.575 0.1250000000
81261  30.608  -0.238  -25.180 0.1250000000
82371  31.123  0.422  -25.234 0.1250000000
83450  32.972  1.544  -24.819 0.1250000000
83451  32.147  1.629  -24.936 0.1250000000
83452  30.725  1.254  -25.323 0.1250000000
138087  32.745  2.403  -24.465 0.1250000000
85432  30.862  2.849  -24.744 0.1250000000
85429  33.209  2.987  -24.010 0.1250000000
85430  32.335  3.335  -24.151 0.1250000000
85431  31.539  3.379  -24.413 0.1250000000
145141  27.520  -5.508  -20.605 0.1250000000
76007  26.590  -5.798  -20.647 0.1250000000
77178  28.804  -4.701  -21.175 0.1250000000
78194  29.703  -3.852  -21.661 0.1250000000
78208  31.056  -2.783  -22.024 0.1250000000
78193  30.558  -3.417  -21.734 0.1250000000
80177  31.410  -1.829  -23.063 0.1250000000
80186  32.062  -0.849  -23.443 0.1250000000
81239  32.466  -0.222  -23.912 0.1250000000
82369  32.573  0.377  -24.748 0.1250000000
82368  33.216  0.885  -24.831 0.1250000000
84411  34.058  2.762  -23.960 0.1250000000
86473  33.356  4.459  -23.418 0.1250000000
85414  33.699  3.614  -23.628 0.1250000000
87606  31.741  5.193  -23.756 0.1250000000
160296  29.211  -3.541  -22.277 0.1250000000
156475  30.441  -2.872  -22.367 0.1250000000
80187  31.560  -1.251  -23.516 0.1250000000
141807  31.307  1.899  -25.028 0.1250000000
77194  29.295  -4.317  -21.433 0.1250000000
80176  32.028  -1.447  -22.777 0.1250000000
81251  31.952  -0.165  -24.646 0.1250000000
81240  31.771  -0.663  -24.038 0.1250000000
153553  31.656  1.054  -25.187 0.1250000000
162376  32.457  2.013  -24.752 0.1250000000
150018  32.493  0.926  -25.092 0.1250000000
84422  33.561  2.141  -24.424 0.1250000000
84423  31.906  2.499  -24.621 0.1250000000
161811  32.346  4.003  -23.857 0.1250000000
75991  28.007  -5.819  -19.982 0.1250000000
76005  29.354  -5.144  -20.429 0.1250000000
79187  31.610  -2.230  -22.367 0.1250000000
86472  34.214  4.297  -23.341 0.1250000000
81241  31.211  -1.066  -24.175 0.2500000000
81252  30.913  -0.746  -24.766 0.2500000000
81285  26.074  0.105  -27.591 0.8750000000
82370  31.901  0.390  -25.048 0.1250000000
82392  23.540  0.515  -26.480 0.8750000000
82401  25.711  0.679  -27.975 0.8750000000
83438  33.806  0.919  -24.366 0.1250000000
83477  26.035  1.441  -28.199 0.8750000000
84444  27.517  2.516  -27.130 0.8750000000
84458  23.341  2.714  -27.517 1.0000000000
85415  32.891  3.827  -23.722 0.1250000000
85462  23.848  3.354  -28.030 1.0000000000
85476  24.448  3.676  -28.430 1.0000000000
87649  25.838  5.417  -28.583 1.0000000000
88755  25.119  6.164  -28.591 1.0000000000
89738  30.502  7.816  -24.351 0.3750000000
89741  20.788  7.119  -23.722 0.2500000000
89778  25.572  7.602  -28.677 1.0000000000
89780  24.828  7.688  -28.682 1.0000000000
90730  31.620  8.218  -23.617 0.1250000000
90776  26.430  8.097  -27.834 1.0000000000
90777  26.074  8.605  -28.240 1.0000000000
90787  25.150  8.819  -28.735 1.0000000000
91733  24.782  9.454  -28.703 1.0000000000
92734  24.470  10.138  -28.656 1.0000000000
93652  34.531  11.833  -22.481 0.1250000000
93664  32.015  10.940  -23.080 0.1250000000
93713  25.446  11.858  -27.821 1.0000000000
94698  30.440  12.743  -24.166 0.6250000000
95749  33.048  12.841  -21.861 0.2500000000
95793  28.458  13.695  -25.794 1.0000000000
96861  33.138  13.733  -22.616 0.2500000000
96878  34.809  14.537  -23.435 0.1250000000
99135  32.444  16.667  -23.695 0.5000000000
100341  34.146  17.917  -24.901 0.1250000000
100344  30.448  17.109  -24.601 0.7500000000
100357  35.219  17.854  -26.783 0.1250000000
100373  35.010  17.223  -29.071 0.1250000000
100378  34.248  17.482  -30.432 0.1250000000
101467  33.403  18.681  -30.295 0.1250000000
102427  33.230  19.059  -24.869 0.3750000000
102432  25.196  19.821  -23.908 0.1250000000
102450  34.395  19.091  -26.730 0.1250000000
102464  24.279  19.828  -27.829 0.6250000000
102474  34.167  19.295  -28.230 0.1250000000
102512  31.388  20.007  -31.649 0.1250000000
103432  31.173  19.982  -24.889 0.6250000000
103473  25.471  20.793  -28.569 0.7500000000
104348  32.189  21.350  -25.424 0.3750000000
104350  30.605  21.524  -25.705 0.6250000000
104353  24.954  21.579  -25.437 0.1250000000
105247  32.464  22.371  -26.317 0.3750000000
105266  33.117  22.232  -28.122 0.2500000000
105268  25.752  22.378  -28.380 0.6250000000
105292  31.798  22.291  -33.020 0.1250000000
106117  25.230  23.680  -26.176 0.1250000000
106969  25.521  24.454  -27.766 0.3750000000
107773  25.664  25.625  -26.967 0.2500000000
108603  29.433  26.919  -29.715 0.2500000000
108606  26.565  26.641  -29.962 0.2500000000
109402  29.519  27.533  -29.670 0.2500000000
110166  27.626  27.657  -29.191 0.1250000000
141531  22.413  16.514  -21.944 0.1250000000
141632  31.363  -0.177  -24.978 0.1250000000
141736  20.357  4.276  -24.059 0.2500000000
142104  32.191  18.590  -24.387 0.5000000000
142900  34.033  17.286  -24.481 0.2500000000
149471  30.337  17.812  -24.728 0.7500000000
151143  26.049  4.719  -28.496 1.0000000000
153468  30.529  9.919  -24.372 0.5000000000
155430  30.207  1.645  -25.360 0.2500000000
158168  23.439  11.326  -27.704 1.0000000000
158618  35.188  16.880  -25.375 0.1250000000
158659  31.850  22.355  -32.034 0.1250000000
163936  24.898  22.026  -28.375 0.5000000000
164985  32.233  22.923  -26.665 0.3750000000
