#!ascii label  , from subject sub-LJ001 vox2ras=TkReg
620
80212  23.784  -0.975  -24.945 0.0000000000
89739  29.687  7.726  -24.850 0.0000000000
99168  27.241  16.430  -27.203 0.0000000000
93705  21.926  11.615  -26.247 0.0000000000
77215  25.733  -4.639  -22.921 0.0000000000
80197  30.497  -1.337  -24.275 0.0000000000
84455  26.169  2.403  -28.264 0.0000000000
89768  24.041  7.430  -28.184 0.0000000000
151349  28.364  12.402  -25.851 0.0000000000
100353  34.856  17.607  -25.446 0.0000000000
153029  27.228  21.217  -27.614 0.0000000000
78234  25.103  -3.257  -24.235 0.0000000000
79199  27.770  -3.155  -23.691 0.0000000000
79224  27.058  -1.565  -25.746 0.0000000000
87618  21.709  5.219  -25.229 0.0000000000
89740  21.332  7.296  -24.470 0.0000000000
145481  24.814  13.797  -27.461 0.0000000000
93714  24.996  11.726  -28.083 0.0000000000
96916  28.511  14.548  -25.784 0.0000000000
96904  30.906  15.037  -23.865 0.0000000000
137587  30.875  17.773  -24.451 0.0000000000
105253  24.570  22.654  -27.083 0.0000000000
103465  24.452  20.529  -27.904 0.0000000000
106967  27.152  24.507  -27.998 0.0000000000
87627  28.351  5.343  -26.015 0.0000000000
85440  29.311  2.985  -25.513 0.0000000000
88713  31.223  5.936  -23.889 0.0000000000
158742  24.578  15.882  -27.628 0.0000000000
92671  32.517  10.412  -22.900 0.0000000000
82381  21.791  0.866  -24.774 0.0000000000
82391  24.564  0.046  -27.029 0.0000000000
84445  22.726  2.518  -26.662 0.0000000000
86532  25.264  4.467  -28.627 0.0000000000
88741  26.498  7.265  -27.900 0.0000000000
91723  22.987  9.363  -27.729 0.0000000000
91712  26.136  9.426  -27.920 0.0000000000
152817  29.354  10.070  -25.145 0.0000000000
94687  31.793  12.498  -23.164 0.0000000000
101438  25.049  18.334  -28.444 0.0000000000
140892  27.540  19.028  -27.193 0.0000000000
158671  30.632  24.952  -27.850 0.0000000000
105249  30.805  22.827  -26.406 0.0000000000
102441  30.350  19.814  -25.209 0.0000000000
102451  33.920  19.747  -26.254 0.0000000000
82387  28.040  0.729  -26.589 0.0000000000
150911  22.738  -0.228  -24.358 0.0000000000
80189  23.388  -1.217  -23.348 0.0000000000
80200  24.242  -1.566  -24.515 0.0000000000
79213  25.822  -2.231  -25.058 0.0000000000
80211  24.620  -1.298  -25.315 0.0000000000
97990  26.134  14.994  -27.477 0.0000000000
96923  26.352  14.229  -27.351 0.0000000000
97982  28.221  15.507  -26.093 0.0000000000
99151  29.426  16.206  -25.146 0.0000000000
151893  29.297  16.906  -25.415 0.0000000000
106951  25.461  24.833  -27.283 0.0000000000
157686  25.133  23.913  -27.983 0.0000000000
107786  26.273  25.408  -28.524 0.0000000000
89748  29.333  6.872  -25.207 0.0000000000
87616  29.031  5.173  -25.399 0.0000000000
88697  30.891  6.885  -23.998 0.0000000000
97991  23.589  15.157  -27.230 0.0000000000
97983  23.393  15.877  -26.862 0.0000000000
77229  24.536  -4.430  -23.043 0.0000000000
76040  25.596  -5.140  -22.190 0.0000000000
77196  26.462  -5.100  -21.810 0.0000000000
140885  27.982  -4.469  -21.787 0.0000000000
79211  28.635  -2.168  -24.424 0.0000000000
78221  29.133  -3.079  -23.008 0.0000000000
83469  22.640  1.682  -26.250 0.0000000000
84436  21.480  2.328  -25.116 0.0000000000
150284  22.906  6.345  -26.928 0.0000000000
87640  23.586  5.102  -27.528 0.0000000000
142513  24.699  6.158  -28.375 0.0000000000
151152  25.853  6.240  -28.620 0.0000000000
144370  25.517  6.971  -28.634 0.0000000000
91714  21.900  9.768  -25.956 0.0000000000
92713  22.407  10.771  -27.022 0.0000000000
93703  26.182  11.907  -27.299 0.0000000000
147039  25.809  11.057  -27.738 0.0000000000
151430  27.460  11.031  -26.386 0.0000000000
92710  27.852  10.233  -26.128 0.0000000000
92700  29.054  10.854  -25.393 0.0000000000
93678  30.798  11.197  -23.998 0.0000000000
94699  29.822  12.273  -24.749 0.0000000000
147826  33.143  16.414  -23.636 0.0000000000
97944  33.459  15.492  -23.331 0.0000000000
104364  26.233  21.303  -28.374 0.0000000000
101439  24.390  19.081  -28.067 0.0000000000
102463  26.377  19.732  -28.352 0.0000000000
101436  26.678  18.777  -28.025 0.0000000000
103456  27.918  20.726  -26.969 0.0000000000
104349  31.369  21.464  -25.463 0.0000000000
104356  32.696  21.747  -25.921 0.0000000000
103441  33.368  20.443  -25.709 0.0000000000
83478  25.386  1.425  -28.211 0.0000000000
82389  26.772  0.222  -27.406 0.0000000000
83467  27.272  1.731  -27.353 0.0000000000
85431  31.539  3.379  -24.413 0.0000000000
84432  30.488  2.077  -25.198 0.0000000000
78225  23.936  -3.415  -23.227 0.0000000000
78223  25.335  -3.911  -23.727 0.0000000000
78222  27.119  -3.629  -23.497 0.0000000000
78232  26.940  -3.114  -24.241 0.0000000000
139196  26.775  -2.342  -24.993 0.0000000000
80208  27.956  -1.262  -25.580 0.0000000000
86480  20.483  5.083  -23.835 0.0000000000
87609  21.195  5.776  -24.470 0.0000000000
89750  22.187  7.360  -26.104 0.0000000000
140744  23.328  12.178  -27.419 0.0000000000
93716  24.011  11.476  -27.873 0.0000000000
158906  25.368  13.168  -27.652 0.0000000000
147779  27.319  13.300  -26.640 0.0000000000
145540  28.068  13.142  -26.103 0.0000000000
95791  29.690  13.559  -24.800 0.0000000000
96915  29.293  14.747  -25.089 0.0000000000
99149  30.902  16.416  -24.216 0.0000000000
100343  32.426  17.875  -24.167 0.0000000000
103434  24.780  20.725  -25.322 0.0000000000
104365  24.459  22.059  -27.565 0.0000000000
105269  24.910  22.621  -28.303 0.0000000000
162933  27.323  22.871  -27.647 0.0000000000
86510  27.507  4.149  -27.181 0.0000000000
85452  28.031  3.024  -26.585 0.0000000000
86500  28.498  4.472  -25.889 0.0000000000
86493  30.172  4.507  -24.777 0.0000000000
150444  21.790  12.499  -25.764 0.0000000000
95813  24.226  13.910  -27.464 0.0000000000
152283  24.844  15.160  -27.501 0.0000000000
99174  26.444  16.498  -27.623 0.0000000000
78209  28.571  -3.577  -22.640 0.0000000000
90747  31.221  8.863  -23.891 0.0000000000
89724  31.091  7.700  -23.884 0.0000000000
138267  22.661  -0.130  -24.723 0.0000000000
81278  23.775  -0.155  -26.124 0.0000000000
137029  22.947  0.375  -25.740 0.0000000000
82403  23.840  1.098  -27.362 0.0000000000
84456  24.533  2.432  -28.367 0.0000000000
85442  22.345  3.861  -25.739 0.0000000000
147268  24.185  4.018  -28.212 0.0000000000
85474  25.557  3.740  -28.612 0.0000000000
151881  26.528  4.764  -28.080 0.0000000000
88733  27.386  6.236  -26.900 0.0000000000
146778  28.164  7.716  -25.885 0.0000000000
90758  22.129  8.131  -25.914 0.0000000000
89769  23.374  7.844  -27.757 0.0000000000
93726  24.245  10.787  -28.353 0.0000000000
91734  24.318  9.386  -28.594 0.0000000000
90788  24.709  8.550  -28.652 0.0000000000
90767  26.597  8.768  -27.504 0.0000000000
90765  27.719  8.537  -26.263 0.0000000000
90756  29.310  8.528  -25.112 0.0000000000
92687  31.047  10.240  -24.016 0.0000000000
93655  32.463  11.776  -22.681 0.0000000000
96880  31.929  14.208  -23.259 0.0000000000
100367  24.729  17.398  -27.967 0.0000000000
100365  26.164  17.286  -27.941 0.0000000000
163700  27.958  17.833  -26.620 0.0000000000
106966  28.441  24.448  -27.829 0.0000000000
106124  28.854  23.358  -27.270 0.0000000000
106122  30.567  23.471  -26.877 0.0000000000
151623  29.048  21.809  -26.499 0.0000000000
103454  29.186  20.736  -25.987 0.0000000000
102443  28.839  19.553  -26.047 0.0000000000
101422  29.493  18.632  -25.483 0.0000000000
101413  30.713  18.499  -24.641 0.0000000000
102428  32.471  19.209  -24.625 0.0000000000
101428  34.719  18.470  -26.356 0.0000000000
80220  25.523  -0.798  -26.465 0.0000000000
81265  27.061  -0.944  -26.398 0.0000000000
81262  29.654  -0.329  -25.486 0.0000000000
84434  28.863  2.075  -25.917 0.0000000000
82378  29.460  0.496  -25.807 0.0000000000
81255  23.039  -0.492  -24.654 0.0000000000
80202  23.074  -0.670  -24.065 0.0000000000
80201  23.576  -1.210  -24.070 0.0000000000
97989  26.693  15.696  -27.365 0.0000000000
158642  27.489  15.610  -26.833 0.0000000000
99167  28.031  16.470  -26.389 0.0000000000
99160  28.755  16.255  -25.688 0.0000000000
99161  28.670  16.965  -25.819 0.0000000000
107787  25.796  25.324  -27.946 0.0000000000
146207  30.086  6.868  -24.611 0.0000000000
77216  24.913  -4.861  -22.791 0.0000000000
139014  26.477  -4.714  -22.375 0.0000000000
77195  27.166  -4.797  -21.779 0.0000000000
77214  27.277  -4.364  -22.400 0.0000000000
79210  29.547  -1.606  -24.436 0.0000000000
79196  30.194  -2.010  -23.669 0.0000000000
84425  20.914  2.714  -24.604 0.0000000000
88743  23.507  6.933  -27.661 0.0000000000
152313  23.612  6.046  -27.549 0.0000000000
88742  24.182  6.583  -28.086 0.0000000000
141899  25.163  6.991  -28.646 0.0000000000
88756  24.662  7.032  -28.489 0.0000000000
92714  21.886  10.648  -26.197 0.0000000000
93702  27.053  11.831  -26.646 0.0000000000
93701  27.939  11.735  -26.136 0.0000000000
152814  28.291  10.951  -25.876 0.0000000000
93693  28.711  11.637  -25.618 0.0000000000
93692  29.468  11.532  -25.158 0.0000000000
148664  29.122  12.324  -25.367 0.0000000000
99148  33.608  16.901  -24.076 0.0000000000
99147  34.340  16.658  -24.334 0.0000000000
103472  26.149  20.432  -28.490 0.0000000000
150798  26.743  20.445  -28.054 0.0000000000
103464  27.364  20.386  -27.471 0.0000000000
104359  27.950  21.455  -27.064 0.0000000000
105246  33.095  21.973  -26.619 0.0000000000
104363  33.476  21.380  -27.041 0.0000000000
104355  33.296  21.259  -26.225 0.0000000000
156110  25.713  2.050  -28.366 0.0000000000
83476  26.569  1.544  -27.905 0.0000000000
85430  32.335  3.335  -24.151 0.0000000000
84423  31.906  2.499  -24.621 0.0000000000
79200  24.271  -3.020  -23.815 0.0000000000
78224  24.574  -3.818  -23.504 0.0000000000
140899  26.127  -3.704  -23.944 0.0000000000
78233  25.990  -2.905  -24.621 0.0000000000
79225  26.049  -1.764  -25.563 0.0000000000
80199  27.832  -1.953  -25.065 0.0000000000
88705  20.292  6.698  -23.417 0.0000000000
87597  20.311  6.005  -23.746 0.0000000000
88714  20.971  6.615  -24.088 0.0000000000
88725  21.630  6.739  -25.169 0.0000000000
89751  21.785  7.514  -25.328 0.0000000000
147650  24.539  13.138  -27.610 0.0000000000
94734  24.250  12.325  -27.663 0.0000000000
149466  25.011  13.147  -27.738 0.0000000000
96922  27.157  14.089  -26.941 0.0000000000
95801  26.502  13.467  -27.168 0.0000000000
144668  27.859  13.912  -26.294 0.0000000000
95792  29.134  13.833  -25.273 0.0000000000
151360  29.812  16.789  -24.966 0.0000000000
99150  30.068  16.266  -24.620 0.0000000000
151986  31.367  17.271  -24.181 0.0000000000
100332  32.123  17.222  -23.908 0.0000000000
163611  31.881  17.642  -24.103 0.0000000000
105252  24.968  23.027  -26.504 0.0000000000
105244  24.862  22.263  -26.113 0.0000000000
104360  24.598  21.394  -26.189 0.0000000000
103446  24.389  20.575  -26.333 0.0000000000
151874  24.435  21.960  -26.840 0.0000000000
148331  25.822  23.868  -28.042 0.0000000000
106145  25.275  23.308  -28.243 0.0000000000
153783  26.516  22.926  -27.981 0.0000000000
106137  27.021  23.583  -27.831 0.0000000000
151883  27.888  4.676  -26.605 0.0000000000
86509  28.003  3.875  -26.571 0.0000000000
87608  30.177  5.295  -24.673 0.0000000000
87615  29.670  5.025  -25.010 0.0000000000
87607  30.893  5.009  -24.259 0.0000000000
86491  31.731  4.220  -24.065 0.0000000000
94713  21.591  12.900  -25.104 0.0000000000
94723  22.087  13.338  -25.868 0.0000000000
139873  22.765  12.969  -26.933 0.0000000000
95803  22.822  13.620  -26.757 0.0000000000
148806  24.246  15.193  -27.571 0.0000000000
96934  24.013  14.603  -27.516 0.0000000000
97998  25.902  15.782  -27.615 0.0000000000
156477  25.198  15.856  -27.624 0.0000000000
136374  27.872  -3.581  -23.054 0.0000000000
156935  28.376  -3.227  -23.223 0.0000000000
139456  29.838  -3.228  -22.318 0.0000000000
91673  31.485  9.549  -23.729 0.0000000000
142799  22.279  0.370  -24.532 0.0000000000
82380  22.394  0.305  -25.046 0.0000000000
84435  22.066  1.934  -25.692 0.0000000000
83480  23.220  1.902  -27.284 0.0000000000
156017  23.997  1.926  -27.918 0.0000000000
84457  23.886  2.583  -28.021 0.0000000000
86502  21.708  4.243  -25.013 0.0000000000
86501  22.341  4.844  -25.925 0.0000000000
86522  24.262  4.731  -28.082 0.0000000000
86523  23.523  4.079  -27.597 0.0000000000
86533  24.697  4.283  -28.470 0.0000000000
85475  24.913  3.700  -28.638 0.0000000000
86530  25.948  4.132  -28.545 0.0000000000
86531  25.776  4.613  -28.568 0.0000000000
151894  26.226  6.468  -28.385 0.0000000000
88740  26.742  6.347  -27.746 0.0000000000
89758  27.161  7.081  -27.026 0.0000000000
89757  27.785  6.954  -26.280 0.0000000000
146777  27.557  7.666  -26.443 0.0000000000
146115  22.375  8.932  -26.693 0.0000000000
90768  21.919  8.897  -25.469 0.0000000000
144158  22.641  7.997  -26.888 0.0000000000
90779  22.958  8.540  -27.550 0.0000000000
93715  24.577  11.582  -28.012 0.0000000000
92723  23.714  10.744  -28.171 0.0000000000
92721  25.540  10.102  -28.294 0.0000000000
92733  24.958  10.204  -28.649 0.0000000000
91732  25.173  9.554  -28.656 0.0000000000
90789  24.168  8.669  -28.427 0.0000000000
91721  25.557  9.142  -28.509 0.0000000000
90786  25.541  8.302  -28.657 0.0000000000
152815  28.606  10.150  -25.583 0.0000000000
91700  28.192  9.391  -25.863 0.0000000000
91699  28.944  9.332  -25.339 0.0000000000
90757  28.539  8.536  -25.596 0.0000000000
91689  29.663  9.304  -24.901 0.0000000000
91688  30.307  9.322  -24.522 0.0000000000
152243  29.979  9.999  -24.670 0.0000000000
94697  30.956  12.098  -23.733 0.0000000000
149100  31.562  11.532  -23.400 0.0000000000
94680  33.283  12.374  -21.839 0.0000000000
94686  32.750  12.561  -22.553 0.0000000000
96905  30.346  14.594  -24.231 0.0000000000
95781  30.263  13.682  -24.305 0.0000000000
96881  30.964  14.208  -23.683 0.0000000000
103457  24.245  20.241  -27.201 0.0000000000
102454  24.058  19.399  -27.167 0.0000000000
101449  24.944  19.275  -28.547 0.0000000000
158669  24.034  18.686  -27.407 0.0000000000
138071  24.388  18.145  -27.794 0.0000000000
100368  24.100  17.341  -27.519 0.0000000000
99169  23.736  16.594  -27.228 0.0000000000
101437  25.953  18.101  -28.378 0.0000000000
151926  26.605  17.862  -27.911 0.0000000000
101429  27.331  18.040  -27.273 0.0000000000
160876  28.044  18.504  -26.583 0.0000000000
107783  29.812  25.777  -28.425 0.0000000000
106965  29.676  24.875  -27.725 0.0000000000
106135  29.721  23.834  -27.321 0.0000000000
106121  31.567  23.416  -26.819 0.0000000000
106133  31.903  24.051  -27.486 0.0000000000
106123  29.828  22.998  -26.785 0.0000000000
164811  29.963  22.036  -26.251 0.0000000000
104357  29.322  21.383  -26.168 0.0000000000
163613  30.690  20.756  -25.314 0.0000000000
103444  29.805  20.329  -25.622 0.0000000000
102442  29.505  19.440  -25.614 0.0000000000
102431  30.119  18.988  -25.116 0.0000000000
102430  30.773  19.308  -24.811 0.0000000000
102440  32.928  19.844  -25.056 0.0000000000
102439  33.609  19.493  -25.472 0.0000000000
101421  33.843  18.687  -25.249 0.0000000000
102438  34.188  18.985  -25.925 0.0000000000
81277  24.802  -0.467  -26.609 0.0000000000
81276  25.627  -0.331  -27.065 0.0000000000
82388  27.425  0.454  -26.959 0.0000000000
141318  27.268  -0.239  -26.775 0.0000000000
81275  28.028  0.118  -26.487 0.0000000000
81264  27.899  -0.630  -26.125 0.0000000000
81263  28.793  -0.121  -26.027 0.0000000000
85441  28.576  2.749  -26.067 0.0000000000
84443  28.045  2.083  -26.582 0.0000000000
83452  30.725  1.254  -25.323 0.0000000000
83458  29.920  1.191  -25.512 0.0000000000
82371  31.123  0.422  -25.234 0.0000000000
82377  30.269  0.447  -25.449 0.0000000000
79216  23.988  -2.176  -23.924 0.0000000000
79215  24.567  -2.389  -24.375 0.0000000000
79214  25.231  -2.375  -24.736 0.0000000000
79227  24.805  -1.804  -24.784 0.0000000000
79226  25.288  -1.757  -25.203 0.0000000000
80210  25.380  -1.304  -25.823 0.0000000000
140249  25.629  14.341  -27.469 0.0000000000
95812  25.253  13.734  -27.488 0.0000000000
144105  26.933  14.890  -27.129 0.0000000000
144959  27.699  14.753  -26.530 0.0000000000
97981  28.983  15.456  -25.446 0.0000000000
100345  29.818  17.435  -25.062 0.0000000000
106952  25.225  24.325  -26.762 0.0000000000
106125  24.817  23.511  -27.270 0.0000000000
106138  24.877  23.469  -27.979 0.0000000000
106970  25.122  24.098  -27.626 0.0000000000
106968  26.166  24.530  -28.081 0.0000000000
88723  28.842  6.070  -25.543 0.0000000000
88722  29.647  5.904  -24.945 0.0000000000
150288  30.483  5.987  -24.395 0.0000000000
98000  23.962  15.878  -27.518 0.0000000000
78211  23.999  -4.041  -22.870 0.0000000000
77218  23.669  -4.205  -22.169 0.0000000000
77217  24.201  -4.701  -22.520 0.0000000000
76041  24.539  -5.218  -22.133 0.0000000000
76018  26.948  -5.281  -21.237 0.0000000000
76017  27.821  -5.003  -21.178 0.0000000000
79198  28.502  -2.758  -23.730 0.0000000000
79197  29.335  -2.387  -23.717 0.0000000000
83453  21.208  1.368  -24.407 0.0000000000
82393  22.223  1.035  -25.534 0.0000000000
83461  21.497  1.498  -25.053 0.0000000000
149621  22.268  2.885  -25.680 0.0000000000
87617  22.307  5.758  -26.107 0.0000000000
87629  22.952  5.455  -26.831 0.0000000000
87639  24.298  5.658  -28.019 0.0000000000
87651  24.887  5.245  -28.462 0.0000000000
87650  25.479  5.333  -28.583 0.0000000000
88754  25.527  6.170  -28.613 0.0000000000
88753  25.929  7.048  -28.547 0.0000000000
91713  22.341  9.938  -26.907 0.0000000000
92722  25.184  10.973  -28.232 0.0000000000
141867  26.567  11.078  -26.963 0.0000000000
92712  26.313  10.272  -27.490 0.0000000000
91711  26.776  9.527  -27.139 0.0000000000
92711  27.036  10.286  -26.699 0.0000000000
92689  29.758  10.741  -24.940 0.0000000000
93679  30.095  11.360  -24.606 0.0000000000
149302  30.376  11.917  -24.228 0.0000000000
94688  31.037  12.818  -23.625 0.0000000000
97945  32.329  15.886  -23.443 0.0000000000
96903  31.638  15.036  -23.490 0.0000000000
99133  33.998  16.190  -23.738 0.0000000000
103474  24.798  20.675  -28.379 0.0000000000
102478  24.622  19.888  -28.296 0.0000000000
102477  25.179  19.954  -28.644 0.0000000000
102476  25.794  19.995  -28.624 0.0000000000
152842  25.720  19.151  -28.567 0.0000000000
102462  27.096  19.692  -27.738 0.0000000000
102453  27.789  19.888  -27.028 0.0000000000
105248  31.702  22.641  -26.268 0.0000000000
105242  31.074  22.135  -25.897 0.0000000000
105241  31.940  22.019  -25.773 0.0000000000
103443  31.659  20.736  -25.099 0.0000000000
103442  32.533  20.620  -25.231 0.0000000000
104347  32.861  21.126  -25.654 0.0000000000
103453  33.683  20.563  -26.646 0.0000000000
82402  24.775  0.656  -27.749 0.0000000000
82390  25.288  0.034  -27.461 0.0000000000
82400  26.385  0.771  -27.869 0.0000000000
82399  27.031  0.895  -27.543 0.0000000000
83466  27.677  1.180  -26.888 0.0000000000
84424  30.074  2.701  -25.141 0.0000000000
85432  30.862  2.849  -24.744 0.0000000000
141807  31.307  1.899  -25.028 0.0000000000
77228  25.122  -4.395  -23.307 0.0000000000
77227  25.772  -4.203  -23.431 0.0000000000
78210  26.565  -4.197  -23.089 0.0000000000
79212  27.761  -2.619  -24.390 0.0000000000
80198  28.682  -1.463  -25.014 0.0000000000
86494  21.156  4.704  -24.324 0.0000000000
141734  21.803  6.020  -25.441 0.0000000000
88724  22.242  6.577  -26.155 0.0000000000
89759  22.783  7.185  -26.990 0.0000000000
93704  22.715  11.516  -27.223 0.0000000000
94733  24.820  12.428  -27.860 0.0000000000
94732  25.207  12.547  -27.820 0.0000000000
95811  25.779  13.624  -27.500 0.0000000000
94731  25.835  12.781  -27.537 0.0000000000
94721  26.701  12.654  -26.896 0.0000000000
94720  27.603  12.516  -26.395 0.0000000000
94712  28.763  13.069  -25.569 0.0000000000
94711  29.435  13.019  -25.098 0.0000000000
96914  29.734  14.222  -24.687 0.0000000000
96906  29.845  14.923  -24.573 0.0000000000
97968  29.635  15.525  -24.805 0.0000000000
97967  30.425  15.503  -24.288 0.0000000000
97966  31.324  15.764  -23.813 0.0000000000
99136  31.743  16.560  -23.805 0.0000000000
99134  32.861  17.160  -23.912 0.0000000000
100342  33.360  17.741  -24.345 0.0000000000
104373  24.574  21.362  -27.997 0.0000000000
106126  24.632  22.797  -27.805 0.0000000000
105270  24.691  22.104  -28.123 0.0000000000
104372  24.889  21.478  -28.403 0.0000000000
104371  25.322  21.786  -28.495 0.0000000000
105260  26.691  22.018  -27.996 0.0000000000
105259  27.513  22.177  -27.521 0.0000000000
85461  26.511  3.300  -28.074 0.0000000000
84454  26.865  2.443  -27.747 0.0000000000
85460  27.354  3.342  -27.352 0.0000000000
145352  28.596  3.551  -25.915 0.0000000000
86499  29.321  4.188  -25.316 0.0000000000
85433  30.082  3.532  -24.945 0.0000000000
86492  30.874  3.925  -24.512 0.0000000000
94722  22.381  12.368  -26.620 0.0000000000
94735  23.655  13.199  -27.348 0.0000000000
95802  23.396  14.234  -27.084 0.0000000000
96933  24.571  14.512  -27.461 0.0000000000
96932  25.083  14.432  -27.391 0.0000000000
97999  25.432  15.090  -27.506 0.0000000000
158018  27.376  -3.958  -22.895 0.0000000000
77213  27.998  -4.015  -22.449 0.0000000000
90748  30.664  8.714  -24.287 0.0000000000
90731  30.994  8.265  -23.992 0.0000000000
81267  23.426  -0.542  -25.303 0.0000000000
81268  22.971  -0.187  -25.163 0.0000000000
139448  24.094  0.370  -26.986 0.0000000000
83468  23.096  1.104  -26.348 0.0000000000
83479  24.601  1.596  -28.143 0.0000000000
83488  25.163  2.219  -28.452 0.0000000000
84470  25.621  2.819  -28.479 0.0000000000
85443  21.623  3.264  -25.010 0.0000000000
85453  22.792  3.506  -26.652 0.0000000000
86511  22.901  4.486  -26.755 0.0000000000
85463  23.206  3.236  -27.339 0.0000000000
84472  24.447  3.130  -28.457 0.0000000000
84471  25.036  3.002  -28.636 0.0000000000
84469  26.006  3.442  -28.464 0.0000000000
86521  26.230  4.082  -28.371 0.0000000000
86520  26.889  4.066  -27.826 0.0000000000
151882  27.266  4.759  -27.390 0.0000000000
87638  26.264  5.606  -28.375 0.0000000000
87637  26.977  5.511  -27.595 0.0000000000
87628  27.664  5.441  -26.762 0.0000000000
88732  28.146  6.164  -26.204 0.0000000000
89749  28.531  6.915  -25.707 0.0000000000
146775  28.932  7.714  -25.367 0.0000000000
90750  21.126  7.830  -23.715 0.0000000000
92724  23.107  10.760  -27.690 0.0000000000
153255  22.837  10.171  -27.553 0.0000000000
91722  23.369  10.081  -28.154 0.0000000000
93725  24.738  10.872  -28.365 0.0000000000
92735  23.925  10.094  -28.586 0.0000000000
91735  23.726  9.364  -28.373 0.0000000000
90778  23.555  8.640  -28.109 0.0000000000
142464  23.965  8.117  -28.236 0.0000000000
89781  24.434  7.935  -28.470 0.0000000000
89779  25.187  7.846  -28.765 0.0000000000
89767  26.029  7.826  -28.422 0.0000000000
90766  27.009  8.043  -27.079 0.0000000000
91710  27.456  9.483  -26.464 0.0000000000
150061  27.108  8.877  -26.847 0.0000000000
90749  30.033  8.566  -24.674 0.0000000000
91687  30.885  9.437  -24.167 0.0000000000
92672  31.779  10.230  -23.458 0.0000000000
92688  30.379  10.579  -24.451 0.0000000000
93677  31.418  10.806  -23.612 0.0000000000
93663  32.680  11.093  -22.710 0.0000000000
94710  29.945  13.055  -24.662 0.0000000000
95768  30.772  13.388  -23.779 0.0000000000
139956  32.570  14.914  -23.177 0.0000000000
95766  32.440  13.397  -22.785 0.0000000000
99176  24.348  16.613  -27.651 0.0000000000
99175  24.963  16.627  -27.791 0.0000000000
100366  25.411  17.404  -28.110 0.0000000000
152078  25.654  16.589  -27.775 0.0000000000
100364  26.951  17.192  -27.593 0.0000000000
100360  27.633  17.207  -26.910 0.0000000000
107785  27.247  25.354  -28.715 0.0000000000
107784  28.402  25.563  -28.650 0.0000000000
106136  27.948  23.693  -27.676 0.0000000000
105258  28.061  22.842  -27.406 0.0000000000
105251  28.375  21.986  -26.915 0.0000000000
106134  30.833  24.180  -27.364 0.0000000000
105250  29.022  22.501  -26.803 0.0000000000
104358  28.597  21.189  -26.508 0.0000000000
103455  28.528  20.211  -26.382 0.0000000000
104351  29.921  21.142  -25.798 0.0000000000
103445  29.170  20.049  -25.916 0.0000000000
102452  28.246  19.323  -26.491 0.0000000000
101423  28.787  18.758  -25.953 0.0000000000
100359  28.428  18.060  -26.159 0.0000000000
155938  28.283  17.391  -26.207 0.0000000000
100354  29.100  17.792  -25.643 0.0000000000
101414  29.911  18.201  -25.069 0.0000000000
103431  32.038  19.954  -24.830 0.0000000000
102429  31.553  19.129  -24.548 0.0000000000
101412  31.580  18.129  -24.314 0.0000000000
101411  32.871  18.506  -24.469 0.0000000000
101410  33.493  18.397  -24.729 0.0000000000
101420  34.490  18.294  -25.626 0.0000000000
101435  34.515  18.916  -27.531 0.0000000000
101427  34.814  18.527  -27.004 0.0000000000
100358  35.018  17.951  -26.032 0.0000000000
81266  24.168  -0.747  -25.738 0.0000000000
80221  24.850  -0.969  -26.032 0.0000000000
80209  26.218  -1.150  -26.190 0.0000000000
80219  26.376  -0.445  -26.899 0.0000000000
161878  27.492  -1.132  -25.991 0.0000000000
146302  28.726  -0.789  -25.544 0.0000000000
81254  29.364  -1.033  -25.104 0.0000000000
83460  28.444  1.328  -26.359 0.0000000000
84433  29.713  2.008  -25.481 0.0000000000
83459  29.209  1.289  -25.894 0.0000000000
82379  28.703  0.620  -26.245 0.0000000000
81253  30.115  -0.892  -24.906 0.0000000000
88696  31.556  6.582  -23.606 0.0000000000
81241  31.211  -1.066  -24.175 0.0000000000
81252  30.913  -0.746  -24.766 0.0000000000
81285  26.074  0.105  -27.591 0.0000000000
82392  23.540  0.515  -26.480 0.0000000000
82401  25.711  0.679  -27.975 0.0000000000
83477  26.035  1.441  -28.199 0.0000000000
84444  27.517  2.516  -27.130 0.0000000000
84458  23.341  2.714  -27.517 0.0000000000
85462  23.848  3.354  -28.030 0.0000000000
85476  24.448  3.676  -28.430 0.0000000000
87649  25.838  5.417  -28.583 0.0000000000
88755  25.119  6.164  -28.591 0.0000000000
89738  30.502  7.816  -24.351 0.0000000000
89778  25.572  7.602  -28.677 0.0000000000
89780  24.828  7.688  -28.682 0.0000000000
90730  31.620  8.218  -23.617 0.0000000000
90776  26.430  8.097  -27.834 0.0000000000
90777  26.074  8.605  -28.240 0.0000000000
90787  25.150  8.819  -28.735 0.0000000000
91733  24.782  9.454  -28.703 0.0000000000
92734  24.470  10.138  -28.656 0.0000000000
93664  32.015  10.940  -23.080 0.0000000000
93713  25.446  11.858  -27.821 0.0000000000
94698  30.440  12.743  -24.166 0.0000000000
95749  33.048  12.841  -21.861 0.0000000000
95793  28.458  13.695  -25.794 0.0000000000
99135  32.444  16.667  -23.695 0.0000000000
100341  34.146  17.917  -24.901 0.0000000000
100344  30.448  17.109  -24.601 0.0000000000
100357  35.219  17.854  -26.783 0.0000000000
102427  33.230  19.059  -24.869 0.0000000000
102450  34.395  19.091  -26.730 0.0000000000
102464  24.279  19.828  -27.829 0.0000000000
103432  31.173  19.982  -24.889 0.0000000000
103473  25.471  20.793  -28.569 0.0000000000
104348  32.189  21.350  -25.424 0.0000000000
104350  30.605  21.524  -25.705 0.0000000000
104353  24.954  21.579  -25.437 0.0000000000
105247  32.464  22.371  -26.317 0.0000000000
105268  25.752  22.378  -28.380 0.0000000000
106964  31.370  24.591  -27.831 0.0000000000
106969  25.521  24.454  -27.766 0.0000000000
142104  32.191  18.590  -24.387 0.0000000000
142900  34.033  17.286  -24.481 0.0000000000
149471  30.337  17.812  -24.728 0.0000000000
151143  26.049  4.719  -28.496 0.0000000000
153468  30.529  9.919  -24.372 0.0000000000
155430  30.207  1.645  -25.360 0.0000000000
158168  23.439  11.326  -27.704 0.0000000000
163936  24.898  22.026  -28.375 0.0000000000
164985  32.233  22.923  -26.665 0.0000000000
