#!ascii label  , from subject sub-LJ001 vox2ras=TkReg
1985
39669  29.839  -36.820  -8.950 0.8999999762
153551  29.250  -37.320  -9.146 0.8000000119
38396  30.804  -37.425  -10.499 0.8000000119
38422  29.098  -38.306  -11.105 0.6999999881
38448  29.925  -38.274  -11.928 0.8000000119
39649  29.182  -36.478  -8.455 0.8999999762
39680  31.535  -36.874  -10.276 1.0000000000
39702  31.996  -36.752  -11.029 1.0000000000
38421  30.746  -37.768  -11.420 0.8999999762
38447  30.723  -37.859  -12.228 0.8000000119
144262  30.331  -38.005  -12.908 0.8000000119
141327  31.090  -37.554  -12.831 0.8999999762
145756  29.390  -38.310  -13.000 0.8000000119
38488  29.621  -37.879  -14.753 0.6999999881
139766  28.580  -38.151  -14.795 0.6999999881
41007  28.679  -35.618  -8.190 0.8000000119
41005  30.449  -35.555  -8.701 0.8999999762
42365  28.180  -34.757  -8.438 0.8999999762
42384  25.701  -34.187  -9.150 0.8999999762
39666  31.883  -36.343  -9.780 0.8999999762
39701  32.498  -36.309  -11.020 1.0000000000
156056  31.615  -37.098  -12.674 0.8999999762
41089  32.650  -35.688  -13.253 1.0000000000
41090  32.117  -36.247  -13.814 0.8999999762
39751  31.483  -36.625  -14.342 0.8999999762
38487  30.442  -37.535  -14.370 0.8000000119
38504  29.090  -37.912  -15.487 0.6999999881
41004  31.315  -35.331  -8.805 0.8999999762
42363  29.939  -34.865  -8.746 0.8999999762
42380  29.502  -34.276  -8.951 0.8999999762
159688  28.165  -33.676  -9.633 0.8999999762
43641  26.304  -33.652  -9.776 0.8999999762
41021  32.461  -35.750  -9.688 0.8999999762
41059  32.909  -35.887  -11.402 1.0000000000
39765  31.279  -36.318  -15.114 0.8000000119
39752  30.883  -36.999  -14.780 0.8000000119
159599  30.051  -36.981  -16.112 0.8000000119
41132  30.194  -35.888  -16.990 0.8000000119
39787  29.261  -36.994  -17.032 0.8000000119
41149  28.988  -35.776  -17.955 0.8000000119
43638  29.440  -33.633  -9.479 0.8999999762
43662  27.054  -33.417  -10.571 0.8999999762
43684  26.830  -33.201  -11.537 0.8999999762
43620  32.297  -34.006  -8.600 0.8999999762
43660  28.851  -32.928  -10.865 0.8999999762
43683  27.780  -32.853  -12.015 0.8000000119
146409  25.517  -33.281  -12.235 0.8000000119
41003  32.129  -35.239  -8.953 0.8999999762
43682  28.314  -32.445  -12.274 0.6999999881
43702  27.145  -32.829  -12.597 0.6999999881
43703  26.279  -33.025  -12.973 0.6999999881
41020  33.269  -35.280  -10.007 0.8999999762
43719  27.072  -32.568  -13.576 0.6999999881
43734  25.949  -33.032  -14.734 0.6999999881
42401  33.803  -34.718  -10.520 1.0000000000
46154  26.633  -32.033  -14.440 0.6000000238
41038  33.401  -35.366  -10.904 1.0000000000
42419  33.775  -34.592  -12.053 1.0000000000
41079  33.264  -35.039  -12.785 1.0000000000
41100  32.439  -35.398  -14.091 1.0000000000
41101  31.864  -35.863  -14.615 0.8999999762
152189  32.899  -35.000  -13.595 1.0000000000
42461  32.106  -34.984  -14.850 0.8999999762
41115  31.549  -35.498  -15.350 0.8000000119
41131  30.758  -35.512  -16.452 0.8000000119
41147  30.503  -35.022  -17.070 0.8000000119
41148  29.772  -35.279  -17.610 0.8000000119
42522  29.713  -34.506  -18.069 0.8000000119
42506  30.287  -34.475  -17.600 0.8000000119
43799  29.743  -33.847  -18.513 0.8000000119
43623  30.078  -34.012  -8.984 0.8999999762
43639  28.864  -33.450  -10.037 0.8999999762
150928  31.259  -33.295  -8.542 0.8999999762
43637  29.920  -33.142  -9.422 0.8999999762
43659  29.297  -33.001  -10.149 0.8999999762
44857  29.175  -32.458  -10.820 0.8999999762
42360  32.441  -34.597  -8.816 0.8999999762
43718  27.672  -32.439  -13.105 0.6999999881
42378  33.541  -34.476  -9.632 0.8999999762
44897  28.105  -31.943  -13.097 0.6000000238
44899  27.201  -32.116  -13.947 0.6000000238
43658  34.116  -33.955  -10.191 1.0000000000
156991  25.293  -31.525  -15.528 0.5000000000
46156  25.195  -30.907  -14.937 0.5000000000
42418  34.022  -33.808  -12.280 1.0000000000
42437  33.627  -34.285  -12.787 1.0000000000
43717  33.204  -33.816  -13.987 1.0000000000
42448  32.744  -34.472  -14.261 1.0000000000
42478  32.303  -34.115  -15.073 0.8999999762
41130  31.233  -35.233  -15.963 0.8000000119
151230  31.902  -33.118  -15.954 0.8999999762
43760  31.598  -33.835  -16.246 0.8000000119
43761  31.183  -33.792  -16.922 0.8000000119
149156  31.772  -32.347  -16.349 0.8999999762
44961  31.261  -32.350  -17.097 0.8000000119
47402  31.433  -30.861  -16.783 0.8999999762
44962  30.763  -32.802  -17.707 0.8000000119
143723  30.051  -32.176  -18.979 0.8000000119
48660  30.126  -30.324  -18.634 0.8000000119
46227  30.124  -31.261  -18.932 0.8000000119
44841  29.581  -32.462  -10.078 0.8999999762
138708  31.989  -33.327  -8.401 0.8999999762
44826  32.408  -32.671  -8.142 0.8999999762
44870  29.069  -32.076  -11.272 0.6999999881
143903  28.458  -32.068  -12.473 0.8000000119
43635  33.758  -33.654  -9.362 0.8999999762
44825  33.385  -32.562  -8.375 0.8999999762
161711  28.034  -31.648  -12.726 0.6999999881
46136  27.116  -31.840  -13.934 0.6000000238
46137  26.401  -31.553  -14.229 0.6000000238
162375  27.420  -31.144  -12.364 0.6999999881
47337  26.609  -31.062  -12.770 0.6000000238
47361  25.623  -31.109  -14.299 0.5000000000
42400  34.189  -34.125  -11.251 1.0000000000
47350  25.729  -30.884  -13.309 0.5000000000
47351  24.830  -30.398  -13.899 0.5000000000
43681  34.314  -33.218  -11.657 1.0000000000
43716  33.601  -33.543  -13.256 1.0000000000
44911  33.254  -32.182  -14.228 1.0000000000
43731  33.252  -33.059  -14.086 1.0000000000
44926  32.292  -32.414  -15.595 0.8999999762
146820  33.585  -31.827  -13.648 1.0000000000
46153  32.694  -31.615  -14.988 0.8999999762
46172  32.068  -31.426  -16.055 0.8999999762
47377  32.371  -30.587  -15.450 0.8999999762
47378  31.861  -30.467  -16.145 0.8999999762
47403  31.027  -30.116  -17.275 0.8999999762
47425  30.610  -30.210  -17.937 0.8999999762
48601  31.854  -29.612  -15.693 0.8999999762
48622  31.397  -29.883  -16.556 0.8999999762
48642  30.043  -29.571  -18.075 0.8999999762
49788  30.253  -28.693  -16.504 0.8999999762
44828  30.667  -32.729  -8.801 0.8999999762
44840  30.060  -32.352  -9.421 0.8999999762
147507  29.719  -31.644  -9.771 0.8999999762
46087  30.401  -31.689  -8.812 0.8999999762
46088  29.935  -30.819  -9.094 1.0000000000
46104  29.034  -31.691  -11.065 0.8000000119
46086  31.810  -32.070  -7.870 0.8999999762
47323  28.613  -31.366  -11.296 0.6999999881
43634  34.302  -33.167  -9.834 0.8999999762
44824  34.177  -32.079  -8.718 0.8999999762
47311  28.083  -30.668  -10.893 0.6999999881
47324  26.524  -30.633  -11.801 0.6999999881
47325  25.683  -30.621  -12.183 0.5000000000
43657  34.407  -33.325  -10.737 1.0000000000
47338  24.678  -30.389  -12.755 0.5000000000
47339  23.857  -30.129  -13.088 0.5000000000
44869  34.494  -32.710  -11.171 1.0000000000
43700  34.376  -32.350  -11.887 1.0000000000
47335  34.427  -30.245  -12.119 1.0000000000
46123  34.024  -30.890  -12.756 1.0000000000
47347  33.355  -30.607  -13.925 1.0000000000
159816  33.667  -30.558  -13.323 1.0000000000
47336  33.841  -30.101  -12.883 1.0000000000
47348  32.992  -29.926  -14.205 0.8999999762
49770  31.389  -28.663  -15.393 0.8999999762
50921  28.560  -27.530  -19.350 0.6999999881
51991  27.892  -26.881  -18.768 0.8000000119
50922  27.365  -27.675  -19.898 0.8000000119
52002  25.118  -27.445  -20.121 0.8000000119
46085  32.794  -31.935  -7.769 0.8999999762
46077  32.099  -31.276  -7.511 1.0000000000
47292  31.146  -31.405  -8.010 1.0000000000
159882  30.122  -30.203  -8.651 1.0000000000
47297  29.248  -30.694  -9.766 0.6999999881
47310  28.822  -31.030  -10.591 0.6999999881
44838  34.426  -32.359  -9.576 0.8999999762
46084  33.697  -31.631  -8.012 0.8999999762
138953  27.360  -30.687  -11.440 0.6999999881
139171  34.734  -31.351  -10.922 1.0000000000
46103  34.684  -31.803  -10.265 0.8999999762
46091  34.633  -31.537  -9.360 0.8999999762
143149  23.779  -30.308  -12.140 0.4000000060
46122  34.450  -31.343  -11.844 1.0000000000
48564  33.532  -29.389  -13.089 1.0000000000
49733  32.590  -28.623  -13.794 1.0000000000
49732  33.151  -28.681  -13.229 1.0000000000
50907  25.324  -27.914  -18.145 0.8999999762
51988  31.148  -26.832  -17.919 0.6000000238
51990  29.091  -26.816  -18.360 0.6000000238
51975  28.457  -26.187  -17.872 0.8000000119
50923  26.517  -27.100  -19.555 0.8000000119
50938  24.835  -28.114  -20.377 0.8999999762
49808  25.609  -28.619  -19.221 0.8999999762
47290  33.998  -30.791  -7.679 0.8999999762
47291  33.135  -31.098  -7.448 0.8999999762
48515  28.816  -29.740  -9.322 0.8000000119
47298  28.391  -30.279  -9.991 0.6999999881
48528  26.727  -29.821  -10.175 0.6999999881
151274  25.878  -29.791  -10.311 0.6000000238
48542  23.706  -30.099  -11.152 0.4000000060
47308  34.951  -30.911  -10.162 1.0000000000
47322  34.811  -30.622  -11.179 1.0000000000
48553  34.546  -29.470  -11.982 1.0000000000
152648  34.341  -28.853  -12.168 1.0000000000
149916  33.721  -28.755  -12.660 1.0000000000
49722  33.310  -28.060  -12.787 1.0000000000
50833  32.928  -27.407  -12.890 1.0000000000
50879  26.745  -27.044  -16.407 0.8999999762
53034  26.312  -25.914  -15.807 0.8999999762
51947  25.938  -26.674  -16.417 0.8999999762
51993  24.389  -27.030  -19.071 0.8999999762
152444  24.253  -26.756  -18.176 0.8999999762
54140  32.457  -24.833  -17.494 0.6000000238
139524  31.483  -26.094  -17.421 0.6000000238
51973  30.537  -26.143  -17.473 0.6000000238
51974  29.540  -26.191  -17.602 0.8000000119
51976  27.193  -26.225  -18.445 0.8000000119
52003  24.380  -27.701  -20.008 0.8999999762
47277  32.410  -30.440  -7.217 0.8999999762
47278  31.345  -30.432  -7.656 0.8999999762
48508  29.991  -29.564  -8.512 0.6999999881
48489  31.874  -29.677  -7.248 0.8999999762
48490  31.111  -29.495  -7.681 0.8999999762
48516  27.951  -29.466  -9.495 0.6000000238
47289  34.602  -30.414  -8.204 1.0000000000
48504  34.941  -29.639  -8.214 1.0000000000
48505  34.218  -29.774  -7.513 1.0000000000
49686  27.503  -28.644  -9.228 0.6000000238
151659  25.434  -29.083  -9.873 0.5000000000
160672  35.210  -30.136  -9.622 1.0000000000
47296  34.843  -30.739  -9.098 1.0000000000
144708  35.465  -29.399  -9.933 1.0000000000
47307  35.191  -30.038  -10.531 1.0000000000
146968  34.869  -29.770  -11.378 1.0000000000
49710  34.646  -28.392  -11.817 1.0000000000
49721  34.013  -28.076  -12.265 1.0000000000
50832  33.547  -27.526  -12.586 1.0000000000
51903  33.459  -26.816  -12.716 1.0000000000
137079  32.184  -26.192  -13.346 1.0000000000
50845  31.578  -27.140  -13.703 1.0000000000
162129  30.665  -26.194  -13.917 1.0000000000
50846  30.756  -26.864  -14.081 1.0000000000
51930  30.012  -26.363  -14.264 1.0000000000
51931  29.246  -26.603  -14.591 0.8999999762
50862  29.968  -27.020  -14.586 0.8999999762
151111  26.807  -26.449  -15.894 0.8999999762
51960  24.917  -26.974  -17.415 0.8999999762
53088  24.250  -25.954  -19.007 0.8999999762
54157  34.424  -23.787  -18.276 0.6000000238
54158  33.737  -24.152  -18.024 0.6000000238
54141  31.386  -24.621  -17.577 0.6000000238
53071  30.928  -25.366  -17.298 0.6000000238
53074  27.800  -25.453  -17.799 0.8000000119
53075  26.398  -25.545  -18.457 0.8000000119
48488  32.641  -29.732  -7.074 0.8999999762
165017  30.383  -28.584  -8.024 0.6999999881
49679  28.459  -28.754  -8.923 0.6000000238
49675  34.770  -28.968  -7.679 0.8999999762
49687  26.675  -28.564  -9.412 0.6000000238
48518  26.243  -29.208  -9.719 0.5000000000
48513  35.284  -29.492  -9.044 1.0000000000
49696  35.699  -28.607  -10.226 1.0000000000
49685  35.592  -28.742  -9.262 0.8999999762
48541  35.259  -29.207  -10.812 1.0000000000
49709  35.282  -28.359  -11.210 1.0000000000
50817  34.725  -27.792  -11.828 1.0000000000
51902  34.406  -26.601  -12.527 1.0000000000
52986  33.933  -26.087  -13.006 1.0000000000
53000  33.593  -25.441  -13.493 1.0000000000
51912  33.027  -26.117  -13.171 1.0000000000
155109  31.770  -25.737  -13.625 1.0000000000
53016  30.287  -25.596  -14.196 1.0000000000
148068  29.013  -24.827  -14.861 1.0000000000
53019  27.775  -25.474  -15.180 0.8999999762
53020  27.079  -25.423  -15.497 0.8999999762
51948  25.205  -26.168  -16.497 0.8999999762
54123  23.784  -24.694  -17.426 0.8999999762
55308  33.499  -23.579  -18.574 0.6000000238
54159  32.975  -24.107  -18.101 0.6000000238
54142  30.403  -24.601  -17.557 0.6000000238
54162  29.812  -23.954  -18.026 0.6999999881
54144  28.345  -24.633  -17.769 0.6999999881
54145  27.141  -24.649  -18.109 0.6999999881
53076  24.775  -25.880  -19.143 0.8000000119
54166  24.017  -24.966  -19.391 0.8999999762
55330  35.429  -23.055  -19.794 0.6000000238
139439  26.519  -24.162  -18.780 0.6999999881
54165  25.639  -24.882  -18.832 0.8000000119
49678  29.257  -28.408  -8.488 0.6999999881
50775  27.859  -27.920  -8.847 0.6000000238
50771  33.907  -27.863  -7.183 0.8999999762
149624  32.326  -28.901  -7.147 0.8000000119
143593  31.885  -27.301  -7.221 0.6999999881
49674  35.294  -28.897  -8.372 0.8999999762
158472  34.539  -28.283  -7.451 0.8000000119
140698  35.613  -28.141  -8.542 0.8000000119
157384  36.343  -27.251  -10.071 0.8999999762
50792  36.064  -27.870  -9.456 0.8000000119
50816  35.497  -27.522  -11.394 1.0000000000
51901  35.361  -26.319  -12.414 1.0000000000
162751  34.681  -26.012  -12.815 1.0000000000
52999  34.492  -25.512  -13.288 1.0000000000
54070  33.271  -24.659  -14.007 1.0000000000
54072  31.755  -25.106  -13.980 1.0000000000
53002  31.089  -25.642  -13.867 1.0000000000
151630  29.874  -24.819  -14.621 1.0000000000
54091  28.247  -24.779  -15.182 0.8999999762
142621  27.073  -24.040  -15.910 0.8999999762
54109  26.447  -24.902  -15.796 0.8999999762
55268  24.257  -24.172  -17.074 0.8999999762
54160  31.931  -23.827  -18.218 0.6000000238
54163  28.821  -24.021  -18.123 0.6999999881
54146  23.350  -24.610  -18.312 0.8999999762
55353  35.421  -22.938  -20.872 0.6000000238
55331  34.579  -23.071  -19.698 0.6000000238
55313  28.224  -23.661  -18.743 0.6999999881
55315  25.028  -24.291  -19.665 0.6999999881
152661  30.659  -28.036  -7.790 0.6999999881
50773  29.360  -27.611  -8.285 0.6000000238
51831  33.887  -26.923  -7.160 0.8000000119
49653  32.358  -28.009  -7.159 0.8000000119
51832  31.353  -26.572  -7.438 0.6999999881
50772  30.152  -27.269  -7.956 0.6999999881
139168  35.415  -26.914  -7.812 0.6999999881
50770  34.743  -27.493  -7.473 0.8000000119
50791  36.456  -26.787  -9.229 0.6999999881
51875  36.705  -26.498  -10.274 0.6999999881
52971  36.886  -25.810  -11.561 0.8000000119
52984  36.698  -25.387  -12.370 0.8000000119
52985  35.948  -25.757  -12.591 0.8000000119
54053  35.993  -25.186  -13.040 0.8000000119
139335  35.272  -25.618  -12.932 0.8999999762
52998  35.182  -24.994  -13.512 0.8999999762
154228  34.039  -24.158  -14.271 1.0000000000
54088  32.661  -24.158  -14.450 1.0000000000
55243  30.300  -24.004  -14.943 1.0000000000
55263  29.770  -23.382  -15.435 1.0000000000
55241  32.097  -23.693  -14.882 1.0000000000
55242  31.205  -23.853  -14.864 1.0000000000
54090  29.459  -24.079  -15.091 1.0000000000
55264  28.483  -23.406  -15.765 1.0000000000
54108  27.950  -24.029  -15.584 0.8999999762
55266  26.118  -24.062  -16.327 0.8999999762
55281  25.600  -23.439  -16.826 0.8999999762
139067  33.846  -22.918  -20.071 0.6000000238
159241  33.050  -23.016  -19.445 0.6000000238
55310  31.083  -23.348  -18.945 0.6000000238
55311  30.133  -23.490  -18.773 0.6999999881
56439  24.048  -23.262  -18.007 0.8999999762
55316  23.857  -23.763  -19.868 0.8999999762
144143  28.493  -23.533  -19.598 0.6999999881
55314  27.164  -23.740  -19.211 0.6999999881
55338  25.021  -23.415  -20.178 0.8999999762
55339  24.482  -22.684  -20.240 0.8999999762
144539  33.147  -26.290  -7.128 0.6999999881
142721  32.232  -26.466  -7.232 0.6000000238
52910  30.765  -25.958  -7.696 0.6000000238
51848  28.631  -26.550  -8.454 0.6000000238
51845  35.269  -25.995  -7.760 0.6999999881
52908  32.524  -25.657  -7.435 0.6000000238
51844  36.023  -26.423  -8.295 0.6999999881
51866  36.833  -25.948  -9.508 0.6999999881
52962  37.122  -25.703  -10.216 0.6999999881
54052  36.666  -24.764  -12.961 0.8000000119
54068  36.050  -24.430  -13.645 0.8000000119
54086  34.948  -24.224  -14.117 0.8000000119
161307  34.443  -23.809  -14.423 0.8000000119
54087  33.370  -23.976  -14.457 1.0000000000
55239  33.922  -23.423  -14.739 0.8000000119
55261  31.522  -23.177  -15.353 1.0000000000
55262  30.622  -23.259  -15.361 1.0000000000
151754  29.108  -23.525  -15.488 1.0000000000
56403  30.947  -22.629  -15.816 1.0000000000
56404  30.043  -22.754  -15.851 1.0000000000
56405  29.131  -22.911  -15.929 1.0000000000
153632  28.068  -22.446  -16.745 1.0000000000
56423  27.252  -22.666  -16.710 1.0000000000
55280  26.651  -23.325  -16.433 0.8999999762
55309  32.022  -23.102  -19.182 0.6000000238
155103  25.006  -22.963  -17.483 0.8999999762
55354  34.556  -22.948  -20.644 0.6000000238
55356  33.019  -22.886  -20.654 0.6000000238
55333  31.223  -23.073  -19.961 0.6999999881
164835  24.486  -22.594  -18.223 0.8999999762
55334  30.337  -23.252  -19.749 0.6999999881
55336  27.465  -23.546  -20.273 0.6999999881
55362  25.325  -22.494  -20.601 0.8999999762
52921  30.110  -25.484  -8.071 0.5000000000
52906  34.388  -25.630  -7.495 0.6000000238
53975  32.763  -25.041  -7.728 0.5000000000
145439  35.864  -25.474  -8.228 0.6999999881
52919  35.011  -25.044  -7.768 0.6999999881
150388  36.479  -25.014  -8.797 0.6999999881
52938  37.393  -24.989  -10.362 0.6999999881
52939  37.081  -25.144  -9.534 0.6999999881
54051  37.438  -24.589  -12.435 0.6999999881
55222  36.625  -23.717  -13.957 0.8000000119
55238  35.727  -23.682  -14.292 0.8000000119
56379  35.575  -22.931  -14.853 0.8000000119
141188  34.864  -23.480  -14.578 0.8000000119
56398  35.117  -22.391  -15.494 0.8000000119
56399  34.299  -22.435  -15.614 0.8000000119
56401  32.769  -22.578  -15.748 0.8999999762
55260  32.411  -23.089  -15.323 1.0000000000
56400  33.551  -22.495  -15.688 0.8000000119
56418  32.368  -22.244  -16.338 0.8999999762
56402  31.890  -22.636  -15.838 1.0000000000
56420  30.367  -22.304  -16.402 1.0000000000
56421  29.523  -22.429  -16.397 1.0000000000
56436  27.504  -22.210  -17.407 1.0000000000
56437  26.437  -22.263  -17.664 0.8999999762
56424  26.069  -22.805  -17.104 0.8999999762
57580  25.586  -21.848  -18.636 0.8999999762
57579  26.726  -21.805  -18.347 0.8999999762
57593  24.943  -21.833  -19.601 0.8999999762
55355  33.725  -22.925  -20.971 0.6000000238
55332  32.132  -22.917  -20.273 0.6000000238
55359  29.625  -23.357  -20.522 0.6999999881
55361  26.579  -22.634  -20.716 0.8000000119
56473  25.319  -22.104  -20.722 0.8999999762
55386  34.234  -23.211  -22.601 0.6000000238
55377  30.667  -23.093  -21.321 0.6999999881
56470  28.758  -23.258  -21.044 0.6999999881
162020  25.791  -22.108  -20.827 0.8000000119
57602  25.368  -21.766  -20.255 0.8999999762
157181  28.135  -22.727  -21.277 0.6999999881
56472  26.340  -21.999  -20.986 0.8999999762
53973  34.075  -24.783  -7.733 0.5000000000
53994  32.615  -24.396  -8.216 0.5000000000
53991  35.602  -24.505  -8.343 0.6999999881
53993  33.516  -24.266  -8.162 0.5000000000
53990  36.228  -24.214  -8.774 0.6999999881
54005  37.374  -24.331  -9.891 0.6999999881
54006  36.821  -24.314  -9.232 0.6999999881
54030  37.694  -24.345  -10.701 0.6999999881
55208  38.100  -23.931  -12.068 0.6999999881
55236  37.748  -22.918  -13.930 0.6999999881
55221  37.471  -23.510  -13.625 0.6999999881
56378  36.546  -22.678  -14.797 0.8000000119
56397  36.013  -22.299  -15.401 0.8000000119
57557  34.715  -21.940  -16.039 0.8000000119
56417  33.165  -22.164  -16.207 0.8000000119
57559  32.177  -21.844  -16.982 0.8999999762
56419  31.387  -22.176  -16.497 1.0000000000
57561  29.778  -22.057  -16.982 1.0000000000
57562  29.105  -22.183  -16.889 1.0000000000
140887  34.339  -21.643  -16.624 0.8000000119
57574  33.018  -21.484  -17.340 0.8000000119
57560  30.652  -21.885  -17.053 0.8999999762
57576  30.047  -21.655  -17.690 1.0000000000
57577  29.009  -21.805  -17.636 1.0000000000
57588  30.409  -21.281  -18.450 0.8999999762
57590  28.328  -21.429  -18.677 1.0000000000
57578  27.870  -21.802  -17.996 1.0000000000
57591  27.118  -21.428  -18.998 1.0000000000
57601  26.398  -21.415  -20.008 0.8999999762
55357  31.321  -23.102  -20.967 0.6999999881
57600  27.590  -21.130  -19.851 0.8999999762
55375  33.150  -23.117  -21.660 0.6000000238
55389  32.063  -23.141  -22.236 0.6000000238
57607  26.903  -21.592  -20.719 0.8999999762
55376  31.338  -23.053  -21.721 0.6999999881
55378  29.787  -23.091  -21.265 0.6999999881
56507  29.604  -22.235  -21.931 0.6999999881
56490  27.988  -22.055  -21.484 0.6999999881
57618  27.950  -21.339  -21.749 0.8000000119
57617  28.616  -21.786  -21.866 0.6999999881
58738  27.834  -21.092  -21.555 0.8000000119
58746  28.350  -20.468  -22.037 0.8999999762
57633  28.433  -21.053  -22.221 0.6999999881
53992  34.627  -24.346  -8.151 0.6000000238
162648  34.055  -24.284  -8.138 0.5000000000
55153  37.115  -23.669  -9.547 0.6999999881
55141  35.767  -23.819  -8.670 0.5000000000
55195  38.317  -23.285  -11.746 0.6999999881
55179  37.668  -23.471  -10.276 0.6999999881
55207  38.357  -23.200  -12.472 0.6999999881
55178  38.172  -22.924  -11.047 0.6999999881
55220  38.183  -23.091  -13.299 0.6999999881
56364  38.357  -22.330  -13.854 0.6999999881
56377  37.523  -22.437  -14.562 0.6999999881
57537  37.710  -21.797  -15.097 0.6999999881
56396  36.900  -22.066  -15.230 0.6999999881
57538  36.421  -21.687  -15.837 0.8000000119
57539  35.558  -21.845  -15.970 0.8000000119
57556  36.029  -21.346  -16.511 0.8000000119
57572  34.741  -21.284  -17.120 0.8000000119
57573  33.993  -21.365  -17.265 0.8000000119
57571  35.587  -20.963  -17.281 0.8000000119
58710  34.096  -20.455  -18.472 0.8000000119
57587  32.040  -21.370  -17.786 0.8000000119
58713  31.391  -21.049  -18.636 0.8999999762
58725  30.367  -20.601  -19.680 0.8999999762
57589  29.441  -21.406  -18.472 1.0000000000
59885  33.662  -20.081  -19.081 0.8000000119
58722  32.835  -20.322  -19.145 0.8000000119
57599  28.849  -21.097  -19.400 1.0000000000
58726  29.444  -20.651  -19.948 1.0000000000
55388  32.701  -23.179  -22.715 0.6000000238
58727  28.394  -20.713  -20.377 1.0000000000
57630  31.198  -22.210  -22.642 0.6999999881
57631  30.603  -21.699  -22.621 0.6999999881
58728  27.650  -21.061  -20.875 0.8999999762
58737  28.317  -20.440  -21.354 1.0000000000
58753  29.883  -21.138  -22.542 0.6999999881
58754  29.068  -20.675  -22.590 0.8000000119
58755  28.637  -20.279  -22.427 0.8000000119
161284  38.571  -22.433  -11.873 0.6999999881
57472  38.565  -21.362  -11.574 0.6999999881
56353  38.695  -22.440  -12.902 0.6999999881
57517  38.713  -21.553  -14.222 0.6999999881
57536  38.363  -21.394  -14.953 0.6999999881
163813  37.946  -21.322  -15.495 0.6999999881
57555  36.898  -21.136  -16.289 0.6999999881
57554  37.741  -20.963  -16.034 0.6999999881
58684  36.577  -20.787  -17.004 0.8000000119
58709  34.851  -20.270  -18.472 0.8000000119
58708  35.634  -20.318  -18.161 0.8000000119
59884  34.501  -19.878  -18.984 0.8000000119
59905  31.708  -20.051  -19.991 0.8999999762
58724  31.178  -20.571  -19.453 0.8999999762
59896  32.447  -20.010  -19.671 0.8000000119
161610  31.235  -19.850  -20.351 0.8999999762
58735  30.057  -20.188  -20.384 0.8999999762
56504  32.199  -22.941  -22.659 0.6000000238
61084  31.189  -18.913  -21.096 0.8999999762
61085  30.341  -19.000  -21.361 0.8999999762
58736  29.102  -20.216  -20.769 1.0000000000
56538  33.172  -22.516  -23.818 0.6000000238
59908  28.981  -19.698  -21.521 0.8999999762
57652  30.558  -21.028  -22.887 0.6999999881
61087  28.996  -19.004  -22.113 0.8999999762
59933  28.982  -19.004  -23.387 0.8000000119
59923  28.691  -19.662  -22.575 0.8999999762
61099  27.721  -18.057  -22.973 0.8000000119
57489  38.905  -21.588  -12.491 0.6999999881
58635  39.143  -21.027  -13.855 0.6999999881
58666  38.482  -20.754  -15.525 0.6999999881
58683  37.441  -20.546  -16.700 0.6999999881
59861  37.977  -19.878  -16.979 0.6999999881
58696  37.157  -20.106  -17.478 0.6999999881
59895  33.154  -19.661  -19.637 0.8000000119
61083  31.979  -18.761  -20.775 0.8000000119
158717  32.682  -18.605  -20.555 0.8000000119
150314  32.376  -18.066  -21.016 0.8000000119
59907  29.755  -19.635  -21.067 0.8999999762
56523  31.916  -22.485  -22.895 0.6000000238
61095  31.587  -18.170  -21.266 0.8000000119
62357  31.116  -17.475  -21.513 0.8999999762
61097  29.935  -18.262  -21.722 0.8999999762
61086  29.532  -19.008  -21.698 0.8999999762
57650  32.398  -22.155  -23.469 0.6000000238
57651  31.450  -21.550  -23.158 0.6999999881
62360  28.724  -17.539  -22.372 0.8999999762
59932  29.704  -19.440  -23.442 0.6999999881
158777  28.314  -18.228  -22.611 0.8000000119
61142  28.404  -17.923  -23.642 0.6999999881
62384  27.220  -17.316  -23.048 0.8000000119
58634  39.320  -20.256  -13.984 0.6999999881
59844  38.878  -19.985  -15.816 0.6999999881
59860  38.659  -19.557  -16.502 0.6999999881
144028  34.041  -19.378  -19.534 0.8000000119
61075  33.433  -18.802  -20.144 0.8000000119
62346  32.762  -17.331  -21.116 0.8000000119
63488  31.418  -16.668  -21.506 0.8000000119
62358  30.281  -17.500  -21.744 0.8999999762
63489  29.658  -16.626  -21.991 0.8999999762
58784  31.755  -20.678  -23.732 0.6000000238
162932  29.072  -17.095  -22.233 0.8999999762
59942  31.336  -19.722  -23.893 0.6999999881
59943  30.540  -19.063  -23.852 0.6999999881
63490  28.333  -16.734  -22.309 0.8999999762
62399  28.767  -17.250  -24.028 0.6999999881
63530  27.280  -16.598  -23.465 0.8000000119
64580  26.488  -15.902  -22.625 0.8000000119
64610  27.824  -15.819  -23.814 0.6999999881
63517  26.584  -16.108  -23.208 0.8000000119
63502  26.767  -16.717  -22.947 0.8000000119
64611  26.881  -15.339  -23.498 0.8000000119
59830  39.363  -19.534  -14.508 0.6999999881
59843  39.239  -19.668  -15.211 0.6000000238
58783  32.501  -20.767  -24.141 0.6000000238
64565  30.715  -16.004  -21.661 0.8000000119
64549  29.523  -15.034  -21.596 0.8999999762
64567  28.709  -15.737  -21.902 0.8999999762
164511  32.090  -20.069  -24.158 0.6000000238
64551  27.737  -15.167  -21.835 0.8999999762
61124  29.689  -18.548  -23.824 0.8000000119
64568  26.696  -15.233  -22.155 0.8999999762
64581  26.106  -15.285  -22.791 0.8000000119
137925  28.732  -15.971  -24.124 0.6999999881
65677  26.257  -14.581  -23.237 0.8000000119
65644  26.044  -14.355  -22.647 0.8000000119
142810  31.390  -18.716  -24.351 0.6999999881
64548  30.498  -15.109  -21.536 0.8000000119
151868  30.648  -17.415  -24.516 0.5000000000
63528  30.036  -16.298  -24.407 0.6000000238
62398  29.785  -17.138  -24.351 0.6999999881
65630  27.116  -14.636  -21.877 0.8000000119
65676  29.621  -15.243  -24.029 0.6000000238
65665  28.272  -14.386  -23.773 0.6000000238
65666  27.127  -14.257  -23.649 0.6999999881
66782  26.173  -13.015  -23.242 0.8000000119
64569  26.206  -15.047  -22.501 0.8000000119
66771  27.839  -13.445  -23.715 0.6000000238
65621  29.256  -14.317  -21.559 0.8000000119
67838  28.516  -12.649  -21.542 0.8000000119
66731  27.870  -13.336  -21.662 0.8999999762
142752  30.800  -16.115  -24.468 0.6000000238
67859  26.003  -12.382  -22.947 0.8000000119
66738  26.213  -13.159  -22.297 0.8000000119
66737  26.818  -13.179  -21.925 0.8000000119
66772  26.861  -13.166  -23.619 0.6000000238
66730  29.067  -13.460  -21.477 0.8000000119
67839  27.471  -12.588  -21.787 0.8000000119
64595  30.235  -14.942  -23.838 0.6000000238
65664  29.353  -14.468  -23.750 0.6000000238
67848  26.171  -12.500  -22.605 0.8000000119
66770  28.731  -13.743  -23.658 0.6000000238
69023  26.342  -11.686  -23.216 0.6999999881
164729  27.115  -12.037  -22.022 0.8000000119
69020  28.505  -11.709  -23.876 0.6000000238
69037  26.933  -11.297  -23.803 0.6000000238
70250  26.971  -10.401  -23.921 0.6999999881
152831  30.374  -13.169  -23.421 0.6000000238
67879  29.563  -12.497  -23.616 0.6000000238
154377  30.445  -11.946  -21.417 0.8000000119
65662  31.029  -14.673  -23.501 0.6000000238
67837  29.527  -12.622  -21.392 0.8000000119
64593  31.705  -15.280  -23.584 0.5000000000
70213  27.544  -10.814  -22.750 0.8000000119
68990  28.304  -11.306  -22.058 0.8000000119
66768  31.198  -13.713  -23.247 0.6000000238
65663  30.281  -14.091  -23.456 0.6000000238
162289  27.062  -9.914  -23.975 0.6000000238
66766  32.681  -14.069  -23.056 0.5000000000
158941  31.062  -12.850  -23.424 0.6000000238
67878  30.488  -12.268  -23.625 0.6000000238
69021  27.455  -10.897  -24.250 0.6000000238
154069  31.348  -12.152  -23.676 0.6000000238
69019  29.607  -11.539  -23.963 0.6000000238
69036  29.720  -10.884  -24.628 0.6000000238
70258  28.349  -9.752  -25.408 0.6000000238
70211  29.808  -10.863  -22.129 0.8000000119
68989  29.369  -11.320  -21.831 0.8000000119
68987  31.321  -11.364  -21.642 0.8000000119
70210  30.723  -10.767  -22.180 0.6999999881
70229  29.683  -10.282  -22.703 0.6999999881
67877  31.787  -12.911  -23.348 0.6000000238
71438  27.604  -9.218  -25.011 0.6000000238
71426  27.532  -9.449  -24.318 0.6000000238
70231  27.590  -10.129  -23.496 0.6999999881
151774  32.230  -12.138  -23.737 0.5000000000
70277  27.892  -9.119  -25.544 0.6000000238
69016  32.527  -11.424  -24.400 0.5000000000
69035  30.777  -10.941  -24.797 0.6000000238
70257  29.615  -10.263  -25.519 0.6000000238
69033  33.454  -11.404  -24.516 0.5000000000
70228  31.346  -10.452  -22.519 0.6999999881
70248  29.600  -9.704  -23.383 0.6000000238
71425  28.537  -9.185  -24.192 0.6000000238
70230  28.518  -9.793  -23.435 0.6000000238
72532  28.302  -8.641  -25.607 0.6000000238
71424  29.759  -9.308  -24.043 0.6000000238
69051  32.738  -10.815  -25.353 0.5000000000
70256  30.896  -10.504  -25.675 0.6000000238
70275  30.132  -9.812  -26.349 0.6000000238
152502  27.890  -8.894  -25.461 0.6000000238
72531  29.223  -8.485  -25.633 0.6000000238
70255  31.817  -10.536  -25.975 0.6000000238
136440  31.726  -10.173  -26.928 0.6000000238
69050  33.705  -10.841  -25.320 0.5000000000
145285  33.184  -10.612  -26.062 0.5000000000
70272  33.814  -10.600  -26.254 0.4000000060
70292  33.800  -10.445  -27.214 0.5000000000
160066  30.582  -10.154  -22.844 0.6000000238
158190  30.890  -9.457  -23.868 0.6000000238
70295  29.928  -9.155  -26.788 0.6000000238
71471  29.238  -8.752  -26.414 0.6000000238
72530  30.510  -8.582  -25.381 0.6000000238
70304  31.683  -9.733  -27.569 0.6000000238
71482  31.622  -9.274  -27.931 0.6000000238
145883  33.131  -10.454  -26.940 0.5000000000
70293  32.428  -10.139  -27.431 0.6000000238
143110  33.845  -10.157  -27.908 0.5000000000
70271  34.490  -10.560  -26.471 0.4000000060
70291  34.516  -10.357  -27.362 0.4000000060
145164  30.464  -8.305  -27.315 0.6000000238
72554  29.849  -8.331  -26.280 0.5000000000
71435  31.301  -9.094  -24.490 0.5000000000
71423  31.927  -9.554  -23.746 0.5000000000
71470  30.161  -8.682  -27.051 0.6000000238
73685  30.479  -7.896  -26.903 0.5000000000
70303  32.470  -9.677  -28.007 0.6000000238
71481  33.213  -9.763  -28.216 0.5000000000
71479  34.736  -9.647  -28.375 0.4000000060
71434  32.356  -9.191  -24.381 0.4000000060
72574  31.465  -8.710  -28.156 0.6000000238
73709  31.143  -7.576  -27.815 0.5000000000
71492  33.283  -9.435  -28.473 0.4000000060
71494  32.207  -9.251  -28.323 0.6000000238
162988  31.988  -8.663  -28.450 0.6000000238
145516  31.394  -7.207  -27.916 0.4000000060
148121  34.411  -9.395  -28.530 0.4000000060
72584  34.600  -8.821  -28.706 0.4000000060
73697  31.614  -7.236  -27.713 0.4000000060
72585  33.309  -8.838  -28.651 0.4000000060
73708  31.557  -7.193  -28.162 0.4000000060
71490  35.101  -9.263  -28.530 0.4000000060
73719  32.906  -8.332  -28.683 0.4000000060
72527  33.917  -8.912  -25.183 0.4000000060
73683  32.773  -8.134  -26.559 0.4000000060
74908  31.841  -6.860  -28.084 0.4000000060
72591  35.143  -8.211  -28.868 0.4000000060
72592  34.265  -8.163  -28.888 0.4000000060
73729  33.709  -7.253  -29.167 0.4000000060
73730  32.894  -7.272  -28.877 0.4000000060
73682  33.919  -8.307  -26.314 0.4000000060
73696  33.164  -7.593  -27.150 0.4000000060
144965  32.285  -7.579  -27.243 0.4000000060
73727  35.805  -7.530  -29.051 0.3000000119
74915  33.014  -6.437  -28.750 0.4000000060
74907  32.628  -6.555  -28.291 0.4000000060
154419  34.790  -7.964  -26.388 0.4000000060
74899  33.299  -6.615  -27.754 0.4000000060
50937  26.069  -27.925  -20.393 0.8000000119
154140  25.847  -28.582  -19.821 0.8999999762
49792  26.241  -28.314  -18.105 0.8999999762
163795  26.393  -28.812  -19.355 0.8999999762
48644  28.485  -29.074  -18.884 0.8999999762
48578  32.532  -29.235  -14.300 0.8999999762
49748  32.152  -28.616  -14.317 1.0000000000
50844  32.265  -27.323  -13.315 1.0000000000
48624  30.003  -29.118  -17.288 0.8999999762
48602  31.105  -29.036  -16.200 0.8999999762
50877  30.185  -27.621  -15.170 0.8999999762
50861  31.258  -27.572  -14.308 1.0000000000
49790  28.282  -28.219  -17.022 0.8999999762
49771  30.612  -28.294  -15.726 0.8999999762
49772  29.729  -27.980  -15.953 0.8999999762
49750  30.979  -27.916  -15.012 1.0000000000
50864  28.527  -26.685  -15.043 0.8999999762
72553  30.957  -8.228  -26.116 0.4000000060
73684  31.512  -7.803  -26.905 0.4000000060
72552  32.188  -8.387  -25.891 0.4000000060
71433  33.333  -9.260  -24.360 0.4000000060
161256  30.501  -36.096  -8.759 0.8999999762
39726  31.856  -36.899  -12.193 1.0000000000
38503  29.871  -37.441  -15.561 0.8000000119
42383  26.688  -33.995  -8.917 0.8999999762
41039  32.834  -35.860  -10.551 1.0000000000
41116  31.042  -35.990  -15.843 0.8000000119
148467  32.802  -33.331  -8.497 0.8999999762
43732  32.776  -33.570  -14.588 0.8999999762
42479  31.692  -34.572  -15.660 0.8000000119
44943  31.126  -33.147  -17.220 0.8000000119
43798  30.289  -33.314  -18.182 0.8000000119
136938  34.018  -32.891  -12.570 1.0000000000
46209  31.200  -31.532  -17.183 0.8999999762
47445  30.516  -31.029  -18.225 0.8000000119
48643  29.171  -28.936  -17.946 0.8999999762
48661  29.445  -29.612  -18.829 0.8000000119
47360  32.869  -30.650  -14.622 0.8999999762
50893  28.787  -27.718  -16.196 0.8999999762
137114  31.062  -32.128  -8.317 0.8999999762
47293  30.545  -30.743  -8.375 1.0000000000
47312  26.508  -30.322  -10.867 0.6000000238
47326  24.684  -30.426  -11.758 0.4000000060
152183  33.431  -29.981  -13.550 1.0000000000
49749  31.617  -28.291  -14.635 0.8999999762
49833  28.062  -28.155  -20.161 0.6999999881
51992  24.613  -26.889  -19.507 0.8000000119
48506  33.339  -30.227  -7.241 0.8999999762
50894  26.498  -27.727  -17.226 0.8999999762
50919  30.732  -27.523  -18.666 0.6000000238
162430  24.334  -27.817  -19.626 0.8999999762
49677  29.894  -28.847  -8.347 0.6999999881
47314  24.568  -30.152  -10.916 0.4000000060
159545  27.678  -27.515  -16.486 0.8999999762
53052  24.173  -26.118  -17.392 0.8999999762
53089  23.532  -25.208  -18.750 0.8999999762
53072  29.982  -25.386  -17.352 0.6999999881
54143  29.419  -24.610  -17.633 0.6999999881
49654  31.528  -28.185  -7.398 0.8000000119
49676  34.039  -28.778  -7.234 0.8999999762
53001  32.566  -25.417  -13.649 1.0000000000
50863  29.228  -27.268  -15.225 0.8999999762
53018  28.496  -25.554  -14.807 0.8999999762
151340  28.042  -26.157  -14.993 0.8999999762
50878  28.389  -27.139  -15.668 0.8999999762
53035  24.790  -25.461  -16.581 0.8999999762
137953  35.126  -28.259  -7.844 0.8000000119
140515  28.209  -27.190  -8.645 0.5000000000
50802  35.932  -27.832  -10.566 1.0000000000
54110  25.476  -24.753  -16.316 0.8999999762
142772  35.926  -27.328  -8.497 0.6999999881
145270  36.963  -26.018  -10.853 0.8000000119
50801  36.186  -27.093  -10.891 0.8999999762
52972  36.282  -26.173  -12.062 0.8999999762
55335  29.463  -23.417  -19.611 0.6999999881
55317  23.450  -23.566  -19.512 0.8999999762
55337  26.217  -23.436  -20.366 0.8000000119
51846  30.029  -26.327  -7.934 0.6000000238
149998  33.891  -26.140  -7.247 0.8000000119
52909  31.627  -25.774  -7.556 0.6000000238
50769  36.474  -25.884  -8.823 0.6999999881
52970  37.334  -25.159  -11.684 0.6999999881
55240  32.949  -23.524  -14.831 1.0000000000
55279  28.252  -22.836  -16.269 1.0000000000
56447  24.301  -22.330  -19.658 0.8999999762
53976  32.015  -25.056  -7.926 0.6000000238
159083  29.223  -25.857  -8.265 0.5000000000
160680  37.526  -24.908  -11.050 0.6999999881
55259  33.248  -22.959  -15.235 0.8999999762
53995  31.595  -24.339  -8.409 0.5000000000
54066  37.864  -23.803  -12.882 0.6999999881
55237  37.054  -23.113  -14.258 0.8000000119
57592  25.913  -21.523  -19.339 0.8999999762
55142  35.011  -23.760  -8.521 0.6000000238
154339  34.040  -23.759  -8.478 0.5000000000
57575  31.440  -21.757  -17.207 0.8999999762
58698  34.650  -20.828  -17.820 0.8000000119
58711  33.256  -20.641  -18.537 0.8000000119
59916  28.660  -19.773  -22.064 0.8999999762
55156  34.514  -23.078  -8.886 0.5000000000
56296  36.987  -22.766  -9.583 0.6999999881
146813  37.253  -21.479  -15.653 0.6999999881
58697  36.311  -20.447  -17.641 0.8000000119
58723  32.013  -20.540  -19.283 0.8999999762
58734  30.895  -20.191  -20.116 0.8999999762
149405  28.959  -18.325  -23.668 0.8000000119
61126  27.711  -17.917  -23.230 0.8000000119
58649  38.972  -20.802  -14.654 0.6999999881
58682  38.243  -20.320  -16.305 0.6999999881
61074  34.477  -18.582  -19.898 0.8000000119
147929  27.900  -17.380  -22.567 0.8999999762
58648  39.221  -20.112  -14.706 0.6999999881
64566  29.837  -15.689  -21.770 0.8999999762
59817  39.368  -19.419  -13.786 0.6000000238
64597  27.777  -15.012  -23.790 0.6999999881
64550  28.689  -14.921  -21.653 0.8999999762
67893  26.612  -12.238  -23.532 0.6999999881
67880  28.623  -12.839  -23.647 0.6000000238
67881  27.482  -12.195  -23.778 0.6000000238
150397  26.778  -11.221  -22.876 0.8000000119
70259  27.528  -9.786  -24.809 0.6000000238
70212  28.692  -10.595  -22.571 0.6999999881
69018  30.657  -11.521  -24.075 0.6000000238
70276  28.784  -9.250  -26.226 0.6000000238
69034  31.779  -10.947  -25.034 0.6000000238
72551  33.179  -8.563  -25.782 0.4000000060
74928  33.953  -6.273  -29.266 0.4000000060
49806  28.031  -28.616  -18.078 0.8999999762
136946  24.019  -44.086  -6.110 0.4000000060
30975  22.999  -43.062  -6.266 0.4000000060
32143  22.205  -42.927  -6.454 0.4000000060
32151  25.641  -42.630  -7.209 0.4000000060
32142  22.681  -42.380  -6.689 0.4000000060
32153  21.789  -42.388  -6.940 0.4000000060
33244  26.322  -41.307  -8.027 0.3000000119
33226  24.218  -41.929  -6.734 0.4000000060
34560  26.057  -40.691  -9.673 0.4000000060
149849  25.380  -39.633  -11.066 0.4000000060
144421  25.538  -38.750  -12.122 0.4000000060
38475  25.913  -38.427  -13.524 0.4000000060
33227  23.247  -41.780  -6.905 0.5000000000
32152  22.355  -41.736  -7.204 0.4000000060
138274  26.018  -40.802  -7.497 0.4000000060
33247  23.844  -41.154  -7.115 0.4000000060
35806  26.445  -39.751  -9.262 0.5000000000
37100  25.823  -38.982  -10.759 0.4000000060
37148  26.118  -38.360  -12.467 0.4000000060
38452  26.612  -38.189  -13.097 0.5000000000
38490  26.986  -38.200  -14.573 0.5000000000
38506  27.230  -38.188  -15.210 0.6000000238
38507  26.554  -38.324  -15.191 0.5000000000
37189  26.164  -38.370  -15.851 0.6000000238
37204  26.207  -38.291  -16.689 0.4000000060
34521  23.417  -40.456  -7.496 0.5000000000
34523  22.051  -41.019  -7.773 0.5000000000
34543  21.553  -40.589  -8.295 0.5000000000
34544  20.847  -40.645  -8.736 0.5000000000
34519  25.908  -40.142  -7.434 0.6000000238
34520  24.468  -40.383  -7.224 0.6000000238
35791  26.465  -39.622  -8.339 0.5000000000
35770  26.140  -39.529  -7.746 0.6000000238
35823  26.351  -38.988  -9.891 0.5000000000
141264  26.784  -38.324  -11.089 0.5000000000
38451  26.933  -38.136  -12.448 0.4000000060
38473  27.362  -38.191  -13.291 0.6000000238
151820  27.356  -38.178  -14.105 0.6000000238
164573  28.350  -38.102  -15.336 0.6000000238
141424  28.580  -37.954  -16.077 0.6000000238
39807  28.657  -36.756  -17.613 0.6000000238
38523  27.865  -37.967  -16.700 0.6000000238
144398  27.511  -37.659  -17.495 0.6000000238
39808  27.634  -36.958  -18.041 0.6000000238
41151  27.344  -36.142  -18.495 0.6000000238
35774  22.928  -39.922  -7.937 0.5000000000
34542  22.176  -40.227  -8.155 0.5000000000
35794  21.482  -39.840  -8.678 0.5000000000
35795  20.788  -39.929  -9.123 0.5000000000
35771  25.553  -39.440  -7.441 0.6000000238
35772  24.683  -39.485  -7.409 0.6000000238
142601  26.833  -38.480  -9.578 0.6000000238
141672  26.790  -38.098  -8.576 0.6000000238
38384  27.688  -38.000  -9.834 0.6000000238
38450  27.766  -38.317  -12.368 0.6000000238
147858  28.355  -38.331  -13.161 0.6000000238
38521  29.386  -37.435  -16.299 0.6000000238
41150  28.137  -36.061  -18.236 0.6000000238
153074  27.906  -34.861  -19.109 0.6999999881
37073  22.600  -38.615  -8.541 0.6000000238
37074  21.804  -38.937  -8.911 0.5000000000
37086  21.437  -38.510  -9.665 0.5000000000
38343  25.857  -38.125  -7.650 0.6000000238
37051  24.024  -38.850  -7.692 0.6000000238
35792  23.148  -39.119  -8.015 0.6000000238
38388  21.811  -37.742  -9.922 0.5000000000
37102  20.544  -38.387  -11.087 0.5000000000
38449  28.768  -38.407  -12.163 0.6000000238
41169  28.503  -35.153  -18.541 0.6999999881
37072  23.385  -38.294  -8.127 0.6000000238
38371  22.877  -37.828  -8.749 0.6000000238
37085  22.140  -38.153  -9.171 0.6000000238
38344  25.102  -37.667  -7.636 0.6000000238
38386  23.151  -37.076  -9.014 0.6000000238
39672  22.719  -36.677  -9.674 0.6000000238
38402  21.599  -37.338  -10.688 0.6000000238
37127  21.038  -37.670  -11.312 0.6000000238
144614  25.081  -36.969  -7.814 0.6000000238
38453  21.030  -37.281  -12.135 0.5000000000
157352  27.799  -37.605  -8.863 0.6000000238
39728  21.543  -36.620  -12.266 0.6000000238
42524  28.468  -34.378  -19.070 0.6999999881
39655  23.842  -36.726  -8.572 0.6000000238
39682  22.857  -35.920  -9.935 0.6000000238
39653  25.413  -36.383  -7.983 0.6000000238
41010  24.906  -35.747  -8.478 0.6000000238
39671  23.370  -36.298  -9.283 0.6000000238
39683  22.017  -36.614  -10.831 0.6000000238
39703  21.981  -36.218  -11.600 0.6000000238
151300  26.601  -37.026  -7.884 0.6000000238
39727  22.036  -35.979  -12.447 0.6000000238
38366  27.796  -37.077  -8.242 0.6000000238
138802  30.038  -37.978  -10.755 0.6000000238
46228  29.704  -31.774  -19.562 0.6999999881
46242  29.382  -31.439  -20.049 0.6999999881
39652  26.275  -36.382  -7.869 0.6000000238
41026  23.618  -35.444  -9.623 0.6999999881
41040  23.084  -35.318  -10.343 0.6999999881
38365  28.487  -37.169  -8.607 0.6000000238
48662  29.072  -29.554  -19.551 0.6999999881
41024  25.249  -34.942  -8.716 0.6999999881
41008  27.692  -35.574  -8.035 0.6999999881
147413  25.762  -35.596  -8.154 0.6999999881
42386  24.135  -34.826  -9.702 0.6999999881
146790  23.899  -34.294  -11.006 0.6999999881
41060  23.034  -34.825  -11.148 0.6000000238
42421  23.508  -34.128  -11.858 0.6000000238
41081  22.579  -35.355  -12.775 0.5000000000
148069  26.660  -28.150  -20.019 0.8000000119
42367  26.171  -34.736  -8.421 0.6999999881
159982  25.266  -33.845  -10.091 0.6999999881
42402  24.678  -33.898  -10.895 0.6999999881
42449  23.600  -34.742  -13.963 0.5000000000
43686  25.018  -33.519  -11.552 0.6999999881
43705  24.059  -33.639  -12.635 0.6000000238
43722  23.731  -33.989  -13.361 0.6000000238
63487  32.284  -16.588  -21.285 0.6999999881
59882  36.531  -19.898  -18.132 0.6999999881
59883  35.327  -19.751  -18.813 0.6999999881
61081  34.008  -17.946  -20.440 0.6999999881
59873  37.790  -19.478  -17.525 0.6000000238
59881  37.277  -19.385  -18.044 0.6000000238
62345  33.545  -17.268  -20.836 0.6999999881
63474  33.104  -16.582  -21.088 0.6999999881
64564  31.715  -15.760  -21.372 0.6999999881
162137  31.093  -15.418  -21.484 0.6999999881
59872  38.447  -19.130  -17.183 0.6000000238
145984  36.660  -19.217  -18.618 0.6000000238
61073  35.394  -18.442  -19.651 0.6999999881
139339  34.324  -17.141  -20.592 0.6999999881
157933  38.961  -18.844  -16.670 0.6000000238
157208  32.690  -15.846  -21.116 0.6999999881
64547  31.398  -14.840  -21.339 0.6999999881
150223  30.069  -13.236  -21.337 0.6999999881
61056  38.023  -18.795  -17.829 0.6000000238
61065  37.385  -18.629  -18.478 0.6000000238
140766  36.379  -16.990  -19.676 0.6000000238
62344  34.966  -16.892  -20.429 0.6999999881
63473  33.805  -16.513  -20.793 0.6999999881
143877  32.322  -15.039  -21.063 0.6999999881
65618  32.040  -14.226  -21.052 0.6999999881
66729  30.945  -13.228  -21.283 0.6999999881
61064  38.119  -17.947  -18.223 0.6000000238
62325  37.172  -16.952  -19.203 0.5000000000
149483  35.624  -16.951  -20.127 0.6000000238
64545  34.649  -15.572  -20.427 0.5000000000
65617  32.795  -14.411  -20.763 0.6999999881
66727  32.726  -13.174  -20.733 0.6999999881
67835  31.395  -12.560  -21.192 0.6999999881
72573  38.678  -8.674  -28.270 0.3000000119
71487  37.881  -8.941  -28.431 0.3000000119
72583  35.532  -8.797  -28.673 0.3000000119
165038  23.305  -43.716  -5.998 0.4000000060
163215  21.536  -44.701  -5.636 0.3000000119
29784  20.582  -44.413  -5.976 0.4000000060
30972  25.353  -43.326  -6.926 0.3000000119
30977  20.528  -43.864  -6.371 0.4000000060
33283  25.795  -41.539  -9.608 0.4000000060
32154  20.803  -42.460  -7.373 0.4000000060
34574  25.360  -40.429  -10.637 0.4000000060
35856  24.971  -39.273  -12.351 0.4000000060
37150  24.745  -39.205  -13.077 0.4000000060
38491  26.233  -38.384  -14.422 0.5000000000
143047  25.424  -38.603  -16.278 0.4000000060
32166  20.192  -42.108  -8.086 0.4000000060
38543  26.636  -37.470  -17.989 0.5000000000
33285  20.094  -41.106  -9.090 0.5000000000
41171  26.743  -35.759  -19.073 0.6000000238
35808  20.482  -39.692  -9.756 0.5000000000
37087  20.681  -38.919  -10.221 0.5000000000
35825  20.080  -39.104  -10.965 0.5000000000
42538  27.752  -34.251  -19.554 0.6000000238
161135  20.032  -38.680  -11.630 0.5000000000
38454  20.665  -37.579  -12.741 0.4000000060
44999  29.026  -32.357  -19.889 0.6999999881
161690  21.715  -36.413  -12.953 0.5000000000
147426  29.309  -30.435  -20.137 0.6999999881
41091  22.802  -35.359  -13.806 0.5000000000
48677  29.031  -29.345  -20.098 0.8000000119
41102  23.341  -35.221  -14.501 0.5000000000
43736  24.451  -34.114  -14.322 0.6000000238
56314  37.630  -22.443  -10.324 0.6000000238
57473  38.150  -21.948  -10.952 0.6000000238
59859  39.232  -19.114  -15.914 0.6000000238
62314  38.624  -17.112  -17.846 0.5000000000
63451  37.687  -16.287  -18.785 0.5000000000
152365  36.314  -15.131  -19.724 0.5000000000
64544  35.432  -15.233  -20.131 0.5000000000
143896  33.780  -13.769  -20.505 0.5000000000
66726  33.505  -13.164  -20.563 0.5000000000
68986  32.230  -11.341  -21.548 0.5000000000
73706  40.256  -7.538  -28.133 0.3000000119
72579  38.910  -8.030  -28.637 0.3000000119
72582  36.529  -8.588  -28.677 0.3000000119
38383  28.458  -37.717  -9.488 0.6000000238
38399  27.508  -38.239  -10.779 0.6000000238
43663  26.061  -33.470  -10.685 0.8000000119
41168  29.219  -35.033  -18.146 0.6999999881
44982  29.347  -32.682  -19.365 0.6999999881
47446  29.650  -30.607  -19.464 0.6999999881
59893  35.921  -19.056  -19.147 0.6999999881
65620  30.076  -14.418  -21.511 0.6999999881
71489  36.005  -9.156  -28.522 0.3000000119
153517  26.921  -28.636  -19.544 0.8000000119
48695  29.462  -29.676  -20.906 0.6999999881
62336  34.986  -17.695  -20.210 0.6999999881
30974  23.897  -43.264  -6.236 0.4000000060
33245  25.746  -41.580  -7.252 0.4000000060
32181  26.160  -42.161  -8.509 0.3000000119
34518  26.287  -40.325  -7.856 0.5000000000
33248  21.508  -41.770  -7.563 0.5000000000
37165  25.554  -38.690  -14.336 0.3000000119
37205  25.316  -38.433  -17.266 0.4000000060
33270  19.785  -41.787  -8.750 0.5000000000
42450  23.149  -34.695  -13.111 0.6000000238
136835  33.368  -15.975  -20.906 0.6999999881
65619  31.265  -13.971  -21.299 0.6999999881
61072  36.132  -18.319  -19.447 0.6999999881
62334  36.633  -17.736  -19.381 0.6000000238
62335  35.870  -17.701  -19.768 0.6999999881
63472  34.493  -16.353  -20.554 0.6999999881
62326  37.358  -17.823  -18.864 0.6000000238
63471  35.233  -16.196  -20.308 0.6000000238
64546  33.932  -15.767  -20.645 0.6999999881
160348  32.515  -13.786  -20.805 0.6999999881
66728  31.882  -13.347  -21.032 0.6999999881
62324  37.923  -17.076  -18.561 0.5000000000
63459  37.180  -16.215  -19.218 0.5000000000
64535  36.080  -16.102  -19.856 0.5000000000
65616  33.555  -14.404  -20.566 0.5000000000
153463  33.147  -13.781  -20.617 0.5000000000
68968  32.680  -11.877  -21.085 0.5000000000
68969  31.805  -11.901  -21.234 0.6999999881
65605  35.849  -14.392  -19.916 0.5000000000
65614  35.116  -14.362  -20.212 0.5000000000
68967  33.581  -11.893  -20.943 0.5000000000
46259  29.228  -31.181  -20.639 0.6000000238
47475  29.392  -30.358  -20.723 0.6000000238
49846  30.283  -28.903  -21.074 0.5000000000
48713  29.768  -29.801  -21.433 0.6000000238
49832  28.889  -28.582  -20.241 0.6000000238
50918  32.265  -28.126  -18.967 0.5000000000
50933  31.329  -28.156  -19.288 0.5000000000
50935  29.192  -28.147  -19.784 0.6000000238
43749  25.657  -32.979  -15.464 0.5000000000
50936  28.078  -27.929  -20.108 0.6000000238
160836  32.958  -27.304  -17.906 0.5000000000
144881  31.701  -27.562  -18.438 0.5000000000
51970  33.762  -26.385  -17.325 0.5000000000
46173  25.579  -32.242  -15.592 0.4000000060
46174  24.971  -31.779  -16.312 0.4000000060
51972  32.164  -26.890  -17.720 0.5000000000
53068  34.168  -25.427  -17.222 0.5000000000
53069  33.202  -25.610  -17.344 0.5000000000
47379  24.636  -30.842  -15.707 0.4000000060
54138  34.318  -24.504  -17.610 0.5000000000
54139  33.475  -24.755  -17.583 0.5000000000
47362  24.469  -30.074  -14.905 0.4000000060
50793  27.051  -27.865  -9.147 0.4000000060
49688  25.910  -28.420  -9.587 0.4000000060
49697  25.169  -28.241  -9.845 0.4000000060
48530  24.161  -29.583  -10.512 0.3000000119
55144  32.113  -23.642  -8.750 0.4000000060
153847  30.678  -24.255  -8.492 0.4000000060
52922  28.315  -25.810  -8.603 0.4000000060
51849  27.887  -26.468  -8.741 0.4000000060
55159  31.700  -22.947  -9.212 0.4000000060
144436  26.595  -27.028  -9.387 0.4000000060
52940  27.884  -25.095  -8.959 0.4000000060
52941  27.122  -25.521  -9.277 0.4000000060
50795  25.726  -27.455  -9.718 0.4000000060
50803  24.994  -27.491  -10.059 0.4000000060
53996  30.228  -24.795  -8.334 0.4000000060
55146  29.786  -24.181  -8.594 0.4000000060
53997  29.534  -24.990  -8.422 0.4000000060
55158  32.604  -22.991  -9.135 0.4000000060
159991  30.321  -23.659  -8.747 0.4000000060
55161  29.680  -23.416  -8.992 0.4000000060
163724  29.100  -24.497  -8.650 0.4000000060
54007  29.019  -23.862  -8.896 0.4000000060
149119  27.842  -24.345  -9.257 0.4000000060
137976  26.462  -26.051  -9.521 0.4000000060
55163  27.383  -23.779  -9.642 0.4000000060
158417  26.087  -24.584  -10.114 0.4000000060
51868  25.923  -26.577  -9.763 0.4000000060
55155  35.450  -23.178  -8.903 0.4000000060
56301  32.120  -22.234  -9.535 0.4000000060
159560  30.988  -22.869  -9.257 0.4000000060
55160  30.383  -23.103  -9.143 0.4000000060
56298  35.006  -22.452  -9.225 0.4000000060
56300  33.087  -22.320  -9.432 0.4000000060
57436  30.706  -21.763  -9.831 0.4000000060
57437  29.860  -21.942  -9.806 0.4000000060
56304  28.928  -23.124  -9.360 0.4000000060
55162  28.270  -23.731  -9.298 0.4000000060
157438  27.991  -22.871  -9.745 0.4000000060
161229  26.718  -23.597  -10.046 0.4000000060
57445  37.427  -21.559  -10.360 0.5000000000
56315  37.036  -22.005  -9.945 0.5000000000
153652  35.916  -21.373  -9.804 0.5000000000
57432  34.586  -21.707  -9.546 0.4000000060
57433  33.588  -21.556  -9.694 0.4000000060
57434  32.623  -21.648  -9.749 0.4000000060
162463  32.061  -21.664  -9.771 0.4000000060
56316  28.900  -22.188  -9.788 0.4000000060
57446  36.623  -21.375  -10.018 0.5000000000
57448  34.282  -21.050  -9.873 0.4000000060
151456  32.003  -21.131  -10.038 0.4000000060
57450  31.060  -21.085  -10.122 0.4000000060
58575  35.947  -20.712  -10.198 0.4000000060
58576  34.994  -20.475  -10.283 0.4000000060
58577  34.154  -20.458  -10.274 0.4000000060
57449  32.909  -21.013  -10.058 0.4000000060
58580  31.497  -20.477  -10.472 0.4000000060
59776  36.039  -19.395  -11.040 0.4000000060
59777  35.098  -19.345  -11.110 0.4000000060
59778  34.176  -19.314  -11.171 0.4000000060
59753  33.707  -19.856  -10.721 0.4000000060
59779  33.261  -19.320  -11.241 0.4000000060
144642  37.861  -20.000  -11.184 0.5000000000
60955  34.655  -18.718  -11.590 0.4000000060
60956  33.732  -18.704  -11.638 0.4000000060
60957  32.803  -18.698  -11.675 0.3000000119
57488  39.205  -20.763  -13.097 0.5000000000
59750  36.462  -20.078  -10.631 0.5000000000
59751  35.526  -19.949  -10.608 0.4000000060
59752  34.606  -19.883  -10.669 0.4000000060
58578  33.261  -20.419  -10.387 0.4000000060
59755  31.915  -19.882  -10.843 0.4000000060
59754  32.807  -19.867  -10.797 0.4000000060
59799  38.542  -19.122  -12.307 0.5000000000
59800  37.688  -19.089  -11.672 0.5000000000
60954  35.593  -18.740  -11.533 0.4000000060
60981  35.128  -18.174  -12.104 0.4000000060
60983  33.282  -18.172  -12.242 0.3000000119
61006  39.153  -18.626  -13.557 0.5000000000
60953  36.578  -18.830  -11.529 0.4000000060
60980  36.069  -18.174  -12.053 0.4000000060
62227  34.674  -17.663  -12.683 0.4000000060
60982  34.211  -18.191  -12.176 0.3000000119
60984  32.324  -18.159  -12.273 0.3000000119
61007  38.633  -18.474  -12.873 0.5000000000
61018  39.407  -18.788  -14.302 0.4000000060
61030  39.440  -18.936  -15.069 0.5000000000
62224  37.426  -17.712  -12.676 0.3000000119
62225  36.506  -17.642  -12.626 0.4000000060
62226  35.571  -17.649  -12.638 0.4000000060
62228  33.794  -17.645  -12.734 0.3000000119
62230  31.804  -17.553  -12.782 0.3000000119
62223  38.155  -17.862  -12.821 0.3000000119
62250  39.244  -18.116  -14.045 0.4000000060
62272  39.396  -18.060  -14.828 0.4000000060
62285  39.424  -17.574  -15.689 0.4000000060
61044  39.320  -18.279  -16.327 0.4000000060
61045  38.878  -18.106  -17.292 0.4000000060
157802  33.515  -17.190  -13.217 0.3000000119
62229  32.830  -17.501  -12.864 0.3000000119
62259  30.391  -17.044  -13.391 0.3000000119
62260  29.485  -17.026  -13.313 0.3000000119
150975  37.912  -17.265  -13.146 0.3000000119
62257  32.142  -17.055  -13.412 0.3000000119
62258  31.293  -17.091  -13.368 0.3000000119
155398  29.824  -16.635  -14.355 0.3000000119
62251  38.697  -17.777  -13.440 0.3000000119
62273  39.051  -17.407  -14.195 0.3000000119
63408  39.253  -16.680  -15.320 0.3000000119
62313  39.185  -16.987  -17.059 0.4000000060
63450  38.343  -16.283  -18.192 0.4000000060
64522  38.039  -15.536  -18.477 0.4000000060
152370  37.049  -14.981  -19.327 0.4000000060
65615  34.344  -14.210  -20.399 0.4000000060
156136  28.951  -16.733  -13.838 0.3000000119
157650  37.678  -16.705  -13.510 0.3000000119
62252  36.966  -17.025  -13.198 0.3000000119
63355  38.391  -16.930  -13.726 0.3000000119
63409  38.911  -16.023  -15.029 0.3000000119
63439  38.878  -16.215  -17.443 0.3000000119
64521  38.563  -15.445  -17.765 0.4000000060
152812  37.679  -14.851  -18.780 0.4000000060
158543  36.615  -14.306  -19.574 0.4000000060
66716  35.470  -13.711  -20.123 0.4000000060
66724  34.867  -13.749  -20.316 0.4000000060
67832  33.954  -12.546  -20.624 0.4000000060
63382  38.794  -16.552  -14.479 0.3000000119
65594  38.282  -14.708  -18.130 0.3000000119
65595  37.905  -14.040  -18.488 0.3000000119
66715  36.179  -13.617  -19.800 0.4000000060
67821  35.764  -12.990  -20.104 0.4000000060
160563  34.652  -12.663  -20.525 0.4000000060
68983  34.938  -11.367  -21.234 0.4000000060
68984  34.109  -11.357  -21.338 0.4000000060
70226  33.033  -10.341  -22.566 0.4000000060
70227  32.127  -10.425  -22.548 0.5000000000
151940  38.362  -13.856  -17.776 0.3000000119
67806  37.876  -12.655  -18.716 0.3000000119
66714  36.933  -13.514  -19.426 0.3000000119
67820  36.530  -12.829  -19.716 0.4000000060
67830  36.122  -12.205  -20.178 0.4000000060
68965  35.614  -11.598  -20.723 0.4000000060
70205  35.623  -10.838  -21.408 0.3000000119
152734  34.461  -10.413  -22.288 0.4000000060
70245  33.342  -9.893  -23.146 0.3000000119
70246  32.474  -9.981  -23.136 0.3000000119
70247  31.440  -10.004  -23.139 0.4000000060
71421  33.728  -9.557  -23.687 0.3000000119
71422  32.875  -9.561  -23.707 0.3000000119
67805  38.193  -12.460  -18.075 0.3000000119
141786  37.707  -12.053  -19.105 0.3000000119
68955  37.048  -11.974  -19.736 0.3000000119
68964  36.541  -11.450  -20.350 0.3000000119
70204  36.507  -10.485  -21.216 0.3000000119
70223  36.134  -10.156  -21.946 0.3000000119
70224  35.251  -10.336  -22.169 0.3000000119
71408  34.758  -9.937  -22.862 0.3000000119
70244  34.044  -9.827  -23.191 0.3000000119
71419  35.401  -9.499  -23.441 0.3000000119
68939  38.073  -11.710  -18.028 0.3000000119
68954  37.652  -11.359  -19.343 0.3000000119
70195  36.882  -10.760  -20.567 0.3000000119
70203  37.216  -10.130  -20.867 0.3000000119
71398  36.932  -9.845  -21.582 0.3000000119
71407  35.751  -9.794  -22.695 0.3000000119
71431  35.091  -9.263  -24.182 0.3000000119
71432  34.239  -9.310  -24.299 0.3000000119
72516  35.957  -9.064  -24.050 0.3000000119
147116  34.769  -9.015  -24.824 0.3000000119
73681  35.438  -7.859  -26.078 0.3000000119
58599  37.930  -20.882  -10.812 0.5000000000
45012  28.959  -32.135  -20.406 0.6000000238
139522  28.906  -31.902  -20.983 0.5000000000
47493  29.535  -30.450  -21.310 0.5000000000
48711  30.954  -29.942  -21.568 0.5000000000
47503  30.468  -31.036  -22.075 0.5000000000
144267  33.479  -27.044  -17.607 0.5000000000
49819  32.685  -28.639  -19.226 0.5000000000
48676  31.601  -29.093  -20.584 0.5000000000
43704  25.206  -33.346  -13.117 0.6000000238
43721  25.309  -33.500  -14.183 0.6000000238
43735  25.332  -33.646  -15.067 0.5000000000
43750  25.318  -33.668  -15.950 0.5000000000
44927  25.355  -32.822  -16.251 0.5000000000
44944  24.878  -32.492  -17.126 0.5000000000
46193  24.499  -31.623  -17.224 0.4000000060
47404  24.177  -30.846  -16.684 0.4000000060
47380  23.885  -29.814  -15.941 0.4000000060
159165  23.887  -29.309  -14.954 0.4000000060
47327  22.918  -30.086  -11.737 0.3000000119
48531  23.356  -29.378  -10.639 0.3000000119
149225  24.440  -28.050  -10.151 0.4000000060
52964  25.240  -25.224  -10.463 0.4000000060
51876  25.187  -26.644  -10.176 0.4000000060
142777  26.051  -23.869  -10.322 0.4000000060
55180  27.112  -23.007  -10.047 0.4000000060
56319  26.766  -22.362  -10.390 0.4000000060
57452  29.309  -21.489  -10.084 0.4000000060
57453  28.586  -21.394  -10.249 0.4000000060
59780  32.349  -19.315  -11.271 0.4000000060
60958  31.872  -18.686  -11.671 0.4000000060
59756  31.036  -19.860  -10.859 0.4000000060
59781  31.449  -19.301  -11.273 0.4000000060
60985  31.370  -18.129  -12.209 0.3000000119
62231  30.879  -17.511  -12.714 0.3000000119
62232  29.988  -17.424  -12.651 0.3000000119
146324  34.568  -26.367  -17.073 0.5000000000
47353  22.884  -29.753  -13.382 0.4000000060
54031  25.548  -24.547  -10.428 0.4000000060
156436  26.388  -23.052  -10.334 0.4000000060
57451  30.058  -21.124  -10.204 0.4000000060
149246  29.149  -20.839  -10.386 0.4000000060
47352  23.961  -29.616  -14.045 0.4000000060
50920  29.685  -27.503  -18.942 0.5000000000
55143  33.063  -23.653  -8.596 0.4000000060
58617  38.847  -20.688  -12.132 0.5000000000
143918  39.432  -18.398  -15.586 0.5000000000
55157  33.553  -23.032  -8.993 0.4000000060
159681  39.288  -19.951  -13.296 0.5000000000
64533  37.422  -15.612  -19.030 0.4000000060
68985  33.152  -11.316  -21.442 0.4000000060
68966  34.590  -11.962  -20.806 0.4000000060
48694  29.984  -29.291  -21.357 0.6000000238
49829  31.963  -28.622  -19.833 0.5000000000
50917  33.044  -27.997  -18.529 0.5000000000
54009  27.213  -24.695  -9.466 0.4000000060
54010  26.638  -24.275  -9.880 0.4000000060
52942  26.415  -25.136  -9.760 0.4000000060
52943  25.699  -25.785  -10.022 0.4000000060
57430  36.362  -21.971  -9.645 0.5000000000
56299  34.048  -22.349  -9.281 0.4000000060
56317  27.990  -21.961  -10.128 0.4000000060
57447  35.123  -21.098  -9.848 0.4000000060
58574  36.972  -20.778  -10.398 0.5000000000
58579  32.393  -20.463  -10.432 0.4000000060
58616  39.027  -19.938  -12.565 0.5000000000
58598  38.389  -20.542  -11.444 0.5000000000
59775  36.987  -19.601  -11.126 0.5000000000
59749  37.273  -20.250  -10.778 0.5000000000
59818  39.080  -19.248  -13.036 0.5000000000
60979  37.046  -18.259  -12.098 0.4000000060
60978  37.938  -18.372  -12.341 0.4000000060
63381  39.287  -17.231  -14.889 0.3000000119
62300  39.331  -17.554  -16.548 0.4000000060
63429  39.231  -16.099  -16.621 0.3000000119
65604  37.312  -14.189  -19.122 0.4000000060
64443  38.315  -15.722  -14.590 0.3000000119
144152  35.305  -12.422  -20.461 0.4000000060
66701  38.154  -13.222  -18.258 0.3000000119
66702  37.603  -13.397  -18.907 0.3000000119
70207  33.704  -10.725  -21.966 0.4000000060
146268  38.000  -12.064  -18.532 0.3000000119
67819  37.307  -12.740  -19.293 0.3000000119
68940  37.957  -11.471  -18.691 0.3000000119
68963  37.291  -11.115  -19.988 0.3000000119
70194  37.508  -10.381  -20.183 0.3000000119
72526  35.552  -8.748  -24.798 0.3000000119
57454  27.239  -21.743  -10.418 0.4000000060
38476  21.152  -36.972  -13.054 0.4000000060
39742  21.687  -36.525  -13.708 0.4000000060
39754  21.822  -36.747  -14.626 0.4000000060
39767  22.430  -36.356  -15.154 0.3000000119
39753  22.224  -36.049  -14.238 0.4000000060
41118  23.096  -36.016  -15.679 0.3000000119
39826  25.577  -36.042  -19.310 0.5000000000
42463  23.993  -34.834  -14.835 0.5000000000
41133  23.623  -35.499  -16.194 0.3000000119
41187  27.019  -34.865  -19.532 0.5000000000
43833  27.705  -33.335  -20.468 0.5000000000
151397  26.567  -34.735  -20.145 0.5000000000
42462  24.753  -34.324  -15.388 0.5000000000
43819  27.854  -33.515  -19.888 0.5000000000
42561  27.232  -33.844  -21.105 0.5000000000
150598  28.240  -33.532  -21.586 0.3000000119
45013  28.302  -32.668  -20.686 0.5000000000
43845  27.829  -33.124  -21.042 0.4000000060
45025  28.655  -32.641  -21.355 0.4000000060
42574  30.370  -33.611  -22.135 0.3000000119
43844  29.354  -33.229  -21.848 0.3000000119
43856  30.930  -33.007  -21.997 0.3000000119
43857  30.185  -32.770  -22.055 0.3000000119
47473  32.038  -30.464  -20.705 0.3000000119
46271  31.238  -31.570  -21.681 0.3000000119
47502  30.927  -31.053  -21.936 0.4000000060
46285  29.907  -31.252  -22.014 0.4000000060
158869  23.936  -31.621  -18.722 0.3000000119
48659  33.008  -29.237  -19.130 0.4000000060
143545  32.348  -29.982  -20.217 0.4000000060
47474  31.559  -30.174  -21.245 0.4000000060
46194  23.866  -30.960  -17.943 0.3000000119
48566  23.190  -29.054  -14.507 0.3000000119
50804  24.424  -27.154  -10.400 0.3000000119
160732  25.001  -25.859  -10.417 0.3000000119
51877  24.458  -26.273  -10.620 0.3000000119
52965  24.502  -25.418  -10.840 0.3000000119
51888  23.886  -25.922  -11.084 0.3000000119
54032  24.876  -24.624  -10.793 0.3000000119
56320  26.024  -22.389  -10.625 0.3000000119
149147  27.813  -21.213  -10.455 0.3000000119
58584  27.050  -20.931  -10.599 0.3000000119
57455  26.367  -21.564  -10.663 0.3000000119
150695  25.667  -21.842  -10.859 0.3000000119
57475  24.250  -21.559  -11.461 0.3000000119
58581  30.596  -20.443  -10.527 0.3000000119
58582  29.721  -20.321  -10.603 0.3000000119
58583  28.346  -20.673  -10.546 0.3000000119
154249  27.643  -20.550  -10.625 0.3000000119
58585  26.228  -20.575  -10.763 0.3000000119
59782  30.576  -19.292  -11.265 0.3000000119
59757  30.210  -19.802  -10.881 0.3000000119
59784  28.568  -19.285  -11.123 0.3000000119
59759  27.995  -19.959  -10.787 0.3000000119
59760  26.993  -19.966  -10.740 0.3000000119
60962  27.958  -18.578  -11.387 0.3000000119
59785  27.535  -19.199  -11.059 0.3000000119
60959  30.942  -18.669  -11.653 0.3000000119
60960  29.933  -18.657  -11.604 0.3000000119
59783  29.334  -19.072  -11.312 0.3000000119
39810  25.502  -36.785  -18.684 0.5000000000
48691  31.918  -29.711  -20.705 0.4000000060
47405  23.481  -29.832  -17.281 0.3000000119
154077  28.871  -20.108  -10.714 0.3000000119
57474  25.039  -21.713  -11.125 0.3000000119
59758  29.437  -19.648  -10.964 0.3000000119
153706  24.092  -34.895  -16.705 0.3000000119
43762  25.066  -33.511  -16.874 0.3000000119
44963  24.191  -32.475  -18.932 0.3000000119
30996  18.969  -43.023  -7.933 0.4000000060
32168  18.669  -42.768  -8.700 0.4000000060
32184  19.135  -42.181  -9.122 0.4000000060
32199  18.374  -42.391  -10.401 0.4000000060
33309  18.485  -41.525  -11.678 0.3000000119
163439  19.242  -41.345  -10.087 0.4000000060
33297  18.760  -41.595  -10.730 0.4000000060
34589  19.141  -40.266  -11.437 0.4000000060
37190  25.653  -38.624  -15.219 0.3000000119
35826  19.661  -39.836  -10.848 0.4000000060
35859  19.340  -39.399  -12.771 0.3000000119
37168  19.729  -38.823  -13.357 0.3000000119
35842  19.527  -39.393  -11.739 0.4000000060
37177  20.472  -38.580  -14.951 0.3000000119
37178  19.874  -39.161  -14.406 0.3000000119
38492  21.431  -37.442  -15.035 0.3000000119
37128  19.795  -38.679  -12.401 0.4000000060
37167  20.246  -38.324  -13.947 0.3000000119
143229  21.218  -37.157  -14.072 0.3000000119
31014  17.829  -43.155  -9.092 0.4000000060
32198  18.938  -41.973  -9.902 0.4000000060
39768  22.085  -37.088  -15.597 0.3000000119
32155  19.825  -42.775  -7.664 0.3000000119
38526  21.258  -38.345  -16.591 0.3000000119
28561  20.078  -44.944  -5.795 0.4000000060
29771  20.997  -44.838  -5.690 0.3000000119
29782  23.160  -44.502  -5.749 0.4000000060
29783  21.327  -44.157  -5.914 0.3000000119
29795  25.275  -44.064  -7.068 0.3000000119
30973  24.760  -43.555  -6.524 0.4000000060
30976  21.294  -43.210  -6.518 0.4000000060
30985  25.615  -43.482  -7.555 0.3000000119
32139  25.136  -42.888  -6.729 0.4000000060
32140  24.508  -42.719  -6.506 0.4000000060
32141  23.590  -42.506  -6.514 0.4000000060
32164  26.119  -42.133  -7.749 0.3000000119
32165  25.944  -42.849  -8.036 0.3000000119
32167  19.428  -42.433  -8.375 0.4000000060
32185  18.495  -42.588  -9.553 0.4000000060
32209  18.214  -42.217  -11.257 0.4000000060
33225  25.111  -42.178  -6.793 0.4000000060
33246  24.885  -41.305  -6.916 0.4000000060
33249  20.838  -41.790  -7.914 0.5000000000
33268  21.222  -41.215  -8.131 0.5000000000
33269  20.504  -41.449  -8.461 0.4000000060
33282  26.262  -41.446  -8.985 0.3000000119
33286  19.480  -41.543  -9.450 0.4000000060
34522  22.692  -40.543  -7.756 0.5000000000
34541  26.410  -40.543  -8.676 0.5000000000
34561  20.293  -40.389  -9.415 0.5000000000
34562  19.702  -40.860  -9.775 0.4000000060
34576  19.924  -40.158  -10.116 0.5000000000
34577  19.328  -40.716  -10.603 0.4000000060
35773  23.756  -39.689  -7.602 0.5000000000
35793  22.346  -39.436  -8.377 0.5000000000
35807  21.104  -39.294  -9.380 0.5000000000
35824  25.928  -39.702  -10.223 0.4000000060
35840  25.017  -39.633  -11.733 0.4000000060
37049  25.883  -38.880  -7.608 0.6000000238
37050  25.059  -38.620  -7.516 0.6000000238
37070  26.335  -38.674  -8.038 0.6000000238
37071  24.241  -37.990  -7.766 0.6000000238
37084  26.687  -38.908  -8.865 0.6000000238
37099  26.420  -38.561  -10.515 0.5000000000
37101  21.184  -38.093  -10.482 0.5000000000
37125  26.028  -38.541  -11.451 0.4000000060
37126  25.411  -39.069  -11.560 0.4000000060
37149  25.321  -38.743  -12.862 0.4000000060
37151  20.199  -38.129  -12.992 0.4000000060
37166  25.022  -39.057  -13.801 0.4000000060
37218  26.072  -38.068  -17.575 0.4000000060
38367  27.123  -37.414  -8.251 0.6000000238
38368  25.859  -37.190  -7.747 0.6000000238
38369  24.394  -37.196  -7.982 0.6000000238
38370  23.614  -37.493  -8.317 0.6000000238
38385  27.221  -38.018  -9.182 0.6000000238
38387  22.478  -37.418  -9.447 0.6000000238
38397  29.248  -37.912  -10.070 0.6000000238
38398  28.340  -38.128  -10.441 0.6999999881
38400  27.028  -38.251  -10.200 0.6000000238
38401  22.162  -37.026  -10.140 0.6000000238
38420  31.402  -37.248  -11.141 1.0000000000
38423  28.105  -38.340  -11.416 0.6000000238
38424  27.253  -38.233  -11.663 0.6000000238
38425  26.616  -38.260  -11.828 0.4000000060
38446  31.364  -37.408  -12.026 0.8999999762
38469  31.509  -37.009  -13.478 0.8999999762
38470  30.752  -37.589  -13.601 0.8000000119
38471  29.932  -37.991  -13.790 0.8000000119
38472  28.972  -38.302  -13.981 0.6000000238
38474  26.742  -38.208  -13.820 0.5000000000
38477  20.673  -37.632  -13.545 0.3000000119
38486  31.068  -37.216  -14.147 0.8999999762
38489  27.744  -38.163  -14.813 0.6000000238
38493  20.798  -37.834  -14.495 0.3000000119
38502  30.302  -37.372  -15.028 0.8000000119
38505  27.823  -38.172  -15.668 0.6000000238
38508  21.649  -37.719  -16.077 0.3000000119
38509  21.042  -38.110  -15.489 0.3000000119
38522  28.705  -37.533  -16.904 0.6000000238
38524  26.953  -38.017  -17.100 0.4000000060
38542  28.138  -37.472  -17.423 0.6000000238
39648  30.032  -36.206  -8.619 0.8999999762
39650  28.205  -36.445  -8.114 0.8999999762
39651  27.213  -36.507  -7.906 0.6000000238
39654  24.615  -36.488  -8.251 0.6000000238
39667  31.260  -36.491  -9.511 0.8999999762
39668  30.524  -36.604  -9.145 0.8999999762
39670  24.142  -35.997  -8.910 0.6000000238
39679  32.244  -36.369  -10.371 1.0000000000
39681  30.871  -37.013  -9.806 1.0000000000
39704  21.520  -36.953  -11.467 0.6000000238
39725  32.321  -36.482  -11.778 1.0000000000
39741  22.151  -35.934  -13.317 0.5000000000
39766  30.564  -36.784  -15.547 0.8000000119
39785  30.436  -36.326  -16.304 0.8000000119
39786  29.830  -36.675  -16.717 0.8000000119
39806  29.468  -36.240  -17.349 0.8000000119
39809  26.541  -36.496  -18.557 0.6000000238
41006  29.573  -35.611  -8.444 0.8999999762
41009  26.700  -35.542  -7.976 0.6999999881
41022  31.699  -35.906  -9.220 0.8999999762
41023  30.974  -36.007  -8.932 0.8999999762
41025  24.441  -35.214  -9.116 0.6999999881
41041  22.522  -35.802  -10.838 0.6000000238
41058  33.374  -35.291  -11.810 1.0000000000
41061  22.459  -35.449  -11.818 0.6000000238
41080  32.815  -35.837  -12.319 1.0000000000
41103  22.855  -35.711  -14.760 0.5000000000
41117  23.504  -35.386  -15.261 0.5000000000
41170  27.610  -35.472  -18.801 0.6999999881
41188  26.144  -35.333  -19.795 0.5000000000
41199  26.756  -34.520  -20.670 0.5000000000
42361  31.771  -34.637  -8.685 0.8999999762
42362  30.846  -34.597  -8.742 0.8999999762
42364  29.115  -34.858  -8.548 0.8999999762
42366  27.165  -34.676  -8.335 0.6999999881
42379  32.846  -34.926  -9.266 0.8999999762
42381  28.758  -34.053  -9.114 0.8999999762
42382  27.690  -33.993  -8.903 0.8999999762
42385  24.819  -34.514  -9.454 0.6999999881
42403  23.640  -34.800  -10.305 0.6999999881
42420  24.264  -33.759  -11.685 0.6999999881
42438  23.410  -34.151  -12.624 0.6000000238
42439  22.936  -34.699  -12.197 0.5000000000
42447  33.276  -34.375  -13.481 1.0000000000
42480  24.756  -34.312  -16.358 0.3000000119
42481  24.166  -34.939  -15.762 0.3000000119
42493  31.127  -34.615  -16.509 0.8000000119
42523  29.153  -34.457  -18.612 0.8000000119
42548  27.226  -34.140  -20.194 0.5000000000
42559  29.286  -34.251  -21.997 0.3000000119
43619  33.421  -33.307  -8.794 0.8999999762
43621  31.506  -33.937  -8.615 0.8999999762
43622  30.687  -33.671  -8.792 0.8999999762
43636  33.078  -34.090  -8.872 0.8999999762
43640  27.318  -33.642  -9.671 0.8999999762
43661  28.141  -33.372  -10.585 0.8999999762
43664  25.341  -33.601  -10.917 0.8000000119
43685  25.810  -33.351  -11.488 0.8999999762
43701  27.891  -32.553  -12.641 0.6999999881
43720  26.147  -33.014  -13.914 0.6000000238
43733  26.614  -32.506  -14.347 0.6999999881
43747  32.355  -33.282  -15.291 0.8999999762
43748  31.996  -33.789  -15.665 0.8999999762
43763  24.508  -34.228  -17.345 0.3000000119
43779  30.666  -33.688  -17.553 0.8000000119
43780  30.154  -33.970  -17.999 0.8000000119
43800  29.071  -33.641  -19.120 0.6999999881
43801  28.306  -33.775  -19.474 0.6999999881
44827  31.512  -32.722  -8.295 0.8999999762
44839  34.007  -32.893  -9.037 0.8999999762
44856  34.533  -32.579  -10.438 1.0000000000
44871  28.728  -32.338  -11.626 0.6999999881
44883  34.005  -31.866  -12.826 1.0000000000
44884  28.142  -32.192  -12.930 0.6999999881
44896  33.631  -32.557  -13.453 1.0000000000
44898  27.707  -32.153  -13.443 0.6000000238
44912  32.760  -32.680  -14.793 0.8999999762
44913  26.068  -32.407  -14.922 0.6000000238
44942  31.482  -33.093  -16.634 0.8000000119
44945  24.494  -31.986  -18.114 0.3000000119
44980  30.377  -32.489  -18.334 0.8000000119
44981  29.823  -33.027  -18.775 0.8000000119
44983  28.506  -33.077  -19.623 0.6999999881
45000  28.229  -32.805  -20.112 0.5000000000
45024  29.462  -32.476  -21.803 0.3000000119
45034  31.100  -32.368  -21.827 0.3000000119
45035  30.686  -32.205  -22.061 0.3000000119
45036  29.967  -31.985  -22.068 0.4000000060
46083  34.383  -31.240  -8.421 1.0000000000
46112  34.596  -32.032  -11.102 1.0000000000
46113  28.735  -31.863  -11.826 0.8000000119
46114  28.171  -31.346  -11.925 0.6999999881
46124  28.375  -31.841  -12.499 0.6999999881
46125  27.496  -31.611  -13.263 0.6000000238
46135  33.665  -31.186  -13.459 1.0000000000
46152  33.278  -31.349  -14.176 0.8999999762
46155  25.906  -31.731  -14.943 0.6000000238
46192  31.549  -31.704  -16.698 0.8999999762
46210  30.777  -31.834  -17.784 0.8000000119
46226  30.393  -31.751  -18.461 0.8000000119
46258  31.652  -30.981  -21.244 0.3000000119
46272  29.384  -31.755  -21.596 0.4000000060
46273  29.291  -31.152  -21.227 0.5000000000
46283  30.879  -31.605  -21.985 0.4000000060
46284  30.427  -31.583  -22.102 0.3000000119
47279  30.572  -29.937  -8.138 1.0000000000
47309  29.273  -31.447  -10.399 0.8000000119
47313  25.506  -30.343  -11.111 0.6000000238
47340  23.111  -30.152  -12.547 0.3000000119
47349  26.742  -31.405  -13.599 0.6000000238
47424  30.942  -30.916  -17.539 0.8999999762
47490  31.192  -30.673  -21.654 0.4000000060
47491  30.641  -30.481  -21.839 0.5000000000
47492  29.953  -30.499  -21.846 0.6000000238
48487  33.309  -29.310  -7.112 0.8999999762
48507  30.480  -29.190  -8.078 0.6999999881
48509  29.318  -29.226  -8.757 0.6999999881
48514  29.579  -30.022  -9.043 0.6999999881
48517  27.079  -29.310  -9.617 0.6000000238
48527  27.565  -29.980  -10.102 0.6000000238
48529  25.009  -29.703  -10.412 0.5000000000
48554  34.082  -29.476  -12.508 1.0000000000
48565  33.042  -29.309  -13.705 1.0000000000
48579  32.002  -29.038  -14.880 0.8999999762
48600  32.476  -29.829  -14.895 0.8999999762
48623  30.731  -29.402  -16.906 0.8999999762
48645  27.240  -28.945  -18.873 0.8999999762
48675  32.381  -29.266  -19.963 0.5000000000
48678  27.939  -28.478  -19.788 0.8000000119
48692  31.284  -29.497  -21.143 0.5000000000
48693  30.604  -29.337  -21.370 0.5000000000
48696  29.011  -28.870  -20.334 0.6999999881
48712  30.285  -29.839  -21.621 0.6000000238
49652  33.149  -28.363  -7.109 0.8999999762
49655  30.938  -28.746  -7.710 0.6999999881
49698  24.647  -28.928  -10.090 0.4000000060
49699  23.880  -28.768  -10.329 0.3000000119
49723  32.683  -27.997  -13.287 1.0000000000
49734  32.017  -27.926  -13.907 1.0000000000
49789  29.264  -28.490  -16.856 0.8999999762
49791  27.241  -28.225  -17.511 0.8999999762
49807  26.771  -28.676  -18.592 0.8999999762
49818  33.242  -28.631  -18.738 0.4000000060
49820  24.922  -28.465  -20.104 0.8999999762
49830  30.898  -28.636  -20.370 0.5000000000
49831  29.814  -28.566  -20.476 0.6000000238
49845  30.933  -29.028  -21.015 0.5000000000
49847  29.604  -28.935  -20.865 0.6000000238
50749  31.039  -27.332  -7.567 0.6999999881
50774  28.644  -27.857  -8.557 0.6000000238
50794  26.369  -27.863  -9.396 0.4000000060
50831  34.148  -27.316  -12.313 1.0000000000
50880  25.823  -27.311  -17.048 0.8999999762
50905  33.493  -27.607  -17.917 0.5000000000
50906  32.459  -27.609  -18.302 0.5000000000
50924  24.624  -28.209  -19.451 0.8999999762
50934  30.269  -28.140  -19.566 0.5000000000
50939  24.411  -28.156  -20.101 0.8999999762
51830  34.619  -26.514  -7.436 0.8000000119
51833  30.658  -26.679  -7.687 0.6000000238
51847  29.370  -26.798  -8.216 0.6000000238
51867  27.175  -26.331  -9.107 0.4000000060
51878  23.779  -26.737  -10.794 0.3000000119
51885  36.525  -26.450  -11.254 0.8000000119
51886  35.812  -26.798  -11.701 0.8999999762
51887  34.982  -27.078  -12.044 1.0000000000
51913  32.585  -26.763  -13.040 1.0000000000
51914  31.387  -26.382  -13.622 1.0000000000
51932  27.288  -26.038  -15.433 0.8999999762
51946  27.665  -26.681  -15.656 0.8999999762
51971  32.999  -26.523  -17.511 0.5000000000
51977  25.639  -26.528  -19.231 0.8000000119
51978  24.512  -27.492  -18.670 0.8999999762
51989  30.148  -26.831  -18.065 0.6000000238
52907  33.430  -25.443  -7.438 0.6000000238
52920  30.991  -25.071  -8.029 0.5000000000
52923  27.648  -25.835  -8.885 0.4000000060
52961  37.254  -25.456  -10.956 0.6999999881
52963  25.790  -25.060  -10.156 0.4000000060
53017  29.340  -25.724  -14.478 1.0000000000
53036  24.540  -24.712  -16.764 0.8999999762
53053  24.074  -25.303  -17.148 0.8999999762
53070  32.356  -25.901  -17.337 0.5000000000
53073  28.959  -25.426  -17.511 0.6999999881
53077  23.835  -26.120  -18.350 0.8999999762
53078  23.619  -25.383  -17.932 0.8999999762
53974  33.287  -24.761  -7.805 0.5000000000
53998  28.741  -25.107  -8.606 0.4000000060
54008  28.464  -24.425  -8.909 0.4000000060
54042  37.776  -24.501  -11.538 0.6999999881
54067  37.091  -24.204  -13.307 0.6999999881
54069  34.258  -24.832  -13.788 1.0000000000
54071  32.418  -24.735  -14.088 1.0000000000
54089  30.893  -24.752  -14.364 1.0000000000
54092  27.449  -24.758  -15.483 0.8999999762
54107  28.713  -24.073  -15.303 1.0000000000
54161  30.807  -23.924  -18.099 0.6000000238
54164  27.748  -24.043  -18.309 0.6999999881
54167  23.356  -24.376  -19.232 0.8999999762
55145  31.108  -23.515  -8.815 0.4000000060
55154  36.377  -23.494  -9.082 0.5000000000
55196  38.059  -23.782  -11.219 0.6999999881
55258  33.919  -22.835  -15.261 0.8000000119
55265  27.643  -23.346  -16.102 1.0000000000
55267  25.092  -24.073  -16.673 0.8999999762
55282  23.661  -24.000  -17.698 0.8999999762
55295  23.360  -23.821  -18.683 0.8999999762
55307  34.938  -23.368  -18.967 0.6000000238
55312  29.181  -23.593  -18.703 0.6999999881
55340  23.803  -22.864  -20.007 0.8999999762
55358  30.487  -23.225  -20.679 0.6999999881
55360  27.775  -23.040  -20.899 0.6999999881
55399  33.194  -23.246  -23.124 0.6000000238
55400  32.718  -22.929  -23.220 0.6000000238
56297  35.965  -22.599  -9.284 0.5000000000
56302  31.254  -22.330  -9.537 0.4000000060
56303  29.705  -22.700  -9.438 0.4000000060
56318  27.427  -22.396  -10.164 0.4000000060
56380  34.603  -22.900  -15.072 0.8000000119
56416  33.930  -22.063  -16.136 0.8000000119
56422  28.760  -22.475  -16.522 1.0000000000
56425  24.561  -23.619  -17.220 0.8999999762
56435  28.414  -22.162  -17.148 1.0000000000
56438  24.649  -22.154  -18.856 0.8999999762
56448  23.781  -22.830  -19.026 0.8999999762
56457  24.677  -22.309  -20.324 0.8999999762
56471  27.345  -22.303  -21.105 0.6999999881
56488  30.439  -22.766  -21.762 0.6999999881
56489  28.912  -22.605  -21.519 0.6999999881
56491  27.345  -21.690  -21.245 0.8999999762
56505  31.390  -22.764  -22.323 0.6999999881
56506  30.537  -22.297  -22.265 0.6999999881
57431  35.497  -21.848  -9.528 0.5000000000
57435  31.528  -21.689  -9.797 0.4000000060
57503  38.957  -21.649  -13.391 0.6999999881
57518  38.166  -21.935  -14.560 0.6999999881
57558  33.545  -21.753  -16.694 0.8000000119
57598  29.879  -21.003  -19.150 0.8999999762
57608  25.963  -21.834  -20.633 0.8999999762
57632  29.202  -21.463  -22.261 0.6999999881
57671  32.203  -21.384  -23.703 0.6000000238
58665  38.999  -20.284  -15.200 0.6999999881
58699  33.649  -21.000  -17.918 0.8000000119
58700  32.879  -21.108  -18.048 0.8000000119
58712  32.407  -20.863  -18.578 0.8999999762
58714  30.654  -20.917  -19.062 0.8999999762
58747  28.118  -20.861  -22.056 0.8000000119
58767  30.903  -20.526  -23.371 0.6999999881
58768  29.908  -20.320  -23.007 0.6999999881
58769  29.036  -19.835  -23.005 0.8000000119
58770  28.655  -19.204  -23.020 0.8000000119
59774  38.477  -19.859  -11.796 0.5000000000
59894  34.953  -19.194  -19.356 0.6999999881
59904  32.440  -19.354  -20.204 0.8000000119
59906  30.731  -19.634  -20.724 0.8999999762
59931  30.463  -19.811  -23.508 0.6999999881
60987  29.506  -17.869  -12.093 0.3000000119
61066  36.720  -18.503  -19.063 0.6000000238
61082  33.144  -18.016  -20.686 0.8000000119
61096  30.755  -18.246  -21.463 0.8999999762
61098  29.211  -18.275  -22.188 0.8999999762
61109  28.458  -18.770  -22.885 0.8000000119
61125  28.405  -18.493  -23.300 0.8000000119
61140  30.627  -18.227  -24.285 0.6000000238
61141  29.248  -17.852  -23.952 0.6999999881
62356  31.938  -17.391  -21.314 0.8000000119
62359  29.510  -17.537  -22.068 0.8999999762
62361  27.391  -17.433  -22.867 0.8000000119
62400  27.865  -17.321  -23.599 0.6999999881
63361  32.329  -16.605  -14.128 0.3000000119
63362  31.651  -16.767  -13.957 0.3000000119
63428  39.351  -16.812  -16.182 0.3000000119
63460  36.733  -16.414  -19.490 0.5000000000
63491  27.211  -16.745  -22.611 0.8000000119
63516  26.769  -16.722  -23.055 0.8000000119
63529  28.272  -16.586  -23.937 0.6999999881
64534  36.805  -15.750  -19.455 0.5000000000
64594  30.911  -15.466  -24.028 0.6000000238
64596  28.751  -15.240  -23.986 0.6999999881
64598  26.301  -16.087  -22.930 0.8000000119
64599  26.171  -15.416  -23.032 0.8000000119
64608  30.204  -15.639  -24.228 0.6000000238
64609  29.460  -15.802  -24.221 0.6000000238
65622  28.140  -14.262  -21.668 0.8999999762
65631  26.331  -14.395  -22.204 0.8000000119
65661  31.875  -14.438  -23.203 0.5000000000
65667  25.990  -14.735  -22.876 0.8000000119
66725  34.315  -13.311  -20.448 0.4000000060
66750  26.034  -13.265  -22.714 0.8000000119
66767  32.047  -13.653  -23.123 0.5000000000
66769  29.511  -13.475  -23.534 0.6000000238
66773  25.999  -13.809  -22.954 0.8000000119
67831  35.070  -13.149  -20.352 0.4000000060
67833  33.107  -12.496  -20.755 0.5000000000
67834  32.259  -12.538  -20.955 0.6999999881
67836  30.478  -12.490  -21.321 0.8000000119
67847  26.605  -12.525  -22.160 0.8000000119
67882  26.119  -12.275  -23.184 0.8000000119
68970  30.977  -11.929  -21.356 0.6999999881
68971  29.884  -11.948  -21.463 0.8000000119
68972  28.958  -11.947  -21.584 0.8000000119
68973  27.963  -11.971  -21.801 0.8000000119
68988  30.383  -11.440  -21.675 0.8000000119
68991  27.333  -11.503  -22.298 0.8000000119
69001  26.708  -11.136  -23.388 0.8000000119
69002  26.263  -11.769  -22.917 0.8000000119
69017  31.602  -11.491  -24.236 0.5000000000
69022  26.760  -11.033  -23.664 0.6999999881
69038  26.524  -11.645  -23.446 0.6999999881
70196  36.223  -11.025  -20.836 0.3000000119
70206  34.687  -10.837  -21.733 0.4000000060
70208  32.662  -10.799  -21.965 0.4000000060
70209  31.745  -10.856  -22.037 0.6000000238
70225  33.889  -10.208  -22.686 0.3000000119
70232  27.050  -10.576  -23.491 0.8000000119
70249  27.293  -9.800  -24.356 0.6000000238
70260  27.000  -10.425  -24.222 0.6999999881
70270  35.276  -10.528  -26.512 0.4000000060
70273  32.508  -10.476  -26.486 0.5000000000
70274  31.082  -10.202  -26.438 0.6000000238
70294  30.894  -9.702  -26.986 0.6000000238
71390  37.775  -9.689  -20.418 0.3000000119
71420  34.540  -9.570  -23.596 0.3000000119
71436  30.089  -8.912  -24.692 0.6000000238
71437  27.841  -8.849  -25.027 0.6000000238
71451  28.340  -8.801  -25.890 0.6000000238
71469  30.821  -9.229  -27.431 0.6000000238
71480  33.933  -9.720  -28.388 0.4000000060
71488  36.976  -9.056  -28.496 0.3000000119
71491  33.881  -9.275  -28.595 0.4000000060
71493  32.794  -9.490  -28.335 0.4000000060
72517  28.805  -8.710  -24.893 0.6000000238
72528  32.809  -8.851  -25.069 0.4000000060
72529  31.717  -8.695  -25.155 0.5000000000
72550  34.955  -8.499  -25.625 0.4000000060
72555  28.967  -8.535  -26.138 0.6000000238
72566  30.003  -8.385  -26.650 0.6000000238
72575  30.851  -8.709  -27.677 0.6000000238
72580  38.216  -8.381  -28.561 0.3000000119
72586  32.670  -8.983  -28.565 0.4000000060
72590  35.922  -8.284  -28.806 0.4000000060
73695  34.173  -7.404  -26.978 0.4000000060
73698  31.087  -7.604  -27.513 0.4000000060
73699  30.667  -7.933  -27.311 0.5000000000
73710  30.893  -8.121  -27.803 0.5000000000
73718  33.499  -8.198  -28.804 0.4000000060
73720  31.421  -7.962  -28.242 0.5000000000
74900  32.339  -6.891  -27.774 0.4000000060
74916  32.252  -6.869  -28.431 0.4000000060
74929  33.319  -6.494  -29.113 0.4000000060
136480  22.909  -41.095  -7.348 0.5000000000
136850  28.284  -23.426  -20.534 0.6999999881
136965  32.216  -23.084  -21.462 0.6000000238
137414  27.382  -15.959  -22.220 0.8999999762
139678  29.597  -30.975  -21.669 0.5000000000
140085  18.858  -40.964  -11.272 0.3000000119
140667  25.183  -30.540  -12.479 0.6000000238
140862  31.557  -19.437  -20.532 0.8999999762
141183  32.667  -23.216  -22.207 0.6000000238
141326  25.284  -40.017  -7.256 0.6000000238
142546  28.361  -32.873  -11.519 0.8999999762
142821  30.994  -21.509  -17.787 0.8999999762
143111  34.520  -10.078  -28.010 0.4000000060
143308  26.000  -23.897  -19.734 0.6999999881
143419  27.242  -30.299  -10.668 0.6999999881
143542  29.377  -31.993  -10.647 0.6999999881
143694  31.837  -24.371  -14.420 1.0000000000
143816  35.151  -21.498  -16.580 0.8000000119
144086  27.710  -33.198  -11.293 0.8999999762
144169  28.839  -27.201  -8.423 0.6000000238
144748  34.053  -23.131  -21.722 0.6000000238
145079  34.064  -23.259  -19.135 0.6000000238
145106  22.340  -43.694  -5.963 0.4000000060
145602  32.936  -27.308  -7.092 0.8000000119
145704  27.000  -38.246  -16.045 0.6000000238
146449  28.000  -38.212  -14.047 0.6000000238
146927  36.298  -23.229  -14.448 0.8000000119
147015  36.033  -19.682  -18.616 0.6999999881
147155  30.654  -16.848  -21.714 0.8999999762
147254  27.448  -27.133  -8.955 0.5000000000
147324  33.113  -10.120  -27.775 0.5000000000
147500  28.440  -10.606  -24.622 0.6000000238
147755  24.749  -33.466  -12.232 0.6000000238
147842  29.998  -17.852  -24.216 0.8000000119
148060  25.455  -40.697  -7.168 0.4000000060
148104  22.124  -44.574  -5.610 0.4000000060
148281  27.593  -31.964  -13.585 0.6000000238
148798  31.973  -26.765  -13.365 1.0000000000
149139  25.346  -22.353  -17.942 0.8999999762
149744  26.437  -37.708  -7.977 0.6000000238
149761  29.593  -29.330  -21.064 0.6000000238
149942  29.195  -16.496  -24.262 0.6999999881
150333  34.060  -15.011  -20.487 0.5000000000
150937  27.160  -28.070  -20.179 0.6999999881
151418  28.687  -26.197  -14.670 0.8999999762
151601  28.148  -29.047  -19.250 0.8000000119
151705  28.164  -18.456  -23.122 0.8999999762
152379  30.500  -13.840  -21.421 0.6999999881
152508  30.124  -37.394  -9.713 0.8000000119
152602  29.938  -28.127  -8.134 0.6999999881
152624  20.168  -39.538  -10.380 0.5000000000
152657  28.703  -19.066  -22.571 0.8999999762
152727  25.928  -12.911  -22.979 0.8000000119
152729  29.821  -13.842  -21.479 0.6999999881
152796  34.717  -14.879  -20.332 0.4000000060
152997  30.485  -22.451  -9.512 0.4000000060
153371  33.630  -20.882  -10.036 0.4000000060
153407  31.544  -29.000  -7.409 0.8999999762
153583  33.907  -8.795  -28.731 0.4000000060
153621  27.049  -13.921  -21.865 0.8000000119
153647  34.828  -29.002  -11.553 1.0000000000
153740  26.146  -13.769  -22.378 0.8000000119
153798  34.664  -23.080  -22.011 0.6000000238
153903  24.376  -34.338  -10.213 0.6999999881
154379  29.898  -19.320  -11.223 0.3000000119
155057  35.416  -27.641  -7.975 0.8000000119
156181  30.521  -29.647  -17.520 0.8999999762
156231  26.365  -13.781  -23.352 0.8000000119
156538  37.945  -10.869  -18.908 0.3000000119
156856  26.292  -33.130  -12.153 0.8000000119
156910  20.405  -38.004  -12.022 0.5000000000
156977  27.272  -17.228  -23.208 0.8000000119
156999  31.790  -36.968  -11.638 1.0000000000
157470  25.469  -28.260  -20.263 0.8999999762
158574  33.239  -15.207  -20.756 0.6999999881
158588  24.471  -33.660  -13.523 0.6000000238
158731  25.647  -25.460  -16.107 0.8999999762
159053  33.768  -34.846  -11.311 1.0000000000
159055  31.735  -25.357  -17.335 0.6000000238
159390  35.008  -30.094  -8.833 1.0000000000
159674  29.954  -21.802  -22.315 0.6999999881
160226  34.634  -20.760  -10.063 0.4000000060
160340  30.754  -14.425  -21.440 0.6999999881
160539  26.593  -11.898  -22.477 0.8000000119
160541  32.704  -23.442  -18.653 0.6000000238
160635  30.613  -27.387  -14.579 1.0000000000
161209  27.076  -15.991  -23.510 0.8000000119
161446  32.173  -36.502  -12.808 0.8999999762
161447  30.497  -9.732  -23.399 0.6000000238
161458  24.876  -22.261  -20.566 0.8999999762
161684  29.688  -22.692  -21.584 0.6999999881
162640  30.555  -16.728  -24.541 0.6000000238
162764  30.780  -34.325  -17.152 0.8000000119
162857  28.995  -10.372  -25.086 0.6000000238
163103  29.319  -30.782  -21.003 0.6000000238
163452  22.433  -36.397  -10.278 0.6000000238
163625  27.843  -23.591  -19.327 0.6999999881
163845  36.747  -25.515  -9.152 0.6999999881
164118  27.426  -21.442  -21.097 0.8999999762
164312  26.333  -13.685  -22.137 0.8000000119
164323  28.696  -28.559  -17.415 0.8999999762
164353  32.847  -21.884  -16.693 0.8000000119
164541  32.187  -7.880  -28.522 0.4000000060
164990  28.930  -23.490  -20.355 0.6999999881
