#!ascii label  , from subject sub-LJ001 vox2ras=TkReg
1153
27457  44.341  -46.670  -19.644 0.3000000119
37275  37.182  -38.115  -22.219 0.6000000238
42555  38.333  -34.456  -21.067 0.6999999881
42536  38.613  -34.362  -20.037 0.6999999881
27458  43.340  -46.568  -19.668 0.4000000060
29949  35.957  -44.892  -22.535 0.4000000060
156037  43.313  -47.100  -21.373 0.5000000000
27473  44.497  -47.006  -20.792 0.5000000000
37286  36.587  -38.765  -22.572 0.6999999881
38600  37.607  -37.410  -21.824 0.6999999881
38612  36.656  -37.491  -22.560 0.5000000000
42556  37.645  -34.537  -22.008 0.6000000238
150043  38.059  -33.797  -21.711 0.6999999881
163100  38.798  -33.049  -20.471 0.6999999881
153215  41.263  -46.683  -20.893 0.5000000000
28762  36.147  -45.499  -22.626 0.4000000060
27475  42.061  -46.711  -20.847 0.6000000238
31158  36.108  -42.947  -22.460 0.4000000060
32322  35.721  -42.158  -22.895 0.5000000000
27488  41.628  -47.004  -21.859 0.6000000238
32320  36.689  -42.125  -22.244 0.6000000238
157779  36.807  -40.639  -22.375 0.6000000238
26184  42.259  -47.455  -22.531 0.6000000238
37287  36.169  -38.744  -23.022 0.6000000238
152550  36.777  -36.079  -22.640 0.6000000238
42571  36.743  -34.581  -22.966 0.6000000238
45033  36.877  -32.604  -23.523 0.6999999881
43842  37.353  -33.911  -22.515 0.6999999881
45032  37.480  -32.027  -22.800 0.6999999881
45022  38.229  -32.409  -21.949 0.6999999881
46240  39.137  -31.799  -20.019 0.6999999881
46281  37.377  -31.052  -22.919 0.6999999881
46270  38.327  -31.524  -21.880 0.6999999881
47472  38.721  -30.796  -21.128 0.6999999881
153017  37.439  -30.224  -22.974 0.6999999881
27476  40.627  -46.610  -20.306 0.5000000000
27500  37.757  -46.497  -22.273 0.5000000000
27501  36.977  -46.724  -22.199 0.5000000000
31159  35.543  -43.055  -22.938 0.4000000060
27489  39.809  -46.619  -22.057 0.5000000000
32323  35.623  -42.411  -23.196 0.5000000000
34732  36.106  -40.301  -22.955 0.6000000238
27512  41.483  -46.866  -23.013 0.6000000238
27498  40.303  -46.432  -22.670 0.5000000000
150604  39.636  -45.992  -22.890 0.5000000000
38623  36.104  -37.225  -23.515 0.6999999881
41225  36.134  -35.701  -23.664 0.6000000238
38613  36.157  -37.580  -23.130 0.6999999881
43875  36.831  -33.014  -24.037 0.6000000238
42572  36.322  -35.055  -23.527 0.6000000238
45055  36.876  -32.305  -24.226 0.6000000238
150047  36.839  -33.604  -23.296 0.6000000238
46302  36.881  -31.623  -24.206 0.6000000238
47501  37.064  -30.856  -23.613 0.6999999881
46255  39.140  -31.030  -20.210 0.6999999881
47525  37.916  -30.230  -24.402 0.6000000238
47489  38.188  -30.558  -22.181 0.6999999881
47488  38.727  -30.039  -21.406 0.6999999881
48732  37.334  -30.084  -23.630 0.6999999881
29968  35.807  -43.826  -23.163 0.4000000060
27490  38.615  -46.760  -21.845 0.5000000000
28761  36.821  -46.010  -22.570 0.4000000060
32328  35.622  -42.701  -23.297 0.5000000000
34733  36.228  -40.340  -23.165 0.6000000238
28760  38.168  -45.987  -22.685 0.4000000060
37297  36.323  -38.705  -23.275 0.6000000238
27499  39.047  -46.340  -22.454 0.4000000060
29966  37.462  -44.769  -23.280 0.4000000060
28774  38.592  -45.423  -23.063 0.4000000060
31165  38.123  -43.725  -23.499 0.4000000060
38622  36.452  -37.684  -23.681 0.6999999881
41231  36.283  -35.900  -24.030 0.6000000238
42593  36.683  -34.740  -24.084 0.6000000238
43874  37.507  -32.855  -24.217 0.6000000238
145865  36.723  -33.810  -23.934 0.6000000238
45054  37.548  -31.991  -24.442 0.6000000238
47471  39.177  -30.320  -20.478 0.6999999881
48723  38.403  -29.270  -22.606 0.6999999881
49884  38.567  -28.931  -24.078 0.6000000238
49863  38.377  -29.040  -23.316 0.6000000238
29967  36.246  -44.387  -23.221 0.4000000060
32327  36.034  -42.646  -23.554 0.4000000060
162604  36.649  -39.060  -23.579 0.6999999881
142833  37.040  -42.871  -23.674 0.4000000060
38621  37.298  -37.735  -23.882 0.8000000119
29965  39.001  -44.519  -23.362 0.5000000000
39889  36.806  -36.295  -24.245 0.6999999881
41237  37.535  -35.071  -24.198 0.6000000238
45053  38.650  -32.585  -24.325 0.5000000000
155410  37.494  -33.959  -24.100 0.6000000238
147699  39.639  -29.982  -19.923 0.6999999881
47539  40.219  -29.747  -24.978 0.6000000238
140721  38.646  -30.678  -24.622 0.6000000238
48709  38.873  -29.375  -21.760 0.8000000119
48690  39.422  -29.566  -20.674 0.8000000119
47540  39.529  -29.607  -24.897 0.6000000238
48742  38.320  -29.440  -24.393 0.6000000238
142125  37.032  -40.951  -23.766 0.5000000000
138833  36.690  -40.226  -23.626 0.6000000238
146636  37.835  -41.854  -23.677 0.5000000000
34737  39.403  -40.360  -23.785 0.6999999881
164097  37.641  -36.561  -24.120 0.6999999881
150102  38.453  -35.550  -24.116 0.6999999881
45052  39.763  -33.255  -24.174 0.6000000238
43872  39.413  -34.091  -23.974 0.6000000238
139289  39.773  -32.367  -24.406 0.6000000238
48673  40.006  -29.437  -19.722 0.6000000238
164144  39.293  -31.035  -24.675 0.6000000238
49862  39.210  -28.799  -22.454 0.6999999881
49856  39.663  -28.910  -21.269 0.6999999881
48750  39.850  -29.095  -25.193 0.6999999881
49895  39.580  -28.771  -24.958 0.6999999881
49873  39.169  -28.580  -23.626 0.6999999881
34738  37.757  -40.197  -23.806 0.5000000000
162040  37.775  -38.889  -23.781 0.6000000238
36008  37.148  -39.385  -23.753 0.6000000238
36007  40.059  -39.770  -23.830 0.6999999881
39877  38.099  -37.192  -23.884 0.6999999881
36014  41.063  -39.730  -24.284 0.6999999881
33488  40.326  -41.317  -23.935 0.6999999881
39887  38.722  -36.360  -24.014 0.6999999881
158940  39.520  -35.632  -24.063 0.6999999881
140200  40.776  -33.327  -24.358 0.5000000000
42591  40.069  -34.864  -24.056 0.6000000238
49802  40.145  -28.947  -17.611 0.5000000000
46298  41.003  -31.578  -24.721 0.6000000238
45051  40.811  -32.435  -24.550 0.6000000238
151500  40.759  -28.079  -19.981 0.6000000238
49816  40.354  -28.752  -18.381 0.5000000000
47522  40.619  -30.689  -24.777 0.6000000238
50970  40.872  -27.876  -22.981 0.6000000238
50950  40.922  -28.028  -21.094 0.5000000000
157634  41.945  -27.045  -21.433 0.5000000000
155053  41.687  -29.811  -25.012 0.6999999881
48749  40.579  -29.078  -25.372 0.6999999881
49893  41.075  -28.330  -25.514 0.6999999881
50987  40.485  -27.834  -24.572 0.6999999881
50977  41.180  -27.538  -23.761 0.5000000000
50986  41.108  -27.418  -24.949 0.6000000238
37295  38.544  -38.224  -23.733 0.6000000238
37294  40.092  -38.875  -23.800 0.6999999881
161179  39.933  -37.965  -23.764 0.6000000238
37301  41.917  -38.667  -24.722 0.6999999881
38628  39.363  -37.254  -23.843 0.6999999881
42590  41.115  -34.837  -24.268 0.6999999881
43871  41.389  -34.075  -24.469 0.6000000238
49801  40.392  -28.104  -17.547 0.4000000060
43883  41.625  -33.250  -24.654 0.5000000000
52011  42.144  -26.381  -20.724 0.4000000060
48747  42.302  -29.661  -24.999 0.6000000238
46312  41.523  -31.084  -24.817 0.6000000238
50969  41.545  -27.510  -22.419 0.5000000000
50960  41.400  -27.579  -21.468 0.5000000000
50976  41.871  -27.140  -24.253 0.5000000000
163477  42.520  -26.895  -23.543 0.4000000060
151209  41.938  -28.604  -25.522 0.6000000238
49904  42.461  -27.397  -25.928 0.6999999881
50991  41.375  -27.576  -25.557 0.6000000238
155797  42.746  -26.913  -26.061 0.5000000000
38627  41.565  -37.674  -24.526 0.6000000238
144203  40.535  -37.357  -24.051 0.6999999881
38632  43.333  -37.644  -25.405 0.6999999881
41236  40.846  -35.731  -24.183 0.6000000238
42589  41.925  -34.822  -24.655 0.6000000238
45063  42.832  -32.518  -25.119 0.6000000238
43882  42.481  -33.294  -24.999 0.5000000000
45064  41.839  -32.249  -24.848 0.6000000238
47536  43.471  -29.941  -24.813 0.6000000238
46311  42.400  -31.524  -24.964 0.6000000238
52028  42.653  -26.717  -22.638 0.4000000060
53121  43.130  -25.956  -22.257 0.5000000000
52020  42.568  -26.339  -21.577 0.4000000060
156740  42.965  -28.920  -25.121 0.6000000238
53120  43.592  -25.648  -22.927 0.4000000060
49891  42.700  -28.079  -25.759 0.6000000238
50995  42.855  -27.089  -26.170 0.5000000000
39884  42.229  -37.106  -24.838 0.6999999881
39885  41.211  -36.729  -24.351 0.6000000238
39894  43.659  -36.743  -25.530 0.6999999881
41244  43.098  -35.748  -25.270 0.6000000238
41235  42.328  -35.576  -24.887 0.6000000238
38631  44.323  -37.757  -25.660 0.6999999881
42588  42.656  -34.902  -25.056 0.5000000000
46309  44.696  -31.891  -25.322 0.6000000238
45062  43.681  -32.697  -25.323 0.6000000238
46310  43.304  -31.824  -25.104 0.6000000238
137450  43.983  -31.162  -25.021 0.5000000000
48746  44.087  -29.038  -25.058 0.6000000238
49890  43.752  -28.185  -25.724 0.6000000238
50994  43.748  -27.075  -26.523 0.5000000000
41242  45.228  -35.502  -25.910 0.6999999881
147875  44.285  -35.158  -25.651 0.6999999881
42599  43.785  -34.266  -25.491 0.6000000238
43880  44.138  -33.515  -25.521 0.5000000000
46307  46.440  -31.346  -25.650 0.6000000238
161920  45.245  -32.414  -25.554 0.6000000238
150780  45.670  -30.553  -25.232 0.6000000238
49888  46.082  -28.567  -26.215 0.6000000238
49902  44.282  -27.640  -26.332 0.5000000000
29964  41.851  -44.971  -23.563 0.5000000000
31163  40.887  -43.538  -23.699 0.5000000000
31161  42.310  -44.266  -23.623 0.5000000000
31162  41.811  -43.968  -23.808 0.5000000000
33487  41.426  -41.922  -24.382 0.6999999881
138060  43.233  -41.717  -24.999 0.6999999881
33486  41.830  -42.437  -24.341 0.5000000000
32324  42.477  -42.490  -24.289 0.5000000000
149627  41.851  -40.485  -24.795 0.6999999881
146856  42.924  -40.953  -25.191 0.6999999881
37300  43.027  -39.333  -25.351 0.6999999881
27456  45.228  -46.881  -20.096 0.3000000119
139223  38.395  -33.061  -21.366 0.6999999881
41210  37.227  -35.310  -22.319 0.6000000238
45010  38.707  -32.278  -20.876 0.6999999881
46239  39.423  -31.272  -19.342 0.6999999881
148201  39.410  -41.929  -23.706 0.6000000238
46300  38.795  -31.600  -24.542 0.6000000238
49883  39.329  -28.614  -24.448 0.6999999881
49843  40.359  -28.509  -20.881 0.6000000238
50978  40.453  -27.873  -23.724 0.6999999881
50961  40.842  -27.930  -22.095 0.6000000238
49881  40.677  -27.948  -25.240 0.6999999881
50949  41.510  -27.132  -20.394 0.5000000000
50931  41.207  -27.223  -19.204 0.5000000000
52043  42.532  -26.762  -25.578 0.5000000000
43870  42.213  -34.094  -24.807 0.5000000000
41243  43.978  -35.939  -25.563 0.6999999881
43881  43.300  -33.414  -25.305 0.5000000000
48745  45.272  -29.472  -25.150 0.6000000238
49889  45.021  -28.462  -25.664 0.6000000238
142278  43.430  -35.013  -25.391 0.6000000238
161623  44.887  -31.120  -25.149 0.6000000238
42598  44.752  -34.381  -25.752 0.5000000000
36005  44.569  -40.558  -24.939 0.6000000238
157395  42.667  -36.490  -22.502 0.6000000238
42570  42.945  -34.953  -22.224 0.4000000060
38620  43.651  -38.362  -23.512 0.5000000000
36012  44.584  -40.582  -25.447 0.6000000238
143253  38.626  -41.175  -21.341 0.5000000000
41208  42.569  -35.340  -21.442 0.4000000060
143914  36.910  -39.942  -22.338 0.5000000000
35986  38.199  -39.628  -21.549 0.5000000000
37285  42.832  -38.937  -23.010 0.5000000000
158112  42.626  -34.689  -20.825 0.4000000060
35972  38.829  -38.732  -20.919 0.5000000000
39871  42.896  -37.155  -23.031 0.6000000238
37274  38.142  -38.025  -21.395 0.5000000000
37292  44.929  -39.442  -24.675 0.5000000000
36016  44.614  -40.543  -25.459 0.6000000238
43829  42.938  -33.145  -20.153 0.4000000060
156297  42.753  -33.194  -19.513 0.4000000060
41222  43.404  -35.505  -22.902 0.4000000060
37233  38.898  -38.185  -18.367 0.5000000000
39876  43.828  -37.249  -23.543 0.5000000000
152693  38.754  -37.840  -20.504 0.5000000000
38562  38.689  -37.409  -18.540 0.5000000000
37299  45.468  -39.330  -25.223 0.6000000238
37303  45.158  -39.627  -25.337 0.6000000238
37305  44.046  -39.896  -25.553 0.6000000238
145974  38.034  -35.192  -21.409 0.5000000000
147012  38.546  -35.712  -19.253 0.5000000000
39803  38.451  -36.712  -17.981 0.4000000060
38618  45.601  -38.707  -24.753 0.5000000000
39875  45.074  -37.401  -24.125 0.5000000000
156058  45.902  -38.755  -25.124 0.6000000238
38629  46.176  -38.248  -25.405 0.6000000238
37304  44.742  -39.691  -25.461 0.6000000238
38630  45.388  -38.639  -25.524 0.6000000238
163290  44.348  -38.574  -25.608 0.6000000238
42569  43.378  -34.232  -22.220 0.4000000060
45021  43.320  -33.090  -20.909 0.4000000060
41166  38.528  -35.238  -18.662 0.5000000000
164604  38.437  -36.108  -17.934 0.5000000000
39781  37.571  -36.823  -16.310 0.4000000060
149569  38.553  -35.070  -19.540 0.6000000238
140723  38.119  -36.975  -17.076 0.4000000060
41229  45.067  -36.202  -23.772 0.6000000238
41234  46.641  -36.790  -24.410 0.6000000238
39882  47.075  -37.560  -25.510 0.6000000238
39891  47.428  -37.432  -25.891 0.6000000238
150775  43.529  -31.682  -19.690 0.4000000060
42504  38.532  -34.698  -17.800 0.5000000000
41126  38.128  -35.600  -16.723 0.4000000060
38519  35.477  -37.475  -16.118 0.4000000060
42568  44.287  -34.325  -22.871 0.6000000238
42579  46.018  -35.039  -23.679 0.6000000238
41221  44.365  -35.332  -23.278 0.6000000238
39874  45.985  -37.025  -24.301 0.5000000000
41232  48.030  -36.580  -25.407 0.6000000238
41227  46.810  -36.059  -24.189 0.5000000000
39896  46.907  -37.221  -26.040 0.6000000238
138955  43.136  -32.066  -18.939 0.4000000060
158051  43.677  -33.048  -21.616 0.4000000060
42519  38.770  -33.890  -17.994 0.6000000238
42490  38.062  -34.587  -16.168 0.5000000000
39783  35.803  -36.454  -15.715 0.5000000000
39784  34.918  -36.797  -16.050 0.5000000000
43853  44.616  -33.464  -22.693 0.4000000060
43854  43.842  -33.527  -22.223 0.4000000060
43864  45.231  -34.193  -23.234 0.5000000000
42578  46.994  -35.025  -24.095 0.5000000000
42586  48.009  -35.642  -24.860 0.5000000000
41240  48.348  -36.628  -26.108 0.6000000238
39890  47.937  -37.095  -26.107 0.6000000238
144936  45.731  -36.662  -25.952 0.6000000238
47470  44.836  -30.645  -20.835 0.4000000060
157790  43.823  -31.759  -20.502 0.4000000060
46238  44.186  -30.951  -20.172 0.4000000060
47441  43.889  -30.738  -19.233 0.4000000060
44995  39.297  -32.057  -19.094 0.6000000238
46269  45.023  -31.240  -21.712 0.4000000060
45020  43.860  -32.335  -21.184 0.4000000060
43757  38.425  -33.799  -16.363 0.6000000238
42476  36.690  -34.711  -15.586 0.5000000000
152776  34.875  -36.109  -15.900 0.4000000060
139733  44.887  -32.813  -22.600 0.4000000060
43863  46.082  -34.054  -23.480 0.5000000000
42585  48.841  -35.999  -25.813 0.5000000000
41239  49.041  -36.053  -26.482 0.6000000238
41246  47.534  -36.617  -26.329 0.6000000238
42604  46.757  -35.331  -26.468 0.6000000238
141834  44.748  -30.222  -20.151 0.4000000060
44976  39.310  -32.294  -18.109 0.6000000238
44938  39.116  -32.496  -17.051 0.6000000238
42474  37.944  -33.917  -15.747 0.5000000000
39805  33.619  -36.154  -17.351 0.5000000000
46280  45.553  -31.636  -22.499 0.4000000060
46291  46.077  -32.113  -23.119 0.4000000060
45041  46.729  -32.652  -23.568 0.5000000000
43869  48.451  -34.069  -24.815 0.5000000000
42602  48.975  -35.739  -26.790 0.5000000000
47455  45.078  -29.661  -19.554 0.4000000060
46206  39.406  -31.643  -17.384 0.6000000238
162908  38.058  -32.757  -15.676 0.5000000000
152160  35.412  -33.957  -15.920 0.5000000000
45040  47.553  -33.156  -24.170 0.5000000000
43868  49.433  -34.946  -25.814 0.4000000060
42605  49.985  -35.070  -27.073 0.4000000060
43886  48.382  -34.903  -27.029 0.4000000060
43887  47.124  -34.401  -26.609 0.6000000238
43879  45.473  -33.951  -25.951 0.4000000060
48672  45.973  -29.340  -20.034 0.4000000060
47487  45.556  -30.280  -21.345 0.4000000060
47442  39.677  -30.690  -18.710 0.6000000238
47500  45.808  -30.712  -22.162 0.4000000060
143549  39.852  -30.112  -18.189 0.5000000000
147539  39.117  -31.729  -16.549 0.5000000000
43746  36.686  -33.195  -15.554 0.5000000000
151389  34.723  -33.946  -16.460 0.4000000060
46168  38.231  -31.547  -15.625 0.4000000060
160314  48.657  -32.584  -24.760 0.5000000000
45049  49.011  -33.547  -25.161 0.5000000000
45057  50.499  -33.522  -26.284 0.6000000238
149376  49.421  -35.049  -27.179 0.4000000060
144653  48.795  -34.010  -27.204 0.4000000060
45070  47.000  -33.198  -26.436 0.4000000060
43884  50.852  -33.860  -27.208 0.5000000000
48639  39.828  -29.690  -17.286 0.5000000000
137477  39.427  -30.360  -16.569 0.6000000238
45069  47.988  -32.913  -26.725 0.5000000000
45059  46.121  -32.500  -25.830 0.5000000000
45066  52.264  -32.578  -27.614 0.5000000000
43876  50.901  -33.959  -26.942 0.5000000000
45074  49.933  -34.141  -27.413 0.5000000000
45068  49.059  -32.694  -27.325 0.5000000000
48708  47.052  -29.476  -21.428 0.4000000060
48744  46.696  -29.344  -25.983 0.5000000000
46318  47.134  -32.075  -26.218 0.4000000060
154142  50.268  -32.869  -27.670 0.5000000000
45072  51.551  -33.095  -27.685 0.5000000000
49783  39.859  -28.693  -16.722 0.4000000060
47532  47.456  -30.027  -26.332 0.4000000060
48755  48.146  -29.723  -27.320 0.4000000060
47533  46.677  -30.315  -25.649 0.5000000000
46306  47.353  -30.993  -26.105 0.5000000000
46316  48.924  -31.316  -27.252 0.5000000000
46317  48.087  -31.719  -26.655 0.5000000000
46321  49.694  -31.884  -27.583 0.5000000000
47546  50.417  -30.727  -28.186 0.5000000000
47547  49.692  -30.912  -27.840 0.4000000060
159966  38.291  -35.700  -20.819 0.5000000000
152578  38.644  -34.323  -18.900 0.6000000238
38599  38.317  -37.261  -20.987 0.6000000238
44977  39.143  -32.878  -18.880 0.6000000238
33481  37.518  -41.394  -21.897 0.5000000000
48657  40.197  -29.285  -18.955 0.5000000000
42597  45.739  -34.886  -26.097 0.6000000238
43888  46.199  -34.373  -26.258 0.4000000060
38576  38.779  -37.221  -19.288 0.5000000000
39848  38.371  -36.436  -20.632 0.5000000000
39837  38.598  -36.442  -19.501 0.5000000000
39780  38.275  -36.060  -17.311 0.4000000060
39782  36.860  -36.706  -15.851 0.4000000060
42580  45.153  -35.034  -23.399 0.6000000238
41144  38.343  -35.276  -17.167 0.6000000238
39764  36.677  -36.038  -15.689 0.4000000060
144224  44.467  -31.978  -21.655 0.4000000060
44958  39.000  -33.151  -17.894 0.6000000238
43776  38.644  -33.989  -17.225 0.6000000238
42475  37.482  -34.668  -15.798 0.5000000000
38520  34.528  -37.525  -16.646 0.5000000000
37203  34.799  -38.583  -16.843 0.5000000000
39804  34.293  -36.326  -16.578 0.5000000000
44939  38.655  -32.913  -16.376 0.5000000000
42477  35.787  -34.706  -15.646 0.5000000000
147827  37.171  -33.949  -15.581 0.5000000000
43877  50.209  -34.528  -26.581 0.5000000000
42491  34.953  -34.671  -16.033 0.5000000000
46297  47.925  -32.120  -24.298 0.5000000000
47421  39.611  -30.721  -17.609 0.6000000238
158425  47.836  -33.896  -26.831 0.3000000119
47542  48.946  -30.241  -27.658 0.4000000060
13956  39.335  -56.806  -15.532 0.3000000119
16426  39.642  -55.808  -16.498 0.3000000119
17582  40.735  -54.844  -15.491 0.3000000119
17594  42.593  -54.489  -17.011 0.3000000119
152437  41.720  -54.513  -16.498 0.3000000119
18733  42.872  -53.649  -16.076 0.3000000119
142693  44.202  -54.775  -18.022 0.3000000119
17593  43.536  -54.183  -17.126 0.3000000119
19885  45.017  -52.627  -14.608 0.3000000119
18718  44.246  -52.807  -15.544 0.3000000119
18730  45.553  -53.049  -16.800 0.3000000119
18744  45.220  -53.828  -17.504 0.3000000119
19909  45.511  -52.293  -15.206 0.3000000119
19907  47.711  -51.537  -15.606 0.3000000119
19936  45.960  -52.280  -16.056 0.3000000119
18729  46.459  -52.914  -17.041 0.4000000060
18743  46.033  -53.685  -17.691 0.4000000060
18752  47.552  -53.449  -18.475 0.4000000060
18769  47.611  -53.474  -19.297 0.3000000119
19931  50.612  -51.931  -17.022 0.3000000119
19933  49.020  -52.345  -16.914 0.4000000060
19960  48.961  -52.735  -17.627 0.4000000060
18741  47.527  -53.330  -17.923 0.4000000060
21238  50.531  -51.736  -16.431 0.3000000119
18750  48.919  -52.831  -18.941 0.4000000060
21220  52.983  -50.809  -16.015 0.4000000060
21236  51.822  -51.319  -16.462 0.4000000060
18768  48.256  -53.094  -19.550 0.4000000060
20028  49.164  -52.109  -20.278 0.3000000119
19930  51.109  -51.675  -17.103 0.4000000060
19959  50.320  -52.153  -17.627 0.3000000119
19986  50.461  -52.026  -18.157 0.4000000060
21234  52.464  -50.691  -16.876 0.4000000060
21297  50.561  -51.373  -19.246 0.5000000000
145674  50.202  -51.973  -18.860 0.4000000060
26183  43.375  -47.639  -22.191 0.5000000000
22467  52.929  -50.358  -16.444 0.4000000060
20012  49.494  -52.373  -19.366 0.4000000060
26167  46.150  -47.175  -20.574 0.3000000119
144206  45.721  -47.725  -21.822 0.4000000060
23697  50.225  -49.734  -21.156 0.3000000119
152033  37.736  -42.237  -21.678 0.4000000060
33480  38.557  -41.939  -21.281 0.4000000060
140321  40.135  -44.255  -23.445 0.4000000060
141070  41.025  -44.564  -23.553 0.4000000060
160055  40.558  -45.920  -23.173 0.4000000060
21253  51.924  -50.790  -17.474 0.4000000060
19985  51.003  -51.666  -17.691 0.3000000119
21275  50.937  -51.488  -18.334 0.5000000000
148078  41.272  -46.252  -23.238 0.4000000060
27496  42.416  -47.558  -22.967 0.4000000060
23670  52.417  -49.716  -17.355 0.4000000060
26168  45.170  -47.386  -21.225 0.4000000060
21314  50.250  -51.114  -20.087 0.4000000060
26192  45.061  -47.999  -23.149 0.5000000000
21334  50.057  -50.680  -20.634 0.5000000000
26179  46.790  -47.804  -22.737 0.4000000060
26166  47.371  -47.356  -20.461 0.4000000060
23702  50.564  -49.373  -21.350 0.3000000119
139271  47.745  -47.606  -21.696 0.4000000060
34724  39.151  -40.474  -21.012 0.4000000060
32325  40.118  -42.740  -23.691 0.4000000060
23681  52.170  -49.365  -18.031 0.4000000060
21296  51.672  -50.457  -18.337 0.4000000060
28771  42.363  -46.490  -23.504 0.4000000060
148390  43.025  -47.728  -23.153 0.5000000000
22508  51.785  -49.885  -18.703 0.4000000060
22509  51.395  -50.354  -19.172 0.4000000060
26201  44.496  -48.037  -23.182 0.5000000000
24942  52.040  -48.793  -18.579 0.4000000060
24953  52.193  -47.808  -20.070 0.4000000060
23695  52.081  -48.467  -19.975 0.4000000060
23699  51.845  -48.360  -20.634 0.5000000000
23704  51.284  -48.530  -21.623 0.5000000000
149198  43.047  -47.120  -23.455 0.4000000060
26200  45.367  -47.860  -23.440 0.5000000000
26145  52.062  -47.487  -19.686 0.4000000060
23705  51.058  -49.000  -21.717 0.5000000000
26191  45.968  -47.977  -23.369 0.4000000060
24965  50.639  -48.526  -22.078 0.4000000060
24966  50.031  -48.169  -22.434 0.4000000060
26164  48.971  -47.684  -21.593 0.4000000060
26178  48.020  -47.710  -22.651 0.4000000060
150555  42.317  -45.684  -23.522 0.4000000060
31157  42.876  -44.128  -23.139 0.3000000119
26162  52.106  -47.116  -20.927 0.4000000060
26175  51.983  -47.325  -21.516 0.4000000060
28770  43.969  -47.015  -23.417 0.4000000060
143909  35.252  -38.232  -16.455 0.4000000060
27453  51.939  -46.782  -20.349 0.4000000060
27452  52.020  -46.917  -20.552 0.4000000060
24968  51.714  -47.897  -22.064 0.5000000000
24972  51.092  -48.164  -22.943 0.5000000000
28769  44.925  -46.920  -23.487 0.5000000000
26199  46.188  -47.703  -23.647 0.4000000060
27472  51.767  -46.162  -21.195 0.4000000060
24971  50.315  -48.200  -22.900 0.4000000060
26190  47.118  -47.635  -23.299 0.4000000060
26189  48.450  -47.659  -23.150 0.4000000060
26197  48.056  -47.282  -23.598 0.4000000060
141202  42.383  -43.345  -23.813 0.4000000060
29962  43.192  -45.941  -23.440 0.3000000119
27485  52.144  -46.651  -21.412 0.4000000060
27494  52.192  -46.787  -22.049 0.4000000060
29956  43.907  -45.151  -22.846 0.3000000119
27486  51.989  -46.378  -21.740 0.4000000060
28753  51.388  -45.701  -22.338 0.4000000060
152958  52.146  -47.125  -22.801 0.4000000060
26195  50.714  -47.599  -23.410 0.5000000000
28741  51.300  -45.708  -21.095 0.4000000060
28750  50.842  -45.027  -22.207 0.4000000060
27505  49.823  -46.343  -23.772 0.4000000060
26196  49.170  -47.342  -23.542 0.4000000060
26198  47.112  -47.242  -23.678 0.4000000060
33489  43.013  -42.045  -24.628 0.4000000060
137593  51.236  -45.849  -22.953 0.4000000060
20050  44.247  -53.207  -20.694 0.3000000119
21206  47.667  -51.582  -14.693 0.3000000119
21225  49.502  -51.398  -15.333 0.3000000119
21222  51.843  -51.407  -15.540 0.4000000060
24907  52.263  -49.360  -17.074 0.4000000060
24923  52.181  -49.208  -17.777 0.4000000060
26103  51.475  -48.239  -17.878 0.4000000060
27438  51.548  -47.246  -19.362 0.4000000060
31156  43.629  -44.336  -22.488 0.3000000119
28724  50.705  -45.630  -20.429 0.4000000060
157859  42.784  -43.147  -23.133 0.4000000060
31155  44.464  -44.446  -22.154 0.4000000060
29955  45.268  -44.983  -22.476 0.4000000060
28743  50.139  -44.791  -20.921 0.4000000060
28754  50.751  -45.081  -22.733 0.4000000060
28755  50.130  -44.656  -22.983 0.4000000060
28765  49.024  -45.152  -23.585 0.4000000060
28766  47.660  -45.267  -23.350 0.3000000119
28757  45.987  -45.534  -22.986 0.4000000060
29946  49.679  -43.931  -22.200 0.4000000060
26182  44.043  -47.959  -22.410 0.4000000060
33485  43.054  -42.075  -24.137 0.4000000060
16445  40.318  -55.703  -17.230 0.3000000119
17595  41.330  -54.420  -15.718 0.3000000119
16443  42.814  -55.450  -18.044 0.3000000119
18782  43.035  -53.688  -20.548 0.3000000119
18781  44.005  -53.749  -20.635 0.3000000119
18732  43.780  -53.353  -16.286 0.3000000119
19908  46.595  -51.796  -15.203 0.3000000119
19937  45.067  -52.584  -15.857 0.4000000060
18742  46.815  -53.533  -17.841 0.4000000060
19934  48.028  -52.111  -16.624 0.3000000119
21239  49.738  -51.744  -16.274 0.3000000119
18728  47.388  -52.883  -17.340 0.4000000060
18739  48.927  -52.873  -18.158 0.4000000060
21223  51.002  -51.478  -15.581 0.3000000119
140647  53.320  -50.400  -15.739 0.4000000060
22519  51.078  -50.218  -20.054 0.4000000060
22531  50.660  -49.469  -21.323 0.5000000000
23703  50.483  -48.648  -21.694 0.3000000119
22526  51.268  -49.550  -20.527 0.5000000000
26123  51.878  -47.990  -18.755 0.4000000060
156556  49.885  -47.765  -23.347 0.4000000060
141005  48.245  -45.700  -23.640 0.4000000060
35984  42.534  -39.466  -21.800 0.4000000060
140002  42.676  -40.538  -22.286 0.4000000060
37263  42.710  -38.310  -20.870 0.4000000060
141685  42.458  -36.952  -21.474 0.3000000119
37273  42.486  -38.799  -22.129 0.5000000000
35997  42.783  -39.841  -22.708 0.4000000060
36006  43.610  -40.392  -23.829 0.4000000060
153634  44.606  -43.355  -16.482 0.3000000119
32289  44.315  -42.587  -16.879 0.3000000119
38538  43.528  -37.549  -18.107 0.3000000119
145685  42.706  -35.630  -18.962 0.3000000119
41165  42.566  -34.862  -18.774 0.3000000119
42545  42.576  -34.518  -20.091 0.3000000119
33427  43.720  -41.416  -16.972 0.3000000119
35929  43.196  -38.976  -17.151 0.3000000119
38539  42.925  -37.060  -17.430 0.3000000119
150791  44.316  -43.713  -15.695 0.3000000119
33408  43.268  -41.650  -16.222 0.3000000119
160553  42.660  -35.323  -18.338 0.3000000119
164808  42.574  -33.447  -18.517 0.3000000119
35913  43.253  -39.900  -16.972 0.3000000119
39779  42.466  -36.477  -16.608 0.3000000119
41143  42.657  -35.443  -17.701 0.3000000119
37187  42.100  -38.674  -15.770 0.3000000119
143938  42.349  -37.976  -16.280 0.3000000119
145936  42.309  -34.884  -16.153 0.3000000119
152922  42.041  -37.152  -15.837 0.3000000119
41112  42.054  -35.358  -15.386 0.3000000119
34644  42.303  -40.507  -15.449 0.3000000119
43775  42.517  -33.960  -17.183 0.3000000119
138862  42.580  -32.969  -17.179 0.3000000119
153666  43.668  -30.798  -18.485 0.3000000119
38501  41.614  -37.486  -15.041 0.3000000119
145701  42.446  -34.206  -16.509 0.3000000119
46187  42.779  -32.019  -16.690 0.3000000119
41099  41.788  -35.827  -14.680 0.3000000119
158645  42.337  -33.913  -15.613 0.3000000119
141351  42.517  -32.904  -15.564 0.3000000119
44920  43.267  -31.777  -14.884 0.3000000119
163766  44.518  -29.793  -18.354 0.3000000119
46205  43.188  -31.383  -17.185 0.3000000119
48638  44.658  -29.744  -17.827 0.3000000119
139690  45.837  -29.360  -19.083 0.3000000119
48689  46.174  -29.582  -20.942 0.3000000119
48671  46.825  -29.345  -19.465 0.3000000119
48670  47.620  -29.437  -20.126 0.3000000119
48687  47.544  -29.361  -20.868 0.3000000119
39847  42.508  -36.110  -20.909 0.3000000119
159338  42.459  -38.265  -21.530 0.4000000060
43815  42.633  -33.778  -19.815 0.3000000119
159308  42.852  -32.311  -18.345 0.3000000119
35970  42.806  -39.046  -20.965 0.5000000000
34664  43.252  -40.810  -16.629 0.3000000119
39802  42.769  -36.241  -17.559 0.3000000119
38561  43.198  -36.765  -18.266 0.3000000119
41185  42.580  -35.113  -19.546 0.3000000119
39836  42.700  -36.002  -19.842 0.3000000119
38515  42.552  -37.342  -16.679 0.3000000119
34665  42.699  -40.247  -16.225 0.3000000119
148395  42.529  -33.673  -17.924 0.3000000119
156878  42.277  -35.708  -16.146 0.3000000119
146224  42.278  -34.100  -14.632 0.3000000119
44910  43.514  -32.163  -14.224 0.3000000119
44937  42.598  -32.642  -16.301 0.3000000119
39750  41.580  -36.330  -13.998 0.3000000119
46167  42.830  -31.959  -15.651 0.3000000119
152220  46.173  -44.550  -22.405 0.3000000119
29954  47.134  -43.983  -22.327 0.4000000060
31143  48.243  -42.723  -21.828 0.4000000060
32321  47.704  -42.586  -21.767 0.4000000060
29947  45.467  -44.082  -21.891 0.3000000119
33475  46.762  -41.547  -21.007 0.4000000060
33462  47.192  -41.666  -20.879 0.3000000119
160429  46.233  -42.008  -21.236 0.4000000060
33464  46.248  -40.830  -20.542 0.3000000119
32317  43.912  -42.768  -21.482 0.3000000119
32316  45.191  -42.362  -21.219 0.4000000060
33465  45.432  -40.662  -20.634 0.4000000060
33479  42.795  -41.745  -21.710 0.3000000119
34722  43.132  -40.942  -21.231 0.4000000060
34712  43.813  -40.046  -20.636 0.4000000060
31146  43.943  -43.754  -21.826 0.3000000119
34731  42.763  -41.505  -22.865 0.3000000119
32318  42.747  -42.179  -22.792 0.3000000119
155441  43.277  -43.572  -22.199 0.3000000119
33466  44.155  -40.843  -20.782 0.4000000060
31153  47.138  -43.069  -21.867 0.4000000060
150010  52.583  -51.339  -15.176 0.3000000119
29960  49.475  -44.469  -23.092 0.3000000119
149369  51.756  -51.907  -12.017 0.3000000119
19858  51.663  -51.745  -12.870 0.3000000119
21200  52.971  -51.339  -14.542 0.3000000119
142965  53.142  -51.147  -15.262 0.3000000119
29953  47.923  -44.227  -22.817 0.3000000119
29951  49.642  -44.119  -22.601 0.3000000119
21151  53.822  -51.048  -12.040 0.3000000119
21198  53.847  -51.028  -13.788 0.3000000119
21177  53.977  -51.220  -12.934 0.3000000119
23641  53.676  -50.235  -14.955 0.3000000119
23658  52.377  -49.449  -16.499 0.3000000119
31151  48.771  -43.251  -22.287 0.3000000119
23544  53.997  -49.574  -10.015 0.3000000119
153010  53.330  -49.911  -12.081 0.3000000119
23567  53.732  -49.942  -10.973 0.3000000119
23620  53.970  -50.325  -14.147 0.3000000119
159003  53.909  -50.333  -13.190 0.3000000119
137990  52.200  -49.453  -15.629 0.3000000119
23569  52.128  -49.626  -11.437 0.3000000119
23593  52.851  -49.880  -12.290 0.3000000119
142767  52.710  -49.591  -14.244 0.3000000119
147169  52.522  -49.691  -13.319 0.3000000119
24908  51.716  -48.877  -17.099 0.3000000119
26124  51.059  -47.564  -18.448 0.3000000119
27455  50.222  -46.057  -19.395 0.3000000119
23546  52.557  -49.266  -10.591 0.3000000119
24892  51.490  -49.120  -16.149 0.3000000119
23643  51.247  -49.265  -15.262 0.3000000119
24925  50.966  -48.282  -17.200 0.3000000119
31150  49.192  -43.514  -22.303 0.3000000119
23570  51.098  -49.474  -11.660 0.3000000119
23547  51.524  -49.193  -10.826 0.3000000119
147074  51.505  -49.577  -13.240 0.3000000119
23611  50.999  -49.457  -13.669 0.3000000119
24910  50.009  -48.255  -16.083 0.3000000119
27424  50.207  -47.097  -18.063 0.3000000119
28725  49.796  -45.277  -19.897 0.3000000119
31137  49.188  -43.311  -21.822 0.3000000119
31138  48.629  -42.842  -21.325 0.3000000119
29961  48.665  -44.527  -23.153 0.3000000119
155465  49.758  -49.139  -13.217 0.3000000119
24894  49.857  -48.522  -15.260 0.3000000119
26105  49.814  -47.357  -17.276 0.3000000119
21199  53.446  -51.223  -14.561 0.3000000119
21153  53.146  -51.405  -12.448 0.3000000119
21179  53.088  -51.385  -13.177 0.3000000119
16408  39.655  -55.975  -15.643 0.3000000119
16424  40.992  -54.947  -16.593 0.3000000119
16425  40.143  -55.300  -16.051 0.3000000119
17604  44.387  -53.963  -17.319 0.3000000119
17605  43.457  -55.046  -17.960 0.3000000119
17616  46.985  -53.827  -19.035 0.3000000119
17656  42.737  -54.242  -20.498 0.3000000119
18731  44.672  -53.186  -16.554 0.3000000119
18734  42.037  -54.031  -15.881 0.3000000119
18740  48.244  -53.118  -18.013 0.4000000060
18751  48.252  -53.164  -18.650 0.4000000060
18753  46.890  -53.710  -18.352 0.4000000060
18767  48.804  -52.717  -19.904 0.4000000060
18780  44.772  -53.523  -20.764 0.3000000119
18783  42.211  -53.708  -20.620 0.3000000119
19839  52.539  -51.668  -11.793 0.3000000119
19857  52.465  -51.575  -12.661 0.3000000119
19884  46.959  -52.083  -14.220 0.3000000119
19910  44.764  -52.550  -15.149 0.3000000119
19932  49.869  -52.280  -17.137 0.4000000060
19935  46.954  -52.032  -16.326 0.3000000119
19961  48.241  -52.870  -17.508 0.4000000060
19987  49.701  -52.456  -18.378 0.4000000060
20011  49.898  -51.764  -19.781 0.4000000060
20027  49.529  -51.375  -20.493 0.3000000119
21152  53.639  -51.123  -12.274 0.3000000119
21178  53.609  -51.124  -13.138 0.3000000119
21180  52.505  -51.470  -13.645 0.3000000119
21201  52.162  -51.447  -14.555 0.3000000119
21221  52.534  -51.198  -15.866 0.4000000060
21224  50.315  -51.483  -15.687 0.3000000119
21235  52.384  -51.048  -16.524 0.4000000060
21237  51.182  -51.565  -16.402 0.4000000060
21240  48.765  -51.581  -15.959 0.3000000119
21254  51.759  -51.189  -17.149 0.4000000060
21274  51.534  -50.894  -18.029 0.4000000060
21313  50.842  -50.779  -19.615 0.5000000000
21333  50.732  -50.655  -20.066 0.4000000060
22380  53.801  -50.580  -11.510 0.3000000119
22400  53.854  -50.654  -12.663 0.3000000119
22422  53.985  -50.504  -13.622 0.3000000119
22441  53.829  -50.557  -14.365 0.3000000119
22458  53.486  -50.694  -15.140 0.3000000119
22477  52.591  -50.297  -17.010 0.4000000060
22478  52.269  -50.405  -17.399 0.4000000060
22491  52.344  -50.081  -17.573 0.4000000060
22492  52.083  -50.155  -17.950 0.4000000060
22507  52.048  -49.541  -18.314 0.4000000060
22518  51.547  -49.704  -19.637 0.4000000060
22527  50.663  -50.029  -20.788 0.5000000000
22529  49.891  -50.234  -21.103 0.3000000119
23545  53.541  -49.385  -10.301 0.3000000119
23568  53.156  -49.809  -11.235 0.3000000119
23591  53.705  -50.429  -11.970 0.3000000119
23592  53.523  -49.962  -13.168 0.3000000119
23594  51.759  -49.694  -12.451 0.3000000119
23595  50.622  -49.449  -12.799 0.3000000119
23609  53.885  -49.806  -13.943 0.3000000119
23610  51.759  -49.525  -13.951 0.3000000119
23621  53.961  -49.888  -14.322 0.3000000119
23622  52.950  -49.643  -15.066 0.3000000119
23623  51.955  -49.459  -14.768 0.3000000119
23624  51.061  -49.362  -14.415 0.3000000119
23642  53.040  -49.726  -15.921 0.3000000119
23656  53.227  -49.988  -16.105 0.4000000060
23657  52.791  -49.727  -16.542 0.3000000119
23671  52.626  -49.721  -16.904 0.4000000060
23691  52.026  -48.747  -19.032 0.4000000060
23692  51.886  -49.185  -19.244 0.4000000060
23696  51.721  -48.991  -20.155 0.5000000000
23700  51.391  -48.735  -20.924 0.5000000000
23701  51.106  -49.338  -21.271 0.5000000000
23706  50.980  -48.850  -22.015 0.5000000000
24865  50.241  -49.194  -13.922 0.3000000119
24893  50.620  -48.789  -15.690 0.3000000119
24909  50.826  -48.539  -16.518 0.3000000119
24924  52.058  -48.753  -17.976 0.4000000060
24954  52.070  -48.225  -19.311 0.4000000060
24961  52.017  -47.765  -20.752 0.4000000060
24964  51.728  -47.967  -21.369 0.4000000060
24967  51.900  -47.554  -21.889 0.4000000060
24969  51.202  -48.383  -22.224 0.5000000000
24970  50.817  -48.396  -22.394 0.4000000060
26087  50.247  -47.995  -16.876 0.3000000119
26104  50.615  -47.750  -17.612 0.3000000119
26122  51.997  -48.323  -18.884 0.4000000060
26144  52.093  -47.554  -19.862 0.4000000060
26163  52.132  -46.708  -21.049 0.4000000060
26169  43.917  -47.317  -21.536 0.5000000000
26176  52.091  -46.806  -21.552 0.4000000060
26177  49.164  -47.848  -22.549 0.4000000060
26180  45.786  -47.976  -22.706 0.4000000060
26181  44.884  -47.898  -22.437 0.5000000000
26185  36.649  -47.038  -21.421 0.5000000000
26186  52.082  -47.303  -22.177 0.5000000000
26187  51.784  -47.803  -22.686 0.5000000000
26188  49.455  -47.926  -23.049 0.4000000060
26193  44.222  -48.262  -22.975 0.4000000060
26194  43.522  -48.132  -22.861 0.5000000000
26202  43.659  -48.172  -23.045 0.5000000000
27439  50.607  -46.866  -18.953 0.4000000060
27440  49.805  -46.415  -18.517 0.3000000119
27454  51.083  -46.482  -19.833 0.4000000060
27471  52.177  -46.645  -21.065 0.4000000060
27474  43.734  -46.773  -20.599 0.5000000000
27487  42.606  -47.256  -21.793 0.6000000238
27491  37.465  -47.011  -21.640 0.5000000000
27495  51.887  -46.403  -22.544 0.4000000060
27497  41.799  -47.201  -22.662 0.6000000238
27503  51.523  -46.788  -23.229 0.4000000060
27504  50.668  -46.499  -23.465 0.4000000060
27506  48.839  -46.310  -23.858 0.4000000060
27507  47.328  -46.372  -23.739 0.4000000060
27508  46.427  -47.037  -23.795 0.4000000060
27509  45.604  -47.493  -23.689 0.4000000060
27510  44.746  -47.673  -23.421 0.5000000000
27511  43.802  -47.763  -23.331 0.5000000000
28723  51.418  -46.152  -20.568 0.4000000060
28742  50.832  -45.162  -21.440 0.4000000060
28749  51.422  -45.667  -21.733 0.4000000060
28756  46.946  -44.928  -22.926 0.3000000119
28758  45.122  -45.946  -23.064 0.5000000000
28759  44.257  -46.089  -23.211 0.3000000119
28763  50.485  -45.451  -23.318 0.4000000060
28764  49.693  -45.273  -23.550 0.4000000060
28767  46.690  -45.986  -23.550 0.4000000060
28768  45.805  -46.603  -23.593 0.4000000060
28772  41.786  -45.978  -23.498 0.5000000000
28773  41.101  -45.503  -23.375 0.4000000060
28775  37.402  -45.551  -22.923 0.4000000060
28776  36.436  -45.267  -23.003 0.4000000060
28777  35.874  -44.733  -23.021 0.4000000060
29941  50.284  -44.476  -21.885 0.4000000060
29942  49.636  -44.040  -21.425 0.3000000119
29943  49.008  -43.605  -20.921 0.3000000119
29950  50.204  -44.505  -22.504 0.4000000060
29952  49.162  -43.829  -22.668 0.3000000119
29957  43.277  -44.876  -23.143 0.3000000119
29958  35.795  -43.957  -23.075 0.4000000060
29959  35.651  -43.437  -23.197 0.4000000060
29963  42.627  -44.953  -23.464 0.4000000060
31122  43.890  -42.901  -16.060 0.3000000119
31142  48.713  -42.948  -21.925 0.3000000119
31144  46.014  -43.000  -21.526 0.4000000060
31145  44.748  -43.444  -21.568 0.3000000119
31152  48.035  -43.258  -22.273 0.4000000060
31154  46.384  -43.772  -21.927 0.4000000060
31160  35.556  -43.094  -23.236 0.5000000000
31164  39.533  -43.562  -23.529 0.5000000000
31166  36.144  -43.488  -23.458 0.4000000060
31167  35.657  -43.185  -23.310 0.4000000060
32279  43.414  -42.297  -15.936 0.3000000119
32290  43.734  -42.162  -16.573 0.3000000119
32295  44.114  -41.940  -17.168 0.3000000119
32309  48.163  -42.437  -21.411 0.3000000119
32310  47.663  -41.937  -20.942 0.3000000119
32312  39.053  -42.369  -20.747 0.4000000060
32315  47.587  -42.143  -21.305 0.4000000060
32319  38.330  -42.855  -21.210 0.4000000060
32326  38.700  -42.749  -23.612 0.6000000238
33409  42.765  -41.097  -15.861 0.3000000119
33476  45.848  -41.376  -20.967 0.4000000060
33477  44.590  -41.634  -20.998 0.4000000060
33478  43.485  -41.762  -21.310 0.4000000060
33482  36.192  -41.265  -22.709 0.6000000238
33484  35.890  -41.427  -23.175 0.6000000238
33490  42.419  -42.030  -24.677 0.5000000000
33491  41.494  -41.487  -24.521 0.6999999881
34713  42.765  -40.070  -21.207 0.4000000060
34723  42.624  -41.147  -21.949 0.3000000119
34725  37.924  -40.534  -21.732 0.5000000000
34734  43.982  -41.125  -24.762 0.6000000238
34735  43.652  -41.601  -24.930 0.4000000060
34736  40.923  -40.622  -24.262 0.6999999881
34739  44.227  -41.014  -25.321 0.6000000238
34740  43.916  -41.226  -25.194 0.6999999881
34741  42.227  -41.338  -24.877 0.6999999881
34742  44.225  -40.869  -25.367 0.6000000238
35898  42.217  -39.595  -15.733 0.3000000119
35914  42.708  -39.438  -16.476 0.3000000119
35945  39.149  -38.925  -18.129 0.5000000000
35969  43.623  -39.195  -20.486 0.4000000060
35987  37.697  -38.772  -21.806 0.6000000238
35998  36.258  -39.410  -22.831 0.6000000238
35999  36.195  -39.462  -23.027 0.6000000238
36004  45.019  -40.088  -25.348 0.6000000238
36009  36.446  -39.490  -23.400 0.6999999881
36013  43.706  -40.503  -25.421 0.6000000238
36015  44.923  -40.337  -25.364 0.6000000238
37188  41.618  -38.260  -15.042 0.3000000119
37199  42.609  -38.713  -16.515 0.3000000119
37214  42.940  -38.019  -17.211 0.3000000119
37247  39.276  -38.293  -19.929 0.5000000000
37248  39.035  -37.919  -19.141 0.5000000000
37293  44.046  -39.673  -23.980 0.5000000000
37296  37.024  -38.545  -23.765 0.6999999881
37298  45.792  -38.848  -25.198 0.6000000238
37302  41.235  -39.023  -24.338 0.6999999881
38540  38.483  -37.601  -17.781 0.4000000060
38587  42.530  -37.654  -21.081 0.4000000060
38588  38.667  -37.136  -20.092 0.5000000000
38598  42.422  -37.900  -22.110 0.4000000060
38611  42.705  -37.819  -22.806 0.5000000000
38619  44.669  -38.282  -24.097 0.5000000000
38624  46.364  -38.122  -25.309 0.6000000238
38625  46.164  -38.114  -24.801 0.5000000000
38626  42.639  -38.187  -25.018 0.6999999881
39761  42.035  -36.198  -15.603 0.3000000119
39762  41.659  -36.671  -14.906 0.3000000119
39763  37.347  -36.099  -15.972 0.4000000060
39821  43.123  -36.505  -19.036 0.3000000119
39822  42.826  -36.002  -18.320 0.3000000119
39823  38.524  -36.079  -18.571 0.5000000000
39860  42.455  -36.257  -21.854 0.3000000119
39861  37.903  -36.784  -21.472 0.6000000238
39862  37.187  -36.778  -22.234 0.6999999881
39870  43.145  -36.345  -23.029 0.6000000238
39872  36.270  -36.826  -23.063 0.6999999881
39878  36.934  -37.057  -24.153 0.6999999881
39879  36.256  -36.772  -23.995 0.6999999881
39880  36.063  -36.442  -23.705 0.6000000238
39881  47.723  -37.173  -25.764 0.6000000238
39883  46.791  -37.625  -24.896 0.6000000238
39886  40.072  -36.495  -24.039 0.6000000238
39888  37.645  -35.892  -24.201 0.6999999881
39892  46.125  -37.663  -25.741 0.6000000238
39893  44.862  -37.107  -25.767 0.6999999881
39895  42.731  -36.464  -25.118 0.6999999881
41113  37.069  -35.413  -15.713 0.5000000000
41114  36.226  -35.474  -15.588 0.5000000000
41127  37.741  -35.375  -16.196 0.5000000000
41128  35.307  -35.470  -15.720 0.4000000060
41129  34.576  -35.427  -16.283 0.5000000000
41196  38.523  -35.738  -20.011 0.5000000000
41209  37.746  -36.042  -21.669 0.5000000000
41223  42.710  -35.769  -22.346 0.4000000060
41224  36.420  -35.460  -23.086 0.6000000238
41228  45.842  -35.928  -23.872 0.5000000000
41230  44.083  -36.281  -23.474 0.6000000238
41233  47.410  -37.055  -24.921 0.6000000238
41238  36.764  -35.529  -24.257 0.6000000238
41241  46.296  -36.066  -26.238 0.6000000238
41245  48.428  -36.414  -26.341 0.6000000238
42488  42.545  -34.790  -17.077 0.3000000119
42489  38.383  -34.586  -16.828 0.6000000238
42503  42.576  -34.605  -17.944 0.3000000119
42518  42.533  -34.105  -18.594 0.3000000119
42535  42.552  -34.345  -19.309 0.3000000119
42554  42.849  -34.445  -21.489 0.4000000060
42581  36.515  -34.297  -23.733 0.6000000238
42582  36.297  -35.181  -23.927 0.6000000238
42587  47.510  -36.159  -24.650 0.6000000238
42592  38.731  -34.763  -24.053 0.6000000238
42594  36.413  -35.340  -24.129 0.6000000238
42595  49.876  -35.194  -26.805 0.4000000060
42596  49.400  -35.660  -26.520 0.6000000238
42600  42.965  -34.167  -25.211 0.5000000000
42601  49.630  -35.489  -26.895 0.4000000060
42603  47.923  -35.668  -26.662 0.4000000060
42606  49.974  -35.023  -27.165 0.4000000060
43743  42.470  -33.271  -14.710 0.3000000119
43744  38.218  -33.158  -15.866 0.5000000000
43745  37.618  -33.114  -15.595 0.5000000000
43756  42.496  -33.440  -16.404 0.3000000119
43794  42.600  -33.631  -19.102 0.4000000060
43795  38.868  -33.548  -18.660 0.6000000238
43814  43.058  -32.561  -19.593 0.4000000060
43816  38.845  -33.504  -19.634 0.6999999881
43830  38.582  -33.713  -20.705 0.6999999881
43840  44.269  -32.723  -22.075 0.4000000060
43841  43.258  -33.680  -21.540 0.4000000060
43852  45.349  -33.334  -23.071 0.4000000060
43855  37.577  -33.060  -22.477 0.6999999881
43861  47.728  -34.448  -24.413 0.5000000000
43862  46.858  -33.733  -23.754 0.5000000000
43865  36.701  -33.232  -23.840 0.6000000238
43873  38.571  -33.471  -24.086 0.6000000238
43878  46.168  -33.565  -26.153 0.4000000060
43885  50.317  -34.643  -27.015 0.4000000060
43889  50.301  -34.518  -27.172 0.5000000000
44921  42.810  -32.421  -14.765 0.3000000119
44922  38.387  -32.401  -15.857 0.5000000000
44923  37.851  -32.326  -15.566 0.5000000000
44924  37.066  -32.416  -15.505 0.5000000000
44957  42.796  -32.171  -17.618 0.3000000119
44975  42.740  -32.870  -18.877 0.4000000060
44996  39.075  -32.614  -19.828 0.6999999881
45009  44.334  -31.473  -21.024 0.4000000060
45030  45.446  -32.505  -22.829 0.4000000060
45031  44.906  -32.128  -22.255 0.4000000060
45042  46.046  -33.044  -23.339 0.4000000060
45043  36.648  -32.212  -24.032 0.6000000238
45050  48.294  -33.065  -24.581 0.5000000000
45058  49.793  -33.924  -25.814 0.6000000238
45060  45.382  -33.131  -25.759 0.5000000000
45061  44.563  -32.766  -25.492 0.6000000238
45067  51.597  -33.141  -27.303 0.5000000000
45071  52.071  -32.320  -28.103 0.5000000000
45073  50.790  -33.631  -27.502 0.5000000000
46186  43.258  -31.290  -16.239 0.3000000119
46188  38.727  -31.800  -16.020 0.5000000000
46223  43.470  -31.366  -18.915 0.4000000060
46224  39.505  -31.455  -18.377 0.6000000238
46254  43.406  -32.426  -20.341 0.4000000060
46256  38.811  -31.478  -20.794 0.6999999881
46282  36.850  -31.630  -23.638 0.6999999881
46292  36.749  -31.411  -23.984 0.6999999881
46299  40.029  -31.447  -24.616 0.6000000238
46301  37.682  -31.120  -24.410 0.6000000238
46308  45.512  -31.651  -25.421 0.6000000238
46320  50.462  -31.761  -27.962 0.5000000000
47399  39.360  -31.101  -16.791 0.6000000238
47400  38.905  -31.030  -16.066 0.6000000238
47419  44.169  -30.121  -17.287 0.3000000119
47420  43.623  -30.734  -17.667 0.3000000119
47440  44.060  -30.124  -18.177 0.3000000119
47456  44.429  -30.269  -19.614 0.4000000060
47457  39.532  -30.554  -19.624 0.6999999881
47469  45.376  -29.868  -20.485 0.4000000060
47486  46.315  -29.938  -21.784 0.4000000060
47523  39.610  -30.416  -24.770 0.6000000238
47524  38.821  -29.868  -24.707 0.6000000238
47526  37.161  -30.750  -24.049 0.6999999881
47534  46.091  -29.721  -25.399 0.6000000238
47535  44.584  -30.217  -24.916 0.6000000238
47537  42.905  -30.810  -24.883 0.6000000238
47538  41.143  -29.966  -24.947 0.6999999881
47543  48.199  -30.646  -26.744 0.4000000060
48656  45.063  -29.553  -18.526 0.3000000119
48658  40.081  -29.466  -18.247 0.5000000000
48688  46.833  -29.345  -20.503 0.3000000119
48710  38.190  -29.789  -22.359 0.6999999881
48724  37.768  -29.560  -23.119 0.6999999881
48733  37.562  -29.919  -24.103 0.6999999881
48741  39.164  -29.237  -24.815 0.6000000238
48748  41.371  -29.190  -25.338 0.6999999881
49828  40.408  -28.749  -19.336 0.6000000238
49844  40.130  -28.912  -20.314 0.6000000238
49855  40.227  -28.453  -21.778 0.6999999881
49861  40.106  -28.251  -22.963 0.6999999881
49872  39.872  -28.196  -24.124 0.6999999881
49882  40.032  -28.342  -24.855 0.6999999881
49892  41.852  -27.770  -25.744 0.6999999881
49894  40.255  -28.562  -25.300 0.6999999881
49903  43.208  -27.476  -26.095 0.6000000238
50932  40.749  -27.940  -18.656 0.5000000000
50968  42.075  -27.234  -23.112 0.5000000000
50990  42.139  -27.218  -25.860 0.6000000238
50993  44.887  -27.191  -27.132 0.5000000000
52027  43.104  -26.431  -23.278 0.4000000060
52029  42.224  -27.053  -22.207 0.5000000000
136761  42.603  -32.899  -18.084 0.3000000119
137060  36.224  -41.149  -23.473 0.6000000238
137502  43.255  -41.226  -23.674 0.3000000119
137667  41.993  -30.491  -24.885 0.6000000238
137905  44.845  -33.550  -25.675 0.5000000000
138205  52.749  -50.037  -16.878 0.4000000060
138228  51.452  -51.204  -17.731 0.3000000119
138248  40.971  -46.708  -22.356 0.6000000238
138961  42.923  -46.721  -20.672 0.6000000238
139096  53.591  -49.812  -14.464 0.3000000119
139435  44.493  -47.559  -21.696 0.5000000000
139602  38.820  -33.334  -17.041 0.6000000238
139809  44.376  -29.984  -18.894 0.3000000119
140281  38.446  -35.578  -17.901 0.5000000000
140648  53.385  -51.227  -13.850 0.3000000119
140956  53.580  -49.951  -15.178 0.3000000119
141732  43.703  -38.907  -25.525 0.6000000238
141733  41.903  -37.911  -15.614 0.3000000119
142026  42.316  -47.179  -23.315 0.4000000060
142365  41.900  -43.103  -24.096 0.5000000000
142547  42.872  -47.768  -22.699 0.5000000000
142587  41.856  -36.153  -24.651 0.6000000238
142773  46.602  -47.670  -21.744 0.4000000060
142919  36.928  -43.874  -23.458 0.4000000060
143000  38.966  -37.669  -19.787 0.5000000000
143140  35.919  -45.020  -22.818 0.4000000060
144021  43.629  -34.810  -22.738 0.4000000060
144554  52.061  -47.182  -20.488 0.4000000060
144667  42.218  -39.799  -24.956 0.6999999881
145178  40.031  -45.202  -23.257 0.4000000060
145552  38.569  -41.031  -23.772 0.6000000238
145604  42.523  -37.059  -22.327 0.6000000238
146138  48.569  -35.126  -25.112 0.5000000000
146144  40.754  -42.163  -23.992 0.6999999881
146540  47.899  -46.680  -23.816 0.4000000060
146635  40.476  -34.078  -24.137 0.5000000000
146650  36.472  -41.872  -23.627 0.5000000000
146903  47.003  -42.260  -21.478 0.4000000060
146997  51.189  -32.672  -28.023 0.5000000000
147046  36.126  -37.993  -23.234 0.6999999881
147781  40.905  -38.224  -24.114 0.6000000238
147921  50.027  -47.198  -23.636 0.4000000060
148170  42.516  -35.599  -16.899 0.3000000119
148624  42.916  -42.610  -21.889 0.3000000119
149027  40.501  -46.730  -21.367 0.5000000000
149110  50.078  -48.527  -20.921 0.3000000119
149655  39.933  -29.960  -19.066 0.5000000000
149875  42.802  -33.891  -20.696 0.3000000119
150310  45.888  -29.066  -25.559 0.6000000238
150467  43.346  -53.223  -20.576 0.3000000119
150715  43.223  -31.548  -18.171 0.3000000119
150724  38.622  -36.769  -18.767 0.5000000000
150829  38.435  -35.085  -20.456 0.5000000000
150952  34.506  -39.147  -17.414 0.5000000000
150990  42.722  -42.542  -24.064 0.4000000060
151707  36.261  -33.964  -15.609 0.5000000000
151761  36.243  -38.131  -22.837 0.6999999881
151851  38.838  -32.272  -16.320 0.5000000000
152205  38.155  -35.095  -16.585 0.4000000060
152252  48.634  -43.726  -22.650 0.3000000119
153674  37.892  -36.157  -16.560 0.4000000060
153805  35.858  -42.059  -23.308 0.5000000000
153895  51.166  -50.908  -18.760 0.4000000060
155874  38.674  -39.376  -23.734 0.5000000000
156442  38.971  -28.966  -24.571 0.6999999881
156706  47.234  -32.197  -23.804 0.5000000000
156899  54.046  -50.253  -13.912 0.3000000119
157167  45.113  -35.571  -23.571 0.6000000238
157331  49.530  -52.551  -17.773 0.4000000060
157736  41.850  -46.628  -23.361 0.4000000060
158346  43.104  -47.942  -22.954 0.5000000000
159417  44.040  -32.087  -25.243 0.6000000238
159450  46.760  -37.738  -25.616 0.6000000238
159666  44.586  -45.304  -22.724 0.3000000119
159755  37.853  -29.436  -23.797 0.6000000238
160277  53.369  -49.733  -13.836 0.3000000119
160405  37.105  -39.308  -22.245 0.6999999881
160666  40.694  -46.293  -22.969 0.4000000060
160817  42.405  -39.114  -16.133 0.3000000119
160825  51.923  -50.527  -17.779 0.4000000060
161146  44.781  -36.051  -25.778 0.6999999881
161273  43.370  -28.557  -25.398 0.6000000238
161570  41.649  -35.423  -24.514 0.6000000238
161683  42.161  -34.632  -15.246 0.3000000119
161934  41.184  -42.758  -23.921 0.5000000000
162110  38.569  -34.081  -24.000 0.6000000238
162154  36.222  -36.110  -23.303 0.6000000238
162350  40.325  -32.850  -24.352 0.6000000238
162586  53.997  -50.553  -13.985 0.3000000119
162951  42.536  -38.765  -21.435 0.4000000060
163292  41.844  -27.137  -25.284 0.6000000238
163562  43.970  -30.385  -18.704 0.3000000119
164027  51.574  -47.571  -23.183 0.4000000060
164196  47.587  -37.240  -26.070 0.6000000238
164345  38.804  -33.587  -17.537 0.6000000238
