#!ascii label  , from subject sub-LJ001 vox2ras=TkReg
925
33415  31.230  -41.256  -16.180 0.6000000238
26041  24.309  -47.367  -12.497 0.6999999881
27368  25.648  -46.581  -13.213 0.6999999881
29867  28.471  -44.313  -13.686 0.8999999762
155745  29.205  -44.095  -13.259 0.8000000119
33343  30.034  -41.834  -13.501 0.8000000119
33416  30.376  -40.834  -15.966 0.6000000238
33432  31.727  -41.651  -17.317 0.6999999881
32298  32.910  -42.629  -18.195 0.6999999881
26022  24.134  -47.341  -11.650 0.6999999881
26024  22.508  -47.619  -11.513 0.6999999881
27354  25.515  -46.648  -12.252 0.6999999881
29851  26.507  -44.845  -11.839 0.6000000238
28620  27.032  -45.129  -12.344 0.6999999881
28632  27.213  -45.239  -13.254 0.6999999881
29849  27.921  -44.066  -12.328 0.8000000119
31059  28.295  -43.374  -12.445 0.8000000119
31084  29.077  -43.468  -12.867 0.8000000119
163682  29.541  -41.257  -13.663 0.8000000119
33391  30.022  -40.813  -14.936 0.6000000238
145243  30.728  -40.985  -17.144 0.6000000238
33446  32.034  -42.274  -18.398 0.6999999881
32297  33.701  -42.713  -18.165 0.6999999881
27339  23.723  -47.118  -10.902 0.5000000000
27340  21.956  -47.525  -10.779 0.6000000238
28607  24.458  -46.130  -11.006 0.4000000060
27337  25.104  -46.441  -11.607 0.6000000238
29836  25.825  -44.865  -11.704 0.5000000000
29835  26.521  -44.197  -11.889 0.6000000238
31060  27.346  -43.494  -12.141 0.8000000119
32224  27.870  -42.557  -12.449 0.6999999881
164723  28.045  -40.822  -14.212 0.6999999881
34653  28.676  -40.543  -15.537 0.6999999881
33434  30.143  -40.823  -17.828 0.5000000000
165098  30.793  -41.903  -19.134 0.6000000238
32307  31.828  -42.642  -19.929 0.6000000238
32301  33.224  -42.660  -18.989 0.6000000238
35933  34.554  -40.726  -18.438 0.5000000000
27313  22.878  -46.044  -9.336 0.5000000000
27325  22.316  -47.023  -10.003 0.6000000238
25993  20.818  -47.782  -9.398 0.6000000238
27324  23.089  -46.667  -10.106 0.5000000000
31061  26.389  -43.450  -12.204 0.5000000000
32248  26.492  -42.121  -13.176 0.6000000238
33368  26.382  -41.492  -14.549 0.6000000238
34654  27.793  -40.737  -15.188 0.6000000238
34672  28.809  -40.452  -16.559 0.5000000000
34685  29.305  -40.537  -17.417 0.5000000000
33447  30.078  -41.510  -18.993 0.6000000238
32313  31.022  -42.667  -20.254 0.6000000238
34706  33.128  -41.793  -19.878 0.5000000000
34705  33.718  -41.362  -19.514 0.5000000000
37217  33.744  -38.494  -17.727 0.5000000000
35934  33.909  -39.557  -18.198 0.5000000000
27315  21.954  -46.959  -9.321 0.5000000000
25979  21.420  -47.885  -8.711 0.5000000000
27323  23.785  -46.470  -10.593 0.5000000000
29837  24.122  -44.528  -12.008 0.4000000060
31063  23.521  -44.111  -12.668 0.3000000119
31062  24.594  -43.911  -12.784 0.4000000060
32250  24.070  -43.220  -14.166 0.3000000119
31086  23.673  -43.750  -13.481 0.3000000119
32249  25.434  -42.506  -13.787 0.5000000000
33347  25.335  -42.039  -14.705 0.5000000000
159335  26.218  -41.233  -16.104 0.5000000000
34673  27.862  -40.549  -16.890 0.5000000000
34686  28.491  -40.509  -17.557 0.5000000000
156424  29.243  -41.317  -19.370 0.6000000238
32314  30.316  -42.494  -20.463 0.6000000238
33468  32.551  -42.216  -20.249 0.5000000000
35958  33.019  -40.477  -19.712 0.5000000000
157396  33.321  -38.684  -18.373 0.5000000000
27300  22.226  -47.039  -8.543 0.5000000000
28591  23.294  -45.500  -9.277 0.5000000000
29826  23.346  -44.986  -10.018 0.5000000000
147688  22.790  -43.862  -11.272 0.4000000060
29852  23.130  -44.252  -11.832 0.5000000000
31065  22.020  -43.488  -12.767 0.4000000060
32251  22.596  -43.336  -14.167 0.3000000119
33369  24.204  -42.552  -15.181 0.3000000119
33418  25.155  -41.844  -16.584 0.4000000060
156473  27.110  -40.837  -17.197 0.5000000000
34687  27.621  -40.675  -17.786 0.4000000060
33470  30.814  -42.374  -21.071 0.5000000000
34717  31.082  -41.398  -21.312 0.5000000000
35973  32.383  -40.013  -20.447 0.5000000000
38541  33.770  -37.619  -17.386 0.5000000000
38563  33.119  -37.736  -18.161 0.4000000060
37234  33.151  -39.421  -18.941 0.5000000000
27298  23.423  -46.246  -8.104 0.5000000000
28580  23.799  -45.541  -8.491 0.5000000000
31013  23.456  -44.309  -9.946 0.5000000000
31024  23.166  -44.167  -10.578 0.4000000060
31040  21.985  -42.938  -12.178 0.4000000060
33348  21.779  -42.420  -13.502 0.3000000119
33396  22.166  -42.528  -15.559 0.3000000119
33394  24.575  -42.215  -15.718 0.4000000060
152861  25.241  -41.733  -17.585 0.4000000060
137788  25.726  -41.338  -18.100 0.4000000060
33436  26.201  -41.226  -17.097 0.4000000060
33435  26.687  -40.934  -17.966 0.4000000060
33449  27.418  -40.753  -18.761 0.5000000000
33472  28.539  -41.179  -20.261 0.5000000000
136765  29.430  -41.827  -20.455 0.6000000238
37264  32.200  -39.049  -20.572 0.4000000060
37249  32.585  -39.026  -19.846 0.5000000000
162329  23.994  -45.912  -7.875 0.4000000060
31023  23.530  -43.615  -10.249 0.4000000060
29820  23.814  -44.790  -9.221 0.4000000060
33307  22.615  -42.248  -11.772 0.4000000060
33322  22.151  -42.078  -12.632 0.4000000060
32269  21.948  -42.688  -14.770 0.4000000060
138788  21.916  -41.878  -16.044 0.4000000060
33419  23.371  -42.357  -16.761 0.4000000060
137600  24.167  -42.166  -17.711 0.4000000060
33437  24.803  -41.879  -18.385 0.4000000060
138511  26.245  -40.961  -18.746 0.5000000000
33473  27.795  -40.644  -19.769 0.5000000000
34719  28.703  -40.834  -20.621 0.6000000238
34727  30.520  -40.605  -21.405 0.5000000000
35989  30.764  -39.456  -21.363 0.4000000060
37265  31.778  -38.692  -20.929 0.4000000060
28572  24.391  -45.509  -7.668 0.4000000060
32196  24.266  -42.795  -10.153 0.4000000060
30995  24.830  -44.215  -8.749 0.4000000060
33296  23.125  -42.368  -11.154 0.4000000060
34633  22.216  -41.384  -14.208 0.4000000060
144735  22.875  -42.075  -17.845 0.4000000060
33438  23.737  -41.996  -18.571 0.4000000060
33460  26.255  -40.687  -19.276 0.4000000060
33474  26.963  -40.338  -19.716 0.5000000000
35975  28.543  -39.904  -20.663 0.4000000060
157711  30.093  -39.974  -21.343 0.6000000238
30994  25.504  -43.561  -8.393 0.4000000060
32183  25.148  -42.809  -9.523 0.4000000060
33295  24.162  -42.022  -10.701 0.4000000060
161821  22.705  -41.365  -12.719 0.4000000060
35858  22.936  -40.691  -13.722 0.4000000060
35903  22.746  -40.061  -15.954 0.4000000060
35921  22.594  -40.150  -17.033 0.5000000000
34688  22.299  -41.157  -17.731 0.4000000060
162292  22.474  -40.815  -18.474 0.3000000119
157789  23.820  -40.883  -19.382 0.3000000119
34699  24.476  -41.482  -19.045 0.4000000060
143090  27.429  -39.572  -20.262 0.4000000060
137988  28.821  -39.092  -21.099 0.4000000060
35990  29.437  -39.729  -21.112 0.5000000000
29805  25.288  -44.262  -7.909 0.4000000060
34599  23.388  -40.652  -12.753 0.4000000060
161712  23.739  -40.161  -13.418 0.4000000060
146507  23.785  -39.392  -15.347 0.3000000119
35902  23.501  -39.362  -16.355 0.3000000119
35936  22.742  -40.079  -18.163 0.3000000119
35948  23.162  -39.378  -19.024 0.3000000119
35959  25.370  -39.373  -19.655 0.3000000119
35991  27.992  -38.966  -20.991 0.4000000060
37279  28.603  -38.260  -21.228 0.4000000060
33294  25.214  -41.298  -10.287 0.3000000119
34575  24.485  -41.038  -11.031 0.3000000119
35841  24.456  -40.078  -12.188 0.3000000119
35873  24.285  -39.620  -13.617 0.3000000119
35886  24.123  -39.505  -14.426 0.3000000119
37191  24.645  -39.021  -15.811 0.3000000119
35920  23.258  -39.416  -17.283 0.4000000060
37220  24.414  -38.608  -18.017 0.4000000060
35935  23.595  -39.136  -18.005 0.3000000119
37236  24.385  -38.298  -18.937 0.3000000119
37250  25.550  -38.517  -19.866 0.3000000119
37266  27.154  -38.567  -20.650 0.4000000060
38604  28.242  -37.347  -21.347 0.4000000060
143588  29.849  -36.867  -21.970 0.4000000060
37206  24.325  -38.880  -16.961 0.4000000060
38544  25.587  -37.535  -18.219 0.4000000060
38578  24.664  -36.780  -19.689 0.3000000119
144151  26.216  -38.045  -20.348 0.4000000060
39851  26.662  -36.066  -21.133 0.4000000060
39865  27.682  -36.369  -21.526 0.4000000060
38605  27.248  -37.080  -21.220 0.4000000060
39864  28.795  -36.698  -21.620 0.4000000060
39827  24.909  -36.500  -19.257 0.4000000060
39839  25.415  -35.812  -20.107 0.5000000000
41200  26.224  -35.264  -20.570 0.4000000060
41214  27.282  -35.125  -21.376 0.4000000060
149842  29.316  -36.011  -21.882 0.3000000119
42560  28.015  -34.367  -21.676 0.3000000119
33364  30.681  -41.749  -14.151 0.6999999881
161607  28.147  -44.424  -12.870 0.8000000119
34671  29.824  -40.614  -16.769 0.6000000238
33366  28.740  -41.019  -13.643 0.6999999881
34631  29.268  -40.648  -15.027 0.6999999881
33454  33.700  -42.229  -19.384 0.6000000238
164330  24.915  -44.946  -11.653 0.4000000060
150400  25.549  -43.492  -12.575 0.4000000060
32225  26.954  -42.638  -12.453 0.6999999881
33367  27.278  -41.103  -14.387 0.6999999881
28608  23.679  -45.587  -10.461 0.5000000000
33392  26.771  -41.119  -15.307 0.5000000000
33448  28.466  -40.851  -19.142 0.6000000238
33483  30.205  -41.630  -21.278 0.5000000000
34718  29.356  -41.424  -20.905 0.6000000238
34655  22.285  -40.913  -15.536 0.3000000119
34707  25.644  -40.220  -19.510 0.4000000060
142675  25.745  -42.883  -8.847 0.4000000060
150198  24.690  -38.734  -19.400 0.3000000119
37267  25.062  -37.330  -20.142 0.3000000119
38593  24.932  -36.418  -20.336 0.3000000119
144769  28.608  -35.161  -21.915 0.3000000119
26151  29.698  -46.767  -19.758 0.6000000238
26133  30.166  -47.336  -19.193 0.6000000238
24883  31.265  -48.189  -14.822 0.6000000238
26039  32.315  -46.957  -12.922 0.6000000238
26154  26.846  -47.378  -20.298 0.5000000000
27480  28.177  -46.747  -20.790 0.6000000238
28716  28.135  -45.145  -19.419 0.6999999881
28730  29.442  -46.161  -19.925 0.6999999881
26135  28.182  -47.416  -19.790 0.6000000238
27435  31.085  -46.908  -18.253 0.6000000238
26112  31.155  -47.558  -18.009 0.6000000238
26098  32.064  -47.546  -16.687 0.6000000238
26082  32.388  -47.441  -15.854 0.6000000238
26072  32.051  -47.835  -15.183 0.6000000238
27366  32.678  -46.405  -13.589 0.6000000238
29832  35.662  -44.434  -11.612 0.6999999881
28734  25.767  -45.354  -20.578 0.6000000238
29926  26.395  -44.623  -18.528 0.6999999881
27482  26.442  -46.813  -21.046 0.5000000000
28717  27.077  -44.875  -19.452 0.6999999881
159854  27.326  -45.885  -20.828 0.6999999881
28700  29.985  -45.651  -18.348 0.6999999881
28699  30.601  -46.361  -18.721 0.6999999881
27420  32.069  -47.058  -16.879 0.5000000000
27386  32.656  -46.537  -14.595 0.6000000238
28618  33.357  -45.077  -12.664 0.6000000238
28617  33.870  -44.764  -12.076 0.6999999881
31056  35.342  -43.058  -11.919 0.6999999881
145126  36.503  -43.657  -12.046 0.6999999881
32219  37.044  -42.324  -12.710 0.6999999881
31148  37.220  -42.923  -21.844 0.4000000060
33453  39.849  -41.566  -19.469 0.5000000000
32296  39.733  -42.427  -17.371 0.6000000238
32281  39.209  -42.620  -15.771 0.6000000238
32264  38.471  -41.935  -14.253 0.6999999881
29917  22.811  -44.487  -18.218 0.5000000000
29916  23.661  -44.605  -18.193 0.5000000000
154450  24.409  -44.670  -18.070 0.6000000238
29927  24.199  -44.528  -19.070 0.5000000000
29903  25.853  -44.738  -17.469 0.6999999881
29915  25.229  -44.587  -18.643 0.5000000000
28718  25.992  -44.713  -19.721 0.6000000238
29914  26.852  -44.654  -17.505 0.6999999881
29925  27.420  -44.784  -18.464 0.6999999881
28701  28.856  -45.091  -17.955 0.6999999881
139062  30.914  -46.114  -17.890 0.6999999881
161768  32.737  -46.119  -14.500 0.6000000238
29862  33.211  -44.603  -13.171 0.6000000238
31058  33.907  -43.553  -12.648 0.6999999881
32220  36.413  -42.258  -12.371 0.6999999881
32240  37.437  -41.900  -13.152 0.6999999881
158229  39.183  -41.920  -15.426 0.6000000238
33385  38.773  -41.376  -14.912 0.6000000238
28673  20.853  -45.694  -15.519 0.5000000000
28692  20.051  -44.519  -16.398 0.4000000060
28689  22.724  -45.334  -16.608 0.5000000000
28672  21.620  -45.723  -15.870 0.5000000000
28705  23.195  -44.946  -17.334 0.5000000000
28670  23.821  -45.995  -15.827 0.6000000238
28688  23.549  -45.469  -16.542 0.6000000238
28668  25.982  -45.109  -15.612 0.6999999881
28686  25.432  -45.067  -16.448 0.6000000238
28685  26.364  -44.771  -16.544 0.6999999881
29902  28.471  -44.733  -16.748 0.6999999881
28684  30.154  -45.489  -17.172 0.6999999881
28645  32.142  -45.595  -14.819 0.6999999881
28662  32.363  -46.453  -15.618 0.6999999881
29879  32.686  -45.604  -14.223 0.6999999881
145231  33.570  -43.046  -13.116 0.6999999881
33320  35.065  -41.705  -12.748 0.8000000119
33338  37.123  -40.964  -13.353 0.6999999881
139802  39.914  -41.196  -18.479 0.5000000000
33410  39.418  -41.198  -16.314 0.6000000238
34628  38.288  -40.548  -14.817 0.6000000238
27393  19.815  -45.980  -14.311 0.4000000060
27392  21.808  -46.557  -14.627 0.6000000238
162862  22.310  -45.714  -16.083 0.6000000238
27407  23.276  -46.389  -15.253 0.6000000238
27405  24.899  -46.136  -14.918 0.6000000238
157569  25.786  -45.784  -14.714 0.6000000238
157315  27.209  -44.633  -14.984 0.6999999881
29896  27.347  -44.571  -16.601 0.6999999881
29894  28.967  -44.709  -15.755 0.6999999881
28665  30.003  -45.191  -16.059 0.6999999881
29893  29.791  -44.867  -14.945 0.8000000119
158929  30.679  -45.433  -15.560 0.8000000119
29864  31.994  -44.072  -13.888 0.6000000238
32243  33.038  -42.848  -13.573 0.6000000238
33341  34.582  -41.329  -13.475 0.8000000119
33339  36.269  -40.819  -13.103 0.6999999881
34704  39.818  -40.575  -19.321 0.5000000000
158515  39.610  -40.567  -17.574 0.6000000238
34647  38.393  -40.167  -15.607 0.6999999881
34694  39.695  -40.184  -18.507 0.6000000238
27372  20.430  -46.484  -13.775 0.5000000000
27358  19.491  -46.619  -12.468 0.4000000060
26027  17.836  -47.044  -11.727 0.4000000060
152605  21.315  -46.795  -13.900 0.5000000000
27409  20.799  -46.235  -14.675 0.5000000000
27390  23.680  -46.789  -14.459 0.6000000238
27389  24.539  -46.654  -14.323 0.6000000238
27387  25.935  -46.163  -13.866 0.6000000238
28647  27.150  -44.934  -14.198 0.6999999881
29883  28.649  -44.484  -14.754 0.8000000119
29866  29.324  -44.359  -14.050 0.8000000119
31103  31.015  -43.586  -13.913 0.6000000238
156422  31.762  -43.151  -13.932 0.6000000238
33342  33.837  -41.692  -13.799 0.6999999881
137982  34.237  -41.286  -14.165 0.6999999881
159803  36.528  -40.109  -15.437 0.6999999881
35915  39.098  -39.850  -17.083 0.6000000238
35900  38.224  -39.707  -16.166 0.6000000238
37201  37.781  -38.598  -16.607 0.6000000238
35930  39.375  -39.664  -17.862 0.6000000238
35916  38.398  -39.329  -16.723 0.6000000238
26044  21.272  -47.299  -12.465 0.5000000000
27357  20.444  -46.978  -12.480 0.5000000000
26026  18.480  -47.164  -11.343 0.5000000000
24840  17.805  -47.915  -11.417 0.5000000000
26059  22.773  -47.469  -12.975 0.5000000000
26060  21.773  -47.221  -13.136 0.5000000000
26057  24.218  -47.149  -13.535 0.6000000238
31082  30.187  -43.417  -13.543 0.6999999881
33363  31.317  -41.875  -14.635 0.6000000238
33362  32.221  -42.026  -14.734 0.6000000238
33387  33.639  -41.708  -15.589 0.6000000238
33360  34.385  -41.179  -14.932 0.6999999881
33386  34.475  -41.614  -15.906 0.6000000238
34650  35.842  -40.604  -15.802 0.6000000238
34649  37.144  -39.864  -15.580 0.6999999881
37232  39.346  -38.790  -19.046 0.5000000000
38516  38.220  -37.906  -17.163 0.4000000060
136867  20.840  -47.428  -11.010 0.5000000000
26010  19.529  -47.749  -10.472 0.5000000000
24818  19.148  -48.406  -10.576 0.5000000000
150708  19.253  -50.099  -10.906 0.5000000000
150892  19.137  -51.369  -10.680 0.5000000000
19814  18.027  -52.379  -9.902 0.5000000000
33414  32.085  -41.677  -16.301 0.6000000238
33412  34.234  -42.160  -16.668 0.6000000238
33429  34.993  -42.039  -17.193 0.4000000060
34669  35.910  -40.558  -16.567 0.5000000000
136408  36.424  -39.247  -16.495 0.4000000060
38517  37.734  -37.665  -16.631 0.4000000060
37202  37.052  -38.882  -16.391 0.5000000000
27327  20.693  -47.461  -10.336 0.6000000238
25994  20.129  -47.902  -9.927 0.5000000000
23533  20.108  -49.110  -9.882 0.5000000000
22358  20.138  -50.690  -9.995 0.5000000000
21091  19.400  -51.906  -9.315 0.5000000000
19792  18.488  -52.383  -9.064 0.5000000000
19772  17.774  -52.742  -8.330 0.4000000060
18607  16.757  -53.499  -7.196 0.5000000000
18592  16.456  -53.575  -6.443 0.4000000060
17453  15.276  -54.279  -5.653 0.4000000060
17466  14.611  -55.100  -6.438 0.4000000060
33430  34.369  -42.577  -17.656 0.6000000238
34684  35.170  -41.160  -17.648 0.4000000060
37216  35.589  -39.117  -16.753 0.4000000060
139915  37.094  -38.028  -16.316 0.4000000060
24780  21.102  -48.525  -8.883 0.5000000000
23532  20.727  -49.422  -9.173 0.4000000060
21072  20.327  -51.098  -8.683 0.4000000060
21073  19.839  -51.573  -8.600 0.5000000000
21032  18.546  -51.500  -6.976 0.4000000060
19755  17.756  -52.693  -7.424 0.5000000000
21033  17.886  -51.775  -6.641 0.4000000060
21034  17.157  -51.995  -6.249 0.5000000000
19743  16.857  -52.808  -6.216 0.5000000000
21035  15.740  -51.390  -6.038 0.3000000119
19733  14.786  -52.949  -5.323 0.3000000119
21026  14.068  -52.264  -5.589 0.3000000119
164718  34.713  -40.093  -17.822 0.4000000060
24779  21.724  -48.574  -8.013 0.5000000000
147238  21.078  -50.107  -7.786 0.5000000000
22319  20.457  -50.625  -7.355 0.4000000060
25977  22.578  -47.346  -7.716 0.4000000060
24763  21.894  -48.748  -7.057 0.4000000060
23498  21.002  -49.962  -6.946 0.4000000060
23476  20.101  -49.062  -5.843 0.4000000060
25965  22.718  -47.579  -6.945 0.4000000060
24741  22.217  -48.128  -6.639 0.4000000060
24743  20.915  -48.858  -6.008 0.4000000060
27269  22.998  -47.057  -6.320 0.4000000060
25937  20.999  -47.581  -5.539 0.4000000060
25939  19.454  -47.670  -5.597 0.4000000060
24731  18.615  -48.066  -5.882 0.4000000060
160003  21.848  -47.838  -5.908 0.4000000060
28573  23.965  -46.105  -7.262 0.3000000119
27246  20.662  -46.637  -5.378 0.4000000060
27247  19.601  -46.793  -5.535 0.4000000060
27248  18.747  -47.103  -5.828 0.4000000060
28559  24.476  -45.404  -6.864 0.4000000060
27271  18.028  -46.557  -6.355 0.4000000060
28564  17.627  -45.843  -6.745 0.4000000060
142428  24.022  -44.963  -6.123 0.3000000119
29769  22.657  -45.273  -5.576 0.4000000060
29770  21.723  -45.282  -5.481 0.4000000060
28543  20.801  -45.603  -5.483 0.4000000060
27270  18.907  -46.186  -5.857 0.4000000060
28563  18.335  -45.620  -6.390 0.4000000060
29785  19.410  -44.549  -6.343 0.3000000119
33389  31.636  -41.598  -15.388 0.6000000238
27370  23.213  -47.190  -13.789 0.5000000000
32292  33.536  -42.568  -17.381 0.6000000238
162328  34.987  -39.216  -16.997 0.4000000060
162639  31.638  -48.115  -15.493 0.6000000238
31055  36.127  -42.972  -11.988 0.6999999881
32221  35.601  -42.293  -12.255 0.6999999881
33467  39.350  -41.542  -20.613 0.5000000000
160063  39.651  -40.830  -20.100 0.5000000000
144326  39.903  -42.144  -18.205 0.5000000000
161519  39.971  -41.873  -18.782 0.4000000060
142280  39.630  -41.787  -16.783 0.6000000238
29904  21.494  -44.508  -17.196 0.5000000000
28664  31.620  -45.935  -15.654 0.6999999881
149536  38.758  -40.753  -15.345 0.6000000238
137045  25.165  -45.586  -15.594 0.6000000238
29880  32.287  -44.919  -14.128 0.6999999881
32242  33.615  -42.360  -13.379 0.8000000119
34611  36.642  -40.367  -13.834 0.6999999881
153558  19.572  -46.207  -13.413 0.4000000060
29881  31.323  -44.616  -14.156 0.6000000238
31081  32.531  -43.502  -13.679 0.6000000238
158707  35.473  -40.489  -14.276 0.6999999881
34612  35.770  -40.474  -13.744 0.6999999881
35971  39.502  -39.155  -20.034 0.5000000000
35985  39.217  -39.596  -20.774 0.5000000000
34629  36.992  -40.054  -14.684 0.6999999881
34667  38.732  -40.041  -16.369 0.6000000238
162330  31.706  -42.390  -14.296 0.6999999881
33361  33.414  -41.683  -14.652 0.6999999881
34668  36.429  -40.130  -16.158 0.6000000238
35931  38.832  -39.141  -17.429 0.6000000238
37215  38.645  -38.412  -17.657 0.6000000238
27341  20.063  -47.096  -11.735 0.5000000000
26011  18.683  -47.819  -10.902 0.5000000000
24819  18.428  -48.683  -11.025 0.4000000060
33413  33.067  -41.949  -16.397 0.6000000238
34670  35.424  -41.216  -16.696 0.6000000238
17480  15.217  -54.624  -6.880 0.3000000119
34683  35.673  -40.645  -17.059 0.5000000000
140288  36.197  -38.363  -16.335 0.4000000060
153408  18.460  -52.430  -7.943 0.5000000000
18578  16.193  -53.207  -5.736 0.4000000060
18580  14.690  -53.877  -5.365 0.4000000060
28541  23.102  -46.099  -5.867 0.4000000060
28542  21.605  -46.170  -5.349 0.4000000060
17654  45.501  -53.570  -20.819 0.3000000119
20047  46.886  -52.888  -21.421 0.3000000119
26129  38.195  -47.520  -17.970 0.4000000060
27460  39.729  -46.826  -19.611 0.4000000060
27445  41.123  -46.469  -18.289 0.4000000060
162620  41.971  -46.497  -18.130 0.4000000060
27448  36.649  -47.110  -18.760 0.4000000060
27434  37.010  -47.211  -17.428 0.4000000060
141645  37.093  -46.862  -16.769 0.4000000060
28682  37.328  -46.274  -16.146 0.5000000000
148559  37.376  -47.125  -14.217 0.5000000000
27365  37.300  -46.716  -13.569 0.5000000000
26170  37.053  -47.312  -20.863 0.4000000060
26148  37.928  -47.471  -18.814 0.5000000000
26109  37.553  -47.493  -17.348 0.5000000000
26037  36.384  -47.353  -12.252 0.5000000000
27478  38.199  -47.247  -21.028 0.5000000000
159206  38.689  -47.233  -19.475 0.5000000000
27477  39.844  -46.818  -20.589 0.5000000000
143383  40.815  -46.464  -19.296 0.4000000060
144450  41.506  -46.463  -20.026 0.4000000060
137837  42.768  -46.550  -18.643 0.4000000060
27444  43.779  -46.679  -18.706 0.4000000060
26106  44.674  -47.477  -17.486 0.3000000119
24927  45.635  -48.369  -17.344 0.4000000060
29945  36.667  -45.351  -21.122 0.4000000060
28727  37.192  -45.722  -19.184 0.4000000060
29924  38.312  -44.774  -18.816 0.4000000060
28751  36.209  -45.670  -21.750 0.4000000060
28728  36.519  -46.439  -19.960 0.4000000060
29936  37.055  -45.506  -20.279 0.4000000060
28697  37.600  -45.691  -17.639 0.4000000060
143200  37.407  -45.939  -16.846 0.5000000000
28660  37.706  -45.611  -15.672 0.5000000000
27493  36.185  -46.511  -21.646 0.4000000060
163107  36.190  -47.045  -20.499 0.4000000060
26149  36.944  -47.338  -18.919 0.4000000060
28681  37.984  -45.296  -16.247 0.5000000000
28642  37.810  -45.337  -15.006 0.5000000000
27348  37.050  -46.133  -12.870 0.5000000000
28615  37.143  -45.192  -12.711 0.6000000238
157573  36.749  -44.882  -12.149 0.6000000238
26017  34.884  -46.960  -11.387 0.6000000238
151711  37.505  -42.864  -13.078 0.6000000238
29846  37.009  -44.210  -12.451 0.6000000238
27333  35.155  -46.115  -11.472 0.5000000000
27459  42.418  -46.510  -19.801 0.4000000060
28605  33.795  -45.475  -11.762 0.5000000000
27443  44.521  -46.824  -18.683 0.4000000060
27442  45.191  -46.827  -19.080 0.4000000060
137084  45.456  -47.646  -17.726 0.4000000060
29934  38.955  -44.064  -19.281 0.4000000060
29923  39.145  -44.101  -18.434 0.5000000000
29911  39.137  -44.063  -17.601 0.5000000000
31123  39.152  -43.385  -16.328 0.5000000000
29878  37.774  -44.939  -14.122 0.5000000000
31113  38.720  -43.528  -15.418 0.5000000000
29861  37.492  -44.568  -13.230 0.6000000238
31101  38.436  -43.039  -14.413 0.6000000238
31079  37.924  -43.683  -13.691 0.6000000238
17655  44.842  -54.091  -20.636 0.3000000119
21337  47.961  -52.182  -21.547 0.3000000119
160398  49.302  -48.619  -20.031 0.3000000119
29948  36.534  -44.597  -21.827 0.4000000060
160608  36.607  -43.635  -22.065 0.4000000060
31147  37.527  -43.699  -21.424 0.4000000060
29935  38.080  -44.761  -19.769 0.4000000060
31135  39.321  -43.243  -19.616 0.4000000060
31131  39.654  -43.193  -18.079 0.5000000000
143051  39.796  -42.564  -18.995 0.4000000060
28603  35.294  -45.221  -11.531 0.6000000238
27335  33.420  -46.273  -11.635 0.5000000000
31141  38.348  -43.609  -20.836 0.4000000060
28713  36.967  -46.509  -18.314 0.4000000060
27349  36.541  -46.482  -12.270 0.5000000000
24956  48.170  -48.301  -19.066 0.3000000119
29944  37.632  -44.504  -20.791 0.4000000060
29912  38.479  -44.813  -17.979 0.5000000000
29892  38.236  -44.728  -15.550 0.5000000000
29877  38.205  -44.213  -14.690 0.6000000238
35976  26.321  -39.556  -19.851 0.3000000119
17454  14.565  -54.846  -5.729 0.4000000060
17465  15.327  -54.599  -6.142 0.4000000060
18579  15.458  -53.544  -5.488 0.4000000060
18591  17.118  -53.065  -6.902 0.5000000000
18593  15.900  -54.041  -5.892 0.4000000060
18606  17.195  -53.154  -7.719 0.5000000000
18608  15.900  -54.217  -6.586 0.4000000060
19731  16.289  -52.229  -5.842 0.5000000000
19732  15.574  -52.690  -5.522 0.3000000119
19741  18.220  -52.169  -7.173 0.5000000000
19742  17.536  -52.455  -6.724 0.5000000000
20048  45.897  -53.128  -21.045 0.3000000119
21024  15.513  -51.963  -5.701 0.3000000119
21051  20.169  -51.158  -8.005 0.4000000060
21052  19.568  -51.561  -7.824 0.5000000000
21053  18.900  -51.873  -7.547 0.5000000000
21074  19.174  -52.063  -8.373 0.5000000000
21090  20.090  -51.289  -9.361 0.4000000060
21108  19.607  -51.424  -10.090 0.5000000000
21109  18.764  -52.011  -10.179 0.5000000000
21338  47.482  -52.473  -21.643 0.3000000119
22342  20.627  -50.633  -8.250 0.4000000060
22357  20.547  -50.502  -9.146 0.4000000060
22371  19.564  -50.734  -10.607 0.5000000000
23480  21.333  -49.242  -6.649 0.4000000060
23497  21.477  -49.407  -7.439 0.4000000060
23555  19.803  -49.844  -10.385 0.5000000000
23556  19.117  -49.286  -10.749 0.5000000000
24728  21.179  -48.243  -5.809 0.4000000060
24729  20.329  -48.205  -5.630 0.4000000060
24730  19.416  -48.506  -5.731 0.4000000060
24742  21.613  -48.546  -6.326 0.4000000060
24762  22.237  -48.056  -7.406 0.4000000060
24796  20.419  -48.412  -9.561 0.5000000000
24797  19.792  -48.334  -10.125 0.5000000000
25938  20.197  -47.378  -5.460 0.4000000060
25966  17.449  -47.309  -6.703 0.4000000060
25978  21.963  -47.682  -8.213 0.5000000000
25992  21.543  -47.378  -8.960 0.5000000000
26008  22.909  -47.349  -10.737 0.6000000238
26009  20.332  -47.634  -10.122 0.6000000238
26023  23.346  -47.512  -11.497 0.6999999881
26025  21.593  -47.523  -11.667 0.6999999881
26028  17.180  -47.481  -12.052 0.4000000060
26042  23.538  -47.560  -12.299 0.5000000000
26043  22.142  -47.543  -12.328 0.5000000000
26055  32.474  -47.018  -14.090 0.6000000238
26056  31.935  -47.436  -13.445 0.6000000238
26058  23.617  -47.429  -13.049 0.6999999881
26071  32.532  -47.240  -15.017 0.6000000238
26097  37.312  -47.280  -16.843 0.4000000060
26108  38.411  -47.469  -17.177 0.4000000060
26110  37.212  -47.376  -17.416 0.5000000000
26111  31.651  -47.308  -17.422 0.5000000000
26113  30.521  -47.735  -18.482 0.6000000238
26114  29.692  -47.759  -18.784 0.6000000238
26128  45.015  -47.181  -18.231 0.3000000119
26130  37.348  -47.461  -18.007 0.5000000000
26131  36.923  -47.263  -18.024 0.5000000000
26132  30.715  -47.304  -18.671 0.6000000238
26134  29.226  -47.287  -19.680 0.6000000238
26150  36.559  -47.233  -20.028 0.4000000060
26152  28.500  -47.057  -20.401 0.6000000238
26153  27.662  -47.243  -20.447 0.5000000000
26171  36.299  -47.084  -20.922 0.4000000060
26172  27.822  -47.024  -20.873 0.6000000238
26173  27.100  -47.101  -20.877 0.5000000000
27244  22.351  -47.295  -5.837 0.4000000060
27245  21.677  -47.058  -5.485 0.4000000060
27268  23.534  -46.460  -6.616 0.4000000060
27289  23.257  -46.869  -7.286 0.5000000000
27299  22.849  -46.780  -8.115 0.5000000000
27314  22.632  -46.405  -8.803 0.5000000000
27316  21.143  -47.439  -9.677 0.6000000238
27326  21.452  -47.282  -10.083 0.6000000238
27328  19.922  -47.386  -10.913 0.5000000000
27332  35.980  -45.881  -11.749 0.6000000238
27334  34.288  -46.247  -11.390 0.5000000000
27338  24.408  -46.814  -11.275 0.4000000060
27342  19.242  -47.002  -11.596 0.5000000000
27350  35.757  -46.756  -11.789 0.6000000238
27351  33.165  -45.758  -12.236 0.5000000000
27352  32.752  -46.411  -12.322 0.5000000000
27353  26.141  -46.197  -12.534 0.6999999881
27355  24.877  -47.087  -11.920 0.6000000238
27356  20.894  -46.947  -13.165 0.5000000000
27359  18.522  -46.606  -12.005 0.5000000000
27367  26.248  -46.145  -13.277 0.6999999881
27369  25.023  -47.096  -12.788 0.6999999881
27371  22.267  -47.044  -13.863 0.5000000000
27388  25.320  -46.415  -14.144 0.6000000238
27391  22.750  -46.736  -14.588 0.6000000238
27403  32.575  -46.859  -15.435 0.6000000238
27404  32.427  -47.017  -16.244 0.6000000238
27406  24.110  -46.358  -15.088 0.6000000238
27408  22.307  -46.237  -15.413 0.6000000238
27421  31.595  -46.675  -17.344 0.5000000000
27447  38.988  -47.188  -18.708 0.5000000000
27449  30.445  -46.835  -19.076 0.6000000238
27461  38.947  -47.066  -20.319 0.5000000000
27462  37.711  -47.412  -19.922 0.4000000060
27463  36.351  -47.032  -19.753 0.4000000060
27464  28.839  -46.553  -20.281 0.6000000238
27479  36.141  -46.856  -21.106 0.4000000060
27481  27.392  -46.607  -21.043 0.5000000000
27492  36.233  -46.771  -21.520 0.4000000060
27502  36.258  -46.243  -22.100 0.4000000060
28540  23.397  -45.332  -5.849 0.4000000060
28544  19.823  -45.877  -5.558 0.4000000060
28560  23.843  -45.784  -6.361 0.4000000060
28562  19.156  -45.303  -6.014 0.4000000060
28599  23.306  -45.903  -9.884 0.5000000000
28602  36.197  -45.066  -11.754 0.6000000238
28604  34.438  -44.937  -11.672 0.6999999881
28606  25.182  -45.629  -11.471 0.4000000060
28616  36.671  -45.611  -12.212 0.6000000238
28619  32.887  -45.754  -13.060 0.6000000238
28621  26.456  -45.608  -12.092 0.6000000238
28622  25.837  -46.045  -11.833 0.6999999881
28629  37.420  -45.746  -13.602 0.5000000000
28630  32.934  -45.256  -13.508 0.6000000238
28631  32.865  -45.948  -14.020 0.6000000238
28633  26.697  -45.765  -12.884 0.6999999881
28643  37.524  -46.057  -14.567 0.5000000000
28644  32.582  -46.258  -14.880 0.6000000238
28646  30.947  -45.229  -14.829 0.8000000119
28648  26.543  -45.653  -13.889 0.6999999881
28649  20.081  -45.452  -15.053 0.4000000060
28661  37.414  -46.346  -15.418 0.5000000000
28663  32.028  -46.551  -16.478 0.6999999881
28666  29.362  -45.008  -16.586 0.6999999881
28667  26.857  -44.658  -15.701 0.6999999881
28669  24.482  -45.923  -15.563 0.6000000238
28671  23.003  -45.909  -15.965 0.6000000238
28683  31.064  -45.926  -16.629 0.6999999881
28687  24.473  -45.439  -16.343 0.6000000238
28690  21.924  -45.140  -16.518 0.5000000000
28691  20.981  -45.015  -16.319 0.4000000060
28698  37.035  -46.688  -17.450 0.4000000060
28702  28.287  -45.030  -18.513 0.6999999881
28703  24.895  -44.861  -17.316 0.6000000238
28704  24.036  -45.025  -17.273 0.6000000238
28706  22.355  -44.720  -17.294 0.5000000000
28712  37.692  -45.464  -18.347 0.4000000060
28714  30.033  -46.229  -19.350 0.6999999881
28715  29.176  -45.550  -19.237 0.6999999881
28729  36.196  -46.801  -20.618 0.4000000060
28731  28.684  -45.798  -20.118 0.6999999881
28732  27.728  -45.442  -20.242 0.6999999881
28733  26.732  -45.293  -20.391 0.6000000238
28744  36.290  -46.129  -20.862 0.4000000060
28745  35.938  -46.352  -21.147 0.4000000060
28746  28.098  -46.161  -20.722 0.6999999881
28747  26.547  -46.041  -20.979 0.6000000238
28752  36.171  -45.805  -22.206 0.4000000060
29781  24.685  -44.524  -6.587 0.3000000119
29796  24.938  -44.861  -7.377 0.4000000060
29806  24.633  -44.925  -8.242 0.4000000060
29833  34.949  -44.502  -11.601 0.6999999881
29834  34.343  -44.160  -12.033 0.6999999881
29838  23.996  -45.134  -11.270 0.4000000060
29839  23.320  -44.587  -10.861 0.4000000060
29847  36.400  -44.321  -11.872 0.6000000238
29848  33.674  -44.313  -12.649 0.6000000238
29850  27.172  -44.332  -12.001 0.8000000119
29863  32.719  -44.573  -13.633 0.6999999881
29865  30.354  -44.040  -13.737 0.6999999881
29868  27.738  -44.672  -13.553 0.8000000119
29882  30.236  -44.572  -14.143 0.8000000119
29884  27.795  -44.447  -14.494 0.8999999762
29895  27.865  -44.436  -15.592 0.6999999881
29900  39.033  -43.985  -16.881 0.5000000000
29901  38.643  -44.306  -16.253 0.5000000000
29913  27.840  -44.772  -17.589 0.6999999881
29937  24.870  -44.724  -20.034 0.5000000000
29938  23.810  -44.752  -19.841 0.5000000000
31011  25.065  -43.509  -9.164 0.4000000060
31012  24.077  -43.973  -9.531 0.4000000060
31036  35.883  -43.680  -11.712 0.6999999881
31037  35.112  -43.826  -11.714 0.6999999881
31038  25.380  -44.254  -12.075 0.4000000060
31039  22.347  -43.655  -12.007 0.4000000060
31054  36.897  -43.137  -12.484 0.6999999881
31057  34.577  -43.290  -12.172 0.6999999881
31064  22.660  -43.862  -12.545 0.4000000060
31078  38.028  -42.461  -13.654 0.6999999881
31080  33.250  -43.767  -13.220 0.6999999881
31083  29.660  -43.700  -13.347 0.8000000119
31085  24.958  -43.245  -13.258 0.4000000060
31087  22.650  -43.720  -13.265 0.3000000119
31102  32.328  -42.593  -14.000 0.6000000238
31127  39.463  -43.301  -17.132 0.5000000000
31136  38.662  -43.891  -20.141 0.4000000060
31140  38.977  -43.071  -20.447 0.4000000060
31149  35.952  -43.876  -22.645 0.4000000060
32182  25.858  -42.182  -9.251 0.4000000060
32197  23.308  -42.936  -10.749 0.4000000060
32208  22.587  -43.131  -11.428 0.4000000060
32222  34.803  -42.492  -12.409 0.6999999881
32223  34.098  -42.774  -12.761 0.6999999881
32226  26.022  -42.835  -12.837 0.5000000000
32241  34.289  -42.008  -13.056 0.8000000119
32244  30.465  -42.682  -13.664 0.6999999881
32245  29.676  -42.776  -13.166 0.8000000119
32246  28.788  -42.571  -12.699 0.8000000119
32247  27.378  -41.851  -12.866 0.6999999881
32252  21.903  -43.210  -13.537 0.3000000119
32265  33.052  -42.095  -14.044 0.6999999881
32266  31.151  -42.575  -14.070 0.6000000238
32267  24.507  -42.659  -14.607 0.3000000119
32268  23.078  -42.954  -14.992 0.3000000119
32270  21.865  -42.786  -14.090 0.3000000119
32282  38.880  -42.415  -14.983 0.6000000238
32291  39.502  -42.575  -16.555 0.6000000238
32302  31.428  -42.422  -19.359 0.6000000238
32305  39.509  -42.399  -19.990 0.5000000000
32306  32.378  -42.642  -19.152 0.6000000238
32308  30.547  -42.325  -19.775 0.6000000238
33284  25.104  -42.092  -9.915 0.3000000119
33306  23.521  -41.614  -11.402 0.4000000060
33318  36.722  -41.565  -12.799 0.6999999881
33319  35.910  -41.481  -12.586 0.6999999881
33321  28.328  -41.706  -12.868 0.8000000119
33337  37.880  -41.417  -13.734 0.6999999881
33340  35.386  -40.967  -13.172 0.6999999881
33344  29.256  -41.759  -13.102 0.8000000119
33345  26.898  -41.529  -13.670 0.6999999881
33346  26.131  -41.862  -13.926 0.6000000238
33359  38.260  -41.065  -14.295 0.6000000238
33365  29.410  -40.854  -14.302 0.6999999881
33370  21.884  -41.819  -15.052 0.4000000060
33371  21.787  -42.124  -14.221 0.3000000119
33384  39.159  -41.284  -15.631 0.6000000238
33388  32.586  -41.779  -15.483 0.6000000238
33390  30.834  -41.264  -15.094 0.6999999881
33393  25.777  -41.585  -15.455 0.5000000000
33395  23.194  -42.613  -15.781 0.3000000119
33411  34.929  -41.755  -16.503 0.6000000238
33417  27.145  -40.841  -16.253 0.5000000000
33420  22.025  -42.089  -17.020 0.4000000060
33428  39.780  -41.536  -17.553 0.6000000238
33431  32.593  -42.078  -17.214 0.6000000238
33433  30.966  -41.541  -18.231 0.6000000238
33439  22.815  -41.440  -18.558 0.3000000119
33444  34.873  -42.147  -17.930 0.6000000238
33445  34.272  -42.449  -18.589 0.6999999881
33450  23.496  -41.424  -19.062 0.4000000060
33455  32.892  -42.481  -19.725 0.5000000000
33456  32.150  -42.556  -20.142 0.6000000238
33457  29.768  -41.973  -20.002 0.6000000238
33458  28.874  -41.408  -19.883 0.6000000238
33459  27.091  -40.706  -19.325 0.5000000000
33461  25.415  -40.916  -19.084 0.4000000060
33469  31.779  -42.088  -20.779 0.5000000000
33471  30.046  -42.307  -20.883 0.5000000000
34586  24.799  -40.259  -11.425 0.3000000119
34587  23.925  -40.798  -11.794 0.4000000060
34588  23.050  -41.427  -12.163 0.4000000060
34600  22.336  -41.497  -13.398 0.4000000060
34610  37.578  -40.520  -14.179 0.6999999881
34613  34.939  -40.778  -14.050 0.6999999881
34614  22.584  -40.783  -14.595 0.4000000060
34630  36.058  -40.251  -14.599 0.6999999881
34632  28.659  -40.690  -14.630 0.6999999881
34646  39.025  -40.623  -15.944 0.6000000238
34648  37.749  -40.033  -15.036 0.6999999881
34651  35.098  -41.214  -15.818 0.6999999881
34652  29.505  -40.579  -15.782 0.6999999881
34666  39.284  -40.553  -16.690 0.6000000238
34674  22.054  -41.071  -16.598 0.4000000060
34695  34.748  -41.649  -18.395 0.5000000000
34696  34.273  -41.531  -19.010 0.5000000000
34697  29.161  -40.745  -18.412 0.5000000000
34698  28.223  -40.651  -18.345 0.5000000000
34700  23.742  -39.978  -19.490 0.3000000119
34701  22.921  -40.565  -19.118 0.3000000119
34708  24.598  -40.579  -19.371 0.4000000060
34714  39.619  -40.044  -20.106 0.5000000000
34715  32.532  -41.271  -20.436 0.5000000000
34716  31.872  -40.776  -20.955 0.5000000000
34720  28.036  -40.470  -20.157 0.4000000060
34726  31.306  -40.194  -21.294 0.5000000000
34728  29.721  -40.761  -21.285 0.6000000238
34729  29.107  -40.639  -20.976 0.6000000238
35857  24.309  -39.813  -12.903 0.3000000119
35874  23.512  -40.101  -14.110 0.4000000060
35887  23.099  -40.014  -14.956 0.3000000119
35901  37.780  -39.711  -15.818 0.6000000238
35917  37.739  -39.310  -16.303 0.6000000238
35918  36.963  -39.564  -16.139 0.6000000238
35919  36.102  -39.990  -16.724 0.5000000000
35932  35.328  -39.970  -17.269 0.4000000060
35944  39.460  -39.453  -18.556 0.6000000238
35946  33.793  -40.481  -18.997 0.5000000000
35947  23.863  -38.986  -19.413 0.3000000119
35957  39.636  -39.698  -19.266 0.6000000238
35960  24.590  -39.659  -19.575 0.3000000119
35972  38.829  -38.732  -20.919 0.5000000000
35974  31.890  -39.639  -20.939 0.4000000060
35988  31.431  -39.280  -21.184 0.4000000060
37176  24.863  -39.095  -14.816 0.3000000119
37200  38.320  -38.616  -17.072 0.6000000238
37219  25.133  -38.113  -18.196 0.4000000060
37251  24.656  -37.716  -19.528 0.3000000119
37276  31.224  -38.562  -21.324 0.4000000060
37280  27.656  -38.036  -21.134 0.4000000060
38518  36.440  -37.404  -16.005 0.4000000060
38565  24.795  -37.271  -18.963 0.4000000060
38591  26.728  -37.659  -20.953 0.4000000060
38592  25.703  -37.031  -20.726 0.3000000119
38603  29.250  -37.562  -21.489 0.4000000060
39840  24.886  -36.206  -19.741 0.5000000000
39852  25.706  -36.124  -20.776 0.3000000119
41213  29.857  -35.250  -22.072 0.3000000119
136840  29.363  -45.140  -17.349 0.6999999881
137881  22.393  -42.419  -16.270 0.4000000060
137946  22.404  -46.623  -5.589 0.4000000060
138500  21.909  -44.244  -18.209 0.5000000000
138965  31.046  -48.329  -15.650 0.6000000238
140508  34.252  -38.251  -17.191 0.5000000000
141489  38.366  -44.838  -17.067 0.5000000000
141931  27.774  -41.227  -13.519 0.6999999881
142315  24.977  -46.847  -13.617 0.6000000238
143144  28.041  -40.791  -19.578 0.5000000000
143337  20.051  -44.317  -6.210 0.3000000119
143797  22.520  -46.542  -9.481 0.5000000000
144604  26.380  -36.798  -21.026 0.4000000060
144855  24.391  -43.337  -9.722 0.4000000060
145223  30.064  -41.208  -14.129 0.6000000238
145995  36.797  -47.106  -17.963 0.4000000060
146736  35.254  -40.665  -14.877 0.6999999881
146739  26.562  -45.126  -14.853 0.6999999881
146866  22.318  -45.885  -5.463 0.4000000060
147806  27.389  -47.489  -19.819 0.5000000000
147821  34.586  -45.597  -11.501 0.5000000000
148177  36.611  -46.706  -19.158 0.4000000060
148797  20.934  -50.064  -8.552 0.5000000000
148825  27.596  -44.686  -12.639 0.8000000119
148830  28.043  -40.521  -16.074 0.6000000238
149275  33.373  -36.873  -17.716 0.4000000060
149384  23.117  -45.871  -8.820 0.5000000000
150330  28.613  -44.049  -12.760 0.8000000119
150337  45.539  -49.137  -17.181 0.4000000060
150654  21.680  -42.841  -12.903 0.3000000119
151369  22.918  -43.571  -10.875 0.4000000060
151533  39.345  -46.857  -21.229 0.5000000000
152399  13.986  -54.205  -5.381 0.4000000060
152538  28.258  -35.893  -21.820 0.4000000060
153341  33.869  -36.890  -17.096 0.5000000000
153356  16.320  -53.875  -7.132 0.4000000060
153453  39.470  -43.444  -18.868 0.5000000000
153458  21.281  -49.405  -8.324 0.5000000000
154196  25.314  -41.362  -18.671 0.4000000060
154201  29.889  -42.259  -20.528 0.6000000238
155597  22.481  -47.622  -6.308 0.4000000060
156663  31.328  -42.638  -20.524 0.6000000238
156676  21.462  -46.149  -15.249 0.5000000000
156798  19.571  -48.944  -10.325 0.5000000000
156874  39.440  -41.896  -16.044 0.6000000238
157210  37.171  -37.323  -16.154 0.4000000060
157219  37.437  -43.692  -12.946 0.6000000238
157627  19.148  -47.396  -11.057 0.5000000000
157900  31.885  -47.957  -16.098 0.6000000238
157967  32.206  -47.504  -14.441 0.6000000238
158391  39.596  -41.120  -16.963 0.6000000238
158815  23.810  -38.846  -18.752 0.3000000119
158835  20.333  -49.943  -9.765 0.5000000000
159629  26.007  -45.380  -11.688 0.5000000000
160306  44.142  -54.374  -20.474 0.3000000119
160445  22.881  -47.660  -12.128 0.5000000000
160743  19.964  -49.679  -6.148 0.4000000060
161706  30.610  -41.041  -17.709 0.6000000238
161708  20.806  -47.297  -11.885 0.5000000000
162004  45.415  -54.054  -20.657 0.3000000119
162086  41.791  -46.436  -19.006 0.4000000060
162194  20.172  -46.641  -13.071 0.5000000000
162683  32.506  -42.589  -19.630 0.6000000238
162946  36.539  -47.122  -19.334 0.4000000060
163115  30.423  -41.219  -14.563 0.6999999881
163157  38.047  -38.183  -16.838 0.6000000238
163264  37.390  -47.424  -17.100 0.5000000000
163557  26.635  -38.863  -20.104 0.3000000119
163658  30.688  -42.657  -20.722 0.5000000000
163719  14.322  -55.298  -6.078 0.4000000060
163941  29.747  -44.165  -13.613 0.8000000119
163956  32.340  -42.166  -17.793 0.6999999881
163969  24.363  -44.251  -12.418 0.4000000060
164406  37.402  -46.594  -14.209 0.5000000000
164453  29.135  -46.946  -20.135 0.6000000238
