#!ascii label  , from subject sub-LJ001 vox2ras=TkReg
1648
15190  29.286  -56.435  -15.540 0.5000000000
19850  21.835  -52.649  -12.735 0.6000000238
21189  21.095  -52.176  -12.924 0.6000000238
21190  20.332  -52.521  -13.176 0.6000000238
161122  21.179  -51.325  -13.401 0.6999999881
21217  19.634  -51.929  -13.948 0.6000000238
151103  21.704  -50.780  -13.582 0.6999999881
164382  20.903  -50.687  -14.269 0.6000000238
16495  21.957  -55.162  -21.206 0.5000000000
17675  25.579  -54.831  -22.459 0.6000000238
17664  25.023  -54.032  -22.211 0.6000000238
16506  22.093  -55.610  -21.808 0.5000000000
16516  26.924  -55.597  -22.546 0.5000000000
16517  26.121  -55.632  -22.557 0.4000000060
16519  23.584  -55.426  -22.626 0.5000000000
16505  22.690  -55.388  -22.259 0.6000000238
19977  19.659  -52.578  -18.847 0.5000000000
15282  29.526  -57.218  -20.315 0.4000000060
19955  20.068  -52.784  -17.208 0.5000000000
18745  19.360  -53.100  -18.041 0.5000000000
19954  21.051  -52.721  -16.453 0.6000000238
18720  21.566  -53.733  -14.352 0.6000000238
19871  23.383  -53.266  -12.949 0.6000000238
19849  23.267  -52.730  -12.613 0.6999999881
18691  21.775  -53.292  -12.986 0.6000000238
21164  22.673  -52.108  -12.575 0.6999999881
22408  24.985  -50.937  -12.502 0.6000000238
22430  23.228  -51.218  -12.739 0.6999999881
22428  26.382  -49.965  -13.045 0.6000000238
148097  24.461  -50.316  -13.112 0.6000000238
161718  22.980  -50.552  -13.317 0.6999999881
23618  25.784  -49.648  -13.907 0.6999999881
21230  19.243  -51.281  -14.942 0.6000000238
18775  21.698  -53.453  -21.154 0.5000000000
18792  23.133  -53.490  -21.689 0.6000000238
146279  22.213  -54.063  -21.489 0.5000000000
17674  26.487  -54.761  -22.418 0.6000000238
17663  25.997  -53.952  -22.233 0.6999999881
17665  23.945  -54.168  -22.051 0.6000000238
148896  27.325  -56.504  -22.684 0.4000000060
21247  22.271  -51.549  -16.965 0.5000000000
19975  20.532  -52.046  -17.500 0.5000000000
15244  30.392  -56.165  -18.113 0.5000000000
21248  21.378  -51.931  -16.939 0.5000000000
151914  24.217  -52.917  -15.162 0.6999999881
19953  21.994  -52.327  -16.197 0.6000000238
19901  24.507  -53.389  -14.129 0.6999999881
19902  23.668  -53.282  -14.397 0.6000000238
19925  22.559  -52.850  -15.417 0.6000000238
18689  23.806  -53.454  -13.531 0.6999999881
18690  22.483  -53.378  -13.172 0.6000000238
152641  24.909  -53.029  -12.761 0.6999999881
21161  25.608  -51.683  -12.324 0.6000000238
19847  25.447  -52.557  -12.531 0.6000000238
145023  26.671  -50.572  -12.385 0.6000000238
21162  24.663  -52.059  -12.410 0.6000000238
22427  27.241  -50.106  -12.587 0.6000000238
136378  27.325  -49.523  -13.461 0.6999999881
23651  21.860  -49.656  -15.350 0.6999999881
22463  19.713  -50.675  -15.444 0.5000000000
23631  24.785  -49.725  -13.999 0.6999999881
23633  22.500  -49.789  -14.677 0.6999999881
155427  20.377  -50.492  -15.097 0.6000000238
21349  24.091  -51.091  -21.794 0.5000000000
153148  22.806  -52.644  -21.640 0.5000000000
20067  21.689  -52.355  -21.467 0.5000000000
20064  26.057  -52.184  -21.711 0.6999999881
20065  23.786  -52.378  -21.700 0.6000000238
149488  27.692  -53.718  -22.378 0.5000000000
18803  26.865  -53.903  -22.239 0.6999999881
18789  26.427  -53.074  -22.084 0.6999999881
18790  25.515  -53.095  -21.945 0.6000000238
18791  24.449  -53.224  -21.821 0.6000000238
16515  28.997  -56.020  -22.980 0.4000000060
163473  27.643  -55.556  -22.584 0.4000000060
159364  27.350  -54.712  -22.448 0.5000000000
21265  23.066  -51.090  -17.610 0.5000000000
19951  23.892  -52.324  -15.997 0.5000000000
21246  23.484  -51.670  -16.756 0.5000000000
19952  22.936  -52.213  -16.098 0.5000000000
153640  25.034  -53.060  -15.061 0.6000000238
19924  23.375  -52.813  -15.308 0.5000000000
19900  25.919  -53.391  -13.874 0.6999999881
19867  28.184  -52.921  -12.950 0.6000000238
19868  26.746  -53.263  -13.548 0.6999999881
142080  25.141  -53.403  -13.448 0.6999999881
155136  28.663  -52.495  -12.333 0.6000000238
159783  27.338  -52.948  -12.905 0.6000000238
19869  25.859  -53.204  -12.922 0.6999999881
21134  30.404  -51.293  -11.574 0.6999999881
19834  28.327  -51.976  -11.900 0.6000000238
19846  26.178  -52.443  -12.441 0.6000000238
23580  30.014  -50.049  -11.487 0.6000000238
22389  29.287  -50.559  -11.627 0.6999999881
164338  27.972  -50.748  -11.958 0.6999999881
24855  30.563  -48.488  -12.112 0.6000000238
23602  29.249  -49.471  -12.163 0.6000000238
23581  28.788  -50.020  -11.921 0.6999999881
23674  20.425  -49.427  -17.370 0.6000000238
155291  28.513  -49.684  -12.540 0.6999999881
23650  22.612  -49.421  -15.498 0.6999999881
22472  20.244  -50.218  -15.912 0.6000000238
24870  30.595  -48.290  -13.523 0.6999999881
23615  29.044  -49.215  -13.040 0.6000000238
23628  28.008  -49.071  -14.181 0.8000000119
154967  27.105  -49.079  -14.515 0.6999999881
23630  25.393  -49.302  -14.748 0.6999999881
23648  24.577  -49.339  -14.985 0.6999999881
21350  22.907  -51.616  -21.721 0.6000000238
158239  27.031  -52.185  -21.844 0.6999999881
21347  26.539  -51.252  -21.434 0.6999999881
153858  25.012  -51.996  -21.731 0.6000000238
18801  28.576  -53.088  -22.745 0.5000000000
20077  27.803  -52.644  -22.257 0.6999999881
148627  28.390  -54.762  -22.690 0.5000000000
21287  23.743  -50.633  -18.259 0.5000000000
22500  22.218  -50.267  -19.576 0.5000000000
21264  24.122  -51.263  -17.437 0.5000000000
21244  25.474  -52.177  -16.600 0.6000000238
19921  27.605  -52.827  -15.473 0.6000000238
19950  25.472  -52.721  -15.728 0.6999999881
153672  24.771  -52.500  -15.882 0.6999999881
19898  28.104  -52.995  -14.621 0.6999999881
19899  27.238  -53.139  -14.518 0.6999999881
159373  29.816  -52.666  -13.097 0.6000000238
19897  28.570  -52.995  -13.762 0.6000000238
141043  27.696  -53.147  -13.673 0.6999999881
21156  32.247  -50.999  -11.909 0.6999999881
21158  30.762  -51.804  -12.024 0.6999999881
19842  30.279  -52.323  -12.490 0.6999999881
145351  21.303  -48.405  -18.925 0.6000000238
22386  32.202  -50.140  -11.282 0.6000000238
161231  31.793  -50.635  -11.500 0.6999999881
19832  29.964  -52.040  -11.792 0.6999999881
26020  32.477  -47.270  -11.667 0.6000000238
26021  31.984  -47.960  -11.375 0.6000000238
24837  32.659  -48.184  -11.063 0.6000000238
23578  31.421  -49.586  -11.202 0.6000000238
22388  30.745  -50.381  -11.369 0.6999999881
24936  21.694  -48.625  -17.796 0.6000000238
24869  31.249  -47.910  -12.801 0.6000000238
24839  30.938  -48.976  -11.402 0.6000000238
159947  25.645  -48.562  -16.335 0.6999999881
140041  23.969  -48.376  -17.010 0.6000000238
23663  22.821  -49.043  -16.211 0.6999999881
23664  21.323  -49.154  -16.932 0.6000000238
26039  32.315  -46.957  -12.922 0.5000000000
139262  31.584  -47.869  -14.084 0.6000000238
24884  30.340  -48.484  -14.613 0.8000000119
24886  28.766  -48.693  -14.926 0.8000000119
24901  28.144  -48.524  -15.679 0.8000000119
159391  26.600  -48.881  -15.145 0.8000000119
24903  25.091  -49.018  -15.591 0.6999999881
24919  23.707  -48.872  -16.140 0.6999999881
24872  28.844  -48.958  -13.944 0.8000000119
24887  27.840  -48.774  -14.922 0.8000000119
21348  25.786  -51.271  -21.613 0.6999999881
159313  25.116  -50.612  -21.678 0.6999999881
21329  24.317  -50.199  -21.459 0.6999999881
21331  22.202  -50.970  -21.612 0.6000000238
20063  27.947  -51.737  -21.903 0.6999999881
22523  23.554  -50.017  -21.027 0.6000000238
20075  29.114  -51.945  -22.896 0.6000000238
22516  22.910  -50.058  -20.275 0.5000000000
22499  23.315  -50.116  -19.221 0.5000000000
143243  17.749  -44.681  -16.067 0.6000000238
21286  24.738  -50.812  -18.143 0.5000000000
29907  18.577  -44.028  -17.341 0.5000000000
21263  25.051  -51.500  -17.395 0.5000000000
29930  19.957  -44.265  -19.195 0.6000000238
19948  28.011  -52.490  -16.486 0.6999999881
21243  26.438  -52.187  -16.901 0.6000000238
145763  29.000  -52.837  -14.695 0.6999999881
148897  27.041  -52.561  -16.237 0.6999999881
27467  21.331  -46.598  -20.129 0.6000000238
19865  30.555  -52.453  -13.315 0.6999999881
146447  29.995  -52.704  -14.743 0.6000000238
156744  33.133  -51.035  -12.534 0.6999999881
21187  32.472  -51.553  -13.048 0.6999999881
19841  31.050  -52.133  -12.771 0.6999999881
26141  22.106  -48.076  -19.260 0.6000000238
26158  22.177  -47.356  -19.813 0.6000000238
22385  33.836  -50.186  -11.750 0.6000000238
21157  31.582  -51.590  -12.382 0.6999999881
24945  23.480  -47.762  -18.718 0.6000000238
24958  20.666  -48.122  -19.590 0.6000000238
24834  35.093  -48.444  -11.527 0.6000000238
24836  33.348  -48.843  -11.063 0.6000000238
26118  25.155  -47.817  -18.133 0.6999999881
24933  24.197  -47.924  -17.949 0.6000000238
136620  22.059  -48.304  -18.431 0.6000000238
26019  33.174  -47.506  -11.206 0.6000000238
24929  29.002  -48.020  -17.786 0.6000000238
24930  27.669  -48.092  -17.437 0.6000000238
24932  25.847  -48.111  -17.339 0.6999999881
136580  24.900  -48.221  -17.145 0.6000000238
136696  23.087  -48.577  -16.931 0.6000000238
24914  29.655  -48.236  -17.074 0.6000000238
145321  29.887  -48.534  -15.343 0.6000000238
24915  28.497  -48.298  -16.690 0.6999999881
136600  26.562  -48.612  -15.871 0.8000000119
21327  26.877  -50.455  -21.042 0.6999999881
21328  26.032  -50.374  -21.330 0.6999999881
154123  25.309  -49.847  -21.061 0.6999999881
21344  29.503  -50.762  -22.020 0.6999999881
21346  27.391  -51.251  -21.340 0.6999999881
22514  24.909  -49.720  -20.020 0.6000000238
22515  23.925  -49.788  -20.110 0.6000000238
28650  19.216  -45.203  -14.699 0.6000000238
28652  17.429  -45.727  -14.597 0.6000000238
28674  19.440  -44.700  -15.619 0.6000000238
144985  17.641  -45.271  -15.333 0.6000000238
160994  25.480  -50.251  -18.948 0.6000000238
164389  19.248  -44.200  -16.508 0.5000000000
157451  28.622  -52.276  -17.032 0.6999999881
19974  27.313  -52.148  -17.141 0.6999999881
158433  21.368  -44.051  -18.610 0.4000000060
29918  20.241  -43.895  -18.138 0.5000000000
19919  29.416  -52.648  -15.612 0.6999999881
141490  28.931  -52.460  -16.379 0.8000000119
29940  22.218  -44.769  -19.779 0.5000000000
151550  30.958  -52.615  -15.135 0.6000000238
19920  28.508  -52.725  -15.559 0.6999999881
28737  22.558  -45.312  -20.064 0.6000000238
19863  32.093  -52.045  -13.873 0.6999999881
19894  31.580  -52.381  -14.506 0.6999999881
26156  24.048  -47.183  -20.097 0.6999999881
26157  23.078  -47.025  -19.879 0.6000000238
161662  35.014  -50.493  -12.274 0.6999999881
21154  34.885  -51.058  -12.849 0.6999999881
27483  25.657  -47.045  -20.786 0.5000000000
26139  23.521  -47.445  -19.536 0.6000000238
24852  36.669  -48.624  -12.382 0.6000000238
23599  35.062  -49.281  -11.657 0.6000000238
23600  34.658  -50.039  -11.833 0.6999999881
26138  24.379  -47.549  -19.178 0.6999999881
24853  35.881  -48.720  -11.932 0.6000000238
23575  34.075  -49.471  -11.394 0.6000000238
153578  27.563  -47.631  -19.194 0.5000000000
26137  25.521  -47.564  -19.206 0.6000000238
141303  34.563  -47.808  -11.281 0.6000000238
24928  30.018  -48.059  -18.021 0.6000000238
26115  28.395  -47.758  -18.759 0.5000000000
26117  26.152  -47.778  -18.267 0.6999999881
24898  31.379  -48.129  -16.653 0.6000000238
22512  27.909  -50.992  -20.391 0.6999999881
22513  27.098  -50.464  -20.456 0.6999999881
22497  26.547  -50.334  -19.556 0.6000000238
27394  18.925  -45.710  -13.925 0.4000000060
27374  17.458  -46.324  -13.244 0.5000000000
21285  26.235  -50.969  -18.366 0.6000000238
154042  20.298  -45.039  -15.728 0.5000000000
27375  16.781  -46.762  -13.687 0.6000000238
21259  28.257  -51.768  -18.136 0.6999999881
20001  28.802  -52.069  -17.764 0.6999999881
152425  25.495  -51.064  -18.049 0.6000000238
29905  20.613  -44.235  -17.155 0.5000000000
145789  31.196  -52.734  -16.113 0.6999999881
29929  22.455  -44.385  -19.138 0.4000000060
153822  35.315  -51.943  -14.378 0.6999999881
19892  33.334  -52.113  -14.837 0.6999999881
29939  22.942  -44.758  -19.728 0.6000000238
22425  37.290  -50.605  -13.173 0.6999999881
21183  36.657  -51.229  -13.386 0.6999999881
21215  32.934  -51.803  -14.053 0.6999999881
19893  32.463  -52.255  -14.729 0.6999999881
28735  25.018  -45.616  -20.652 0.5000000000
27465  23.735  -46.311  -20.168 0.5000000000
23597  37.058  -49.123  -12.563 0.6000000238
22426  36.475  -50.610  -12.790 0.6999999881
21184  35.808  -51.191  -13.106 0.6999999881
21186  33.413  -51.407  -13.404 0.6999999881
28748  25.648  -46.322  -20.959 0.5000000000
26036  36.878  -47.946  -12.614 0.5000000000
24851  37.279  -48.592  -12.776 0.6000000238
153155  35.823  -49.485  -12.025 0.6000000238
21308  29.225  -51.198  -19.961 0.6999999881
21310  27.481  -50.823  -19.642 0.6999999881
27373  18.530  -46.162  -13.006 0.4000000060
21282  29.885  -51.748  -19.310 0.6999999881
21283  27.940  -51.337  -18.810 0.6999999881
26046  16.932  -47.108  -12.837 0.4000000060
146081  28.865  -51.599  -18.803 0.6999999881
26061  16.444  -47.580  -13.405 0.6000000238
19971  30.656  -52.372  -17.571 0.8000000119
20000  29.708  -52.144  -18.053 0.6999999881
19944  32.742  -52.663  -16.719 0.6000000238
163638  31.556  -52.747  -16.596 0.6000000238
21167  15.336  -50.874  -12.372 0.6000000238
158383  34.777  -52.081  -14.810 0.6999999881
19916  33.816  -52.328  -15.526 0.6999999881
145020  32.025  -52.762  -16.249 0.6000000238
21211  36.829  -51.753  -14.061 0.6000000238
150502  37.880  -49.951  -13.206 0.6000000238
21114  13.606  -51.252  -10.282 0.5000000000
24868  37.839  -48.643  -13.253 0.6000000238
23614  37.613  -49.240  -12.916 0.6999999881
26070  37.603  -47.487  -14.515 0.5000000000
19999  30.593  -52.141  -18.633 0.6999999881
24857  17.092  -48.455  -12.031 0.4000000060
19970  31.380  -52.496  -17.548 0.8000000119
23604  16.773  -48.910  -12.838 0.5000000000
140168  33.310  -52.528  -17.234 0.8000000119
21165  17.010  -51.206  -12.326 0.4000000060
22411  17.299  -50.423  -12.563 0.4000000060
19945  31.919  -52.707  -17.102 0.6999999881
21141  15.818  -51.086  -11.661 0.4000000060
22412  16.649  -50.730  -12.981 0.5000000000
21181  38.067  -51.298  -13.988 0.6000000238
19889  36.171  -52.108  -14.573 0.6000000238
19890  35.434  -52.259  -15.221 0.6999999881
19817  15.613  -51.415  -10.073 0.4000000060
22423  38.790  -50.072  -13.727 0.6000000238
22424  38.053  -50.696  -13.604 0.6000000238
21093  14.040  -51.767  -9.657 0.4000000060
21142  14.872  -50.688  -11.478 0.6000000238
24867  38.521  -48.588  -13.699 0.6000000238
26080  37.978  -47.683  -15.077 0.5000000000
26081  37.502  -47.316  -15.738 0.5000000000
23583  17.750  -49.063  -11.625 0.4000000060
19998  31.889  -51.986  -18.819 0.8000000119
22393  17.671  -50.882  -12.111 0.4000000060
19969  32.682  -52.464  -17.624 0.6999999881
21111  17.022  -51.851  -10.870 0.4000000060
19943  35.864  -52.461  -16.056 0.6000000238
160402  34.327  -52.407  -16.010 0.6999999881
21210  37.634  -51.757  -14.298 0.6000000238
19888  37.068  -52.188  -14.764 0.6000000238
19795  15.871  -52.058  -9.386 0.4000000060
21092  14.975  -51.804  -9.477 0.4000000060
24881  39.272  -48.498  -14.157 0.6000000238
19775  14.758  -53.166  -8.601 0.4000000060
161639  38.707  -47.809  -14.828 0.4000000060
22392  18.287  -50.839  -11.666 0.4000000060
19968  34.018  -52.390  -17.371 0.6999999881
21138  18.496  -51.560  -11.078 0.4000000060
19942  36.765  -52.569  -16.176 0.6999999881
146836  34.555  -52.421  -16.701 0.6000000238
19815  17.276  -52.190  -10.029 0.4000000060
22444  39.460  -50.647  -14.315 0.6000000238
19887  37.937  -52.186  -14.936 0.6000000238
18623  15.586  -53.358  -8.338 0.4000000060
141969  39.950  -48.396  -14.451 0.6000000238
163368  15.047  -53.741  -8.094 0.3000000119
26069  39.463  -47.947  -14.670 0.4000000060
26095  38.618  -47.489  -16.322 0.4000000060
26108  38.411  -47.469  -17.177 0.4000000060
19793  17.570  -52.522  -9.224 0.4000000060
19773  17.005  -52.885  -8.558 0.4000000060
23626  40.487  -49.449  -14.469 0.6000000238
24880  40.539  -48.653  -14.566 0.6000000238
24879  41.146  -48.282  -14.945 0.6000000238
27419  39.572  -47.152  -16.915 0.4000000060
27418  40.707  -46.881  -16.656 0.5000000000
27433  39.286  -47.149  -17.815 0.4000000060
19744  13.153  -52.280  -5.689 0.3000000119
27432  40.424  -46.747  -17.571 0.4000000060
21031  19.249  -51.270  -7.178 0.4000000060
21036  14.955  -51.441  -5.967 0.3000000119
22326  11.867  -50.414  -7.299 0.4000000060
22301  20.274  -50.181  -6.590 0.4000000060
163866  18.128  -50.367  -6.549 0.4000000060
22306  15.902  -50.782  -6.508 0.3000000119
22321  16.536  -50.367  -6.765 0.3000000119
22309  13.151  -50.902  -6.613 0.3000000119
22308  14.182  -50.964  -6.459 0.3000000119
22325  12.707  -50.308  -7.170 0.3000000119
23477  19.227  -49.305  -5.975 0.4000000060
24744  18.251  -48.965  -6.159 0.4000000060
147421  17.442  -50.368  -6.648 0.4000000060
22323  14.628  -50.309  -7.134 0.3000000119
23502  14.168  -49.837  -7.804 0.3000000119
26048  12.577  -47.816  -12.846 0.4000000060
27397  12.232  -46.598  -14.599 0.3000000119
152222  13.033  -45.604  -15.152 0.3000000119
23503  13.152  -49.740  -7.812 0.3000000119
143170  13.173  -49.324  -8.641 0.3000000119
24745  17.764  -48.119  -6.428 0.4000000060
150596  17.333  -48.907  -6.755 0.4000000060
23499  16.636  -48.866  -7.476 0.3000000119
23500  16.045  -49.542  -7.557 0.3000000119
156892  15.481  -49.259  -8.266 0.3000000119
24842  12.522  -48.281  -11.596 0.3000000119
23516  14.722  -49.392  -8.538 0.3000000119
27361  12.863  -47.198  -14.116 0.3000000119
23534  14.091  -49.189  -9.121 0.3000000119
28634  14.027  -46.147  -14.404 0.4000000060
28635  12.995  -46.468  -14.679 0.3000000119
159276  14.532  -45.490  -14.728 0.3000000119
29886  14.142  -44.751  -15.356 0.3000000119
24764  17.012  -48.087  -7.074 0.4000000060
24765  16.389  -48.048  -7.848 0.4000000060
24766  15.972  -48.758  -8.183 0.3000000119
26031  13.007  -48.064  -12.135 0.4000000060
24782  15.430  -48.820  -8.975 0.3000000119
24841  13.286  -48.244  -11.381 0.3000000119
27360  13.610  -47.012  -13.206 0.4000000060
27344  14.141  -46.963  -12.288 0.4000000060
31105  15.671  -44.227  -15.270 0.3000000119
27290  17.175  -46.472  -6.958 0.4000000060
145902  16.550  -46.405  -7.670 0.4000000060
27301  16.024  -46.293  -8.426 0.4000000060
25981  15.803  -47.091  -9.154 0.4000000060
24799  14.899  -48.766  -9.751 0.3000000119
27329  15.037  -46.687  -10.884 0.3000000119
26029  14.471  -47.258  -11.470 0.3000000119
139411  14.692  -45.356  -12.135 0.3000000119
29855  14.960  -45.091  -12.462 0.5000000000
28623  14.568  -45.777  -13.180 0.4000000060
160223  15.097  -45.344  -13.824 0.4000000060
31116  15.254  -43.557  -15.746 0.3000000119
160606  16.361  -45.683  -7.951 0.4000000060
28582  15.919  -45.309  -8.603 0.4000000060
28592  15.397  -45.236  -9.437 0.3000000119
29827  15.153  -44.464  -10.985 0.3000000119
31043  15.772  -44.093  -11.248 0.3000000119
153718  16.755  -43.708  -12.500 0.3000000119
25995  15.495  -47.233  -10.161 0.3000000119
28593  15.029  -45.085  -10.184 0.3000000119
29841  14.875  -44.881  -11.569 0.3000000119
31068  16.082  -44.204  -12.373 0.3000000119
31067  16.581  -43.926  -13.317 0.3000000119
28609  14.722  -45.405  -11.541 0.3000000119
29853  16.030  -44.370  -13.394 0.3000000119
29870  15.675  -44.712  -14.177 0.3000000119
32284  16.196  -42.734  -16.071 0.3000000119
29786  18.586  -44.802  -6.568 0.3000000119
29798  18.090  -44.310  -7.143 0.3000000119
152276  17.269  -44.574  -7.487 0.3000000119
30999  16.874  -43.529  -8.934 0.3000000119
144886  17.392  -43.240  -10.531 0.3000000119
32228  17.742  -42.796  -12.654 0.3000000119
151253  16.193  -44.493  -8.500 0.3000000119
31016  16.279  -43.718  -9.601 0.3000000119
31026  16.599  -43.659  -10.612 0.3000000119
31041  17.260  -43.293  -12.138 0.3000000119
32254  17.941  -43.014  -13.732 0.3000000119
31088  17.036  -43.607  -14.351 0.3000000119
29869  16.256  -44.163  -14.350 0.3000000119
32272  17.744  -43.106  -15.016 0.3000000119
31104  16.394  -43.851  -15.143 0.3000000119
32283  17.260  -42.605  -16.170 0.3000000119
30978  19.742  -43.906  -6.668 0.3000000119
29799  17.680  -43.855  -7.788 0.3000000119
30998  17.452  -43.532  -8.423 0.3000000119
32186  17.892  -42.972  -10.058 0.3000000119
32210  17.723  -42.745  -11.722 0.3000000119
32271  18.396  -42.536  -14.363 0.3000000119
33374  18.369  -42.498  -15.520 0.3000000119
33400  16.170  -41.736  -16.376 0.3000000119
33323  18.542  -41.494  -12.710 0.3000000119
149203  18.228  -42.330  -13.092 0.3000000119
33397  18.954  -41.866  -15.863 0.3000000119
33421  18.665  -41.487  -16.599 0.3000000119
33399  17.014  -41.501  -16.735 0.3000000119
33422  17.841  -41.207  -17.117 0.3000000119
34601  18.808  -40.693  -12.759 0.3000000119
34616  18.950  -41.080  -13.637 0.3000000119
33373  18.986  -41.863  -14.682 0.3000000119
143987  18.980  -40.056  -12.301 0.3000000119
35875  19.385  -39.578  -13.699 0.3000000119
159771  19.515  -39.857  -14.444 0.3000000119
34634  19.495  -40.540  -15.094 0.3000000119
34656  19.364  -41.087  -16.157 0.3000000119
34676  18.717  -40.859  -17.092 0.3000000119
34677  17.702  -40.317  -17.549 0.3000000119
15206  29.964  -56.163  -16.522 0.5000000000
15245  29.353  -56.296  -18.220 0.5000000000
15261  29.212  -56.712  -19.212 0.4000000060
22431  22.435  -51.054  -13.024 0.6999999881
23634  21.718  -50.155  -14.499 0.6999999881
15305  28.597  -57.205  -23.064 0.4000000060
164202  30.598  -56.287  -19.006 0.5000000000
21159  27.511  -51.760  -12.055 0.6000000238
21245  24.483  -51.869  -16.654 0.5000000000
21136  28.803  -51.371  -11.676 0.6000000238
19972  29.297  -52.254  -17.126 0.8000000119
21260  27.576  -51.698  -17.974 0.6999999881
19918  31.863  -52.582  -15.395 0.6000000238
26054  37.409  -47.466  -13.653 0.5000000000
146877  35.124  -51.549  -13.643 0.6999999881
21113  14.669  -51.123  -10.212 0.4000000060
27402  37.168  -46.998  -15.998 0.5000000000
23627  39.718  -49.764  -14.113 0.6000000238
26096  37.632  -47.481  -16.668 0.4000000060
19913  37.377  -52.461  -15.546 0.6000000238
21208  39.175  -51.470  -14.648 0.6000000238
150302  15.680  -54.042  -7.533 0.3000000119
26078  40.154  -47.573  -15.240 0.4000000060
27401  41.029  -47.189  -15.808 0.4000000060
23482  19.461  -50.118  -6.377 0.4000000060
27291  16.971  -45.541  -7.292 0.3000000119
30987  19.377  -43.467  -7.297 0.3000000119
19964  37.458  -52.672  -17.459 0.5000000000
19965  36.621  -52.585  -17.534 0.5000000000
19967  34.908  -52.334  -17.615 0.6999999881
19996  33.616  -51.666  -18.919 0.6999999881
21307  30.846  -51.638  -19.620 0.6000000238
140419  36.962  -52.628  -16.879 0.5000000000
140418  36.228  -52.515  -16.817 0.6000000238
139543  33.428  -52.230  -18.004 0.6000000238
141149  30.206  -50.487  -21.513 0.6000000238
21325  28.654  -51.001  -21.112 0.6000000238
19995  34.354  -51.824  -19.169 0.6999999881
21306  32.278  -50.746  -20.293 0.6000000238
137444  31.385  -50.828  -20.490 0.6000000238
21305  33.031  -51.121  -19.822 0.6999999881
20024  31.678  -51.487  -19.603 0.6000000238
21324  29.447  -50.878  -20.978 0.6000000238
19940  38.772  -52.551  -16.444 0.5000000000
20023  34.184  -51.515  -20.829 0.6999999881
21321  32.752  -50.438  -20.948 0.6999999881
21341  32.386  -50.300  -21.762 0.6000000238
21343  30.619  -50.236  -22.120 0.6000000238
148571  35.031  -52.129  -19.609 0.6000000238
21304  33.866  -51.400  -19.886 0.6999999881
21322  31.956  -50.042  -21.161 0.6000000238
19993  36.604  -52.577  -19.365 0.6000000238
19939  39.728  -52.176  -16.315 0.5000000000
145993  38.290  -52.456  -15.676 0.5000000000
20021  35.808  -52.396  -20.099 0.6999999881
21340  33.123  -50.882  -21.625 0.6000000238
21353  29.445  -51.146  -22.761 0.6000000238
21227  41.142  -51.171  -16.038 0.5000000000
19911  39.050  -52.324  -15.736 0.5000000000
23644  43.195  -48.814  -15.872 0.5000000000
22460  41.550  -50.440  -15.579 0.5000000000
24895  43.094  -47.992  -16.061 0.4000000060
19875  18.629  -53.373  -13.830 0.4000000060
19873  21.048  -53.104  -12.850 0.4000000060
18693  19.594  -54.001  -13.567 0.4000000060
18692  20.241  -54.013  -13.647 0.5000000000
18711  20.892  -53.977  -13.840 0.5000000000
17583  20.035  -54.297  -14.263 0.5000000000
23646  41.802  -49.604  -15.244 0.5000000000
163238  20.741  -54.015  -14.533 0.5000000000
17624  18.696  -54.109  -19.235 0.6000000238
24896  42.497  -48.349  -15.636 0.4000000060
19926  21.774  -53.115  -15.445 0.5000000000
18722  20.118  -54.102  -15.382 0.5000000000
17610  18.828  -53.926  -18.256 0.5000000000
17574  18.528  -54.394  -14.114 0.5000000000
17560  19.159  -54.267  -13.853 0.5000000000
16397  18.064  -54.931  -14.662 0.5000000000
17585  18.671  -54.976  -15.076 0.5000000000
16452  17.788  -55.210  -16.825 0.5000000000
17584  19.426  -54.586  -14.928 0.5000000000
146232  18.549  -54.623  -17.024 0.5000000000
24897  41.871  -48.703  -15.184 0.5000000000
143040  19.079  -53.953  -17.205 0.5000000000
27415  43.081  -47.071  -17.042 0.4000000060
142515  42.425  -47.722  -15.918 0.4000000060
27430  42.518  -46.722  -17.597 0.4000000060
22473  19.538  -50.434  -16.375 0.5000000000
149534  17.073  -55.559  -16.678 0.5000000000
22442  41.059  -49.969  -14.919 0.5000000000
26077  41.729  -47.817  -15.492 0.4000000060
23685  20.003  -49.242  -18.427 0.5000000000
23686  19.288  -49.635  -18.710 0.5000000000
22503  18.613  -50.073  -18.920 0.5000000000
22484  19.436  -50.195  -17.173 0.5000000000
27431  41.539  -46.640  -17.328 0.4000000060
24947  20.378  -48.697  -19.048 0.5000000000
23687  18.652  -49.184  -19.331 0.5000000000
24959  19.900  -48.273  -19.460 0.5000000000
24960  19.090  -48.313  -19.338 0.5000000000
23688  17.346  -49.726  -18.913 0.5000000000
22505  16.969  -50.617  -18.698 0.4000000060
153412  19.347  -47.467  -19.432 0.5000000000
24950  16.827  -48.806  -18.564 0.6000000238
23689  16.587  -49.683  -18.452 0.6000000238
26159  20.754  -47.304  -19.846 0.5000000000
27470  18.507  -46.315  -19.473 0.5000000000
26161  18.557  -47.255  -19.194 0.5000000000
26142  17.095  -47.732  -18.593 0.6000000238
24951  16.074  -48.841  -17.968 0.6000000238
22486  14.735  -50.538  -17.711 0.6000000238
21269  14.282  -51.218  -17.726 0.5000000000
159842  12.276  -52.525  -17.952 0.5000000000
20010  10.786  -52.872  -18.254 0.5000000000
27468  20.312  -46.374  -20.011 0.5000000000
28739  19.792  -45.239  -19.911 0.5000000000
28721  17.874  -45.563  -19.264 0.5000000000
162171  16.862  -46.654  -18.524 0.5000000000
27436  16.458  -45.942  -18.086 0.6000000238
24939  14.544  -48.776  -17.326 0.6000000238
23677  14.366  -49.701  -17.496 0.6000000238
21270  13.225  -51.122  -17.542 0.6000000238
21271  12.332  -51.773  -17.663 0.5000000000
18717  8.875  -52.687  -14.739 0.5000000000
18748  8.718  -53.462  -17.983 0.5000000000
140042  20.720  -45.537  -20.180 0.5000000000
29931  18.260  -44.532  -18.729 0.5000000000
28708  16.934  -45.156  -17.932 0.6000000238
28709  16.417  -45.424  -17.072 0.6000000238
27423  15.240  -46.492  -16.959 0.6000000238
26121  14.375  -47.814  -17.036 0.6000000238
26102  13.895  -47.795  -16.693 0.6000000238
23678  13.474  -49.076  -17.220 0.6000000238
23679  12.478  -48.807  -17.064 0.6000000238
139437  12.017  -50.549  -17.310 0.6000000238
21272  11.052  -51.273  -17.419 0.5000000000
19982  10.386  -52.142  -17.732 0.5000000000
21273  9.829  -51.431  -17.250 0.5000000000
21252  8.738  -51.694  -16.900 0.5000000000
19958  8.061  -53.059  -16.927 0.5000000000
18727  8.139  -52.769  -16.292 0.5000000000
28694  17.235  -44.832  -16.947 0.6000000238
27422  15.806  -45.920  -16.577 0.6000000238
26084  15.079  -47.031  -15.493 0.6000000238
143967  14.071  -47.931  -15.515 0.6000000238
26086  13.857  -47.686  -16.224 0.6000000238
23667  12.017  -48.360  -16.658 0.6000000238
23653  11.803  -48.280  -15.941 0.6000000238
22474  10.801  -49.337  -16.589 0.5000000000
23669  10.451  -49.271  -16.056 0.5000000000
22490  10.203  -50.685  -16.991 0.5000000000
22465  9.617  -49.898  -15.706 0.5000000000
151899  9.620  -50.033  -14.985 0.6000000238
158581  8.540  -51.208  -16.308 0.5000000000
153697  8.387  -51.840  -14.854 0.5000000000
21219  8.680  -51.288  -14.532 0.5000000000
19876  9.826  -52.717  -13.133 0.5000000000
24905  14.798  -47.735  -15.096 0.6000000238
23638  13.104  -49.069  -14.690 0.6000000238
23639  11.988  -48.953  -14.962 0.6000000238
23654  11.054  -48.853  -15.629 0.6000000238
22457  9.419  -50.749  -14.163 0.6000000238
21196  9.103  -51.604  -13.611 0.5000000000
24889  15.335  -48.324  -14.463 0.6000000238
23640  11.094  -49.464  -14.732 0.6000000238
21194  10.531  -51.066  -12.781 0.6000000238
21172  9.890  -51.880  -12.374 0.5000000000
22435  15.244  -50.603  -13.699 0.6000000238
22451  15.321  -50.081  -14.218 0.6000000238
22436  14.324  -50.418  -13.610 0.6000000238
22437  13.266  -50.229  -13.364 0.6000000238
144621  11.756  -50.247  -13.784 0.6000000238
22416  11.327  -50.791  -12.526 0.5000000000
21193  14.872  -50.717  -13.021 0.6000000238
22414  13.258  -50.429  -12.488 0.6000000238
21168  13.847  -50.534  -11.799 0.6000000238
22415  12.298  -50.465  -12.703 0.6000000238
21143  13.132  -50.823  -10.999 0.6000000238
19818  11.500  -51.917  -10.116 0.5000000000
21094  13.173  -51.782  -9.784 0.4000000060
140320  30.293  -50.994  -20.533 0.6000000238
19997  32.727  -51.863  -18.632 0.6999999881
19912  38.763  -52.089  -15.089 0.5000000000
22461  40.744  -50.790  -15.267 0.5000000000
23662  43.084  -49.669  -15.957 0.5000000000
22459  42.364  -50.080  -15.787 0.5000000000
17611  18.040  -54.637  -18.071 0.6000000238
26143  16.216  -46.822  -18.148 0.6000000238
26119  15.469  -46.983  -17.630 0.6000000238
23680  11.659  -49.198  -16.980 0.6000000238
22475  9.970  -49.998  -16.427 0.5000000000
22453  13.719  -49.915  -14.147 0.6000000238
146370  12.721  -49.756  -14.163 0.6000000238
21169  12.720  -50.625  -11.835 0.6000000238
21145  10.982  -51.381  -11.402 0.6000000238
139919  29.878  -56.318  -14.981 0.4000000060
13940  31.596  -57.276  -14.129 0.5000000000
13939  31.937  -57.051  -15.069 0.5000000000
15173  31.382  -56.615  -14.632 0.4000000060
16409  30.591  -56.240  -15.397 0.4000000060
16427  31.538  -56.257  -16.688 0.4000000060
16429  30.659  -56.186  -16.214 0.4000000060
12755  33.114  -57.966  -16.077 0.5000000000
12711  32.158  -57.885  -14.883 0.5000000000
15204  32.993  -56.896  -17.010 0.5000000000
15225  32.404  -56.397  -17.451 0.5000000000
16447  30.588  -56.130  -17.077 0.4000000060
12754  33.629  -58.267  -16.496 0.5000000000
13989  33.735  -57.179  -17.406 0.5000000000
15224  33.177  -56.700  -17.663 0.5000000000
15242  32.206  -56.307  -18.388 0.5000000000
15226  31.427  -56.173  -17.729 0.4000000060
15258  32.119  -56.444  -19.373 0.4000000060
157382  34.954  -58.352  -17.847 0.5000000000
160109  34.469  -57.531  -17.962 0.5000000000
12802  34.678  -58.243  -19.446 0.5000000000
14021  33.514  -57.171  -19.509 0.5000000000
14022  32.792  -56.871  -19.970 0.5000000000
15259  31.148  -56.464  -19.762 0.4000000060
18800  29.448  -52.835  -22.956 0.5000000000
17673  29.136  -53.862  -22.960 0.4000000060
151102  29.462  -54.867  -22.990 0.4000000060
16513  30.824  -55.834  -23.205 0.4000000060
16514  29.904  -55.935  -23.206 0.4000000060
15304  29.433  -56.957  -23.283 0.4000000060
12803  34.001  -57.917  -20.086 0.5000000000
14083  29.968  -57.435  -23.132 0.4000000060
153744  30.344  -57.788  -22.252 0.4000000060
14046  29.782  -57.738  -21.502 0.4000000060
12825  33.350  -58.743  -20.794 0.4000000060
14044  32.414  -57.500  -20.813 0.5000000000
15280  31.272  -56.864  -20.674 0.4000000060
15279  31.990  -56.795  -20.332 0.4000000060
151190  29.918  -53.795  -22.857 0.4000000060
15302  31.223  -56.718  -23.570 0.4000000060
15303  30.330  -56.802  -23.477 0.4000000060
11737  33.629  -59.816  -22.129 0.4000000060
14063  31.160  -57.983  -22.363 0.4000000060
14045  30.833  -57.328  -21.464 0.4000000060
12841  33.025  -59.302  -21.802 0.4000000060
12826  32.671  -58.397  -21.306 0.4000000060
14062  32.073  -58.052  -21.922 0.4000000060
138793  31.692  -57.345  -21.259 0.4000000060
20074  29.944  -51.678  -22.998 0.5000000000
18798  31.643  -52.559  -22.559 0.4000000060
151714  31.748  -53.654  -22.546 0.4000000060
153562  32.270  -54.309  -22.588 0.4000000060
15301  32.147  -56.504  -23.432 0.4000000060
15313  31.687  -57.431  -23.799 0.4000000060
14090  32.114  -58.060  -23.896 0.4000000060
14091  31.514  -58.020  -23.736 0.4000000060
12855  33.040  -59.682  -22.859 0.4000000060
12858  32.416  -58.615  -23.804 0.4000000060
12857  31.819  -58.530  -23.640 0.4000000060
20062  31.071  -50.485  -22.581 0.5000000000
20073  31.435  -51.291  -22.691 0.5000000000
20060  32.866  -51.098  -22.184 0.6000000238
18797  32.347  -53.100  -22.458 0.5000000000
16511  32.733  -55.387  -22.886 0.4000000060
143240  32.978  -56.270  -23.271 0.4000000060
15300  34.558  -56.930  -22.877 0.4000000060
14079  35.096  -57.811  -22.822 0.4000000060
18796  33.637  -52.841  -22.268 0.4000000060
20059  33.705  -51.668  -22.089 0.5000000000
17669  33.847  -53.871  -22.195 0.4000000060
16509  34.261  -55.028  -22.303 0.4000000060
18794  34.992  -53.022  -21.936 0.5000000000
17668  35.822  -53.716  -21.716 0.4000000060
163835  35.821  -55.315  -21.805 0.4000000060
20041  35.026  -52.411  -21.696 0.6000000238
20042  34.352  -51.850  -21.654 0.6000000238
164843  36.803  -53.401  -21.629 0.5000000000
17662  36.687  -54.033  -21.645 0.4000000060
165083  35.497  -52.359  -18.180 0.5000000000
28676  17.009  -45.198  -16.136 0.5000000000
24904  15.494  -47.452  -14.669 0.5000000000
23619  16.408  -49.340  -13.517 0.5000000000
27396  16.573  -46.245  -14.574 0.5000000000
24888  15.901  -47.955  -13.939 0.5000000000
26083  15.731  -46.641  -15.018 0.5000000000
13971  32.765  -57.203  -16.304 0.5000000000
163847  31.828  -56.450  -16.039 0.5000000000
17671  31.343  -54.677  -22.761 0.4000000060
16512  31.764  -55.646  -23.066 0.4000000060
12842  32.398  -58.975  -22.483 0.4000000060
164859  32.671  -53.522  -22.396 0.4000000060
150055  33.437  -54.985  -22.589 0.4000000060
15312  32.562  -57.229  -23.732 0.4000000060
14081  32.941  -58.055  -23.915 0.4000000060
20071  33.358  -52.021  -22.334 0.5000000000
147563  34.186  -56.132  -22.729 0.4000000060
20070  33.961  -52.337  -22.176 0.5000000000
20058  34.959  -52.714  -21.856 0.6000000238
16507  36.211  -54.597  -21.669 0.5000000000
20039  37.094  -52.722  -21.222 0.5000000000
23682  47.719  -49.040  -18.568 0.3000000119
23684  46.288  -50.124  -17.942 0.3000000119
22479  45.578  -49.900  -17.427 0.3000000119
24944  46.987  -48.513  -18.144 0.3000000119
24943  47.578  -48.152  -18.703 0.3000000119
24955  48.768  -48.092  -19.744 0.3000000119
26125  47.787  -47.711  -19.454 0.3000000119
142544  46.136  -50.857  -18.701 0.3000000119
21276  44.752  -51.412  -18.753 0.4000000060
21277  43.856  -51.464  -18.558 0.4000000060
22494  47.128  -50.180  -18.615 0.3000000119
21255  43.173  -51.242  -17.812 0.4000000060
22480  44.787  -50.372  -17.452 0.4000000060
21242  40.628  -51.724  -16.584 0.4000000060
19962  39.315  -52.467  -17.293 0.4000000060
22493  47.997  -49.749  -18.996 0.3000000119
23673  44.982  -49.572  -16.967 0.3000000119
22469  43.484  -50.036  -16.409 0.4000000060
26127  45.941  -47.309  -18.612 0.3000000119
23659  45.090  -48.737  -16.895 0.3000000119
21302  42.565  -52.173  -19.534 0.4000000060
20017  40.539  -52.426  -20.162 0.4000000060
156655  38.002  -52.698  -20.083 0.4000000060
19992  37.584  -52.688  -19.249 0.4000000060
148524  45.101  -51.799  -19.536 0.4000000060
21278  42.904  -51.696  -18.734 0.4000000060
19988  41.028  -52.169  -19.356 0.4000000060
19990  39.422  -52.445  -19.191 0.4000000060
144780  38.912  -52.583  -18.257 0.4000000060
21299  45.901  -51.525  -19.487 0.3000000119
147581  42.211  -51.870  -18.903 0.4000000060
21280  40.735  -51.997  -18.267 0.4000000060
145839  36.209  -52.504  -18.294 0.4000000060
22510  47.670  -50.588  -19.562 0.3000000119
21258  40.887  -51.772  -17.358 0.4000000060
19963  38.370  -52.653  -17.348 0.4000000060
23693  49.119  -49.613  -20.151 0.3000000119
22471  42.022  -50.866  -16.414 0.4000000060
23661  43.780  -49.356  -16.207 0.4000000060
20053  40.220  -52.887  -21.140 0.4000000060
155018  37.682  -52.816  -21.349 0.4000000060
152088  41.831  -52.915  -20.651 0.4000000060
20035  41.373  -52.739  -20.594 0.4000000060
20037  39.841  -52.576  -20.863 0.4000000060
140575  37.984  -52.579  -21.035 0.4000000060
147838  46.298  -52.354  -20.640 0.3000000119
20013  43.900  -52.437  -20.160 0.4000000060
21315  48.606  -51.626  -20.940 0.3000000119
22521  48.406  -50.907  -20.454 0.3000000119
145841  37.987  -52.685  -18.302 0.4000000060
22520  49.470  -50.416  -20.770 0.3000000119
20056  37.366  -53.016  -21.507 0.4000000060
20054  39.202  -52.923  -21.379 0.4000000060
26091  43.532  -47.589  -16.618 0.3000000119
26107  43.912  -47.251  -17.231 0.3000000119
26090  44.302  -47.776  -16.864 0.3000000119
19994  35.680  -52.340  -18.992 0.4000000060
20020  37.316  -52.658  -20.278 0.4000000060
20040  35.953  -52.585  -21.228 0.4000000060
18787  37.766  -53.393  -21.597 0.4000000060
22495  45.354  -50.742  -18.134 0.3000000119
24926  46.256  -47.982  -17.918 0.3000000119
26146  46.717  -47.281  -19.471 0.3000000119
21301  43.409  -52.032  -19.487 0.4000000060
22468  44.198  -50.050  -16.740 0.4000000060
21256  42.267  -51.517  -18.035 0.4000000060
22482  42.626  -51.012  -17.149 0.4000000060
19938  40.192  -52.108  -17.326 0.4000000060
23660  44.468  -49.099  -16.556 0.4000000060
20014  43.024  -52.530  -20.127 0.4000000060
139752  39.192  -52.472  -20.230 0.4000000060
20018  39.864  -52.402  -19.987 0.4000000060
21318  45.682  -52.239  -20.302 0.3000000119
21279  41.576  -51.870  -18.645 0.4000000060
136364  46.448  -51.836  -20.209 0.3000000119
20033  43.607  -52.872  -20.488 0.4000000060
20032  44.481  -52.874  -20.619 0.3000000119
21317  46.956  -52.367  -21.024 0.3000000119
148279  26.634  -60.778  -11.071 0.3000000119
8362  26.303  -62.263  -11.744 0.3000000119
10537  27.307  -60.838  -10.643 0.3000000119
8346  26.493  -62.192  -10.986 0.3000000119
10548  26.935  -60.080  -11.251 0.3000000119
10559  26.448  -60.380  -11.805 0.3000000119
10536  28.087  -60.738  -10.663 0.3000000119
9455  28.032  -61.415  -10.006 0.3000000119
9456  27.354  -61.573  -10.202 0.3000000119
10545  29.054  -60.149  -11.648 0.3000000119
10547  27.654  -60.013  -11.119 0.3000000119
11565  26.768  -59.556  -11.722 0.3000000119
143211  30.338  -56.533  -13.728 0.3000000119
143352  30.161  -62.424  -9.650 0.3000000119
8328  29.114  -62.155  -9.316 0.3000000119
9481  29.303  -61.075  -11.819 0.3000000119
9454  28.739  -61.382  -10.332 0.3000000119
9444  27.756  -62.059  -9.765 0.3000000119
12677  29.691  -58.045  -11.813 0.3000000119
12692  31.332  -57.842  -13.401 0.3000000119
15151  30.448  -56.871  -13.090 0.3000000119
10558  29.632  -60.302  -12.274 0.3000000119
11580  29.504  -59.223  -11.882 0.3000000119
145648  30.112  -59.635  -12.493 0.3000000119
11594  30.760  -59.468  -13.074 0.3000000119
11593  31.362  -58.839  -13.562 0.3000000119
12676  30.445  -57.945  -12.277 0.3000000119
12712  31.819  -58.323  -14.150 0.3000000119
11682  35.228  -59.244  -18.153 0.4000000060
141613  33.934  -58.799  -16.663 0.4000000060
3172  30.309  -67.865  -8.837 0.3000000119
1979  29.883  -69.083  -8.217 0.3000000119
7258  27.172  -63.185  -10.180 0.3000000119
7271  26.887  -63.605  -10.963 0.3000000119
6210  31.300  -64.745  -7.660 0.3000000119
139780  29.974  -64.502  -7.899 0.3000000119
4540  29.638  -66.231  -8.501 0.3000000119
4539  30.005  -67.126  -8.570 0.3000000119
146535  30.364  -67.797  -9.718 0.3000000119
7222  31.129  -63.567  -8.586 0.3000000119
6226  29.747  -63.854  -8.160 0.3000000119
5372  29.703  -65.331  -8.069 0.3000000119
4557  29.251  -66.392  -10.402 0.3000000119
149094  30.078  -67.398  -9.843 0.3000000119
8309  29.053  -62.688  -8.854 0.3000000119
7225  28.627  -63.325  -8.881 0.3000000119
5382  28.457  -64.957  -9.560 0.3000000119
6262  28.011  -64.874  -10.633 0.3000000119
147544  27.971  -64.327  -9.770 0.3000000119
6263  27.425  -64.037  -10.333 0.3000000119
11564  27.326  -59.206  -11.464 0.3000000119
12678  27.174  -58.423  -12.002 0.3000000119
7241  30.682  -62.910  -9.131 0.3000000119
11579  30.290  -58.751  -12.312 0.3000000119
2513  30.343  -68.665  -6.437 0.3000000119
6280  27.927  -64.979  -11.764 0.3000000119
7223  30.335  -63.252  -8.447 0.3000000119
4516  30.963  -66.287  -7.193 0.3000000119
6241  28.414  -64.110  -9.029 0.3000000119
5381  29.051  -65.781  -9.213 0.3000000119
5418  28.509  -65.565  -11.360 0.3000000119
12736  32.677  -58.422  -15.509 0.3000000119
11696  37.732  -59.812  -20.250 0.3000000119
138349  37.504  -60.431  -20.277 0.3000000119
10690  37.158  -60.758  -21.108 0.3000000119
10692  35.919  -61.378  -22.017 0.4000000060
9654  34.952  -61.445  -21.980 0.4000000060
11719  34.322  -60.395  -21.685 0.3000000119
12824  34.338  -58.936  -20.370 0.3000000119
11695  38.264  -59.173  -20.305 0.3000000119
11734  37.298  -60.012  -21.174 0.4000000060
11735  36.702  -59.725  -21.947 0.4000000060
12852  35.876  -59.143  -22.358 0.4000000060
11736  34.080  -60.158  -22.301 0.3000000119
14078  35.900  -57.250  -22.043 0.4000000060
12853  35.262  -58.698  -22.774 0.4000000060
137116  34.408  -58.823  -23.248 0.3000000119
163848  35.338  -56.797  -22.387 0.3000000119
11644  37.677  -59.087  -17.518 0.3000000119
11660  37.565  -59.455  -18.402 0.3000000119
9632  37.255  -61.593  -20.947 0.4000000060
159171  36.173  -62.171  -21.843 0.4000000060
9634  35.373  -62.223  -21.813 0.3000000119
10661  34.830  -60.770  -20.715 0.3000000119
10660  35.212  -60.326  -19.444 0.3000000119
13988  38.173  -58.073  -18.419 0.3000000119
144867  38.831  -58.167  -18.892 0.3000000119
12800  38.994  -58.766  -20.066 0.3000000119
12821  39.774  -58.459  -19.999 0.3000000119
12823  38.112  -58.878  -20.648 0.3000000119
12839  37.407  -59.177  -21.220 0.4000000060
14019  40.345  -58.214  -19.827 0.3000000119
14040  39.935  -58.171  -20.123 0.3000000119
12822  39.067  -58.564  -20.261 0.3000000119
148510  37.328  -58.066  -21.055 0.4000000060
12840  36.715  -58.729  -21.805 0.4000000060
15278  38.320  -57.104  -20.667 0.3000000119
15294  37.595  -56.965  -20.894 0.4000000060
15295  36.707  -56.769  -21.448 0.4000000060
16501  38.581  -54.554  -21.294 0.3000000119
16502  38.208  -55.293  -20.942 0.4000000060
141607  37.192  -55.801  -21.250 0.4000000060
15299  35.920  -56.201  -21.911 0.4000000060
152889  39.803  -54.073  -21.369 0.3000000119
16504  36.934  -54.756  -21.508 0.4000000060
17660  38.185  -53.889  -21.584 0.3000000119
8422  38.240  -62.955  -15.393 0.3000000119
7366  37.806  -62.875  -16.895 0.3000000119
6374  36.732  -63.853  -17.337 0.3000000119
6388  36.643  -63.602  -18.325 0.3000000119
12753  38.235  -58.800  -16.616 0.3000000119
10613  38.478  -60.701  -17.090 0.3000000119
9576  37.594  -61.903  -18.340 0.3000000119
6401  36.479  -63.626  -19.415 0.3000000119
15187  39.094  -56.372  -16.325 0.3000000119
13957  38.694  -57.166  -16.092 0.3000000119
11659  37.706  -60.086  -17.753 0.3000000119
9577  37.375  -62.062  -19.421 0.3000000119
8508  37.249  -62.481  -20.139 0.3000000119
8509  35.514  -63.639  -20.859 0.3000000119
8494  35.108  -62.688  -20.591 0.3000000119
9599  35.114  -61.474  -19.810 0.3000000119
158398  34.924  -60.146  -17.806 0.3000000119
140253  34.273  -60.023  -17.059 0.3000000119
16446  39.453  -56.269  -17.261 0.3000000119
16493  40.082  -55.901  -20.517 0.3000000119
15293  37.860  -56.070  -20.820 0.3000000119
16492  41.050  -55.922  -20.391 0.3000000119
16494  39.075  -55.647  -20.713 0.3000000119
17657  41.394  -53.810  -20.802 0.3000000119
18784  40.740  -53.239  -21.071 0.3000000119
162656  39.078  -53.347  -21.575 0.3000000119
8402  38.331  -62.791  -14.291 0.3000000119
8437  38.738  -62.157  -16.057 0.3000000119
9539  38.635  -61.820  -16.751 0.3000000119
7367  37.324  -63.155  -17.762 0.3000000119
12752  39.300  -59.199  -16.018 0.3000000119
147307  38.105  -61.871  -17.385 0.3000000119
145054  33.846  -59.566  -16.582 0.3000000119
8386  38.649  -62.300  -13.716 0.3000000119
143231  39.240  -61.707  -15.504 0.3000000119
10597  40.361  -60.143  -15.419 0.3000000119
10611  39.703  -60.596  -16.024 0.3000000119
9556  38.619  -61.376  -17.014 0.3000000119
164841  39.196  -57.549  -15.577 0.3000000119
9502  39.385  -61.743  -14.650 0.3000000119
10578  40.454  -60.471  -14.659 0.3000000119
11627  40.792  -59.396  -15.286 0.3000000119
12733  40.449  -59.152  -15.608 0.3000000119
158023  34.521  -59.163  -17.266 0.3000000119
12785  35.175  -58.642  -18.737 0.3000000119
11697  35.010  -59.672  -20.072 0.3000000119
10702  34.602  -60.736  -22.087 0.3000000119
11744  33.890  -59.699  -22.990 0.4000000060
155072  36.479  -55.508  -21.584 0.4000000060
20051  42.432  -53.182  -20.624 0.3000000119
163859  37.678  -59.146  -19.049 0.3000000119
141342  37.430  -60.317  -20.685 0.3000000119
162979  37.392  -60.806  -19.769 0.3000000119
10691  36.760  -60.616  -21.679 0.4000000060
10701  35.197  -60.709  -22.181 0.4000000060
11743  34.605  -60.157  -22.521 0.4000000060
14061  36.501  -57.797  -21.653 0.4000000060
12768  37.848  -58.294  -17.369 0.3000000119
10629  37.523  -60.330  -18.706 0.3000000119
8530  37.180  -62.474  -20.817 0.3000000119
9612  37.331  -61.737  -20.302 0.3000000119
158623  35.245  -62.883  -21.471 0.4000000060
9613  34.860  -61.954  -21.195 0.3000000119
15223  39.403  -57.013  -18.108 0.3000000119
14002  39.674  -57.960  -18.851 0.3000000119
138970  40.539  -58.095  -19.529 0.3000000119
14042  38.318  -57.985  -20.627 0.4000000060
17651  40.322  -54.824  -20.764 0.3000000119
8473  37.445  -62.538  -18.522 0.3000000119
163639  37.287  -62.626  -19.102 0.3000000119
7402  36.084  -64.053  -20.332 0.3000000119
148383  42.084  -54.535  -20.526 0.3000000119
18736  19.725  -53.675  -16.687 0.4000000060
2514  29.970  -68.888  -6.233 0.3000000119
2525  30.207  -68.689  -7.545 0.3000000119
3171  30.255  -68.056  -8.036 0.3000000119
3798  31.069  -66.884  -7.023 0.3000000119
3799  30.538  -66.763  -7.515 0.3000000119
3831  30.458  -68.160  -9.689 0.3000000119
4526  30.313  -66.010  -7.580 0.3000000119
5371  30.575  -64.960  -7.577 0.3000000119
5398  28.669  -65.648  -10.387 0.3000000119
6225  30.710  -64.096  -7.949 0.3000000119
6227  29.003  -63.833  -8.546 0.3000000119
6239  31.668  -64.063  -8.964 0.3000000119
6240  29.124  -64.631  -8.545 0.3000000119
7224  29.430  -63.198  -8.532 0.3000000119
7242  27.867  -63.493  -9.541 0.3000000119
7259  26.755  -62.860  -10.721 0.3000000119
7348  37.333  -63.585  -16.729 0.3000000119
7384  37.066  -63.066  -18.806 0.3000000119
7385  36.033  -64.024  -19.319 0.3000000119
7403  35.791  -63.991  -20.042 0.3000000119
7418  36.738  -63.355  -20.443 0.3000000119
7419  36.175  -63.987  -20.982 0.3000000119
7420  35.841  -64.023  -20.823 0.3000000119
8308  29.847  -62.576  -8.949 0.3000000119
8329  28.306  -62.629  -9.316 0.3000000119
8330  27.589  -62.717  -9.750 0.3000000119
8344  29.487  -61.924  -9.957 0.3000000119
8345  27.026  -62.267  -10.211 0.3000000119
8387  38.139  -62.527  -13.610 0.3000000119
8401  38.938  -62.259  -14.177 0.3000000119
8421  38.872  -62.311  -15.005 0.3000000119
8438  38.263  -62.283  -16.859 0.3000000119
8454  37.764  -62.426  -17.619 0.3000000119
8493  37.124  -62.899  -19.594 0.3000000119
8531  36.482  -63.252  -21.262 0.3000000119
8532  35.776  -63.653  -21.210 0.3000000119
9442  28.777  -61.726  -9.769 0.3000000119
9443  28.393  -61.971  -9.582 0.3000000119
9457  26.742  -61.451  -10.650 0.3000000119
9468  28.768  -60.856  -11.105 0.3000000119
9469  26.319  -61.412  -11.514 0.3000000119
9482  26.182  -61.900  -12.374 0.3000000119
9501  39.904  -61.196  -14.263 0.3000000119
9521  39.784  -61.018  -15.309 0.3000000119
9538  39.202  -61.362  -16.249 0.3000000119
9633  36.791  -61.482  -21.525 0.3000000119
9635  34.883  -61.860  -21.730 0.3000000119
10546  28.422  -60.061  -11.194 0.3000000119
10612  39.167  -60.898  -16.619 0.3000000119
10628  37.780  -61.147  -17.910 0.3000000119
10645  37.416  -61.154  -19.164 0.3000000119
10646  35.271  -59.951  -18.631 0.4000000060
10647  35.176  -60.747  -18.726 0.3000000119
10659  37.325  -61.170  -19.962 0.3000000119
10677  37.327  -60.944  -20.524 0.4000000060
10678  34.685  -61.330  -21.595 0.4000000060
10693  34.602  -61.105  -21.902 0.4000000060
10700  36.085  -60.478  -22.120 0.4000000060
11562  28.802  -59.445  -11.503 0.3000000119
11563  28.160  -59.266  -11.329 0.3000000119
11581  26.629  -59.433  -12.294 0.3000000119
11612  32.234  -58.863  -14.882 0.3000000119
11628  33.393  -58.908  -16.043 0.4000000060
11641  40.091  -59.850  -15.858 0.3000000119
11642  39.176  -60.152  -16.457 0.3000000119
11643  38.180  -59.739  -16.937 0.3000000119
11680  37.578  -59.773  -19.196 0.3000000119
11681  35.294  -59.435  -19.075 0.3000000119
11718  37.672  -59.664  -20.620 0.3000000119
11720  33.742  -59.528  -21.339 0.4000000060
11742  35.575  -59.962  -22.408 0.4000000060
12658  28.821  -58.644  -11.552 0.3000000119
12659  27.975  -58.463  -11.525 0.3000000119
12660  27.356  -58.521  -11.751 0.3000000119
12661  26.904  -58.892  -11.870 0.3000000119
12693  30.926  -58.357  -12.803 0.3000000119
12734  38.757  -58.097  -15.956 0.3000000119
12735  38.223  -57.757  -16.745 0.3000000119
12769  34.203  -58.070  -17.108 0.5000000000
12784  38.412  -58.677  -19.303 0.3000000119
12801  38.089  -59.468  -19.878 0.3000000119
12854  33.168  -58.971  -23.519 0.4000000060
12856  31.672  -58.663  -22.968 0.4000000060
13894  28.677  -57.831  -11.719 0.3000000119
13895  27.714  -57.902  -11.950 0.3000000119
13912  30.127  -57.330  -12.365 0.3000000119
13920  31.091  -57.129  -13.366 0.3000000119
13921  30.799  -57.504  -12.792 0.3000000119
13958  32.476  -57.532  -15.624 0.5000000000
13970  33.423  -57.581  -16.713 0.5000000000
13986  38.644  -57.568  -18.159 0.3000000119
13987  38.095  -57.767  -17.694 0.3000000119
14003  33.676  -56.893  -18.361 0.5000000000
14020  34.281  -57.516  -19.009 0.5000000000
14041  39.104  -57.714  -20.469 0.3000000119
14043  33.121  -57.748  -20.390 0.5000000000
14064  29.708  -57.855  -22.567 0.4000000060
14080  34.001  -57.956  -23.526 0.4000000060
14082  31.207  -58.187  -23.332 0.4000000060
14084  28.330  -58.027  -22.819 0.4000000060
14092  30.897  -57.558  -23.557 0.4000000060
15139  29.761  -56.927  -12.717 0.3000000119
15150  30.988  -56.670  -13.819 0.5000000000
15152  29.775  -56.657  -13.320 0.3000000119
15172  31.643  -56.554  -15.406 0.5000000000
15188  32.199  -56.831  -15.825 0.5000000000
15189  29.911  -56.231  -15.818 0.4000000060
15203  38.616  -56.941  -17.215 0.3000000119
15205  32.322  -56.588  -16.542 0.5000000000
15207  29.235  -56.242  -16.293 0.5000000000
15227  29.477  -56.129  -17.205 0.5000000000
15241  32.912  -56.503  -18.152 0.5000000000
15243  31.333  -56.236  -18.724 0.4000000060
15257  32.895  -56.635  -18.949 0.5000000000
15260  30.143  -56.598  -19.608 0.4000000060
15276  39.832  -57.124  -20.400 0.3000000119
15277  38.699  -56.503  -20.626 0.3000000119
15281  30.454  -56.961  -20.549 0.4000000060
15306  27.801  -57.372  -22.847 0.4000000060
16396  31.149  -56.327  -15.124 0.4000000060
16412  17.933  -55.224  -15.265 0.5000000000
16428  31.271  -56.291  -15.800 0.4000000060
16433  17.368  -55.445  -15.915 0.5000000000
16481  19.241  -54.778  -20.664 0.6000000238
16503  37.567  -54.996  -21.277 0.4000000060
16508  35.076  -55.854  -22.250 0.4000000060
16510  33.558  -55.847  -22.881 0.4000000060
17559  19.639  -54.255  -13.880 0.5000000000
17597  19.169  -54.528  -15.997 0.5000000000
17598  18.296  -55.133  -15.956 0.5000000000
17641  18.585  -54.383  -20.026 0.6000000238
17650  41.233  -54.753  -20.631 0.3000000119
17652  39.421  -54.732  -21.010 0.3000000119
17658  40.548  -53.923  -21.128 0.3000000119
17659  39.010  -53.863  -21.540 0.3000000119
17661  37.433  -54.062  -21.594 0.4000000060
17666  22.909  -54.506  -21.885 0.5000000000
17667  22.222  -54.935  -21.602 0.5000000000
17670  33.076  -53.950  -22.392 0.4000000060
17672  30.404  -54.801  -22.896 0.4000000060
17676  24.472  -54.975  -22.513 0.5000000000
17677  23.510  -54.853  -22.330 0.6000000238
18609  14.836  -54.298  -7.633 0.3000000119
18622  16.422  -53.468  -7.922 0.4000000060
18694  18.881  -54.016  -13.660 0.5000000000
18709  23.118  -53.464  -13.629 0.6000000238
18710  22.354  -53.558  -13.860 0.6000000238
18712  18.146  -53.965  -13.986 0.5000000000
18721  20.986  -53.541  -15.394 0.5000000000
18735  20.431  -53.383  -16.248 0.6000000238
18747  9.533  -52.822  -18.057 0.5000000000
18785  39.771  -53.380  -21.440 0.3000000119
18786  38.542  -53.348  -21.596 0.3000000119
18788  35.768  -53.055  -21.725 0.6000000238
18793  21.989  -53.093  -21.469 0.5000000000
18795  34.261  -52.925  -22.119 0.5000000000
18799  30.809  -52.099  -22.763 0.4000000060
18802  27.150  -53.112  -22.174 0.6999999881
19774  16.165  -52.777  -8.722 0.4000000060
19794  16.737  -52.374  -9.340 0.4000000060
19796  14.393  -52.430  -9.096 0.4000000060
19816  16.457  -51.831  -10.076 0.4000000060
19833  29.145  -52.078  -11.778 0.6999999881
19843  29.483  -52.458  -12.348 0.6000000238
19844  27.828  -52.466  -12.380 0.6000000238
19845  26.997  -52.405  -12.406 0.6000000238
19848  24.028  -52.855  -12.642 0.6999999881
19851  9.718  -52.430  -12.629 0.5000000000
19852  9.470  -51.925  -12.990 0.5000000000
19864  31.296  -52.256  -13.634 0.6999999881
19866  29.025  -52.827  -12.996 0.6000000238
19870  24.302  -53.383  -13.099 0.6999999881
19872  22.582  -53.013  -12.758 0.6000000238
19874  20.182  -53.455  -13.209 0.4000000060
19877  9.288  -52.148  -13.249 0.5000000000
19891  34.132  -52.058  -14.833 0.6999999881
19895  30.746  -52.503  -14.205 0.6999999881
19896  29.413  -52.796  -13.844 0.6000000238
19903  22.910  -53.269  -14.557 0.6000000238
19904  19.055  -52.685  -13.804 0.4000000060
19906  8.787  -52.000  -14.002 0.5000000000
19914  36.444  -52.384  -15.373 0.6000000238
19915  34.579  -52.266  -15.397 0.6999999881
19917  32.850  -52.468  -15.689 0.6000000238
19922  26.743  -52.951  -15.300 0.6999999881
19923  25.886  -53.120  -14.977 0.6000000238
19941  37.723  -52.649  -16.482 0.5000000000
19946  30.512  -52.507  -16.664 0.6000000238
19947  29.746  -52.448  -16.453 0.8000000119
19949  26.171  -52.668  -15.998 0.6999999881
19957  8.209  -52.105  -16.435 0.5000000000
19966  35.801  -52.442  -17.522 0.5000000000
19973  28.094  -52.088  -17.414 0.6999999881
19976  19.818  -52.298  -18.259 0.5000000000
19981  11.488  -52.297  -17.837 0.5000000000
19983  8.462  -52.659  -17.356 0.5000000000
19989  40.237  -52.301  -19.196 0.4000000060
19991  38.519  -52.599  -19.363 0.4000000060
20015  42.067  -52.565  -20.252 0.4000000060
20016  41.275  -52.456  -20.196 0.4000000060
20019  38.546  -52.552  -20.447 0.4000000060
20022  34.993  -52.082  -20.830 0.6999999881
20030  46.191  -52.807  -20.955 0.3000000119
20034  42.687  -52.894  -20.488 0.4000000060
20036  40.734  -52.690  -20.722 0.4000000060
20038  38.859  -52.582  -21.087 0.4000000060
20052  41.061  -52.929  -20.839 0.4000000060
20055  38.195  -52.911  -21.413 0.4000000060
20057  36.442  -52.972  -21.538 0.5000000000
20061  31.963  -50.666  -22.342 0.6000000238
20066  22.231  -52.333  -21.610 0.5000000000
20072  32.427  -51.836  -22.455 0.5000000000
20076  28.505  -51.979  -22.511 0.6000000238
21025  14.877  -52.135  -5.592 0.3000000119
21037  13.572  -51.563  -6.053 0.3000000119
21054  12.245  -50.919  -6.723 0.3000000119
21110  17.876  -52.077  -10.680 0.4000000060
21112  16.197  -51.343  -10.828 0.4000000060
21115  12.434  -51.460  -10.337 0.5000000000
21116  11.270  -51.566  -10.732 0.5000000000
21133  31.300  -51.064  -11.601 0.6999999881
21135  29.603  -51.401  -11.567 0.6999999881
21137  28.063  -51.238  -11.846 0.6999999881
21139  17.586  -51.555  -11.568 0.4000000060
21140  16.655  -51.415  -11.672 0.4000000060
21144  12.017  -51.017  -11.166 0.6000000238
21155  33.945  -51.063  -12.820 0.6999999881
21160  26.578  -51.484  -12.190 0.6000000238
21163  23.641  -52.028  -12.449 0.6999999881
21166  16.146  -51.126  -12.549 0.6000000238
21170  11.674  -50.875  -11.938 0.6000000238
21171  10.686  -51.294  -12.064 0.5000000000
21182  37.446  -51.249  -13.701 0.6000000238
21185  34.264  -51.428  -13.551 0.6999999881
21188  31.705  -51.925  -13.145 0.6999999881
21191  19.672  -52.800  -13.399 0.6000000238
21192  15.974  -50.860  -13.378 0.5000000000
21195  9.709  -51.376  -13.204 0.5000000000
21207  39.974  -51.168  -14.914 0.6000000238
21209  38.396  -51.679  -14.475 0.6000000238
21212  35.982  -51.682  -13.825 0.6999999881
21213  34.539  -51.782  -14.252 0.6999999881
21214  33.759  -51.711  -14.193 0.6999999881
21216  20.499  -51.555  -13.637 0.6999999881
21228  40.334  -51.542  -15.704 0.5000000000
21229  39.539  -51.862  -15.360 0.5000000000
21233  8.356  -51.276  -15.610 0.5000000000
21241  41.379  -51.430  -16.877 0.4000000060
21251  9.264  -50.848  -16.625 0.5000000000
21257  41.471  -51.633  -17.745 0.4000000060
21261  26.762  -51.643  -17.749 0.6999999881
21262  25.911  -51.637  -17.514 0.5000000000
21281  32.339  -51.436  -19.423 0.6999999881
21284  27.096  -51.128  -18.676 0.6000000238
21288  22.619  -50.520  -18.520 0.5000000000
21294  13.203  -52.047  -17.800 0.5000000000
21295  12.843  -52.448  -17.917 0.5000000000
21298  47.330  -51.488  -20.345 0.3000000119
21300  44.268  -51.910  -19.509 0.4000000060
21303  41.786  -52.189  -19.506 0.4000000060
21309  28.321  -51.143  -19.681 0.6999999881
21316  47.829  -51.972  -21.189 0.3000000119
21319  44.754  -52.379  -20.225 0.3000000119
21320  33.470  -51.049  -20.796 0.6999999881
21323  31.017  -50.136  -21.379 0.6000000238
21326  27.660  -50.932  -20.845 0.6999999881
21330  23.253  -50.616  -21.569 0.6000000238
21339  33.775  -51.348  -21.501 0.6000000238
21342  31.528  -49.992  -21.992 0.6000000238
21345  28.789  -51.292  -22.101 0.6999999881
21351  21.887  -51.711  -21.629 0.5000000000
21352  30.204  -50.727  -22.702 0.6000000238
21354  28.984  -51.402  -22.657 0.6000000238
22302  19.733  -50.736  -6.850 0.4000000060
22303  18.839  -50.720  -6.685 0.4000000060
22304  18.058  -51.011  -6.636 0.4000000060
22305  17.333  -51.131  -6.459 0.4000000060
22307  15.146  -50.812  -6.491 0.3000000119
22320  19.860  -51.101  -7.410 0.4000000060
22322  15.566  -50.242  -7.074 0.3000000119
22324  13.641  -50.302  -7.144 0.3000000119
22343  12.326  -49.938  -7.680 0.4000000060
22344  11.581  -49.970  -8.061 0.4000000060
22372  18.954  -50.766  -11.131 0.4000000060
22387  31.482  -50.351  -11.328 0.6999999881
22390  28.465  -50.677  -11.819 0.6999999881
22391  27.405  -50.858  -12.097 0.6999999881
22401  37.033  -49.839  -12.696 0.6999999881
22402  36.186  -50.003  -12.326 0.6000000238
22403  35.657  -50.596  -12.515 0.6999999881
22404  34.342  -50.612  -12.283 0.6999999881
22405  33.054  -50.504  -11.747 0.6000000238
22406  28.029  -50.276  -12.241 0.6999999881
22407  25.904  -50.731  -12.473 0.6000000238
22409  24.081  -51.116  -12.610 0.6999999881
22410  17.903  -50.114  -12.057 0.4000000060
22413  14.051  -50.462  -12.769 0.6000000238
22429  25.365  -50.161  -13.093 0.6000000238
22432  21.803  -51.674  -12.915 0.6999999881
22433  16.913  -49.890  -13.107 0.5000000000
22434  16.340  -50.233  -13.555 0.5000000000
22438  12.264  -50.211  -13.599 0.6000000238
22439  11.426  -50.485  -13.258 0.6000000238
22440  10.426  -50.625  -13.575 0.6000000238
22443  40.283  -50.326  -14.601 0.6000000238
22445  38.682  -50.999  -14.084 0.6000000238
22446  24.012  -49.990  -13.759 0.6999999881
22447  23.241  -49.987  -14.024 0.6999999881
22448  22.413  -50.316  -13.830 0.6999999881
22449  20.026  -51.018  -14.525 0.6000000238
22450  15.908  -49.772  -14.023 0.5000000000
22452  14.625  -50.119  -14.217 0.6000000238
22454  11.885  -49.882  -14.212 0.6000000238
22455  11.208  -50.173  -13.996 0.6000000238
22456  10.346  -50.075  -14.445 0.6000000238
22462  21.017  -50.019  -15.347 0.6000000238
22464  18.978  -50.923  -15.916 0.5000000000
22466  8.917  -50.482  -15.194 0.5000000000
22470  42.851  -50.387  -16.437 0.4000000060
22476  8.902  -50.466  -16.004 0.5000000000
22481  43.378  -50.603  -17.004 0.4000000060
22483  41.971  -51.300  -17.246 0.4000000060
22487  13.815  -50.253  -17.505 0.6000000238
22488  12.764  -49.799  -17.305 0.6000000238
22489  10.905  -50.058  -17.014 0.5000000000
22496  44.552  -51.014  -18.057 0.3000000119
22498  24.383  -50.096  -19.033 0.5000000000
22502  19.105  -50.224  -18.016 0.5000000000
22504  17.829  -50.481  -18.927 0.5000000000
22511  46.761  -51.109  -19.429 0.3000000119
22522  26.346  -49.957  -20.731 0.6999999881
23481  20.635  -49.534  -6.322 0.4000000060
23483  18.597  -49.891  -6.336 0.4000000060
23484  16.924  -49.623  -6.973 0.4000000060
23501  15.134  -49.796  -7.807 0.3000000119
23517  13.844  -49.506  -8.379 0.3000000119
23518  12.391  -49.537  -8.292 0.4000000060
23576  33.149  -49.722  -11.271 0.6000000238
23577  32.388  -49.157  -11.040 0.6000000238
23579  30.621  -49.645  -11.380 0.6000000238
23582  18.598  -49.830  -11.399 0.4000000060
23598  36.458  -49.311  -12.311 0.6000000238
23601  30.061  -49.302  -11.729 0.6000000238
23603  17.319  -49.499  -12.414 0.4000000060
23612  39.145  -49.170  -13.792 0.6000000238
23613  38.331  -49.279  -13.391 0.6000000238
23616  28.253  -49.396  -13.335 0.6999999881
23617  26.558  -49.490  -13.913 0.6999999881
23625  41.212  -49.084  -14.778 0.5000000000
23629  26.222  -49.217  -14.607 0.6999999881
23632  23.950  -49.629  -14.509 0.6999999881
23635  15.875  -48.831  -13.938 0.5000000000
23636  15.299  -49.260  -14.332 0.6000000238
23637  14.075  -49.351  -14.584 0.6000000238
23645  42.514  -49.216  -15.543 0.4000000060
23647  25.913  -48.930  -15.384 0.8000000119
23649  23.853  -49.292  -15.327 0.6999999881
23652  12.665  -48.329  -15.490 0.6000000238
23655  10.313  -49.514  -15.326 0.6000000238
23665  20.731  -49.697  -16.380 0.6000000238
23666  20.014  -49.951  -16.807 0.6000000238
23668  11.249  -48.758  -16.349 0.5000000000
23672  46.228  -49.070  -17.597 0.3000000119
23675  19.702  -49.760  -17.731 0.5000000000
23676  15.260  -49.835  -17.753 0.6000000238
23683  46.897  -49.425  -18.093 0.3000000119
23690  15.936  -49.557  -17.970 0.6000000238
23694  48.596  -48.957  -19.351 0.3000000119
24781  15.980  -48.046  -8.745 0.3000000119
24798  15.648  -48.101  -9.638 0.3000000119
24822  12.519  -48.537  -10.785 0.3000000119
24835  34.302  -48.641  -11.258 0.6000000238
24838  31.782  -48.675  -11.194 0.6000000238
24854  31.360  -48.251  -11.705 0.6000000238
24856  29.782  -48.834  -12.597 0.6000000238
24858  16.654  -47.976  -12.634 0.4000000060
24871  29.643  -48.707  -13.692 0.6999999881
24882  38.438  -48.003  -14.319 0.4000000060
24885  29.483  -48.683  -14.505 0.8000000119
24890  14.556  -48.641  -14.770 0.6000000238
24891  13.597  -48.482  -15.148 0.6000000238
24899  30.354  -48.321  -16.375 0.6000000238
24900  29.206  -48.411  -15.996 0.6999999881
24902  27.259  -48.684  -15.386 0.8000000119
24906  13.278  -47.922  -15.880 0.6000000238
24911  44.574  -48.363  -16.722 0.3000000119
24912  43.897  -48.389  -16.338 0.4000000060
24913  30.780  -48.085  -17.505 0.6000000238
24916  27.433  -48.397  -16.280 0.8000000119
24917  26.620  -48.281  -16.776 0.6999999881
24918  24.615  -48.686  -16.307 0.6999999881
24920  22.233  -48.814  -16.926 0.6000000238
24921  13.300  -47.890  -16.533 0.6000000238
24922  12.561  -47.969  -16.284 0.6000000238
24931  26.674  -47.984  -17.586 0.6999999881
24934  23.323  -48.154  -17.778 0.6000000238
24935  22.511  -48.397  -17.702 0.6000000238
24937  20.821  -48.855  -18.046 0.5000000000
24938  15.265  -48.014  -17.484 0.6000000238
24940  13.677  -48.166  -16.990 0.6000000238
24941  12.848  -48.261  -16.838 0.6000000238
24946  22.711  -48.045  -18.534 0.6000000238
24948  19.584  -49.011  -19.222 0.5000000000
24949  18.154  -48.069  -19.099 0.5000000000
24952  15.433  -49.003  -17.673 0.6000000238
24957  21.422  -47.867  -19.823 0.6000000238
25950  18.093  -47.422  -6.186 0.4000000060
25967  16.782  -47.256  -7.399 0.4000000060
25980  16.202  -47.198  -8.187 0.4000000060
26012  14.944  -47.683  -10.842 0.3000000119
26018  33.866  -47.084  -11.190 0.6000000238
26030  13.826  -47.753  -11.887 0.3000000119
26038  35.576  -47.736  -11.718 0.6000000238
26040  31.833  -47.572  -12.226 0.6000000238
26045  17.663  -46.670  -12.400 0.4000000060
26047  13.374  -47.502  -12.597 0.4000000060
26053  37.825  -48.047  -13.719 0.5000000000
26068  40.409  -48.048  -14.798 0.6000000238
26073  16.142  -47.113  -14.185 0.6000000238
26079  38.928  -47.626  -15.386 0.4000000060
26085  14.423  -47.354  -15.899 0.6000000238
26092  42.740  -47.391  -16.411 0.4000000060
26093  41.972  -47.257  -16.129 0.4000000060
26094  39.855  -47.244  -16.010 0.4000000060
26099  31.621  -47.814  -17.231 0.6000000238
26100  14.792  -46.888  -16.397 0.6000000238
26101  14.320  -47.405  -16.604 0.6000000238
26116  27.168  -47.777  -18.368 0.6000000238
26120  14.781  -47.144  -17.125 0.6000000238
26126  46.919  -47.712  -18.666 0.3000000119
26136  26.644  -47.586  -19.310 0.6000000238
26140  22.827  -47.667  -19.358 0.6000000238
26147  45.875  -46.972  -19.515 0.3000000119
26155  25.966  -47.376  -20.191 0.5000000000
26160  20.066  -47.357  -19.635 0.5000000000
26165  48.526  -47.609  -20.466 0.3000000119
26174  26.387  -47.165  -20.764 0.5000000000
27302  15.625  -46.087  -9.192 0.4000000060
27317  15.311  -46.059  -10.068 0.3000000119
27336  33.114  -46.888  -11.505 0.6000000238
27343  14.581  -46.271  -11.580 0.3000000119
27376  13.573  -46.759  -14.005 0.3000000119
27377  11.859  -47.028  -14.272 0.3000000119
27385  37.286  -47.003  -14.974 0.5000000000
27395  18.000  -45.829  -13.855 0.4000000060
27410  16.817  -45.598  -15.339 0.5000000000
27411  16.091  -46.023  -15.575 0.5000000000
27412  15.396  -46.425  -16.004 0.6000000238
27416  42.253  -46.920  -16.801 0.4000000060
27417  41.531  -46.934  -16.528 0.4000000060
27428  44.235  -47.043  -17.986 0.3000000119
27429  43.399  -46.862  -17.833 0.4000000060
27437  15.807  -46.148  -17.502 0.6000000238
27446  40.083  -46.721  -18.547 0.4000000060
27450  17.889  -46.432  -19.192 0.5000000000
27451  17.182  -45.931  -18.767 0.5000000000
27466  22.310  -46.291  -20.109 0.6000000238
27469  19.361  -46.445  -19.701 0.5000000000
27484  24.711  -46.622  -20.682 0.5000000000
28574  17.765  -45.082  -6.873 0.3000000119
28581  16.537  -44.900  -7.948 0.4000000060
28600  14.905  -45.629  -10.863 0.3000000119
28610  14.405  -46.053  -12.378 0.3000000119
28624  14.114  -46.467  -13.339 0.4000000060
28651  18.327  -45.473  -14.639 0.6000000238
28653  13.822  -45.428  -15.160 0.3000000119
28675  18.501  -44.847  -15.351 0.6000000238
28677  16.398  -45.588  -16.139 0.6000000238
28693  18.545  -44.367  -16.228 0.6000000238
28707  17.657  -44.525  -17.715 0.6000000238
28719  20.709  -44.711  -19.833 0.6000000238
28720  19.146  -44.619  -19.278 0.5000000000
28722  17.515  -45.092  -18.531 0.5000000000
28736  23.384  -45.316  -20.090 0.6000000238
28738  21.613  -45.270  -20.122 0.6000000238
28740  18.747  -45.398  -19.555 0.5000000000
29797  18.938  -44.099  -6.906 0.3000000119
29807  16.806  -43.990  -8.205 0.3000000119
29828  14.872  -44.907  -10.881 0.3000000119
29840  15.282  -44.548  -11.839 0.3000000119
29854  15.531  -44.770  -12.930 0.3000000119
29885  15.046  -44.902  -15.028 0.3000000119
29906  19.653  -43.946  -17.268 0.5000000000
29919  19.255  -43.998  -18.363 0.5000000000
29928  23.304  -44.476  -19.099 0.4000000060
30986  20.246  -43.260  -6.968 0.3000000119
30988  18.522  -43.664  -7.530 0.3000000119
30997  18.169  -43.302  -8.219 0.3000000119
31015  17.157  -43.392  -9.787 0.3000000119
31025  17.288  -43.281  -11.260 0.3000000119
31042  16.665  -43.765  -11.676 0.3000000119
31066  17.193  -43.334  -13.095 0.3000000119
31114  16.834  -43.385  -15.564 0.3000000119
31115  15.981  -43.496  -15.707 0.3000000119
32200  17.824  -42.814  -10.873 0.3000000119
32227  18.110  -42.150  -12.183 0.3000000119
32253  18.630  -41.990  -13.670 0.3000000119
33308  18.723  -40.794  -12.004 0.3000000119
33349  19.215  -41.047  -14.540 0.3000000119
33372  19.255  -41.334  -15.283 0.3000000119
33398  18.099  -41.982  -16.440 0.3000000119
34615  19.224  -40.339  -14.081 0.3000000119
136614  35.598  -52.807  -21.683 0.6000000238
136930  22.026  -49.247  -16.140 0.6999999881
137082  20.988  -53.604  -13.319 0.5000000000
137120  28.743  -56.466  -16.050 0.5000000000
137446  17.680  -48.906  -19.106 0.5000000000
137893  28.694  -51.069  -20.433 0.6999999881
138223  39.809  -52.356  -18.229 0.4000000060
138262  16.143  -50.328  -18.226 0.6000000238
138644  31.285  -52.297  -18.246 0.8000000119
138949  24.248  -45.459  -20.342 0.5000000000
139000  41.104  -58.999  -15.224 0.3000000119
139427  29.986  -52.299  -17.148 0.8000000119
139428  32.296  -59.084  -23.387 0.4000000060
139511  24.985  -47.315  -20.219 0.5000000000
139665  18.027  -49.693  -19.137 0.5000000000
140043  40.935  -47.721  -15.200 0.4000000060
140417  35.384  -52.430  -16.785 0.6000000238
140582  29.941  -56.341  -18.837 0.4000000060
140590  20.823  -44.096  -18.905 0.4000000060
140688  37.369  -47.999  -13.152 0.5000000000
140977  31.173  -52.628  -16.926 0.6000000238
141035  15.380  -50.900  -10.778 0.4000000060
141040  37.052  -47.142  -12.892 0.5000000000
141501  37.742  -58.550  -18.244 0.3000000119
142331  34.345  -52.305  -22.014 0.5000000000
142594  14.163  -50.735  -10.873 0.5000000000
142625  23.030  -46.049  -20.001 0.5000000000
142653  26.188  -61.119  -12.294 0.3000000119
142852  19.021  -40.143  -13.200 0.3000000119
143165  21.379  -49.525  -16.012 0.6999999881
143332  30.486  -57.908  -22.972 0.4000000060
143753  23.232  -49.534  -14.944 0.6999999881
143878  15.805  -50.433  -13.883 0.6000000238
144039  44.004  -50.849  -17.559 0.4000000060
144157  15.286  -52.561  -8.913 0.4000000060
144594  35.316  -54.675  -21.853 0.5000000000
144753  28.253  -51.208  -21.409 0.6999999881
145016  33.643  -48.001  -11.069 0.6000000238
145504  33.664  -52.499  -16.454 0.6999999881
145683  34.937  -52.178  -18.603 0.5000000000
145788  30.312  -52.635  -15.795 0.6999999881
145840  37.074  -52.666  -18.335 0.4000000060
145864  37.948  -47.586  -15.841 0.4000000060
146426  35.854  -58.241  -22.180 0.4000000060
146543  34.207  -52.139  -18.269 0.6999999881
146687  23.651  -50.476  -13.199 0.6999999881
146707  35.884  -62.893  -21.628 0.4000000060
146746  25.306  -53.342  -14.296 0.6000000238
146830  28.139  -56.258  -22.757 0.4000000060
146837  35.018  -52.351  -16.029 0.6000000238
146868  45.010  -47.976  -17.093 0.3000000119
146889  36.752  -62.363  -21.451 0.4000000060
147708  25.760  -49.843  -20.055 0.6000000238
147716  13.950  -52.010  -17.897 0.5000000000
147753  30.681  -51.072  -22.944 0.5000000000
148178  21.106  -43.986  -17.992 0.5000000000
148293  15.152  -44.578  -10.395 0.3000000119
148568  29.614  -66.730  -9.537 0.3000000119
148759  39.689  -58.468  -19.627 0.3000000119
149324  31.978  -52.380  -18.004 0.6999999881
149358  39.909  -48.942  -14.156 0.6000000238
149531  37.539  -60.313  -19.720 0.3000000119
149562  35.431  -50.011  -12.048 0.6000000238
149629  35.041  -58.914  -19.597 0.3000000119
150720  34.928  -59.470  -22.848 0.4000000060
150774  9.348  -52.123  -17.502 0.5000000000
151039  21.678  -53.607  -13.502 0.5000000000
151053  30.882  -53.508  -22.642 0.4000000060
151083  19.071  -54.543  -14.340 0.5000000000
151276  14.312  -51.637  -5.905 0.3000000119
151587  30.007  -50.741  -11.481 0.6999999881
151811  34.409  -59.868  -20.904 0.3000000119
151985  16.555  -51.298  -6.227 0.3000000119
152623  48.392  -49.954  -19.683 0.3000000119
153344  21.582  -44.355  -19.357 0.5000000000
153425  32.992  -52.805  -22.370 0.5000000000
154121  24.430  -49.809  -20.825 0.6000000238
154292  36.293  -48.073  -12.191 0.6000000238
154972  17.745  -49.700  -6.575 0.4000000060
154983  27.852  -49.783  -12.809 0.6999999881
155111  36.573  -52.575  -20.506 0.4000000060
155292  16.157  -47.856  -18.051 0.6000000238
155346  19.329  -53.429  -13.491 0.4000000060
156245  30.202  -52.790  -22.794 0.5000000000
156629  17.643  -47.038  -18.854 0.5000000000
157165  14.797  -49.574  -14.439 0.6000000238
157265  14.613  -50.627  -12.295 0.6000000238
157405  34.426  -52.596  -22.012 0.5000000000
157413  38.198  -62.690  -16.278 0.3000000119
157681  34.728  -53.794  -21.942 0.4000000060
157747  31.310  -59.718  -13.782 0.3000000119
157870  37.959  -54.465  -21.422 0.4000000060
158056  41.591  -53.180  -20.799 0.3000000119
158280  29.463  -49.847  -11.742 0.6000000238
158401  15.556  -50.910  -13.065 0.6000000238
158453  24.373  -49.056  -15.677 0.6999999881
158500  16.321  -48.409  -13.330 0.6000000238
159264  29.793  -69.235  -7.557 0.3000000119
159311  23.249  -49.250  -15.636 0.6999999881
159530  30.323  -68.288  -8.970 0.3000000119
160038  21.954  -50.937  -17.955 0.5000000000
160252  45.437  -51.300  -18.883 0.3000000119
160552  38.689  -59.497  -16.481 0.3000000119
161197  18.848  -48.705  -5.876 0.4000000060
161315  18.963  -46.915  -19.396 0.5000000000
161468  14.613  -45.781  -14.064 0.4000000060
161579  15.582  -46.614  -9.653 0.4000000060
161861  33.536  -56.947  -23.368 0.4000000060
161870  29.685  -62.265  -9.446 0.3000000119
162116  14.800  -49.078  -9.128 0.3000000119
162144  26.512  -53.250  -14.450 0.6999999881
162314  31.257  -52.030  -18.997 0.6000000238
162417  33.197  -55.653  -22.929 0.4000000060
162626  17.243  -46.157  -13.981 0.6000000238
162856  33.663  -50.695  -12.228 0.6999999881
163015  18.327  -42.486  -13.698 0.3000000119
163126  12.956  -47.492  -13.321 0.4000000060
163481  26.615  -52.940  -12.799 0.6999999881
163511  31.853  -47.900  -16.738 0.6000000238
163537  29.185  -51.090  -22.471 0.6000000238
163672  30.103  -52.639  -13.837 0.6999999881
163837  34.835  -57.964  -18.564 0.5000000000
163899  28.842  -51.030  -21.656 0.6999999881
164137  14.101  -46.628  -12.796 0.4000000060
164387  22.262  -53.352  -14.705 0.6000000238
164531  17.903  -44.360  -16.820 0.5000000000
164623  14.791  -50.756  -10.792 0.4000000060
165065  34.493  -51.770  -20.051 0.6000000238
