#!ascii label  , from subject sub-LJ001 vox2ras=TkReg
2021
11649  22.942  -60.107  -16.265 0.6999999881
10618  22.040  -60.678  -15.571 0.8000000119
10602  21.511  -60.508  -15.050 0.8000000119
10620  20.193  -60.688  -15.970 0.6999999881
9543  22.263  -61.749  -16.998 0.6000000238
10617  22.359  -60.917  -16.263 0.6000000238
149532  21.006  -60.947  -16.540 0.6000000238
9562  22.321  -62.338  -17.898 0.6000000238
10585  22.201  -60.122  -14.598 0.8000000119
10603  20.734  -60.592  -15.069 0.6999999881
155731  20.399  -60.644  -14.270 0.6999999881
10604  19.825  -60.756  -14.883 0.6999999881
143615  22.602  -61.098  -17.018 0.6000000238
146522  22.631  -60.194  -15.426 0.6999999881
9586  22.857  -62.426  -18.626 0.6000000238
9585  23.392  -62.504  -18.840 0.6000000238
7408  23.372  -63.756  -19.696 0.6000000238
8513  26.016  -63.111  -20.326 0.6000000238
7422  25.184  -63.239  -20.808 0.6000000238
11597  22.269  -58.841  -13.057 0.8000000119
12698  21.553  -58.444  -12.793 0.8000000119
11599  20.484  -59.787  -12.699 0.6999999881
12680  19.765  -58.838  -12.638 0.6999999881
10561  18.869  -60.051  -12.630 0.6999999881
11617  22.756  -59.315  -13.879 0.8000000119
10572  21.184  -60.029  -13.203 0.6999999881
10573  19.015  -60.589  -13.130 0.6999999881
11616  23.330  -58.838  -14.440 0.6999999881
11618  21.946  -59.768  -13.509 0.8000000119
10586  20.472  -60.394  -13.448 0.6999999881
11648  23.422  -59.096  -15.964 0.6999999881
138739  22.741  -60.929  -18.159 0.6999999881
10669  22.842  -60.761  -19.113 0.6000000238
10653  22.783  -61.669  -18.470 0.6000000238
8497  25.588  -63.182  -19.376 0.6000000238
7407  24.257  -63.592  -19.668 0.6000000238
8512  26.706  -62.588  -20.283 0.6000000238
10696  28.970  -60.446  -22.062 0.6999999881
9639  27.982  -60.820  -21.677 0.6000000238
10694  30.322  -60.745  -21.673 0.5000000000
10695  29.738  -60.687  -22.323 0.6000000238
9637  30.885  -61.144  -22.043 0.5000000000
13924  21.698  -57.745  -13.083 0.8999999762
13925  20.894  -58.117  -12.827 0.8000000119
12700  19.547  -58.468  -12.953 0.6999999881
12716  22.978  -58.151  -13.578 0.6999999881
13943  22.478  -57.435  -13.504 0.8999999762
12681  18.979  -58.894  -12.806 0.6999999881
12759  23.772  -58.088  -16.214 0.8000000119
12715  23.613  -57.742  -14.406 0.8000000119
12773  23.342  -58.324  -17.280 0.8000000119
12789  22.503  -58.722  -18.979 0.6999999881
11666  23.200  -59.168  -16.908 0.6999999881
11686  22.532  -59.855  -18.888 0.8000000119
11703  22.561  -59.900  -19.807 0.8000000119
10668  23.408  -60.963  -19.235 0.6999999881
9584  23.866  -62.001  -18.893 0.6999999881
8496  26.345  -62.759  -19.332 0.6000000238
9617  27.776  -61.284  -20.455 0.6999999881
10680  29.617  -60.429  -21.240 0.6999999881
15178  22.711  -56.677  -14.213 0.8999999762
13945  21.004  -57.686  -13.488 0.8000000119
12717  19.398  -58.285  -13.682 0.6999999881
148895  23.801  -56.773  -14.633 0.8000000119
15177  23.379  -56.451  -14.455 0.8000000119
13975  24.298  -56.842  -16.030 0.6999999881
14007  22.913  -57.692  -18.834 0.6999999881
14006  23.767  -56.689  -18.037 0.6000000238
12788  23.152  -57.967  -18.052 0.8000000119
12806  22.162  -59.178  -19.813 0.8000000119
11702  23.000  -60.418  -19.832 0.8000000119
10667  24.038  -61.147  -19.118 0.6999999881
9583  25.563  -61.853  -18.194 0.8000000119
151534  24.787  -62.521  -18.695 0.6999999881
9582  26.270  -61.584  -18.048 0.8000000119
10665  28.380  -60.517  -19.796 0.6999999881
9603  26.738  -62.046  -18.813 0.6999999881
10663  30.086  -60.068  -20.208 0.6999999881
9616  28.669  -60.681  -20.987 0.6999999881
14059  10.528  -58.315  -20.793 0.6000000238
15269  11.455  -56.785  -19.849 0.6000000238
14034  8.992  -57.472  -19.998 0.6000000238
164181  8.609  -57.016  -18.892 0.6999999881
13961  21.797  -56.872  -14.782 0.8999999762
13963  20.214  -57.911  -14.406 0.6999999881
15248  24.233  -55.588  -17.619 0.6000000238
14027  23.041  -56.883  -19.228 0.6000000238
15263  23.724  -55.675  -18.569 0.6000000238
14028  22.234  -58.198  -19.825 0.6999999881
12847  22.101  -58.574  -21.167 0.6999999881
14051  21.850  -58.034  -20.774 0.6999999881
12807  19.536  -58.282  -19.496 0.6999999881
12791  18.815  -58.716  -18.691 0.6999999881
12829  22.905  -59.233  -20.993 0.8000000119
12830  22.300  -59.287  -20.464 0.8000000119
14052  19.388  -57.344  -21.174 0.6000000238
165004  19.229  -58.111  -20.629 0.6000000238
12809  17.839  -58.889  -20.049 0.6999999881
11701  23.773  -60.375  -19.845 0.6999999881
160056  17.865  -58.192  -21.403 0.5000000000
162902  17.646  -58.670  -20.901 0.6999999881
10651  25.358  -60.941  -17.844 0.8000000119
10666  24.679  -60.649  -18.930 0.8000000119
15286  18.935  -56.678  -21.719 0.5000000000
14071  18.089  -56.922  -22.036 0.5000000000
144498  27.675  -60.594  -18.678 0.6999999881
16498  16.904  -55.475  -20.924 0.5000000000
16484  16.227  -55.018  -19.948 0.6000000238
16499  16.094  -55.929  -20.461 0.5000000000
15289  15.798  -56.723  -21.089 0.6000000238
14075  15.055  -58.437  -21.475 0.6999999881
14077  13.126  -58.585  -21.285 0.6999999881
16500  15.173  -56.186  -20.261 0.5000000000
151541  15.114  -56.951  -20.837 0.6000000238
14076  14.084  -58.544  -21.407 0.6000000238
14031  11.955  -57.297  -20.277 0.6000000238
155708  15.592  -55.233  -19.282 0.6000000238
15291  13.822  -56.890  -20.359 0.6000000238
15292  12.892  -57.104  -20.219 0.6000000238
16485  15.492  -55.371  -19.836 0.5000000000
15290  14.564  -56.711  -20.476 0.5000000000
15268  12.228  -56.501  -19.754 0.6000000238
147735  9.575  -56.829  -19.778 0.6000000238
16475  8.842  -55.572  -19.017 0.6999999881
16457  8.536  -55.256  -17.984 0.6000000238
15216  9.373  -56.483  -17.286 0.6999999881
15267  14.226  -56.116  -19.950 0.6000000238
161375  13.105  -55.349  -19.474 0.6000000238
16488  11.278  -55.974  -19.508 0.6000000238
16473  10.578  -55.127  -19.245 0.6999999881
18766  8.636  -54.221  -18.210 0.5000000000
13962  20.937  -57.517  -15.057 0.8999999762
15210  24.336  -55.653  -16.311 0.6000000238
15192  24.168  -55.784  -15.667 0.6999999881
12739  20.371  -57.952  -15.729 0.8000000119
12718  18.499  -58.561  -14.024 0.6999999881
157614  19.813  -58.282  -16.349 0.6999999881
13977  20.449  -57.972  -16.801 0.8000000119
146436  22.291  -57.223  -20.165 0.6999999881
14009  20.245  -57.782  -19.020 0.8000000119
12790  19.626  -58.346  -18.327 0.6000000238
15266  20.237  -56.440  -20.402 0.6999999881
16496  19.006  -55.552  -21.377 0.6000000238
144757  25.151  -59.808  -19.003 0.8000000119
11721  24.729  -59.050  -20.590 0.8000000119
12787  25.504  -59.100  -18.216 0.8000000119
10635  25.741  -60.254  -17.352 0.8000000119
16497  17.894  -55.315  -21.298 0.5000000000
16453  17.229  -55.348  -17.492 0.5000000000
136718  16.592  -55.428  -18.025 0.6000000238
16469  16.811  -54.987  -19.147 0.6000000238
16454  15.926  -55.455  -17.623 0.6000000238
136485  15.540  -55.195  -18.392 0.6000000238
17601  8.726  -54.448  -16.694 0.5000000000
137769  14.692  -55.362  -19.735 0.5000000000
18749  8.341  -53.917  -17.254 0.5000000000
141487  9.004  -55.145  -16.902 0.6000000238
17642  13.444  -54.754  -19.348 0.6000000238
17644  11.704  -55.070  -19.256 0.6999999881
17631  11.159  -54.490  -19.049 0.6999999881
17633  9.000  -54.678  -18.724 0.6999999881
161465  14.596  -54.380  -19.138 0.6000000238
17632  10.115  -54.344  -18.834 0.6000000238
18760  14.081  -53.363  -18.812 0.6999999881
18762  12.357  -53.551  -18.828 0.6000000238
20009  11.832  -52.980  -18.332 0.5000000000
15194  23.184  -56.026  -14.821 0.6999999881
15195  22.550  -56.191  -14.913 0.6999999881
15212  21.982  -56.303  -15.880 0.6999999881
13976  21.102  -57.254  -16.061 0.8000000119
13993  20.913  -57.316  -17.308 0.6999999881
14029  20.512  -56.815  -19.552 0.6999999881
14008  20.720  -57.112  -18.419 0.6999999881
19929  8.203  -52.220  -15.647 0.5000000000
164396  17.290  -54.898  -14.816 0.5000000000
16415  16.068  -55.244  -15.936 0.6000000238
17591  9.068  -54.071  -15.923 0.5000000000
18724  16.311  -54.356  -15.393 0.5000000000
18713  17.383  -53.829  -14.484 0.5000000000
16436  15.620  -55.007  -16.460 0.6000000238
17627  15.049  -54.517  -18.457 0.6000000238
164853  9.381  -53.396  -18.291 0.5000000000
19928  17.268  -52.978  -15.153 0.5000000000
18723  16.428  -53.497  -15.713 0.6000000238
17613  15.329  -54.268  -17.416 0.6000000238
18737  16.242  -53.095  -16.800 0.6000000238
16432  22.408  -55.518  -16.502 0.6999999881
15231  21.758  -55.991  -16.852 0.6999999881
15213  21.415  -56.703  -16.788 0.6999999881
20005  15.193  -52.510  -17.955 0.5000000000
155635  18.496  -52.688  -14.252 0.5000000000
20008  12.711  -52.968  -18.317 0.5000000000
21232  17.749  -52.033  -15.827 0.5000000000
19979  16.063  -52.596  -17.750 0.5000000000
19980  15.341  -53.135  -17.785 0.5000000000
18761  13.285  -53.437  -18.862 0.5000000000
145077  16.315  -51.193  -18.262 0.5000000000
22506  15.557  -50.842  -17.985 0.5000000000
164320  18.846  -50.697  -17.083 0.5000000000
21290  17.401  -51.092  -18.737 0.5000000000
21293  14.797  -51.974  -17.962 0.5000000000
144525  18.285  -51.338  -16.447 0.5000000000
21268  17.345  -51.543  -18.073 0.5000000000
146185  16.664  -51.939  -18.120 0.5000000000
21231  18.499  -51.590  -15.406 0.5000000000
21250  17.575  -51.816  -16.965 0.5000000000
155393  18.447  -50.674  -18.234 0.5000000000
18696  10.435  -53.218  -13.495 0.6000000238
17578  12.507  -54.194  -14.286 0.6000000238
18697  9.485  -52.698  -13.787 0.5000000000
18678  10.373  -53.137  -12.560 0.6999999881
18676  12.616  -54.177  -12.928 0.6000000238
16377  13.278  -55.194  -13.430 0.6000000238
16365  10.354  -55.473  -12.071 0.6999999881
18666  10.680  -53.588  -11.749 0.6000000238
17547  12.425  -54.641  -12.332 0.6999999881
16362  12.753  -55.212  -12.486 0.6999999881
16379  11.134  -56.053  -12.796 0.6999999881
16348  9.491  -55.063  -11.385 0.8000000119
157611  10.002  -52.719  -11.671 0.5000000000
16347  10.532  -55.043  -11.301 0.8000000119
17538  10.419  -54.369  -10.970 0.6000000238
16331  7.572  -55.411  -10.642 0.6999999881
19819  10.620  -52.131  -10.461 0.5000000000
21146  10.189  -51.970  -11.569 0.5000000000
17523  8.144  -54.927  -10.383 0.6999999881
16349  7.752  -54.908  -11.246 0.6999999881
17539  9.513  -54.598  -10.611 0.6999999881
142521  9.970  -53.696  -10.440 0.6999999881
15109  7.024  -56.195  -10.768 0.6999999881
16330  8.106  -55.817  -9.986 0.6999999881
19800  10.115  -52.783  -10.247 0.6000000238
17521  9.612  -54.031  -10.211 0.8000000119
19778  7.925  -52.281  -7.391 0.6999999881
18599  7.643  -53.485  -6.564 0.8000000119
19797  13.442  -52.371  -9.270 0.4000000060
13878  7.172  -57.650  -10.218 0.6999999881
19798  12.314  -52.216  -9.537 0.5000000000
15108  7.538  -56.390  -10.305 0.6999999881
19799  11.018  -52.523  -9.672 0.6000000238
17495  10.407  -54.055  -8.772 0.6000000238
17508  8.623  -54.934  -9.742 0.6999999881
17506  9.676  -53.910  -9.334 0.8000000119
17507  9.186  -54.469  -9.433 0.8000000119
138855  6.987  -43.141  -9.423 0.5000000000
32203  7.304  -42.894  -10.116 0.5000000000
136367  6.894  -44.457  -9.733 0.5000000000
24863  8.211  -49.027  -13.676 0.5000000000
22394  8.401  -50.488  -11.512 0.6000000238
23585  9.061  -49.662  -11.945 0.6000000238
24875  7.812  -48.675  -13.852 0.6000000238
27345  6.768  -46.482  -11.356 0.6000000238
22374  7.714  -51.282  -10.978 0.6999999881
23586  8.091  -50.109  -12.440 0.6999999881
21095  7.626  -51.980  -9.311 0.6999999881
21118  7.240  -51.957  -10.294 0.6999999881
12630  8.250  -58.702  -8.520 0.6999999881
13851  8.362  -58.225  -7.462 0.6999999881
16288  8.174  -56.326  -6.889 0.8000000119
164564  12.861  -53.688  -8.488 0.5000000000
13869  7.749  -58.462  -9.536 0.6999999881
18625  12.049  -53.672  -8.639 0.6000000238
15095  8.525  -56.909  -9.453 0.8000000119
17496  9.857  -54.913  -8.801 0.6999999881
15087  9.854  -57.498  -8.692 0.8000000119
16319  8.610  -55.793  -9.437 0.8000000119
33288  7.563  -41.392  -9.338 0.5000000000
32187  7.602  -42.011  -9.975 0.6000000238
33299  8.636  -40.574  -10.931 0.5000000000
32202  7.915  -42.184  -10.640 0.6000000238
157600  7.157  -43.585  -10.465 0.6000000238
31029  6.964  -44.233  -10.385 0.6000000238
31045  8.029  -43.297  -11.682 0.6000000238
29844  7.111  -44.606  -11.178 0.5000000000
24862  9.110  -48.610  -13.403 0.5000000000
24874  8.535  -48.251  -13.920 0.5000000000
23584  9.999  -49.142  -11.418 0.6000000238
155082  8.366  -47.674  -13.972 0.6000000238
26050  7.315  -48.076  -13.512 0.6999999881
28612  6.873  -45.565  -11.440 0.6000000238
23538  9.786  -49.999  -10.002 0.6000000238
22373  8.772  -50.634  -10.496 0.6999999881
22395  7.455  -50.782  -11.908 0.6999999881
22417  7.271  -50.166  -12.805 0.6999999881
24864  6.829  -48.890  -13.249 0.8000000119
142705  6.914  -47.243  -12.259 0.6999999881
22360  9.215  -50.670  -9.513 0.6999999881
21077  8.202  -51.889  -8.271 0.6999999881
21057  9.265  -51.903  -7.130 0.6999999881
19757  8.546  -52.439  -6.832 0.8000000119
146390  9.116  -55.260  -6.360 0.8000000119
18598  8.439  -53.592  -6.441 0.8000000119
17493  12.267  -54.639  -8.270 0.5000000000
15060  12.297  -56.579  -6.672 0.6000000238
13850  9.144  -58.266  -7.345 0.8000000119
15064  8.846  -57.467  -6.832 0.8000000119
148452  10.966  -55.104  -8.429 0.6000000238
16305  12.333  -56.171  -7.753 0.6999999881
12628  9.842  -58.372  -8.014 0.8000000119
16307  10.790  -56.176  -8.453 0.6999999881
15086  10.663  -57.262  -8.395 0.6999999881
16308  9.854  -56.271  -8.724 0.8000000119
139641  8.101  -40.325  -9.494 0.4000000060
156405  8.421  -40.141  -10.264 0.5000000000
32212  9.129  -41.405  -11.559 0.4000000060
32213  8.514  -42.454  -11.353 0.5000000000
29842  8.504  -43.567  -12.425 0.5000000000
24861  10.227  -48.282  -13.140 0.5000000000
27379  9.591  -46.348  -14.121 0.6000000238
28638  8.607  -45.779  -13.570 0.6000000238
28611  7.267  -44.803  -12.113 0.6000000238
23559  10.333  -49.357  -10.472 0.6000000238
27362  7.617  -46.297  -13.116 0.6999999881
27363  6.949  -46.342  -12.257 0.6999999881
22359  10.187  -50.108  -9.107 0.6000000238
19749  8.878  -52.923  -6.438 0.8000000119
143866  11.775  -56.529  -6.230 0.6999999881
13828  11.126  -57.675  -7.286 0.6999999881
15063  9.953  -57.153  -6.465 0.8000000119
16286  9.801  -55.847  -6.235 0.8000000119
15073  11.593  -57.200  -7.551 0.6999999881
34568  8.768  -39.678  -9.674 0.4000000060
141393  8.612  -39.820  -8.516 0.4000000060
34529  8.866  -39.896  -7.525 0.4000000060
33298  9.258  -40.087  -11.425 0.5000000000
34579  8.863  -39.604  -10.645 0.4000000060
34504  8.347  -40.412  -6.762 0.5000000000
31044  9.009  -43.061  -11.934 0.5000000000
29856  9.886  -43.818  -13.317 0.5000000000
29857  8.988  -43.931  -13.201 0.5000000000
31090  11.505  -43.451  -13.794 0.5000000000
28626  7.825  -45.198  -12.899 0.6999999881
141888  9.873  -51.485  -7.330 0.6000000238
17469  9.699  -54.683  -6.154 0.8000000119
16270  12.254  -55.678  -5.749 0.6000000238
17467  11.257  -55.607  -5.848 0.6000000238
18583  10.851  -53.745  -5.721 0.6999999881
164926  10.443  -53.122  -5.961 0.6999999881
16285  10.733  -56.385  -6.163 0.6999999881
33232  8.715  -41.155  -5.745 0.3000000119
34578  9.514  -39.109  -11.010 0.4000000060
34567  9.509  -39.323  -9.984 0.3000000119
35815  10.289  -39.259  -9.232 0.4000000060
35798  10.487  -39.724  -8.430 0.4000000060
34551  9.770  -40.020  -7.707 0.4000000060
34503  9.304  -40.716  -6.676 0.5000000000
33311  9.838  -40.795  -12.071 0.4000000060
33252  10.415  -41.098  -6.789 0.3000000119
144467  9.301  -42.408  -11.847 0.4000000060
29872  10.330  -44.477  -14.010 0.5000000000
32230  10.319  -42.511  -12.450 0.4000000060
28655  10.956  -45.314  -14.606 0.6000000238
33326  10.584  -41.725  -12.403 0.4000000060
29871  11.118  -44.298  -14.282 0.4000000060
32229  10.971  -42.694  -12.989 0.5000000000
19748  9.769  -52.848  -6.289 0.6999999881
17468  10.623  -54.616  -5.832 0.6999999881
139059  10.934  -40.591  -7.643 0.4000000060
33230  11.961  -41.518  -5.814 0.3000000119
34591  9.892  -39.528  -11.883 0.3000000119
33325  11.357  -41.574  -12.906 0.4000000060
31089  12.297  -43.253  -14.285 0.4000000060
32257  11.903  -42.503  -13.453 0.4000000060
145071  11.085  -39.396  -9.316 0.3000000119
162754  10.848  -39.613  -8.881 0.3000000119
34550  11.449  -40.174  -8.491 0.4000000060
34528  11.974  -41.041  -7.557 0.3000000119
33251  11.466  -41.363  -6.677 0.3000000119
151532  11.370  -38.854  -10.132 0.3000000119
33310  10.708  -40.405  -12.466 0.3000000119
33351  12.185  -41.447  -13.417 0.3000000119
33324  11.555  -40.474  -13.013 0.3000000119
32256  12.655  -42.325  -14.024 0.3000000119
34527  12.899  -41.220  -7.375 0.3000000119
34566  12.073  -39.911  -9.178 0.3000000119
34565  13.239  -40.585  -8.983 0.3000000119
34602  11.635  -39.428  -13.093 0.3000000119
34619  12.283  -40.324  -13.568 0.3000000119
33350  12.975  -41.282  -14.104 0.3000000119
33231  10.773  -41.720  -5.671 0.3000000119
35814  12.599  -39.484  -9.854 0.3000000119
35878  12.226  -39.158  -13.678 0.3000000119
12832  17.066  -58.475  -21.421 0.6000000238
14074  15.938  -58.128  -21.643 0.6999999881
12849  15.581  -58.964  -21.365 0.6999999881
11738  14.589  -59.537  -21.338 0.6999999881
31070  9.414  -43.328  -12.692 0.4000000060
28637  9.326  -45.375  -13.823 0.6000000238
33228  13.146  -41.253  -6.578 0.3000000119
141115  21.143  -61.780  -17.193 0.6999999881
10605  18.926  -61.084  -14.471 0.6999999881
11667  22.760  -60.100  -17.561 0.8000000119
9640  27.262  -61.913  -20.856 0.6000000238
8511  27.121  -62.178  -19.837 0.6999999881
13992  23.846  -57.322  -17.062 0.6000000238
12740  19.533  -58.290  -15.455 0.6999999881
11700  24.616  -59.789  -19.884 0.8000000119
9581  26.953  -61.318  -18.421 0.6999999881
10650  26.764  -60.598  -17.698 0.8000000119
153684  8.654  -55.661  -18.493 0.6999999881
15297  17.184  -57.103  -21.895 0.5000000000
14056  13.480  -57.727  -20.966 0.6000000238
15215  10.481  -56.646  -16.643 0.6000000238
17629  12.939  -54.094  -19.211 0.6999999881
13994  20.354  -57.919  -17.878 0.8000000119
17625  18.059  -54.429  -19.166 0.5000000000
17626  17.726  -54.613  -19.698 0.6000000238
16455  15.476  -55.158  -17.418 0.6000000238
13862  8.824  -58.457  -8.834 0.8000000119
4633  32.473  -66.639  -16.492 0.4000000060
4622  32.132  -66.662  -15.642 0.4000000060
5503  32.104  -65.198  -18.349 0.3000000119
4653  33.104  -66.350  -18.196 0.4000000060
4643  33.093  -66.812  -17.763 0.4000000060
3259  32.402  -67.539  -16.225 0.4000000060
156061  28.864  -62.919  -16.589 0.4000000060
7353  28.687  -63.640  -16.319 0.5000000000
6345  28.663  -64.438  -15.988 0.5000000000
7352  29.244  -63.361  -16.924 0.3000000119
6380  29.733  -63.903  -17.271 0.4000000060
155919  30.235  -65.417  -16.420 0.4000000060
6393  30.877  -63.894  -18.334 0.3000000119
5493  31.569  -65.442  -17.568 0.3000000119
4645  32.108  -66.055  -17.064 0.3000000119
6392  31.833  -64.312  -18.864 0.3000000119
8441  29.532  -62.299  -17.026 0.4000000060
8442  28.910  -62.161  -16.376 0.4000000060
157073  28.210  -62.126  -15.754 0.5000000000
9541  29.735  -61.173  -16.686 0.3000000119
7371  30.241  -63.515  -17.871 0.3000000119
7405  32.024  -63.037  -20.035 0.4000000060
8477  30.727  -62.980  -18.490 0.3000000119
9614  31.459  -61.559  -20.878 0.4000000060
8510  31.867  -62.263  -20.599 0.4000000060
8533  32.005  -62.124  -21.756 0.4000000060
9542  29.031  -61.202  -16.023 0.4000000060
10600  29.034  -60.323  -15.665 0.4000000060
10616  29.803  -59.969  -16.425 0.4000000060
12738  28.908  -57.760  -15.463 0.5000000000
9560  30.179  -61.274  -17.307 0.4000000060
10631  30.353  -59.722  -17.853 0.4000000060
8495  31.592  -62.330  -19.669 0.4000000060
9600  31.485  -61.688  -20.102 0.5000000000
10648  30.784  -60.117  -18.679 0.4000000060
9615  30.965  -60.922  -21.063 0.4000000060
163577  28.517  -60.414  -22.776 0.6000000238
9638  30.350  -60.915  -22.452 0.4000000060
13972  28.493  -57.075  -15.790 0.6000000238
13973  27.653  -57.148  -16.376 0.6000000238
11662  29.544  -58.954  -17.378 0.6000000238
12770  28.651  -58.454  -16.606 0.6000000238
11684  28.898  -59.203  -18.043 0.6000000238
11663  27.422  -58.618  -16.704 0.6999999881
10662  30.768  -60.263  -19.584 0.5000000000
11699  29.507  -59.606  -18.820 0.6000000238
10633  27.320  -59.442  -17.222 0.6999999881
15229  27.739  -56.593  -17.456 0.6999999881
14004  26.891  -57.071  -17.786 0.6999999881
15209  27.720  -56.708  -16.708 0.6000000238
13990  27.028  -57.008  -16.927 0.6999999881
12804  25.993  -58.474  -18.701 0.6999999881
12805  25.476  -59.100  -19.687 0.6999999881
11722  23.815  -59.566  -20.566 0.6999999881
11647  26.771  -58.348  -16.680 0.6999999881
12772  25.664  -59.071  -17.371 0.6999999881
10634  26.202  -59.991  -17.142 0.6999999881
14024  27.725  -57.566  -19.667 0.5000000000
14049  27.337  -58.074  -20.600 0.6000000238
14005  26.373  -57.748  -18.158 0.6999999881
14026  26.222  -58.422  -19.842 0.6000000238
12827  25.590  -58.487  -20.746 0.6999999881
12844  25.230  -58.183  -21.660 0.6999999881
13991  26.453  -57.692  -17.265 0.6999999881
147433  24.778  -58.590  -21.226 0.6999999881
12846  23.013  -58.565  -21.728 0.6000000238
14050  26.573  -58.217  -20.867 0.6000000238
14068  26.496  -57.916  -21.804 0.6000000238
14088  24.761  -57.633  -22.485 0.6000000238
14087  25.545  -57.198  -22.579 0.6000000238
15264  22.657  -55.976  -19.837 0.5000000000
9526  18.161  -61.283  -15.244 0.6000000238
163750  18.481  -60.884  -16.191 0.6000000238
14089  23.375  -57.820  -22.466 0.6000000238
14070  22.280  -57.850  -22.032 0.6000000238
141136  21.913  -56.140  -21.576 0.5000000000
152153  21.933  -55.805  -20.812 0.5000000000
143057  17.422  -61.770  -14.454 0.6000000238
9510  17.972  -61.300  -13.794 0.6000000238
9527  17.516  -61.688  -15.520 0.6000000238
144546  24.954  -56.663  -22.861 0.6000000238
15311  22.171  -56.221  -22.337 0.5000000000
15283  21.866  -56.874  -21.012 0.5000000000
157517  15.751  -61.167  -13.409 0.6000000238
11602  16.774  -59.847  -13.390 0.6000000238
139767  16.547  -60.989  -13.102 0.6000000238
9511  16.644  -62.166  -13.863 0.6000000238
9494  17.302  -60.983  -13.000 0.6000000238
11600  18.155  -58.962  -13.146 0.6000000238
10562  17.988  -59.995  -12.633 0.6000000238
17596  23.443  -54.578  -16.990 0.6000000238
158582  24.210  -55.951  -22.844 0.6000000238
10589  15.985  -60.406  -13.694 0.6000000238
11650  17.234  -59.130  -15.725 0.6000000238
12719  17.726  -58.905  -13.882 0.6000000238
141452  18.063  -58.714  -15.787 0.6000000238
12742  17.811  -58.768  -14.809 0.6000000238
12776  18.835  -58.677  -17.570 0.5000000000
12741  18.644  -58.504  -15.178 0.6000000238
12760  18.912  -58.547  -16.357 0.5000000000
8411  15.017  -62.702  -13.734 0.6999999881
9512  15.084  -61.582  -13.663 0.6000000238
11619  16.999  -59.245  -14.332 0.6000000238
144526  17.900  -58.905  -16.830 0.6000000238
12777  18.052  -58.994  -18.011 0.6000000238
10623  13.939  -60.107  -16.908 0.6000000238
11635  15.683  -60.215  -14.678 0.6000000238
11634  16.279  -59.574  -15.291 0.6000000238
11668  17.231  -59.188  -17.608 0.5000000000
11652  15.839  -59.553  -16.357 0.6000000238
11688  15.728  -59.368  -18.031 0.6000000238
11671  14.384  -59.501  -17.319 0.6000000238
11672  13.514  -59.739  -17.416 0.6000000238
163133  15.298  -60.646  -14.724 0.6000000238
142010  17.274  -59.275  -19.344 0.6000000238
11669  16.321  -59.321  -17.225 0.6000000238
11687  16.606  -59.376  -18.492 0.5000000000
159738  15.661  -59.601  -19.283 0.6000000238
144390  14.590  -59.698  -19.343 0.5000000000
159687  13.730  -59.705  -19.180 0.5000000000
12833  16.207  -59.105  -21.142 0.6000000238
11705  16.006  -59.638  -20.524 0.6000000238
11706  15.103  -60.050  -20.578 0.6000000238
11726  13.438  -60.181  -20.967 0.6000000238
10681  12.305  -60.101  -20.462 0.6999999881
152582  11.595  -60.178  -19.488 0.6999999881
10673  10.363  -60.118  -19.770 0.6999999881
10674  9.581  -60.099  -19.265 0.6999999881
11725  14.413  -60.118  -21.108 0.6000000238
11739  13.663  -60.012  -21.245 0.6999999881
12835  11.227  -58.992  -21.161 0.6999999881
11728  11.190  -59.628  -20.962 0.6999999881
10683  10.537  -59.706  -20.526 0.6999999881
11709  9.077  -59.484  -19.570 0.6000000238
12834  12.174  -58.778  -21.285 0.6000000238
16479  22.372  -54.899  -20.222 0.5000000000
16478  23.397  -54.729  -18.995 0.5000000000
164546  21.559  -53.412  -20.671 0.5000000000
17638  22.834  -53.943  -19.396 0.5000000000
17621  23.469  -54.017  -18.460 0.6000000238
164938  21.796  -50.822  -21.356 0.6000000238
20068  21.311  -51.925  -21.448 0.6000000238
18770  22.030  -53.306  -19.832 0.6000000238
17622  22.974  -53.745  -18.323 0.6000000238
17608  22.885  -54.018  -17.663 0.6000000238
22501  21.261  -50.650  -20.196 0.5000000000
20026  20.494  -52.002  -20.326 0.6000000238
17609  22.098  -54.160  -18.171 0.6000000238
21289  20.226  -51.630  -19.185 0.6000000238
18757  20.140  -52.888  -19.586 0.5000000000
143368  21.216  -53.458  -19.339 0.6000000238
16450  21.819  -55.167  -17.626 0.6000000238
21267  20.245  -51.699  -18.457 0.5000000000
16467  21.258  -54.412  -18.959 0.6000000238
15284  19.844  -55.594  -20.720 0.5000000000
17640  19.339  -54.113  -20.034 0.5000000000
15249  20.887  -56.072  -18.986 0.6000000238
16468  20.649  -54.965  -19.518 0.6000000238
10679  30.337  -60.519  -20.887 0.6000000238
10649  28.678  -59.892  -18.871 0.6999999881
16466  24.085  -54.723  -17.888 0.5000000000
11704  16.540  -59.494  -19.630 0.6000000238
11741  12.021  -59.582  -21.221 0.6999999881
143936  24.041  -54.681  -17.146 0.6000000238
16451  21.199  -55.358  -18.537 0.6000000238
16480  19.965  -54.793  -20.265 0.6000000238
5492  32.545  -65.879  -17.850 0.3000000119
6378  31.174  -64.727  -17.981 0.3000000119
6364  29.885  -64.705  -16.921 0.4000000060
7388  31.424  -63.256  -19.128 0.3000000119
8458  30.247  -62.031  -17.687 0.4000000060
162166  31.195  -61.629  -18.831 0.4000000060
160204  29.464  -58.968  -15.765 0.4000000060
9559  30.752  -60.760  -17.972 0.3000000119
11646  29.695  -59.053  -16.303 0.5000000000
12757  28.625  -57.849  -16.059 0.6000000238
9580  31.119  -61.014  -18.736 0.5000000000
11683  30.044  -59.388  -18.259 0.5000000000
9601  31.186  -60.929  -20.051 0.5000000000
12758  27.545  -57.920  -16.399 0.6000000238
152870  26.932  -57.975  -19.824 0.6999999881
153185  17.059  -59.210  -16.732 0.6000000238
148676  9.002  -59.891  -18.814 0.6000000238
20043  20.905  -51.869  -21.154 0.6000000238
159578  21.407  -50.675  -18.990 0.5000000000
18755  22.039  -53.371  -19.315 0.6000000238
160462  22.333  -53.715  -18.477 0.6000000238
21311  20.549  -51.249  -19.782 0.5000000000
18756  20.760  -52.683  -19.829 0.6000000238
21266  21.131  -51.374  -17.778 0.5000000000
18772  19.876  -52.545  -19.274 0.5000000000
18758  19.538  -53.354  -19.197 0.5000000000
1455  20.247  -70.955  -0.282 0.4000000060
1911  20.691  -70.407  -0.156 0.4000000060
1099  20.897  -71.760  -0.838 0.5000000000
444  18.440  -74.129  0.401 0.5000000000
234  17.698  -74.634  0.335 0.5000000000
137395  16.588  -75.641  -0.845 0.5000000000
697  19.027  -73.480  -0.206 0.5000000000
692  18.974  -73.328  0.826 0.5000000000
1453  21.974  -69.983  -0.989 0.4000000060
147697  23.082  -69.731  -0.908 0.4000000060
1461  22.711  -70.846  -1.446 0.5000000000
2034  29.861  -69.416  -14.369 0.3000000119
157186  28.568  -68.944  -13.508 0.3000000119
2042  29.974  -69.077  -15.224 0.3000000119
160077  31.461  -68.931  -15.522 0.3000000119
684  19.028  -73.131  1.807 0.4000000060
436  18.463  -73.895  1.512 0.5000000000
438  17.503  -74.438  1.662 0.5000000000
1081  19.433  -72.292  2.091 0.4000000060
1095  19.696  -71.386  0.422 0.4000000060
1448  21.817  -70.133  0.342 0.3000000119
1440  21.262  -70.806  1.118 0.3000000119
1467  24.614  -71.049  -2.516 0.4000000060
1446  24.229  -70.040  0.126 0.3000000119
1452  25.023  -69.961  -1.178 0.4000000060
1460  23.625  -70.611  -1.618 0.5000000000
1914  25.596  -69.774  -0.425 0.3000000119
140147  29.503  -69.478  -13.278 0.3000000119
150420  27.672  -68.339  -13.393 0.3000000119
2609  31.246  -69.132  -14.427 0.3000000119
160016  31.983  -68.427  -15.087 0.3000000119
3267  31.991  -68.081  -16.282 0.3000000119
678  18.920  -72.917  2.810 0.3000000119
427  18.497  -73.653  2.317 0.4000000060
1080  19.950  -71.811  2.305 0.3000000119
1908  25.092  -70.177  0.702 0.3000000119
1923  26.334  -69.977  -2.460 0.4000000060
1465  25.757  -70.544  -2.970 0.4000000060
1919  25.612  -69.911  -1.358 0.4000000060
162554  26.240  -69.251  0.345 0.3000000119
2017  29.675  -69.447  -11.303 0.4000000060
2018  29.088  -69.470  -11.633 0.4000000060
2019  28.221  -68.921  -12.001 0.4000000060
1526  26.573  -68.080  -12.056 0.4000000060
2566  26.224  -67.150  -12.304 0.4000000060
2567  24.712  -67.581  -12.258 0.5000000000
2580  31.828  -68.404  -12.927 0.3000000119
2597  30.320  -69.559  -13.472 0.3000000119
2595  31.745  -68.712  -13.748 0.3000000119
3911  32.458  -67.119  -15.761 0.3000000119
4634  31.709  -66.221  -16.289 0.3000000119
668  19.326  -72.613  3.544 0.3000000119
3087  26.981  -68.308  -2.637 0.3000000119
2473  27.088  -69.013  -2.715 0.3000000119
2476  24.277  -69.142  -3.778 0.4000000060
155031  24.535  -69.913  -4.507 0.4000000060
2445  26.390  -68.961  0.543 0.3000000119
2457  27.736  -68.933  -1.361 0.3000000119
2451  27.635  -68.720  -0.567 0.3000000119
2452  26.857  -69.321  -0.845 0.3000000119
1972  22.047  -70.786  -7.799 0.5000000000
1961  21.997  -70.984  -6.866 0.5000000000
1981  29.023  -69.649  -8.525 0.3000000119
1994  28.879  -69.710  -9.467 0.3000000119
1993  29.583  -69.421  -9.798 0.3000000119
149944  28.454  -69.404  -9.719 0.3000000119
2009  28.513  -69.226  -11.277 0.4000000060
3175  25.198  -67.782  -8.728 0.5000000000
2539  25.072  -68.554  -9.046 0.5000000000
2007  29.564  -69.419  -10.546 0.3000000119
1517  27.743  -68.601  -10.759 0.4000000060
3192  26.367  -66.949  -11.274 0.4000000060
3847  25.474  -66.563  -11.191 0.5000000000
3194  24.784  -67.359  -10.396 0.5000000000
3229  32.276  -67.846  -13.043 0.3000000119
3896  32.424  -67.497  -14.121 0.3000000119
161868  31.894  -66.620  -15.106 0.3000000119
4623  31.344  -66.312  -15.463 0.3000000119
4624  30.426  -65.894  -15.631 0.4000000060
3088  26.056  -68.122  -2.826 0.3000000119
3108  23.209  -68.949  -4.018 0.4000000060
3076  25.932  -68.731  0.859 0.3000000119
3078  28.764  -67.907  -1.093 0.3000000119
3727  27.635  -67.514  -2.313 0.3000000119
3075  27.309  -68.470  0.057 0.3000000119
2501  22.229  -70.151  -5.814 0.4000000060
1947  21.700  -70.709  -6.709 0.5000000000
136475  19.923  -70.931  -8.350 0.4000000060
1962  20.019  -70.801  -7.934 0.5000000000
2499  27.945  -69.062  -6.285 0.3000000119
2530  22.251  -69.842  -8.662 0.5000000000
135768  20.334  -70.950  -8.479 0.5000000000
1970  27.948  -69.366  -8.404 0.3000000119
3157  22.795  -69.236  -8.182 0.4000000060
3176  21.965  -69.545  -9.013 0.5000000000
147016  29.612  -69.341  -9.055 0.3000000119
3173  26.562  -67.543  -8.522 0.4000000060
3155  24.354  -68.591  -7.016 0.5000000000
2528  23.807  -69.664  -7.680 0.5000000000
2574  30.355  -68.873  -11.105 0.3000000119
1983  27.945  -69.076  -9.565 0.4000000060
139625  26.697  -67.289  -10.000 0.5000000000
3832  25.575  -66.616  -10.315 0.5000000000
3874  31.808  -67.428  -12.710 0.3000000119
4593  30.987  -66.832  -12.947 0.4000000060
4594  29.978  -66.344  -13.382 0.3000000119
141609  30.849  -66.468  -13.916 0.4000000060
5454  29.967  -65.896  -15.097 0.4000000060
9644  23.302  -61.102  -22.074 0.5000000000
5481  29.368  -64.949  -16.229 0.3000000119
4434  26.585  -66.669  0.282 0.3000000119
3722  28.421  -67.072  -0.138 0.3000000119
3098  22.089  -67.970  -3.960 0.3000000119
3715  26.925  -67.453  0.292 0.3000000119
3768  20.991  -68.133  -5.108 0.3000000119
2518  20.295  -69.977  -7.151 0.5000000000
135766  19.070  -70.931  -9.603 0.4000000060
136304  18.646  -70.382  -9.284 0.3000000119
3763  28.852  -67.974  -5.428 0.3000000119
136379  20.097  -70.883  -10.523 0.5000000000
2516  28.286  -69.419  -6.704 0.3000000119
138241  22.522  -68.337  -8.438 0.4000000060
3177  21.119  -69.585  -10.006 0.4000000060
3152  26.822  -68.133  -7.289 0.4000000060
3153  26.069  -67.521  -7.648 0.4000000060
3137  24.927  -68.009  -6.443 0.4000000060
3138  24.049  -68.135  -6.635 0.4000000060
3201  30.470  -68.447  -10.385 0.3000000119
3864  30.749  -67.553  -11.294 0.3000000119
159934  25.926  -67.039  -8.667 0.4000000060
3800  25.730  -67.393  -8.445 0.5000000000
4585  29.997  -66.644  -12.305 0.3000000119
144162  28.559  -65.484  -13.130 0.4000000060
5441  29.093  -65.710  -13.868 0.4000000060
8537  22.242  -62.322  -21.414 0.5000000000
5455  29.329  -65.603  -14.880 0.4000000060
6328  27.872  -64.659  -14.472 0.5000000000
9661  24.005  -60.687  -22.485 0.5000000000
4432  28.327  -66.315  0.038 0.3000000119
8428  16.542  -63.256  -14.916 0.5000000000
154837  18.264  -70.247  -11.154 0.3000000119
3178  18.197  -69.845  -9.838 0.3000000119
8444  16.851  -62.831  -16.027 0.5000000000
7354  16.470  -63.815  -15.752 0.6000000238
158117  29.294  -67.298  -5.090 0.3000000119
3764  27.951  -67.750  -5.826 0.3000000119
2497  29.627  -68.918  -6.032 0.3000000119
3121  27.725  -68.432  -6.078 0.3000000119
3766  25.772  -66.994  -5.865 0.3000000119
3820  21.861  -68.320  -9.600 0.4000000060
3195  20.245  -69.688  -10.940 0.4000000060
9546  19.276  -60.717  -16.570 0.5000000000
5483  14.080  -66.066  -16.246 0.5000000000
3135  26.518  -67.822  -6.647 0.3000000119
3781  25.398  -67.454  -6.080 0.3000000119
3783  23.728  -67.414  -6.371 0.3000000119
4527  22.542  -66.633  -8.589 0.3000000119
9545  20.258  -60.828  -16.975 0.5000000000
4556  29.972  -67.147  -10.693 0.3000000119
4574  30.255  -67.071  -11.566 0.3000000119
8484  20.791  -62.886  -18.663 0.5000000000
5428  29.099  -66.106  -11.888 0.3000000119
7411  20.858  -63.373  -20.012 0.5000000000
5429  28.514  -65.533  -12.308 0.4000000060
7439  21.733  -63.078  -20.960 0.6000000238
152760  27.360  -64.498  -12.146 0.4000000060
6312  27.504  -64.535  -13.668 0.5000000000
7437  23.458  -63.247  -21.148 0.5000000000
7309  26.566  -63.178  -13.448 0.4000000060
6347  27.698  -64.173  -14.975 0.3000000119
6346  28.226  -64.598  -15.257 0.4000000060
9643  24.694  -61.319  -22.046 0.6000000238
12696  26.973  -58.806  -12.780 0.3000000119
10584  26.866  -60.414  -13.791 0.4000000060
156782  26.860  -62.156  -14.417 0.4000000060
7336  27.981  -63.794  -15.661 0.3000000119
138994  26.279  -61.418  -21.792 0.6000000238
9660  24.996  -60.561  -22.647 0.5000000000
153624  27.331  -58.280  -12.430 0.3000000119
11595  27.314  -58.914  -13.409 0.5000000000
10583  27.563  -60.478  -14.464 0.4000000060
9524  28.248  -61.246  -15.412 0.4000000060
9659  25.998  -60.420  -22.712 0.6000000238
15140  29.167  -56.922  -12.862 0.3000000119
12694  28.249  -57.704  -13.545 0.5000000000
12714  27.959  -58.510  -13.876 0.4000000060
10601  28.278  -60.460  -15.053 0.4000000060
15176  29.222  -56.762  -13.677 0.4000000060
11614  28.493  -58.978  -14.624 0.4000000060
12713  28.656  -57.882  -14.569 0.5000000000
7338  15.820  -63.877  -14.722 0.6000000238
6348  15.768  -64.476  -15.395 0.6000000238
4472  29.690  -66.485  -4.859 0.3000000119
4486  28.195  -66.250  -5.664 0.3000000119
5327  26.533  -65.757  -6.074 0.3000000119
4487  26.102  -66.421  -5.882 0.3000000119
7327  14.906  -63.633  -14.239 0.6000000238
6349  14.990  -64.873  -15.113 0.6000000238
3119  30.016  -68.444  -5.346 0.3000000119
5329  24.758  -66.014  -5.930 0.3000000119
5341  23.726  -65.675  -6.725 0.3000000119
6351  13.551  -64.806  -15.558 0.6000000238
3151  30.948  -67.538  -6.847 0.3000000119
155789  24.355  -66.795  -5.837 0.3000000119
4498  23.502  -66.477  -6.503 0.3000000119
7356  13.532  -64.151  -16.167 0.6000000238
4575  29.576  -66.601  -11.354 0.3000000119
7374  14.268  -63.181  -16.939 0.6000000238
7375  13.909  -63.948  -17.384 0.6000000238
164715  14.207  -63.637  -18.315 0.6000000238
7414  14.244  -63.009  -19.625 0.5000000000
8390  26.352  -62.333  -13.222 0.4000000060
9509  26.519  -61.120  -13.583 0.4000000060
15175  29.816  -56.452  -14.107 0.4000000060
13941  28.841  -57.058  -14.211 0.5000000000
165048  30.140  -66.071  -4.680 0.3000000119
5324  29.236  -64.970  -5.336 0.3000000119
5325  28.403  -65.260  -5.681 0.3000000119
5326  27.502  -65.564  -6.009 0.3000000119
5339  25.136  -65.329  -6.412 0.3000000119
6195  23.966  -64.969  -7.094 0.3000000119
5357  23.421  -65.119  -7.444 0.3000000119
8410  15.738  -62.376  -13.652 0.5000000000
3106  30.428  -68.023  -4.850 0.3000000119
2495  30.538  -68.520  -5.931 0.3000000119
8412  14.468  -62.974  -14.067 0.5000000000
7328  14.178  -63.753  -14.546 0.6000000238
3118  31.047  -68.213  -5.435 0.3000000119
5342  23.248  -65.805  -7.143 0.3000000119
7341  13.678  -63.893  -15.149 0.6000000238
3150  31.707  -67.507  -6.314 0.3000000119
7355  13.946  -63.202  -15.687 0.6000000238
7272  26.565  -62.963  -11.476 0.3000000119
141091  26.755  -63.850  -11.997 0.3000000119
159305  14.455  -63.085  -18.013 0.6000000238
8501  13.062  -62.148  -19.925 0.6000000238
8429  14.304  -62.363  -15.387 0.6000000238
9528  14.669  -61.523  -15.195 0.5000000000
140999  14.577  -61.711  -16.156 0.6000000238
8464  14.475  -62.381  -17.606 0.6000000238
9591  14.234  -61.861  -17.989 0.6000000238
7413  14.280  -62.666  -19.155 0.6000000238
9608  13.413  -61.856  -18.898 0.6000000238
8489  10.852  -62.426  -18.510 0.5000000000
9513  14.763  -61.580  -14.131 0.5000000000
10606  15.249  -60.406  -15.517 0.5000000000
9567  14.366  -61.513  -17.087 0.5000000000
9593  12.667  -61.333  -18.146 0.6000000238
7357  8.884  -63.438  -16.980 0.5000000000
10641  9.241  -60.907  -17.139 0.6000000238
158544  9.492  -62.644  -16.614 0.6000000238
7358  7.980  -63.363  -16.905 0.5000000000
8430  8.899  -62.276  -15.917 0.6000000238
148890  7.340  -62.313  -16.494 0.6000000238
10622  14.769  -60.301  -16.369 0.5000000000
10638  12.300  -60.506  -17.970 0.5000000000
10639  11.120  -61.151  -18.182 0.5000000000
9594  11.716  -61.543  -18.099 0.6000000238
9570  10.851  -61.647  -17.953 0.5000000000
8466  10.072  -62.738  -17.573 0.5000000000
10640  9.854  -61.387  -17.673 0.6000000238
12836  10.160  -59.170  -20.898 0.6000000238
146799  9.671  -61.889  -16.781 0.6000000238
9530  8.535  -61.599  -15.367 0.5000000000
11555  3.885  -59.497  -10.110 0.5000000000
11670  15.318  -59.432  -17.239 0.5000000000
10637  13.130  -60.073  -17.415 0.5000000000
10654  11.614  -60.541  -18.510 0.6000000238
15099  3.607  -56.614  -9.559 0.5000000000
15110  3.200  -56.026  -10.092 0.6000000238
12640  3.640  -58.810  -9.476 0.6000000238
11551  4.340  -59.363  -9.876 0.6000000238
162186  2.921  -58.570  -9.604 0.5000000000
12662  5.006  -59.027  -10.698 0.5000000000
13898  4.587  -58.245  -11.598 0.5000000000
11637  8.054  -60.198  -14.926 0.5000000000
10608  7.823  -61.000  -15.255 0.5000000000
140198  7.687  -55.287  -7.031 0.6000000238
160718  7.305  -54.381  -6.933 0.6999999881
16302  6.759  -56.426  -7.784 0.6000000238
141942  6.907  -55.329  -7.611 0.6999999881
17509  5.601  -54.806  -9.327 0.6000000238
160338  5.023  -55.043  -10.024 0.6000000238
16309  6.239  -56.058  -8.162 0.6000000238
16310  5.685  -55.750  -8.823 0.6000000238
16301  7.395  -56.302  -7.393 0.6000000238
15088  6.268  -57.220  -7.999 0.6000000238
15090  4.791  -57.446  -8.748 0.6000000238
16320  5.057  -55.678  -9.453 0.5000000000
16332  4.505  -54.787  -10.708 0.6000000238
13852  7.536  -58.275  -7.740 0.6000000238
13864  5.677  -58.143  -8.387 0.6000000238
158685  4.037  -57.277  -9.156 0.5000000000
16321  4.199  -55.651  -9.969 0.6000000238
12632  6.374  -58.973  -8.693 0.6000000238
159088  4.973  -58.475  -8.811 0.6000000238
12644  6.103  -59.106  -9.658 0.6000000238
12633  5.507  -58.887  -8.848 0.6000000238
13880  5.702  -58.937  -10.315 0.6000000238
13897  5.607  -58.054  -11.020 0.5000000000
141004  4.600  -56.310  -12.828 0.5000000000
16369  5.777  -55.159  -12.740 0.5000000000
155934  6.273  -54.377  -14.059 0.5000000000
158945  7.107  -54.451  -14.822 0.5000000000
17486  6.193  -54.044  -7.567 0.6000000238
18613  5.480  -53.486  -7.164 0.6999999881
12637  7.437  -59.000  -9.010 0.5000000000
13879  6.386  -58.450  -10.343 0.6000000238
15123  5.782  -56.665  -11.502 0.6000000238
15141  5.191  -56.139  -12.250 0.5000000000
16351  6.040  -55.567  -11.967 0.6000000238
16383  6.435  -54.637  -13.274 0.5000000000
16382  7.824  -54.753  -13.509 0.6000000238
17563  7.058  -54.439  -13.963 0.6000000238
22327  11.038  -50.624  -7.542 0.4000000060
21078  6.901  -52.123  -7.973 0.6999999881
23522  6.277  -50.335  -8.765 0.5000000000
149391  6.083  -50.337  -7.545 0.5000000000
21040  10.943  -51.736  -6.510 0.6000000238
21056  10.578  -51.278  -7.108 0.5000000000
22328  5.934  -51.154  -7.185 0.6000000238
21041  4.759  -51.468  -6.414 0.5000000000
18594  11.832  -52.979  -5.659 0.5000000000
150414  7.383  -52.164  -8.276 0.6000000238
21079  6.429  -51.829  -7.449 0.8000000119
19759  6.885  -53.056  -6.573 0.6999999881
137041  5.858  -52.782  -6.643 0.8000000119
18614  4.433  -53.101  -7.421 0.6999999881
158194  6.642  -55.140  -11.737 0.6000000238
17550  7.256  -54.675  -12.846 0.6000000238
23521  6.604  -49.450  -7.793 0.5000000000
22345  10.639  -50.327  -8.304 0.5000000000
21119  6.818  -51.860  -10.125 0.6999999881
23505  6.195  -49.462  -6.851 0.5000000000
21038  12.676  -51.557  -6.205 0.4000000060
21039  11.803  -51.619  -6.380 0.4000000060
19735  12.716  -53.079  -5.500 0.4000000060
17456  12.692  -54.825  -5.497 0.5000000000
16283  13.428  -55.859  -6.272 0.4000000060
23561  6.698  -49.396  -10.360 0.5000000000
24783  7.455  -48.684  -8.034 0.5000000000
23519  11.778  -49.447  -8.683 0.3000000119
23537  10.675  -49.519  -9.605 0.3000000119
22376  6.662  -51.113  -10.681 0.6000000238
18581  13.169  -54.022  -5.375 0.4000000060
17455  13.615  -54.897  -5.520 0.4000000060
16300  13.015  -56.076  -7.278 0.4000000060
23587  6.592  -49.991  -11.992 0.6000000238
163389  6.824  -50.356  -12.320 0.6000000238
16299  13.595  -55.830  -6.820 0.4000000060
24825  7.096  -48.475  -10.711 0.5000000000
24803  7.302  -48.745  -9.808 0.5000000000
24800  13.869  -48.817  -9.882 0.3000000119
23557  12.023  -48.829  -9.942 0.3000000119
24823  11.648  -48.696  -10.631 0.3000000119
24844  10.630  -48.614  -12.008 0.4000000060
17481  14.480  -54.974  -7.185 0.3000000119
17482  13.668  -55.351  -7.423 0.4000000060
19776  13.509  -53.731  -8.384 0.4000000060
24859  12.136  -48.139  -12.278 0.4000000060
26032  6.720  -48.215  -12.389 0.6000000238
25997  7.998  -48.093  -9.839 0.4000000060
24860  11.248  -48.191  -12.551 0.4000000060
24820  14.492  -48.388  -10.484 0.3000000119
26013  14.166  -48.056  -11.183 0.3000000119
141801  6.869  -47.639  -11.399 0.5000000000
26049  10.970  -47.885  -13.328 0.4000000060
142738  10.387  -47.012  -14.203 0.4000000060
28636  10.078  -45.402  -14.149 0.5000000000
27378  11.124  -46.774  -14.302 0.4000000060
28656  10.624  -46.201  -14.370 0.4000000060
31106  14.637  -44.003  -15.619 0.3000000119
32274  13.774  -42.775  -15.145 0.3000000119
31107  13.580  -43.758  -15.444 0.3000000119
31108  12.641  -43.914  -15.101 0.3000000119
32255  13.228  -42.246  -14.531 0.3000000119
33271  7.824  -40.605  -8.565 0.4000000060
31117  14.564  -43.010  -15.737 0.3000000119
4541  22.214  -66.342  -9.684 0.3000000119
7292  26.702  -63.657  -12.893 0.4000000060
27398  11.442  -46.276  -14.583 0.3000000119
16366  9.140  -55.334  -12.389 0.6000000238
34505  7.613  -40.623  -6.959 0.4000000060
17457  11.617  -54.565  -5.611 0.5000000000
29888  12.294  -44.788  -15.232 0.3000000119
149416  27.622  -62.902  -15.451 0.3000000119
9508  26.994  -61.329  -14.310 0.4000000060
159442  13.874  -61.145  -17.549 0.5000000000
1441  20.206  -70.824  0.895 0.4000000060
691  19.332  -72.532  0.155 0.5000000000
235  17.050  -75.049  0.109 0.5000000000
1101  23.153  -71.528  -2.077 0.5000000000
2027  28.613  -69.150  -12.634 0.4000000060
1089  19.692  -71.536  1.466 0.4000000060
1458  25.085  -70.410  -1.998 0.4000000060
1104  24.778  -71.283  -3.165 0.4000000060
2582  30.246  -69.555  -12.705 0.4000000060
2028  27.079  -67.875  -12.780 0.4000000060
159420  26.880  -67.823  -11.824 0.4000000060
670  18.129  -73.862  3.648 0.3000000119
2441  25.352  -69.678  1.327 0.3000000119
1917  26.971  -69.417  -1.875 0.3000000119
2474  26.392  -69.585  -3.240 0.4000000060
1930  25.775  -70.151  -3.871 0.4000000060
2575  30.251  -69.394  -11.817 0.3000000119
153110  31.844  -67.927  -12.527 0.4000000060
140351  25.298  -68.963  -3.463 0.4000000060
2486  22.777  -69.509  -4.890 0.4000000060
2527  24.771  -69.004  -7.516 0.5000000000
8538  21.528  -61.808  -21.377 0.5000000000
4592  31.740  -66.875  -13.539 0.4000000060
3725  28.940  -67.119  -1.341 0.3000000119
3109  22.423  -68.725  -4.367 0.4000000060
2487  22.023  -69.284  -5.198 0.4000000060
2502  21.591  -69.872  -6.134 0.5000000000
136295  20.973  -70.545  -9.665 0.5000000000
3134  27.258  -68.483  -6.503 0.3000000119
3845  30.720  -67.990  -10.454 0.3000000119
3875  31.288  -67.815  -11.855 0.3000000119
4584  30.957  -67.258  -12.089 0.3000000119
149878  23.979  -62.049  -21.697 0.6000000238
3139  19.993  -69.135  -6.899 0.3000000119
156799  20.472  -69.341  -6.541 0.4000000060
3802  22.751  -67.331  -7.868 0.3000000119
7392  21.105  -63.433  -19.287 0.5000000000
5442  28.223  -65.110  -13.782 0.4000000060
3821  18.570  -68.721  -9.628 0.3000000119
3834  21.738  -67.144  -10.197 0.3000000119
152707  26.388  -60.483  -12.861 0.4000000060
8409  26.593  -62.653  -14.039 0.4000000060
7337  27.358  -63.555  -14.948 0.4000000060
13913  29.323  -57.273  -12.187 0.3000000119
6192  26.326  -64.364  -6.652 0.3000000119
8445  14.441  -62.375  -16.522 0.6000000238
9493  26.257  -61.469  -13.032 0.3000000119
6193  25.466  -64.573  -6.789 0.3000000119
6211  24.129  -64.142  -7.403 0.3000000119
4515  31.528  -66.325  -7.108 0.3000000119
8465  10.933  -62.064  -18.027 0.5000000000
9572  9.709  -62.515  -16.879 0.6000000238
17485  6.663  -54.316  -7.272 0.6999999881
19760  4.839  -52.774  -6.637 0.6999999881
19780  6.522  -52.439  -6.742 0.6999999881
22362  6.421  -51.278  -9.567 0.6000000238
23535  12.422  -49.097  -9.115 0.3000000119
24801  12.939  -48.816  -9.939 0.3000000119
8482  22.317  -63.024  -18.601 0.5000000000
8459  21.845  -62.671  -18.036 0.5000000000
15246  28.483  -56.567  -18.350 0.6000000238
11673  12.602  -59.984  -17.857 0.4000000060
10670  13.120  -59.959  -19.800 0.5000000000
150831  9.440  -61.534  -16.030 0.5000000000
157522  8.894  -58.319  -20.129 0.5000000000
11691  8.689  -59.318  -18.798 0.5000000000
11674  8.877  -59.994  -17.166 0.5000000000
9514  9.011  -61.300  -14.915 0.5000000000
10624  9.447  -60.717  -16.121 0.5000000000
14033  9.999  -57.492  -20.265 0.5000000000
11623  8.994  -60.379  -14.297 0.4000000060
12793  8.558  -58.468  -18.687 0.5000000000
12779  8.646  -58.551  -17.900 0.5000000000
11636  10.145  -60.360  -15.158 0.5000000000
12724  8.552  -59.682  -14.497 0.5000000000
13996  8.607  -57.802  -18.141 0.6000000238
12762  9.662  -58.588  -16.778 0.5000000000
159036  10.566  -59.597  -15.210 0.5000000000
16399  7.978  -54.955  -14.472 0.5000000000
150978  9.949  -57.587  -16.912 0.6000000238
13949  9.191  -57.998  -14.250 0.5000000000
15181  8.765  -56.878  -14.743 0.5000000000
12761  10.594  -58.643  -15.971 0.6000000238
12722  10.110  -59.163  -13.836 0.6000000238
13966  8.576  -58.764  -14.578 0.5000000000
153030  8.650  -56.217  -18.065 0.6000000238
13979  11.112  -57.558  -16.216 0.6000000238
12744  11.313  -59.020  -14.787 0.6000000238
13948  10.237  -57.962  -13.755 0.6000000238
13978  11.897  -57.451  -15.755 0.6000000238
15180  9.497  -56.970  -14.233 0.5000000000
15156  9.620  -56.186  -13.903 0.5000000000
12743  11.896  -58.338  -14.797 0.6000000238
18638  5.150  -53.432  -9.654 0.5000000000
19781  4.190  -52.850  -8.621 0.5000000000
18628  5.138  -53.573  -8.486 0.5000000000
16380  9.866  -55.792  -13.106 0.6000000238
15197  12.312  -56.969  -15.635 0.6000000238
156171  10.371  -56.389  -13.421 0.6000000238
12701  11.591  -58.208  -13.888 0.6000000238
13928  11.128  -57.765  -13.620 0.6000000238
13946  12.689  -57.308  -14.374 0.6000000238
26062  12.217  -47.516  -13.643 0.3000000119
163101  6.994  -42.137  -8.383 0.3000000119
13959  28.924  -57.203  -15.027 0.4000000060
15208  28.225  -56.728  -16.211 0.5000000000
9658  27.759  -60.333  -22.957 0.5000000000
9641  27.067  -61.039  -21.832 0.5000000000
156969  28.651  -56.296  -17.573 0.4000000060
8534  26.581  -62.276  -21.071 0.4000000060
15262  28.380  -57.048  -19.117 0.4000000060
7410  21.565  -63.725  -19.820 0.4000000060
7424  23.853  -63.703  -20.393 0.4000000060
7425  22.968  -63.775  -20.424 0.4000000060
7436  24.358  -63.222  -21.075 0.4000000060
8535  25.807  -62.487  -21.309 0.4000000060
14065  28.979  -58.156  -22.209 0.4000000060
14066  28.221  -58.236  -21.882 0.4000000060
14067  27.348  -58.126  -21.588 0.4000000060
9563  21.844  -62.205  -17.322 0.4000000060
14047  28.882  -58.060  -21.120 0.4000000060
14048  28.034  -58.079  -20.841 0.4000000060
15307  26.570  -56.508  -22.608 0.4000000060
15308  25.814  -56.502  -22.687 0.5000000000
16437  10.955  -55.817  -16.288 0.5000000000
17600  9.935  -54.908  -16.340 0.5000000000
16417  12.222  -56.019  -15.701 0.5000000000
16418  11.405  -55.022  -15.778 0.5000000000
138079  9.616  -53.525  -15.214 0.5000000000
16416  13.037  -55.807  -14.869 0.5000000000
18725  10.835  -53.701  -14.979 0.5000000000
19762  3.622  -51.961  -7.254 0.4000000060
22310  4.682  -50.641  -6.466 0.4000000060
17589  11.869  -54.295  -15.075 0.5000000000
13926  12.614  -56.873  -13.731 0.5000000000
14025  27.019  -57.512  -18.794 0.5000000000
14023  28.637  -57.387  -20.041 0.4000000060
143132  27.001  -57.555  -22.514 0.4000000060
112  17.127  -75.229  -0.849 0.4000000060
115  16.904  -75.310  -1.333 0.4000000060
150  14.608  -75.124  -7.467 0.4000000060
449  18.090  -74.537  -0.356 0.4000000060
114  17.561  -74.807  -1.420 0.4000000060
145  15.209  -75.464  -6.696 0.4000000060
118  17.399  -74.670  -2.155 0.4000000060
147809  15.291  -72.918  -6.532 0.4000000060
141627  15.370  -74.326  -6.685 0.4000000060
144  15.879  -75.471  -5.891 0.4000000060
447  19.276  -73.621  -1.028 0.5000000000
245  18.344  -74.484  -1.529 0.5000000000
159962  18.869  -74.332  -2.078 0.4000000060
249  18.238  -74.481  -2.107 0.4000000060
137  16.496  -75.132  -5.496 0.4000000060
1100  19.902  -71.981  -0.449 0.5000000000
695  20.538  -72.707  -1.133 0.5000000000
452  20.001  -73.416  -1.573 0.5000000000
252  18.264  -74.469  -2.937 0.4000000060
123  17.594  -74.554  -3.325 0.4000000060
457  20.097  -73.545  -2.835 0.4000000060
458  19.398  -74.056  -2.417 0.4000000060
476  18.533  -71.387  -4.161 0.4000000060
259  17.514  -71.895  -4.770 0.4000000060
260  16.636  -72.401  -5.305 0.4000000060
261  16.744  -74.283  -5.565 0.4000000060
131  17.066  -75.050  -4.927 0.4000000060
265  16.084  -71.392  -6.073 0.4000000060
266  15.792  -72.632  -5.984 0.4000000060
462  20.207  -72.166  -3.277 0.5000000000
463  19.493  -73.117  -3.621 0.4000000060
251  18.983  -74.136  -3.514 0.4000000060
130  17.660  -74.623  -4.412 0.4000000060
468  19.160  -71.071  -3.769 0.5000000000
163934  18.813  -71.996  -3.787 0.4000000060
255  18.581  -73.176  -4.207 0.4000000060
256  17.832  -73.702  -4.715 0.4000000060
728  20.764  -72.352  -6.350 0.3000000119
729  20.372  -72.780  -7.227 0.3000000119
727  21.510  -72.283  -6.374 0.4000000060
474  19.857  -70.852  -4.785 0.3000000119
711  22.357  -71.916  -4.825 0.4000000060
158976  21.581  -71.393  -4.200 0.4000000060
1146  20.795  -70.928  -8.926 0.3000000119
735  20.419  -71.404  -7.805 0.4000000060
142234  20.857  -72.420  -7.062 0.4000000060
718  22.224  -72.212  -5.861 0.4000000060
155915  21.009  -70.680  -7.481 0.4000000060
1132  21.628  -71.931  -6.780 0.4000000060
1123  22.859  -71.591  -5.792 0.4000000060
1945  23.213  -70.909  -5.713 0.3000000119
475  18.794  -70.717  -4.236 0.3000000119
1116  24.389  -71.462  -4.347 0.3000000119
1118  22.954  -71.834  -4.193 0.4000000060
1509  22.509  -71.066  -8.827 0.4000000060
1117  23.690  -71.598  -4.950 0.3000000119
1131  21.763  -71.222  -6.835 0.4000000060
1960  22.102  -71.005  -6.720 0.4000000060
147388  22.849  -70.768  -5.901 0.4000000060
467  20.177  -70.897  -3.611 0.4000000060
712  22.096  -71.536  -3.878 0.4000000060
143894  22.657  -71.496  -9.941 0.4000000060
1484  24.341  -70.963  -5.121 0.3000000119
1507  24.903  -70.370  -9.511 0.4000000060
1520  23.201  -71.201  -9.457 0.4000000060
139834  25.134  -69.664  -9.210 0.4000000060
1984  24.537  -70.387  -8.392 0.4000000060
1500  22.106  -70.860  -8.467 0.4000000060
461  21.127  -71.870  -3.130 0.4000000060
150276  21.939  -72.090  -2.772 0.4000000060
1111  24.234  -71.563  -3.645 0.3000000119
706  22.607  -71.755  -3.274 0.4000000060
1479  24.980  -71.026  -4.437 0.3000000119
1995  25.099  -69.271  -10.716 0.4000000060
2553  24.746  -68.299  -10.959 0.4000000060
1971  24.075  -70.080  -7.804 0.4000000060
159155  22.447  -70.783  -8.148 0.4000000060
1102  21.378  -72.362  -1.466 0.4000000060
139943  23.467  -71.627  -2.816 0.3000000119
1098  21.785  -71.271  -1.248 0.4000000060
456  20.840  -72.959  -2.840 0.4000000060
1107  22.215  -71.991  -1.821 0.4000000060
702  21.910  -72.262  -2.167 0.4000000060
1106  22.634  -71.873  -2.509 0.4000000060
16518  25.231  -55.732  -22.705 0.4000000060
1508  23.695  -70.892  -8.993 0.4000000060
107  16.811  -75.366  -0.382 0.5000000000
119  16.651  -75.219  -1.830 0.4000000060
124  16.854  -74.606  -2.776 0.4000000060
143  16.119  -74.469  -6.110 0.4000000060
149  14.683  -73.697  -7.413 0.4000000060
240  18.411  -74.407  -1.033 0.5000000000
241  17.795  -74.762  -0.911 0.4000000060
242  17.363  -74.941  -0.333 0.4000000060
248  18.912  -74.342  -2.683 0.4000000060
257  17.355  -74.289  -5.086 0.4000000060
270  15.499  -71.797  -6.843 0.4000000060
413  17.645  -74.016  3.977 0.3000000119
419  17.683  -74.097  3.192 0.3000000119
437  17.932  -74.376  1.213 0.5000000000
448  18.709  -74.064  -0.674 0.5000000000
451  20.559  -73.318  -2.285 0.4000000060
453  19.100  -74.042  -1.625 0.4000000060
677  19.787  -72.231  3.002 0.3000000119
679  18.240  -73.741  3.032 0.4000000060
696  19.721  -73.054  -0.705 0.5000000000
699  21.526  -72.501  -1.884 0.4000000060
700  20.964  -72.960  -1.778 0.5000000000
703  21.333  -72.660  -2.369 0.4000000060
707  21.798  -71.666  -3.412 0.4000000060
713  21.172  -71.137  -3.718 0.4000000060
719  21.616  -71.959  -5.199 0.4000000060
720  20.585  -70.870  -4.139 0.3000000119
1096  19.296  -72.286  1.130 0.4000000060
1105  23.950  -71.265  -2.286 0.4000000060
1112  23.449  -71.727  -3.523 0.3000000119
1124  22.890  -71.942  -5.117 0.4000000060
1133  21.273  -72.037  -7.109 0.4000000060
1139  20.626  -70.757  -7.699 0.4000000060
1145  20.950  -71.578  -8.138 0.4000000060
1152  22.111  -71.124  -9.184 0.4000000060
1449  20.831  -70.322  0.295 0.3000000119
1450  20.252  -70.666  0.184 0.4000000060
1454  21.117  -70.578  -0.635 0.4000000060
1457  25.713  -70.268  -2.184 0.4000000060
1459  24.442  -70.526  -1.828 0.5000000000
1466  25.201  -70.816  -2.709 0.4000000060
1473  25.542  -70.706  -3.752 0.4000000060
1485  23.558  -71.252  -5.447 0.3000000119
1492  22.466  -71.171  -6.312 0.4000000060
1499  22.113  -71.075  -7.701 0.4000000060
1525  27.792  -68.637  -11.076 0.4000000060
1538  27.299  -68.108  -11.966 0.4000000060
1539  25.763  -67.226  -12.463 0.4000000060
1900  25.293  -70.029  1.111 0.3000000119
1906  26.162  -69.541  0.000 0.3000000119
1907  25.517  -69.852  0.433 0.3000000119
1909  22.192  -69.823  -0.436 0.4000000060
1910  21.366  -69.993  -0.314 0.4000000060
1913  26.098  -69.651  -0.793 0.4000000060
1915  25.051  -69.967  -0.130 0.3000000119
1918  26.274  -69.774  -1.570 0.4000000060
1929  26.200  -70.124  -3.246 0.4000000060
1937  24.996  -70.472  -4.505 0.4000000060
1938  23.894  -70.502  -5.142 0.3000000119
1946  22.249  -70.883  -6.452 0.4000000060
1948  20.997  -70.113  -6.835 0.5000000000
1959  27.987  -69.490  -7.461 0.3000000119
1969  28.525  -69.610  -8.008 0.3000000119
1980  29.488  -69.389  -8.424 0.3000000119
1982  28.508  -69.553  -8.895 0.3000000119
1985  23.100  -70.833  -8.370 0.4000000060
2008  29.209  -69.638  -10.723 0.3000000119
2010  26.305  -68.210  -11.925 0.4000000060
2026  29.655  -69.544  -12.193 0.4000000060
2035  28.854  -68.909  -14.344 0.3000000119
2446  25.761  -69.495  0.727 0.3000000119
2464  27.616  -68.981  -2.186 0.3000000119
2465  26.802  -69.514  -2.689 0.4000000060
2475  25.217  -69.724  -3.999 0.4000000060
2496  30.313  -68.537  -5.684 0.3000000119
2498  28.773  -69.143  -6.105 0.3000000119
2500  22.969  -70.278  -5.487 0.4000000060
2503  20.930  -69.579  -6.356 0.4000000060
2512  30.740  -68.230  -6.597 0.3000000119
2517  27.533  -69.144  -6.935 0.3000000119
2526  27.385  -68.885  -7.859 0.4000000060
2529  22.858  -69.937  -8.214 0.4000000060
2531  19.594  -70.626  -8.325 0.5000000000
2538  27.406  -68.461  -9.141 0.4000000060
2540  22.029  -70.065  -8.879 0.5000000000
2550  29.897  -69.075  -9.257 0.3000000119
2551  27.185  -67.964  -10.760 0.4000000060
2552  24.661  -68.163  -11.921 0.4000000060
2554  24.636  -67.394  -11.686 0.5000000000
2564  30.114  -68.856  -10.331 0.3000000119
2565  29.912  -69.295  -11.053 0.3000000119
2568  24.725  -67.056  -12.319 0.5000000000
2569  19.362  -70.586  -11.232 0.3000000119
2581  30.836  -68.960  -12.556 0.3000000119
2596  31.068  -69.153  -13.441 0.3000000119
2608  31.932  -68.594  -14.446 0.3000000119
2610  30.485  -69.322  -14.853 0.3000000119
2618  31.661  -68.915  -15.100 0.3000000119
2619  31.201  -68.873  -15.953 0.3000000119
3079  28.315  -67.985  -0.393 0.3000000119
3081  28.294  -68.438  -1.624 0.3000000119
3085  28.627  -67.886  -1.689 0.3000000119
3086  27.955  -68.306  -2.226 0.3000000119
3096  26.229  -68.859  -3.135 0.3000000119
3097  22.744  -68.271  -3.742 0.3000000119
3105  31.077  -67.972  -4.907 0.3000000119
3107  29.670  -68.056  -5.046 0.3000000119
3110  21.704  -68.445  -4.696 0.4000000060
3120  28.411  -68.610  -5.842 0.3000000119
3122  27.180  -67.813  -6.193 0.3000000119
3123  21.321  -69.002  -5.538 0.4000000060
3124  20.596  -68.718  -6.015 0.3000000119
3132  31.902  -67.623  -5.983 0.3000000119
3133  31.102  -68.269  -5.954 0.3000000119
3136  25.778  -67.695  -6.612 0.4000000060
3154  25.402  -68.107  -7.341 0.5000000000
3156  23.604  -68.982  -7.385 0.4000000060
3158  19.396  -69.570  -7.981 0.3000000119
3174  26.011  -66.816  -9.540 0.5000000000
3191  30.231  -68.622  -9.543 0.3000000119
3193  26.072  -66.681  -10.638 0.5000000000
3196  18.210  -69.699  -10.547 0.3000000119
3202  25.785  -66.802  -12.229 0.4000000060
3203  25.945  -66.661  -11.553 0.5000000000
3204  24.688  -66.975  -11.539 0.5000000000
3205  19.691  -69.686  -11.211 0.4000000060
3206  19.034  -69.784  -11.304 0.3000000119
3214  30.925  -68.172  -11.198 0.3000000119
3215  25.461  -66.643  -11.942 0.5000000000
3238  32.320  -68.151  -13.692 0.3000000119
3246  32.371  -68.052  -14.611 0.3000000119
3260  32.220  -67.898  -15.512 0.3000000119
3714  27.655  -67.719  0.100 0.3000000119
3721  28.879  -67.158  -0.670 0.3000000119
3737  25.470  -68.358  -3.032 0.3000000119
3749  30.090  -67.393  -4.700 0.3000000119
3750  28.495  -67.145  -5.483 0.3000000119
3765  27.165  -67.191  -5.997 0.3000000119
3767  25.062  -67.155  -5.738 0.3000000119
3780  26.375  -67.323  -6.233 0.3000000119
3782  24.567  -67.553  -6.045 0.3000000119
3784  23.142  -67.160  -6.963 0.3000000119
3797  31.997  -66.712  -6.747 0.3000000119
3801  23.215  -68.118  -7.297 0.4000000060
3818  25.474  -66.997  -9.582 0.5000000000
3819  22.335  -67.327  -9.130 0.3000000119
3833  24.986  -66.715  -10.837 0.5000000000
3835  21.044  -68.293  -10.553 0.4000000060
3837  18.830  -68.497  -10.356 0.3000000119
3846  30.560  -67.699  -10.548 0.3000000119
3863  30.925  -67.861  -11.057 0.3000000119
3884  32.265  -67.372  -13.433 0.3000000119
3897  32.145  -67.001  -14.057 0.4000000060
3920  32.791  -67.111  -16.921 0.4000000060
3928  33.051  -67.182  -17.803 0.4000000060
4433  27.634  -66.838  0.165 0.3000000119
4447  28.305  -66.597  -1.846 0.3000000119
4488  25.255  -66.570  -5.744 0.3000000119
4489  24.076  -66.082  -6.142 0.3000000119
4499  22.877  -66.365  -7.557 0.3000000119
4606  32.259  -66.938  -14.850 0.3000000119
4607  31.612  -66.607  -14.526 0.3000000119
4608  30.667  -66.229  -14.844 0.3000000119
4609  29.943  -66.091  -14.351 0.4000000060
4635  30.934  -65.904  -16.153 0.3000000119
4644  32.808  -66.511  -17.377 0.4000000060
5311  29.794  -65.630  -4.945 0.3000000119
5312  29.056  -65.849  -5.289 0.3000000119
5328  25.609  -65.891  -5.972 0.3000000119
5338  26.004  -65.167  -6.393 0.3000000119
5340  24.356  -65.493  -6.499 0.3000000119
5356  31.319  -65.541  -7.279 0.3000000119
5358  22.901  -65.366  -8.001 0.3000000119
5417  28.977  -66.101  -11.096 0.3000000119
5456  28.581  -65.156  -14.648 0.5000000000
5467  29.654  -65.506  -15.668 0.4000000060
5468  28.905  -65.097  -15.505 0.4000000060
5470  13.953  -65.496  -15.676 0.5000000000
5480  31.153  -65.689  -16.820 0.4000000060
5494  30.660  -65.090  -17.246 0.4000000060
5502  33.018  -65.712  -18.646 0.3000000119
6179  26.904  -64.956  -6.321 0.3000000119
6194  24.649  -64.772  -6.925 0.3000000119
6212  23.622  -64.397  -7.636 0.3000000119
6281  27.318  -64.354  -11.286 0.3000000119
6295  27.883  -64.926  -12.820 0.4000000060
6313  26.908  -63.920  -13.611 0.5000000000
6329  27.283  -64.100  -14.358 0.3000000119
6330  14.539  -64.364  -14.698 0.6000000238
6331  13.902  -64.397  -14.879 0.6000000238
6350  14.231  -64.972  -15.148 0.6000000238
6365  29.233  -64.210  -16.620 0.5000000000
6366  16.233  -64.563  -16.541 0.6000000238
6379  30.366  -64.354  -17.614 0.3000000119
7197  24.902  -63.958  -7.190 0.3000000119
7293  26.438  -62.895  -12.468 0.4000000060
7325  26.847  -63.413  -14.247 0.4000000060
7326  15.694  -63.160  -14.092 0.6000000238
7339  15.181  -64.330  -14.693 0.6000000238
7340  14.046  -63.107  -14.743 0.6000000238
7372  29.781  -63.006  -17.524 0.4000000060
7376  10.062  -63.058  -18.061 0.5000000000
7377  9.542  -63.311  -17.557 0.5000000000
7378  8.182  -63.523  -17.505 0.5000000000
7379  7.627  -63.287  -17.510 0.5000000000
7389  23.768  -63.336  -19.224 0.6000000238
7390  22.831  -63.481  -19.210 0.5000000000
7391  21.932  -63.582  -19.160 0.4000000060
7394  14.491  -63.048  -18.873 0.6000000238
7395  14.082  -63.708  -19.023 0.6000000238
7406  25.118  -63.518  -19.859 0.6000000238
7409  22.451  -63.837  -19.732 0.4000000060
7423  24.581  -63.587  -20.353 0.6000000238
7426  22.085  -63.690  -20.420 0.6000000238
7429  13.811  -63.046  -20.482 0.5000000000
7438  22.558  -63.256  -21.091 0.5000000000
8391  16.039  -61.642  -13.350 0.5000000000
8392  15.292  -61.923  -13.514 0.6999999881
8393  14.763  -62.180  -13.758 0.5000000000
8408  27.020  -62.810  -14.754 0.4000000060
8425  28.292  -62.955  -16.092 0.4000000060
8426  27.464  -61.996  -15.022 0.5000000000
8427  17.032  -62.410  -15.022 0.5000000000
8431  8.159  -62.331  -15.984 0.6000000238
8446  9.178  -62.809  -16.467 0.6000000238
8447  8.523  -62.885  -16.422 0.6000000238
8448  7.303  -63.010  -17.056 0.5000000000
8449  6.939  -62.246  -17.302 0.6000000238
8457  30.303  -62.734  -18.011 0.4000000060
8460  21.300  -62.572  -17.920 0.4000000060
8467  9.563  -63.019  -16.928 0.5000000000
8476  31.232  -62.269  -18.956 0.4000000060
8478  26.094  -62.286  -18.478 0.6999999881
8479  25.542  -62.720  -18.764 0.6000000238
8480  24.019  -62.947  -18.838 0.6000000238
8481  23.201  -63.039  -18.893 0.6000000238
8483  21.516  -63.121  -18.575 0.5000000000
8487  14.398  -62.514  -18.490 0.6000000238
8488  14.096  -62.156  -18.783 0.6000000238
8500  13.822  -62.585  -19.720 0.6000000238
8514  20.997  -62.807  -20.681 0.5000000000
8536  24.947  -62.400  -21.519 0.4000000060
9525  27.681  -61.143  -14.855 0.4000000060
9529  9.155  -61.486  -15.440 0.5000000000
9531  7.549  -61.636  -15.837 0.5000000000
9544  21.845  -61.362  -16.498 0.8000000119
9548  14.520  -60.876  -16.382 0.6000000238
9549  13.814  -60.472  -17.125 0.6000000238
9550  9.382  -62.235  -16.237 0.6000000238
9561  25.916  -60.901  -17.561 0.8000000119
9568  13.025  -60.662  -17.701 0.6000000238
9569  11.924  -61.107  -17.982 0.5000000000
9571  10.131  -62.170  -17.430 0.6000000238
9579  31.306  -61.467  -19.355 0.5000000000
9592  13.677  -61.478  -18.120 0.6000000238
9602  27.455  -61.382  -19.327 0.6999999881
9604  23.118  -61.719  -18.975 0.6000000238
9636  31.376  -61.440  -21.666 0.5000000000
9642  25.478  -61.361  -21.967 0.6000000238
9645  22.409  -60.989  -22.009 0.5000000000
9655  31.423  -61.694  -22.454 0.4000000060
9657  30.013  -60.929  -23.153 0.4000000060
10560  19.960  -59.282  -12.529 0.6999999881
10574  17.229  -60.364  -12.976 0.6000000238
10575  16.440  -60.564  -13.250 0.6000000238
10587  19.609  -60.760  -13.774 0.6999999881
10588  18.741  -60.935  -13.589 0.6000000238
10590  15.270  -60.934  -14.011 0.6000000238
10591  14.975  -60.968  -14.813 0.5000000000
10592  9.980  -60.481  -14.625 0.4000000060
10593  9.360  -60.829  -14.713 0.4000000060
10594  8.704  -60.992  -14.764 0.5000000000
10599  29.517  -59.495  -15.899 0.4000000060
10607  14.913  -60.821  -15.686 0.5000000000
10619  21.248  -60.722  -15.796 0.8000000119
10621  19.112  -60.846  -15.596 0.6000000238
10632  30.323  -60.212  -17.227 0.3000000119
10636  22.518  -61.721  -17.582 0.6000000238
10652  24.739  -61.662  -18.598 0.6999999881
10655  10.267  -60.719  -18.701 0.6000000238
10656  9.313  -60.518  -18.292 0.6999999881
10664  29.360  -59.883  -19.610 0.6000000238
10671  12.252  -59.970  -18.869 0.5000000000
10672  10.938  -60.346  -19.364 0.6999999881
10682  11.247  -60.037  -20.340 0.6999999881
11552  3.779  -59.331  -9.809 0.5000000000
11553  3.023  -59.262  -9.829 0.5000000000
11556  3.272  -59.513  -10.242 0.5000000000
11566  3.681  -59.505  -10.656 0.5000000000
11582  19.269  -59.345  -12.629 0.6999999881
11583  18.446  -59.465  -12.751 0.6999999881
11596  26.829  -59.566  -13.219 0.4000000060
11598  21.424  -59.316  -12.745 0.6999999881
11601  17.643  -59.644  -12.948 0.6000000238
11615  27.577  -59.534  -14.022 0.4000000060
11620  16.277  -59.796  -14.200 0.6000000238
11621  10.517  -59.784  -14.406 0.5000000000
11622  9.749  -60.126  -14.204 0.5000000000
11630  28.951  -59.521  -15.273 0.4000000060
11631  28.206  -59.822  -14.678 0.4000000060
11632  23.699  -58.459  -15.206 0.8000000119
11633  23.214  -59.438  -15.314 0.6999999881
11638  7.348  -59.579  -15.718 0.5000000000
11651  16.550  -59.366  -16.259 0.6000000238
11653  15.052  -59.825  -16.491 0.5000000000
11654  9.640  -59.630  -16.221 0.5000000000
11655  7.422  -60.340  -15.592 0.5000000000
11661  30.040  -59.244  -17.124 0.4000000060
11664  26.471  -59.082  -16.821 0.6999999881
11665  25.866  -59.499  -17.090 0.6999999881
11675  8.648  -59.247  -18.010 0.5000000000
11685  25.394  -59.919  -17.772 0.8000000119
11689  14.868  -59.393  -18.145 0.6000000238
11690  13.922  -59.421  -18.152 0.6000000238
11698  30.189  -59.745  -19.219 0.5000000000
11707  14.131  -60.102  -20.402 0.6000000238
11708  9.786  -59.610  -20.170 0.6999999881
11723  22.958  -59.891  -20.379 0.6999999881
11724  15.331  -59.792  -21.114 0.6000000238
11727  11.923  -60.026  -21.009 0.6999999881
11740  12.741  -60.045  -21.134 0.6999999881
12619  9.377  -58.480  -7.816 0.8000000119
12620  8.744  -58.580  -7.891 0.8000000119
12621  8.043  -58.625  -7.986 0.6999999881
12629  9.121  -58.537  -8.249 0.8000000119
12631  7.310  -58.793  -8.466 0.6000000238
12638  6.611  -59.187  -9.103 0.6000000238
12639  4.695  -59.009  -9.394 0.6000000238
12643  6.940  -58.813  -9.639 0.6999999881
12645  5.149  -59.221  -9.842 0.6000000238
12646  4.380  -59.374  -10.310 0.5000000000
12647  2.375  -58.803  -10.003 0.5000000000
12679  26.920  -58.724  -12.211 0.3000000119
12695  27.540  -58.249  -13.120 0.5000000000
12697  22.233  -58.082  -13.099 0.8999999762
12699  20.190  -58.072  -13.251 0.6999999881
12702  10.900  -58.550  -13.752 0.6000000238
12720  11.689  -58.604  -14.304 0.6000000238
12721  11.112  -59.023  -13.963 0.6000000238
12723  9.257  -59.631  -14.060 0.5000000000
12737  29.286  -58.486  -15.952 0.5000000000
12756  29.376  -58.705  -16.557 0.6000000238
12771  26.207  -58.577  -16.964 0.6999999881
12774  22.866  -59.050  -18.020 0.8000000119
12775  19.693  -58.351  -17.234 0.8000000119
12778  8.997  -59.027  -17.246 0.5000000000
12786  25.892  -58.393  -17.630 0.6999999881
12792  18.029  -58.992  -19.032 0.6000000238
12808  18.689  -58.664  -19.797 0.6999999881
12810  16.968  -59.125  -20.485 0.6999999881
12811  8.716  -58.773  -19.588 0.5000000000
12812  8.671  -57.939  -19.475 0.5000000000
12828  23.910  -58.936  -21.235 0.6999999881
12831  18.361  -58.455  -20.795 0.5000000000
12837  9.155  -59.024  -20.420 0.6000000238
12843  25.963  -58.123  -21.409 0.6000000238
12845  24.201  -58.384  -21.916 0.6000000238
12848  16.300  -58.472  -21.510 0.6999999881
12850  13.691  -59.300  -21.390 0.6999999881
12851  12.910  -59.439  -21.337 0.6999999881
13829  10.452  -57.945  -6.997 0.6999999881
13830  9.673  -57.941  -6.928 0.8000000119
13848  10.486  -58.058  -7.671 0.6999999881
13849  9.870  -58.250  -7.483 0.8000000119
13859  11.021  -57.673  -7.892 0.6999999881
13860  10.323  -58.007  -8.196 0.6999999881
13861  9.552  -58.214  -8.506 0.8000000119
13863  6.660  -58.271  -8.058 0.6000000238
13867  9.138  -57.794  -9.075 0.8000000119
13868  8.476  -58.133  -9.377 0.8000000119
13870  3.325  -57.735  -9.389 0.6000000238
13871  2.504  -57.858  -9.820 0.5000000000
13896  6.396  -57.160  -10.847 0.6999999881
13914  28.512  -57.380  -12.390 0.3000000119
13922  28.601  -57.176  -13.187 0.4000000060
13923  27.902  -57.683  -12.734 0.3000000119
13927  11.913  -57.360  -13.623 0.6000000238
13929  10.355  -56.991  -13.762 0.5000000000
13942  23.203  -57.139  -14.046 0.8000000119
13944  21.846  -57.263  -13.784 0.8999999762
13947  12.156  -58.029  -14.369 0.6000000238
13960  24.051  -57.356  -15.220 0.8000000119
13964  12.357  -57.660  -15.098 0.6000000238
13965  11.640  -58.166  -15.426 0.6000000238
13967  8.193  -57.415  -15.177 0.5000000000
13974  26.839  -57.722  -16.710 0.6999999881
13995  9.150  -58.095  -17.435 0.6000000238
14010  8.573  -57.552  -18.843 0.5000000000
14030  19.978  -57.436  -20.262 0.6999999881
14032  11.015  -57.439  -20.328 0.6000000238
14053  18.560  -57.658  -21.528 0.5000000000
14054  15.476  -57.546  -21.432 0.6000000238
14055  14.517  -57.547  -21.094 0.6000000238
14057  12.503  -57.901  -20.917 0.6000000238
14058  11.530  -58.120  -20.936 0.6000000238
14060  9.497  -58.354  -20.540 0.6000000238
14069  25.731  -57.694  -22.001 0.6999999881
14072  17.591  -57.647  -21.789 0.6000000238
14073  16.742  -57.843  -21.762 0.6000000238
14085  27.704  -58.038  -22.456 0.4000000060
14086  26.204  -57.306  -22.467 0.4000000060
15059  12.938  -56.259  -6.746 0.4000000060
15061  11.755  -57.113  -6.930 0.6999999881
15062  11.054  -57.314  -6.592 0.6999999881
15072  12.254  -56.636  -7.228 0.6000000238
15074  7.858  -57.407  -7.237 0.6999999881
15075  7.038  -57.355  -7.637 0.6000000238
15084  11.908  -56.741  -7.772 0.6999999881
15085  11.426  -57.039  -8.128 0.6999999881
15089  5.575  -56.860  -8.437 0.6000000238
15094  9.139  -56.598  -9.069 0.8000000119
15096  7.925  -57.269  -9.834 0.6999999881
15097  5.092  -56.425  -8.932 0.6000000238
15098  4.440  -56.473  -9.253 0.5000000000
15124  5.131  -57.242  -11.730 0.5000000000
15142  4.551  -57.138  -12.320 0.5000000000
15153  13.057  -55.833  -13.213 0.6000000238
15154  12.202  -56.520  -13.111 0.5000000000
15155  11.255  -56.847  -13.402 0.6000000238
15157  8.870  -55.986  -14.495 0.5000000000
15158  4.981  -55.465  -13.090 0.5000000000
15174  30.609  -56.359  -14.506 0.4000000060
15179  13.113  -56.414  -14.183 0.5000000000
15182  8.202  -56.059  -15.156 0.5000000000
15191  28.913  -56.823  -15.422 0.4000000060
15193  23.804  -56.051  -14.939 0.6999999881
15196  12.873  -56.789  -15.034 0.6000000238
15211  24.453  -56.103  -15.964 0.6000000238
15214  11.589  -56.742  -16.144 0.6000000238
15228  28.438  -56.345  -16.736 0.5000000000
15230  24.377  -56.117  -16.803 0.6000000238
15232  21.261  -56.296  -17.762 0.6000000238
15233  8.939  -57.181  -17.660 0.6000000238
15247  27.665  -56.972  -18.507 0.6999999881
15250  8.678  -56.422  -18.871 0.6999999881
15265  20.495  -55.732  -20.048 0.6999999881
15270  10.552  -56.735  -19.804 0.6000000238
15271  8.929  -56.535  -19.445 0.6999999881
15272  8.705  -57.131  -19.300 0.6000000238
15285  19.683  -56.524  -21.054 0.6000000238
15287  17.509  -56.215  -21.515 0.5000000000
15288  16.634  -56.445  -21.312 0.5000000000
15296  21.852  -57.021  -22.041 0.5000000000
15298  16.321  -57.336  -21.652 0.6000000238
15309  23.813  -56.894  -22.895 0.6000000238
15310  22.560  -57.029  -22.686 0.6000000238
16268  13.911  -55.429  -5.912 0.4000000060
16269  13.166  -55.620  -5.742 0.4000000060
16282  14.015  -55.510  -6.379 0.4000000060
16284  12.698  -56.189  -6.184 0.4000000060
16287  8.440  -55.278  -6.628 0.8000000119
16298  14.120  -55.436  -6.850 0.4000000060
16306  11.647  -56.170  -8.174 0.6999999881
16318  9.054  -55.348  -9.093 0.8000000119
16346  11.251  -54.908  -11.602 0.8000000119
16350  6.482  -55.919  -11.336 0.6000000238
16363  12.089  -55.067  -11.953 0.6999999881
16364  11.408  -55.397  -11.917 0.8000000119
16367  7.141  -54.865  -11.933 0.6000000238
16368  6.547  -54.884  -12.397 0.6000000238
16378  12.287  -55.726  -12.439 0.6999999881
16381  8.761  -55.347  -13.554 0.6000000238
16384  5.656  -54.747  -13.619 0.5000000000
16398  13.315  -55.476  -14.005 0.6000000238
16400  6.435  -54.180  -14.697 0.5000000000
16410  23.576  -55.610  -15.526 0.6999999881
16411  22.832  -55.680  -15.522 0.6999999881
16413  17.286  -55.193  -15.192 0.5000000000
16414  16.674  -55.316  -15.657 0.6000000238
16430  23.981  -55.204  -16.392 0.6000000238
16431  23.174  -55.180  -16.290 0.6000000238
16434  16.497  -55.485  -16.264 0.6000000238
16435  15.921  -55.391  -16.700 0.6000000238
16438  9.745  -55.754  -16.837 0.6000000238
16448  24.303  -55.215  -16.979 0.6000000238
16449  22.673  -54.739  -17.166 0.6000000238
16456  8.851  -55.586  -17.456 0.6000000238
16470  16.038  -55.417  -18.670 0.6000000238
16471  15.056  -54.829  -19.301 0.6000000238
16472  14.257  -54.767  -19.395 0.6000000238
16474  9.510  -55.098  -19.137 0.6999999881
16482  18.335  -54.751  -20.745 0.5000000000
16483  17.280  -54.835  -20.423 0.6000000238
16486  13.832  -55.374  -19.607 0.6000000238
16487  12.382  -55.655  -19.450 0.6999999881
16489  9.766  -55.944  -19.458 0.6000000238
17470  8.801  -54.439  -6.412 0.8000000119
17471  8.023  -54.370  -6.625 0.8000000119
17483  12.792  -55.431  -7.842 0.5000000000
17484  6.969  -53.725  -6.730 0.6999999881
17492  13.054  -54.438  -8.143 0.5000000000
17494  11.411  -54.353  -8.497 0.6000000238
17497  6.153  -54.900  -8.206 0.6000000238
17510  5.260  -54.254  -10.251 0.5000000000
17522  9.055  -54.329  -9.941 0.8000000119
17537  11.339  -54.432  -11.717 0.6999999881
17540  8.640  -54.875  -10.850 0.6999999881
17548  8.423  -54.920  -11.753 0.6999999881
17549  7.692  -54.839  -12.115 0.6000000238
17561  13.120  -54.887  -12.883 0.6000000238
17562  8.144  -54.872  -12.698 0.6000000238
17575  17.714  -54.493  -14.400 0.5000000000
17576  16.924  -54.445  -14.791 0.5000000000
17577  13.104  -54.571  -13.684 0.6000000238
17586  16.550  -54.989  -15.292 0.5000000000
17587  15.939  -54.871  -15.778 0.6000000238
17588  12.888  -54.848  -14.623 0.5000000000
17590  10.481  -54.250  -15.573 0.5000000000
17599  15.787  -54.197  -16.283 0.6000000238
17607  23.552  -54.259  -17.708 0.6000000238
17612  17.383  -54.923  -18.547 0.5000000000
17614  8.531  -54.805  -17.364 0.5000000000
17615  8.490  -54.474  -17.851 0.5000000000
17623  20.195  -53.879  -19.752 0.6000000238
17628  13.883  -54.069  -19.153 0.6999999881
17630  12.019  -54.259  -19.131 0.6000000238
17634  8.625  -54.959  -18.405 0.5000000000
17639  21.846  -54.075  -20.719 0.5000000000
17643  12.615  -54.874  -19.298 0.6999999881
17653  21.954  -54.393  -21.228 0.5000000000
18582  12.236  -53.834  -5.482 0.5000000000
18595  11.074  -52.999  -5.823 0.6999999881
18596  10.076  -53.746  -6.000 0.6999999881
18597  9.254  -53.668  -6.290 0.8000000119
18610  14.048  -54.492  -7.854 0.4000000060
18611  8.210  -52.987  -6.491 0.8000000119
18612  6.355  -53.596  -6.800 0.6999999881
18624  14.353  -53.755  -8.245 0.4000000060
18626  11.005  -53.614  -8.849 0.6000000238
18627  5.783  -54.128  -8.436 0.6000000238
18635  11.846  -52.826  -9.079 0.5000000000
18636  11.189  -53.112  -9.105 0.6000000238
18637  10.297  -53.247  -9.396 0.6000000238
18648  9.774  -53.506  -9.988 0.8000000119
18649  9.426  -54.038  -9.769 0.8000000119
18667  10.439  -53.716  -11.023 0.6000000238
18677  11.677  -53.915  -12.337 0.6999999881
18695  11.668  -53.646  -13.121 0.6999999881
18714  12.441  -53.981  -13.626 0.6000000238
18715  11.514  -53.724  -14.158 0.6000000238
18716  10.100  -53.285  -14.379 0.5000000000
18726  8.541  -53.156  -15.693 0.5000000000
18738  8.329  -53.569  -16.473 0.5000000000
18746  15.681  -53.487  -17.224 0.6000000238
18754  22.861  -53.651  -18.960 0.6000000238
18759  14.682  -53.531  -18.287 0.5000000000
18763  11.226  -53.705  -18.700 0.5000000000
18764  10.063  -53.480  -18.483 0.5000000000
18765  9.272  -53.913  -18.454 0.5000000000
18771  20.149  -52.260  -19.599 0.5000000000
18776  21.380  -52.558  -21.246 0.5000000000
19734  13.792  -53.229  -5.350 0.4000000060
19745  12.241  -52.271  -5.885 0.4000000060
19746  11.389  -52.301  -6.040 0.5000000000
19747  10.584  -52.452  -6.186 0.6999999881
19750  4.453  -52.058  -6.490 0.5000000000
19751  3.893  -51.869  -6.697 0.4000000060
19756  10.021  -51.953  -6.685 0.6999999881
19758  7.722  -52.799  -6.682 0.6999999881
19761  4.045  -52.522  -6.892 0.6999999881
19777  12.836  -53.035  -8.832 0.4000000060
19779  7.200  -52.443  -6.990 0.6000000238
19820  10.063  -52.424  -10.970 0.5000000000
19905  17.969  -53.170  -14.364 0.5000000000
19927  18.094  -52.344  -14.892 0.5000000000
19956  16.993  -52.571  -16.313 0.5000000000
19978  16.852  -52.274  -17.445 0.5000000000
19984  8.305  -53.404  -17.449 0.5000000000
20002  21.283  -52.821  -20.046 0.6000000238
20003  19.902  -52.089  -19.096 0.5000000000
20004  16.111  -51.954  -18.113 0.5000000000
20006  14.383  -52.791  -18.145 0.5000000000
20007  13.540  -52.794  -18.192 0.5000000000
20025  21.148  -52.786  -20.750 0.6000000238
21042  4.184  -51.328  -6.508 0.4000000060
21043  3.711  -51.236  -6.872 0.4000000060
21055  11.399  -51.057  -6.897 0.4000000060
21058  8.628  -51.949  -7.501 0.6999999881
21059  5.881  -51.982  -6.601 0.6999999881
21060  5.183  -52.083  -6.485 0.6999999881
21075  10.194  -50.959  -7.799 0.6000000238
21076  9.226  -51.415  -7.932 0.6999999881
21096  7.005  -52.154  -9.310 0.6999999881
21097  6.678  -51.909  -8.911 0.6000000238
21117  10.474  -51.857  -11.020 0.5000000000
21218  18.819  -52.035  -14.527 0.5000000000
21249  18.105  -51.214  -17.592 0.5000000000
21291  16.841  -51.409  -18.479 0.5000000000
21292  15.592  -51.685  -18.015 0.5000000000
21312  20.232  -51.873  -19.589 0.6000000238
21332  21.313  -51.220  -21.452 0.6000000238
22311  4.056  -50.709  -6.646 0.4000000060
22329  5.310  -51.152  -6.558 0.5000000000
22346  9.696  -50.732  -8.580 0.6000000238
22347  8.662  -51.296  -8.932 0.6999999881
22348  6.223  -51.242  -8.305 0.5000000000
22361  8.118  -51.484  -10.015 0.6999999881
22375  6.996  -51.411  -11.237 0.6999999881
22396  6.801  -50.726  -11.654 0.6000000238
22418  6.925  -50.231  -12.700 0.6000000238
22485  17.880  -51.071  -18.456 0.5000000000
22517  22.021  -50.365  -20.468 0.5000000000
22524  22.437  -50.484  -21.122 0.6000000238
22525  21.489  -50.733  -21.013 0.6000000238
23520  11.043  -49.684  -8.798 0.3000000119
23536  11.513  -49.213  -9.338 0.3000000119
23539  6.887  -49.351  -9.103 0.5000000000
23540  6.369  -50.336  -9.987 0.5000000000
23558  11.181  -49.034  -10.125 0.3000000119
23560  9.401  -49.847  -10.942 0.6000000238
23562  6.579  -50.224  -11.071 0.6000000238
23605  8.674  -49.342  -12.887 0.5000000000
23606  7.892  -49.645  -13.166 0.6999999881
23607  7.397  -49.312  -13.546 0.6000000238
23608  6.722  -49.794  -12.725 0.8000000119
24821  13.559  -48.507  -10.623 0.3000000119
24824  10.891  -48.801  -10.971 0.3000000119
24826  6.572  -49.313  -11.400 0.6000000238
24843  11.652  -48.426  -11.506 0.4000000060
24845  9.639  -48.926  -12.473 0.6000000238
24846  6.634  -48.538  -11.683 0.6000000238
24847  6.551  -49.144  -12.337 0.6000000238
24873  10.297  -47.703  -13.866 0.4000000060
24876  7.394  -48.625  -13.723 0.6000000238
25996  15.242  -48.123  -10.293 0.3000000119
26063  11.237  -47.399  -13.901 0.4000000060
26064  9.329  -47.466  -14.052 0.6000000238
26065  7.800  -48.160  -13.910 0.6000000238
27380  8.542  -46.834  -13.882 0.6000000238
27381  7.784  -47.419  -13.618 0.6000000238
28625  8.714  -44.807  -13.376 0.5000000000
28627  7.175  -45.589  -12.344 0.6999999881
28654  12.008  -45.703  -14.960 0.3000000119
29843  7.572  -43.979  -11.951 0.5000000000
29858  8.086  -44.306  -12.725 0.5000000000
29873  9.541  -44.593  -13.724 0.6000000238
29887  13.199  -44.697  -15.386 0.3000000119
29889  11.571  -44.830  -14.901 0.3000000119
31017  6.956  -43.719  -9.841 0.5000000000
31028  7.646  -43.054  -10.922 0.6000000238
31046  7.328  -43.803  -11.097 0.6000000238
31069  10.206  -43.159  -12.800 0.5000000000
31091  10.672  -43.661  -13.483 0.5000000000
31109  11.890  -44.118  -14.657 0.4000000060
32188  7.212  -42.392  -9.433 0.5000000000
32201  8.445  -41.544  -11.018 0.4000000060
32211  9.879  -41.996  -12.060 0.4000000060
32231  9.728  -42.768  -12.290 0.4000000060
32275  12.960  -43.014  -14.870 0.3000000119
32285  15.354  -42.838  -15.960 0.3000000119
33250  12.430  -41.365  -6.625 0.3000000119
33272  7.298  -41.450  -8.477 0.3000000119
33287  8.091  -41.147  -10.276 0.5000000000
34549  12.504  -40.766  -8.316 0.3000000119
34552  9.507  -39.472  -8.787 0.4000000060
34590  10.677  -39.154  -12.076 0.3000000119
34603  11.118  -39.620  -12.674 0.3000000119
35832  10.330  -38.993  -10.131 0.3000000119
35845  10.379  -38.791  -11.161 0.4000000060
35877  12.817  -38.865  -14.238 0.3000000119
135767  19.064  -71.370  -10.854 0.4000000060
135769  24.946  -66.721  -11.846 0.5000000000
136200  24.889  -67.073  -12.913 0.4000000060
136238  22.211  -70.018  -7.831 0.5000000000
136267  18.514  -70.771  -11.287 0.3000000119
136272  24.923  -67.697  -12.450 0.4000000060
136336  8.841  -59.955  -18.053 0.6000000238
136381  19.837  -71.247  -9.934 0.5000000000
136433  17.975  -70.898  -10.564 0.3000000119
138785  28.314  -68.465  -0.987 0.3000000119
139065  11.950  -55.339  -8.195 0.5000000000
139615  32.406  -67.462  -14.937 0.3000000119
139761  23.068  -56.129  -22.790 0.5000000000
139831  4.214  -58.210  -9.080 0.6000000238
140328  30.605  -69.469  -14.110 0.3000000119
140678  19.234  -58.309  -14.554 0.6999999881
140817  31.089  -60.690  -19.254 0.5000000000
141204  31.762  -68.629  -15.711 0.3000000119
141309  29.180  -66.009  -12.825 0.4000000060
141409  24.235  -69.810  -1.068 0.4000000060
141416  20.790  -51.185  -20.823 0.5000000000
141599  24.219  -56.413  -15.330 0.8000000119
141781  30.708  -60.499  -20.336 0.6000000238
142128  21.853  -57.720  -21.471 0.6000000238
142254  24.758  -63.207  -19.098 0.6000000238
142292  21.954  -58.747  -20.465 0.6999999881
142785  12.408  -55.148  -15.295 0.5000000000
143438  9.713  -41.614  -5.634 0.3000000119
143466  11.750  -47.895  -13.135 0.4000000060
143469  20.977  -71.900  -5.402 0.4000000060
143568  28.480  -58.790  -17.178 0.6999999881
143962  21.169  -57.439  -14.269 0.8000000119
144125  14.429  -62.313  -14.378 0.5000000000
144501  29.238  -60.265  -20.383 0.6999999881
144535  9.951  -53.042  -10.655 0.6999999881
144776  23.657  -69.728  -4.630 0.4000000060
145204  31.356  -68.239  -12.111 0.4000000060
145374  19.509  -70.574  -3.962 0.3000000119
145973  31.087  -69.113  -15.262 0.3000000119
146199  13.280  -49.045  -9.324 0.3000000119
146295  26.741  -68.224  0.427 0.3000000119
146335  29.253  -69.618  -9.396 0.3000000119
146723  30.886  -61.897  -18.373 0.4000000060
147094  29.325  -56.648  -14.641 0.5000000000
147213  23.678  -71.724  -4.316 0.3000000119
147224  9.017  -56.218  -6.506 0.8000000119
147634  16.471  -55.596  -17.058 0.6000000238
147670  25.756  -69.276  1.009 0.3000000119
147930  28.583  -69.463  -10.239 0.3000000119
148119  27.783  -66.948  -5.787 0.3000000119
148357  5.776  -59.176  -9.182 0.6000000238
148443  8.201  -58.694  -9.067 0.6999999881
149370  18.355  -74.416  -3.996 0.4000000060
149759  27.105  -66.424  -5.937 0.3000000119
149856  17.431  -59.297  -13.455 0.6000000238
150323  20.714  -51.215  -18.764 0.6000000238
150479  26.515  -61.856  -13.804 0.4000000060
150619  7.056  -55.216  -11.237 0.6000000238
150683  22.990  -62.216  -21.595 0.5000000000
150698  30.715  -68.715  -11.769 0.3000000119
151225  28.880  -69.737  -10.022 0.3000000119
151234  18.334  -56.127  -21.629 0.5000000000
151285  7.829  -62.842  -16.528 0.5000000000
151655  26.499  -66.867  -5.971 0.3000000119
151831  29.255  -68.604  -5.596 0.3000000119
151841  26.855  -60.242  -23.044 0.6000000238
151913  22.591  -65.812  -8.882 0.3000000119
152152  8.761  -54.701  -10.231 0.6999999881
152343  27.126  -64.267  -12.865 0.4000000060
152534  19.717  -60.324  -12.957 0.6999999881
152664  29.087  -58.581  -15.297 0.4000000060
152698  3.846  -52.589  -7.611 0.6999999881
152751  16.941  -61.489  -13.435 0.6000000238
152892  20.627  -58.838  -12.568 0.8000000119
153332  25.275  -70.986  -3.302 0.4000000060
153346  16.411  -62.761  -14.226 0.6000000238
153426  5.637  -50.304  -6.819 0.5000000000
154045  13.313  -41.019  -8.007 0.3000000119
154111  29.296  -69.633  -10.103 0.3000000119
154206  8.609  -57.022  -18.427 0.6999999881
154264  18.133  -60.670  -12.909 0.6999999881
154282  11.497  -53.600  -5.612 0.5000000000
154424  13.880  -53.075  -8.750 0.4000000060
154470  24.933  -71.238  -3.792 0.3000000119
155328  7.238  -47.207  -12.975 0.6999999881
155479  26.792  -69.055  -0.032 0.3000000119
155588  7.181  -42.043  -8.888 0.5000000000
155758  15.629  -59.917  -15.680 0.6000000238
155759  16.738  -53.803  -14.974 0.5000000000
156204  14.504  -53.926  -18.937 0.6000000238
156708  15.034  -51.284  -17.889 0.5000000000
156713  26.565  -58.044  -19.046 0.6999999881
156760  12.144  -61.856  -18.653 0.6000000238
157015  25.833  -69.491  -3.554 0.4000000060
157070  24.299  -71.281  -4.859 0.3000000119
157412  30.624  -68.248  -5.198 0.3000000119
157851  22.906  -59.649  -14.711 0.6999999881
157952  17.446  -59.206  -18.467 0.5000000000
157957  24.980  -66.758  -12.380 0.5000000000
157963  28.753  -69.529  -10.609 0.4000000060
158164  19.456  -73.982  -3.034 0.4000000060
158268  27.883  -59.864  -18.101 0.6999999881
158282  22.328  -72.001  -6.176 0.4000000060
158307  9.283  -52.381  -6.660 0.6999999881
158418  24.171  -71.467  -2.953 0.3000000119
158429  9.628  -60.939  -15.208 0.5000000000
158431  10.077  -41.460  -6.214 0.3000000119
158611  10.414  -55.423  -6.020 0.6999999881
158679  15.523  -65.030  -15.843 0.6000000238
158718  28.417  -67.508  -1.916 0.3000000119
159156  22.781  -70.908  -6.915 0.4000000060
159398  18.883  -58.605  -13.229 0.6999999881
159484  21.255  -60.378  -14.154 0.6999999881
159621  13.067  -59.645  -18.323 0.4000000060
159638  19.812  -69.859  -7.511 0.5000000000
159683  14.251  -59.805  -16.846 0.5000000000
159704  19.670  -59.790  -12.594 0.6999999881
160247  6.983  -50.734  -12.191 0.6000000238
160610  30.612  -69.407  -13.037 0.4000000060
160771  19.802  -73.721  -2.177 0.5000000000
160788  8.418  -53.885  -17.760 0.5000000000
160811  12.239  -57.616  -13.929 0.6000000238
160832  5.497  -54.019  -9.321 0.5000000000
161212  30.923  -67.865  -6.712 0.3000000119
161388  20.210  -58.436  -12.771 0.8000000119
161491  29.087  -57.748  -23.017 0.4000000060
161681  30.079  -59.249  -17.724 0.6000000238
161925  25.417  -70.631  -4.190 0.3000000119
162540  31.933  -67.267  -6.379 0.3000000119
162558  21.285  -51.004  -18.340 0.5000000000
162720  21.762  -71.489  -6.875 0.4000000060
163124  9.178  -39.618  -8.094 0.4000000060
163260  23.839  -71.609  -3.251 0.3000000119
163367  13.219  -56.134  -19.777 0.6000000238
163456  26.582  -60.666  -22.322 0.6000000238
163734  6.927  -49.774  -13.141 0.8000000119
163747  14.132  -43.395  -15.565 0.3000000119
163833  23.063  -71.765  -3.016 0.4000000060
163886  15.652  -52.488  -17.927 0.5000000000
163961  25.041  -69.811  -7.988 0.4000000060
163987  21.408  -63.466  -20.373 0.6000000238
164099  9.516  -48.084  -13.817 0.5000000000
164352  28.954  -66.598  -5.280 0.3000000119
164687  5.232  -50.252  -6.549 0.4000000060
164780  32.417  -67.731  -13.504 0.3000000119
164916  6.925  -59.117  -8.840 0.5000000000
165011  9.277  -58.954  -14.032 0.5000000000
165043  7.050  -47.934  -12.922 0.6999999881
