#!ascii label  , from subject sub-LJ001 vox2ras=TkReg
521
18541  54.583  -52.742  -2.160 0.0000000000
30952  44.006  -43.363  -4.216 0.0000000000
19633  47.593  -52.715  1.096 0.0000000000
24658  46.711  -48.081  0.141 0.0000000000
30928  38.090  -42.882  -2.249 0.0000000000
23381  42.243  -49.865  0.003 0.0000000000
28436  38.239  -45.447  0.265 0.0000000000
30829  42.720  -43.777  1.378 0.0000000000
145876  47.087  -42.643  0.763 0.0000000000
18527  49.941  -54.389  -2.544 0.0000000000
144908  46.359  -51.025  -3.113 0.0000000000
139316  42.931  -46.606  -2.048 0.0000000000
30953  40.143  -42.770  -4.889 0.0000000000
27284  40.371  -46.415  -7.483 0.0000000000
24624  52.210  -49.253  0.711 0.0000000000
17344  51.527  -54.341  1.755 0.0000000000
14889  49.344  -56.278  3.862 0.0000000000
152517  51.105  -46.100  -1.228 0.0000000000
24606  41.858  -48.378  1.919 0.0000000000
33179  42.209  -41.704  -1.391 0.0000000000
164254  43.299  -41.392  1.009 0.0000000000
138218  48.686  -53.796  -0.456 0.0000000000
19668  46.987  -52.785  -1.250 0.0000000000
27172  39.950  -46.827  -0.957 0.0000000000
24702  42.721  -48.506  -2.477 0.0000000000
28485  40.842  -45.799  -1.294 0.0000000000
29684  40.407  -43.741  -0.734 0.0000000000
32131  38.783  -42.567  -4.077 0.0000000000
25959  42.541  -47.586  -7.481 0.0000000000
17312  51.470  -55.745  4.601 0.0000000000
14899  50.321  -55.947  3.149 0.0000000000
13576  50.992  -56.789  5.734 0.0000000000
23401  48.445  -49.114  -0.405 0.0000000000
27168  48.817  -47.132  0.344 0.0000000000
33145  47.689  -41.088  -0.442 0.0000000000
32066  49.306  -42.715  -0.783 0.0000000000
20906  46.029  -51.485  3.085 0.0000000000
20948  45.772  -51.232  0.704 0.0000000000
23359  43.492  -49.873  1.177 0.0000000000
24629  40.734  -48.457  0.658 0.0000000000
29685  37.985  -44.570  -0.630 0.0000000000
28410  44.581  -45.290  1.302 0.0000000000
28433  46.859  -45.747  1.332 0.0000000000
30826  45.232  -43.465  1.662 0.0000000000
33113  45.093  -41.105  1.097 0.0000000000
28533  45.632  -45.196  -5.621 0.0000000000
149435  52.999  -53.655  -2.815 0.0000000000
22248  48.012  -50.646  -2.680 0.0000000000
23403  46.602  -48.945  -1.512 0.0000000000
22230  44.455  -51.111  -1.726 0.0000000000
136789  44.609  -48.536  -2.552 0.0000000000
25879  44.762  -46.806  -0.941 0.0000000000
28412  42.912  -45.038  0.673 0.0000000000
32070  40.907  -42.700  -0.511 0.0000000000
30963  41.861  -43.233  -5.416 0.0000000000
29766  38.326  -44.363  -5.503 0.0000000000
152985  40.452  -45.528  -6.318 0.0000000000
28554  42.166  -45.764  -6.422 0.0000000000
164176  43.784  -45.677  -6.408 0.0000000000
23378  54.281  -49.353  -0.297 0.0000000000
22213  54.480  -51.584  -0.340 0.0000000000
20925  52.259  -51.798  1.267 0.0000000000
158656  53.198  -53.139  -0.462 0.0000000000
17380  51.340  -54.186  -0.677 0.0000000000
17353  49.670  -54.725  1.286 0.0000000000
17355  48.543  -54.496  2.407 0.0000000000
17314  47.173  -55.305  5.051 0.0000000000
18459  46.634  -53.861  4.246 0.0000000000
29682  49.072  -44.941  0.094 0.0000000000
19665  55.754  -51.700  -1.527 0.0000000000
20986  55.974  -51.328  -2.248 0.0000000000
19691  55.354  -51.855  -2.542 0.0000000000
32118  43.086  -42.249  -2.888 0.0000000000
33178  42.907  -41.531  -1.828 0.0000000000
18492  48.173  -53.180  0.374 0.0000000000
150787  47.807  -53.179  -0.785 0.0000000000
19651  47.371  -52.619  -0.078 0.0000000000
28487  39.561  -45.339  -0.865 0.0000000000
158415  40.317  -46.359  -1.348 0.0000000000
29710  39.170  -44.282  -1.009 0.0000000000
30901  39.612  -43.496  -1.282 0.0000000000
32122  38.538  -42.521  -3.402 0.0000000000
24791  43.339  -48.330  -9.406 0.0000000000
14872  50.904  -56.602  4.593 0.0000000000
144839  47.868  -48.608  -0.012 0.0000000000
24656  48.768  -48.199  0.096 0.0000000000
25875  47.876  -47.284  0.716 0.0000000000
33144  48.546  -41.202  -1.087 0.0000000000
22202  44.698  -50.243  1.590 0.0000000000
23345  43.872  -49.535  2.072 0.0000000000
25854  39.589  -47.101  1.217 0.0000000000
25853  40.186  -47.839  1.002 0.0000000000
27155  39.129  -46.696  0.553 0.0000000000
27173  39.446  -46.718  -0.341 0.0000000000
28461  38.481  -45.372  -0.320 0.0000000000
29637  43.182  -44.458  1.317 0.0000000000
29635  44.948  -44.710  1.567 0.0000000000
30828  43.458  -43.646  1.648 0.0000000000
33114  44.087  -41.332  1.260 0.0000000000
35647  44.784  -39.830  0.233 0.0000000000
34411  45.711  -39.848  0.031 0.0000000000
18525  51.762  -54.057  -2.543 0.0000000000
19693  51.683  -52.817  -3.113 0.0000000000
18545  50.045  -53.775  -3.105 0.0000000000
23433  47.552  -49.985  -2.075 0.0000000000
143206  46.654  -49.985  -3.035 0.0000000000
22216  44.253  -50.816  -0.015 0.0000000000
20963  44.571  -51.135  -0.672 0.0000000000
22232  43.513  -50.658  -0.349 0.0000000000
25894  43.418  -47.258  -2.304 0.0000000000
25910  43.927  -47.904  -2.498 0.0000000000
153946  44.241  -47.073  -1.894 0.0000000000
25893  44.811  -47.551  -1.827 0.0000000000
27169  43.857  -46.477  -1.479 0.0000000000
27152  44.168  -46.042  -0.398 0.0000000000
151681  42.776  -45.432  -0.113 0.0000000000
32102  39.739  -42.236  -2.733 0.0000000000
32086  40.294  -42.674  -1.279 0.0000000000
32120  40.623  -41.894  -2.913 0.0000000000
32119  41.768  -41.859  -3.033 0.0000000000
32135  41.283  -42.598  -4.840 0.0000000000
24794  39.453  -48.693  -9.697 0.0000000000
142507  40.652  -47.027  -8.991 0.0000000000
25975  39.391  -47.056  -8.998 0.0000000000
27285  39.418  -46.313  -7.759 0.0000000000
27264  39.784  -45.917  -6.865 0.0000000000
157798  39.645  -45.280  -6.191 0.0000000000
25958  43.285  -47.945  -7.450 0.0000000000
25947  42.101  -47.073  -6.995 0.0000000000
25946  43.042  -47.308  -6.920 0.0000000000
28553  43.078  -45.745  -6.450 0.0000000000
146175  43.792  -47.183  -6.785 0.0000000000
24655  52.924  -48.592  0.427 0.0000000000
23379  52.961  -49.723  0.257 0.0000000000
151326  53.725  -50.153  -0.103 0.0000000000
22215  53.225  -50.789  0.295 0.0000000000
19613  51.602  -53.651  2.340 0.0000000000
141523  51.311  -52.812  2.354 0.0000000000
140229  52.539  -53.061  0.933 0.0000000000
19650  53.013  -52.471  0.619 0.0000000000
18490  52.667  -53.340  0.126 0.0000000000
17361  52.789  -53.549  -0.837 0.0000000000
16140  51.375  -54.282  1.103 0.0000000000
14900  49.977  -56.205  3.487 0.0000000000
16162  50.207  -55.209  1.922 0.0000000000
16164  49.444  -55.664  3.012 0.0000000000
139272  49.270  -54.973  2.161 0.0000000000
17346  48.812  -55.330  3.053 0.0000000000
18410  46.381  -54.024  6.289 0.0000000000
160528  46.626  -54.686  5.435 0.0000000000
17315  46.582  -54.724  4.973 0.0000000000
29655  47.347  -44.163  0.987 0.0000000000
29654  48.133  -44.730  0.616 0.0000000000
142166  47.998  -43.911  0.463 0.0000000000
30899  50.581  -43.479  -1.424 0.0000000000
32068  42.033  -42.172  0.226 0.0000000000
32039  42.681  -41.962  0.815 0.0000000000
18510  49.536  -54.530  -1.725 0.0000000000
18546  49.104  -53.861  -3.254 0.0000000000
141209  48.056  -53.810  -2.247 0.0000000000
159151  46.174  -52.074  -2.880 0.0000000000
24682  41.048  -48.650  -0.862 0.0000000000
23405  42.077  -49.660  -0.937 0.0000000000
25896  40.876  -47.804  -1.437 0.0000000000
25911  41.261  -46.874  -2.027 0.0000000000
27171  41.514  -45.982  -1.506 0.0000000000
28458  41.445  -45.385  -0.751 0.0000000000
28459  40.681  -44.954  -0.752 0.0000000000
32087  39.561  -42.613  -1.956 0.0000000000
32130  39.651  -42.410  -4.152 0.0000000000
25961  40.916  -46.784  -8.117 0.0000000000
24776  42.787  -47.912  -8.880 0.0000000000
24775  43.445  -48.485  -8.372 0.0000000000
17330  51.440  -54.981  3.058 0.0000000000
155770  51.067  -54.814  1.910 0.0000000000
162010  50.889  -56.087  3.474 0.0000000000
14873  50.508  -56.614  4.178 0.0000000000
141065  49.990  -56.868  4.773 0.0000000000
24675  50.205  -48.044  -0.634 0.0000000000
27167  49.660  -46.554  -0.217 0.0000000000
33111  47.212  -41.721  0.326 0.0000000000
30849  48.251  -43.329  0.150 0.0000000000
136913  48.178  -41.892  -0.327 0.0000000000
33160  49.414  -41.545  -1.531 0.0000000000
20905  46.426  -51.705  2.174 0.0000000000
20927  46.425  -51.604  1.196 0.0000000000
20928  45.963  -51.125  1.775 0.0000000000
22203  44.097  -50.171  1.153 0.0000000000
23360  42.641  -49.636  0.908 0.0000000000
24628  41.424  -48.793  1.061 0.0000000000
24659  41.127  -49.000  0.209 0.0000000000
25897  39.995  -47.443  -0.481 0.0000000000
28460  39.148  -45.851  -0.577 0.0000000000
27151  45.638  -46.651  0.703 0.0000000000
27150  46.459  -46.752  1.056 0.0000000000
28409  45.402  -45.293  1.426 0.0000000000
151118  45.752  -44.391  1.560 0.0000000000
30825  46.094  -43.444  1.400 0.0000000000
33097  44.152  -42.134  1.546 0.0000000000
33096  44.884  -41.911  1.418 0.0000000000
32037  46.399  -42.084  0.979 0.0000000000
33146  46.880  -40.764  0.028 0.0000000000
34410  46.530  -40.052  -0.324 0.0000000000
30961  44.410  -43.772  -4.880 0.0000000000
152862  53.615  -53.282  -2.924 0.0000000000
21009  54.192  -52.320  -3.323 0.0000000000
146252  52.635  -52.656  -3.301 0.0000000000
23402  47.441  -49.319  -0.968 0.0000000000
24678  46.216  -48.240  -0.915 0.0000000000
20971  44.951  -51.115  -2.545 0.0000000000
23437  43.232  -49.426  -2.503 0.0000000000
23436  44.082  -49.860  -2.687 0.0000000000
22250  45.654  -50.162  -3.080 0.0000000000
24700  46.001  -48.696  -2.056 0.0000000000
25892  45.494  -47.592  -1.037 0.0000000000
25878  45.387  -47.007  -0.112 0.0000000000
144328  44.933  -46.355  0.185 0.0000000000
28411  43.731  -45.184  1.083 0.0000000000
29638  42.369  -44.364  0.922 0.0000000000
161168  41.365  -44.736  -0.247 0.0000000000
29657  41.589  -44.110  0.404 0.0000000000
32069  41.471  -42.714  0.165 0.0000000000
32101  41.444  -41.790  -2.067 0.0000000000
32128  42.113  -42.133  -3.988 0.0000000000
30962  42.989  -43.149  -4.978 0.0000000000
30929  37.257  -43.053  -2.380 0.0000000000
25991  39.537  -47.727  -9.418 0.0000000000
30966  37.846  -43.689  -5.008 0.0000000000
32123  37.999  -42.752  -3.822 0.0000000000
30965  38.698  -43.508  -5.124 0.0000000000
30964  39.528  -43.405  -5.239 0.0000000000
164311  40.092  -43.389  -5.340 0.0000000000
27283  41.281  -46.708  -7.211 0.0000000000
28555  41.286  -45.687  -6.374 0.0000000000
29763  41.412  -44.100  -5.912 0.0000000000
29779  41.845  -44.893  -6.221 0.0000000000
29762  42.574  -43.959  -5.824 0.0000000000
29761  43.641  -44.307  -5.713 0.0000000000
28552  44.868  -45.390  -6.031 0.0000000000
25872  55.422  -47.654  0.008 0.0000000000
25873  54.381  -47.609  0.186 0.0000000000
23377  55.310  -49.383  -0.498 0.0000000000
22229  54.696  -50.482  -0.402 0.0000000000
22228  55.397  -51.163  -0.647 0.0000000000
19667  54.503  -52.420  -0.873 0.0000000000
19614  50.466  -52.355  3.036 0.0000000000
22199  51.890  -50.879  1.121 0.0000000000
20946  53.334  -52.072  0.513 0.0000000000
19649  54.001  -52.533  -0.543 0.0000000000
18523  54.071  -53.042  -1.767 0.0000000000
17378  53.005  -53.765  -1.734 0.0000000000
17396  52.025  -54.210  -2.096 0.0000000000
17381  50.820  -54.415  -1.223 0.0000000000
16161  50.731  -54.803  1.533 0.0000000000
17364  50.466  -54.453  -0.013 0.0000000000
17382  50.051  -54.525  -0.921 0.0000000000
17366  49.369  -54.293  0.353 0.0000000000
18491  48.859  -53.880  0.819 0.0000000000
18478  48.251  -53.601  1.616 0.0000000000
16125  48.288  -55.474  3.949 0.0000000000
18458  47.413  -54.063  3.495 0.0000000000
159626  47.140  -53.117  3.066 0.0000000000
27148  48.264  -46.368  0.683 0.0000000000
28457  49.022  -46.000  0.182 0.0000000000
28456  49.717  -45.555  -0.334 0.0000000000
30877  49.221  -43.441  -0.484 0.0000000000
163079  50.197  -44.553  -0.802 0.0000000000
14858  51.127  -56.631  5.256 0.0000000000
14859  50.577  -56.817  4.822 0.0000000000
14860  50.420  -56.842  5.324 0.0000000000
14874  50.171  -56.757  4.330 0.0000000000
14875  49.741  -56.678  4.258 0.0000000000
14876  49.261  -56.454  4.196 0.0000000000
14886  50.479  -56.281  3.613 0.0000000000
14887  50.067  -56.560  3.932 0.0000000000
14888  49.684  -56.430  3.871 0.0000000000
14901  49.597  -56.121  3.553 0.0000000000
16104  47.781  -55.792  5.020 0.0000000000
16110  51.349  -56.190  4.995 0.0000000000
16111  51.084  -56.209  3.998 0.0000000000
16123  51.166  -55.677  3.311 0.0000000000
16141  50.570  -55.398  2.477 0.0000000000
16142  50.061  -55.729  2.798 0.0000000000
16143  49.784  -55.864  3.112 0.0000000000
16144  49.113  -55.918  3.612 0.0000000000
16163  49.775  -55.360  2.260 0.0000000000
16175  50.434  -54.680  1.065 0.0000000000
16176  50.009  -54.814  1.167 0.0000000000
17287  46.407  -54.388  5.884 0.0000000000
17298  47.175  -55.079  5.499 0.0000000000
17299  45.986  -54.220  5.676 0.0000000000
17313  51.478  -55.354  3.883 0.0000000000
17331  47.392  -54.737  4.135 0.0000000000
17345  51.171  -55.122  2.563 0.0000000000
17347  48.061  -54.709  3.285 0.0000000000
17352  52.027  -53.728  0.935 0.0000000000
17354  48.878  -54.298  1.670 0.0000000000
17362  51.923  -53.866  -0.072 0.0000000000
17363  51.032  -54.358  0.480 0.0000000000
17365  49.813  -54.516  0.168 0.0000000000
17379  52.215  -53.991  -1.377 0.0000000000
17394  53.028  -53.796  -2.392 0.0000000000
17395  52.615  -54.027  -2.098 0.0000000000
17397  51.087  -54.414  -2.130 0.0000000000
17398  50.302  -54.588  -1.759 0.0000000000
17412  52.510  -53.963  -2.499 0.0000000000
18409  47.387  -53.919  6.306 0.0000000000
18456  51.455  -54.208  2.990 0.0000000000
18466  51.842  -53.670  1.631 0.0000000000
18467  51.478  -54.359  2.352 0.0000000000
18468  47.841  -53.839  2.662 0.0000000000
18489  53.626  -52.816  -0.508 0.0000000000
18509  54.092  -52.824  -1.049 0.0000000000
18511  49.402  -54.329  -0.772 0.0000000000
18522  54.612  -52.613  -1.478 0.0000000000
18524  53.523  -53.479  -2.088 0.0000000000
18526  50.832  -54.045  -2.735 0.0000000000
18542  53.942  -53.109  -2.531 0.0000000000
18543  53.396  -53.479  -2.629 0.0000000000
18544  51.476  -53.565  -2.890 0.0000000000
18557  54.046  -52.967  -2.930 0.0000000000
18558  53.242  -53.160  -3.170 0.0000000000
19612  52.018  -53.054  1.691 0.0000000000
19615  47.594  -53.060  2.085 0.0000000000
19616  47.005  -52.276  1.896 0.0000000000
19631  52.500  -52.497  1.213 0.0000000000
19632  51.777  -52.270  1.752 0.0000000000
19634  46.933  -52.062  0.607 0.0000000000
19652  46.593  -52.208  -0.524 0.0000000000
19666  55.150  -52.120  -1.224 0.0000000000
19669  46.247  -52.313  -1.781 0.0000000000
19678  55.624  -51.889  -2.067 0.0000000000
19679  55.174  -52.319  -1.817 0.0000000000
19692  55.001  -52.372  -2.390 0.0000000000
19694  50.566  -53.076  -3.171 0.0000000000
19711  55.207  -51.675  -2.908 0.0000000000
19712  54.835  -52.291  -2.840 0.0000000000
19713  54.377  -52.631  -3.047 0.0000000000
19714  53.882  -52.917  -3.185 0.0000000000
20903  50.859  -51.892  2.261 0.0000000000
20904  50.187  -51.437  2.743 0.0000000000
20924  52.861  -52.130  0.889 0.0000000000
20929  45.275  -50.715  1.215 0.0000000000
20944  54.211  -52.175  -0.360 0.0000000000
20945  53.860  -51.922  0.123 0.0000000000
20949  45.039  -51.022  0.129 0.0000000000
20960  54.941  -51.921  -0.735 0.0000000000
20969  56.244  -51.268  -1.771 0.0000000000
20985  56.609  -50.848  -1.953 0.0000000000
21007  55.716  -51.183  -2.636 0.0000000000
21008  54.771  -52.063  -3.134 0.0000000000
21010  53.457  -52.502  -3.418 0.0000000000
22185  44.628  -49.900  2.433 0.0000000000
22186  44.140  -49.914  1.638 0.0000000000
22198  52.815  -51.432  0.716 0.0000000000
22201  45.391  -50.570  2.497 0.0000000000
22214  53.891  -51.181  -0.031 0.0000000000
22217  43.790  -50.403  0.586 0.0000000000
22231  44.024  -50.962  -1.005 0.0000000000
22251  44.651  -50.366  -2.831 0.0000000000
22252  43.492  -50.538  -1.647 0.0000000000
23356  52.430  -50.335  0.641 0.0000000000
23361  41.854  -49.354  0.583 0.0000000000
23380  43.013  -50.213  0.347 0.0000000000
23382  41.574  -49.428  -0.416 0.0000000000
23400  49.054  -49.646  -0.811 0.0000000000
23404  42.688  -50.222  -0.962 0.0000000000
23434  46.218  -49.365  -2.556 0.0000000000
23435  45.033  -49.410  -2.934 0.0000000000
23438  42.327  -49.514  -1.806 0.0000000000
23530  38.778  -49.261  -9.448 0.0000000000
24604  43.515  -49.114  2.540 0.0000000000
24653  54.822  -48.464  -0.272 0.0000000000
24654  53.842  -48.444  0.000 0.0000000000
24657  47.430  -48.055  0.385 0.0000000000
24660  40.638  -48.563  -0.067 0.0000000000
24677  46.994  -48.640  -0.377 0.0000000000
24679  45.716  -48.189  -1.704 0.0000000000
24680  45.295  -47.991  -1.959 0.0000000000
24681  41.762  -48.968  -1.672 0.0000000000
24683  40.497  -48.024  -0.657 0.0000000000
24701  45.435  -48.620  -2.387 0.0000000000
24703  41.398  -47.958  -2.021 0.0000000000
24759  42.940  -48.062  -7.966 0.0000000000
24790  43.924  -48.728  -9.958 0.0000000000
24795  38.777  -48.368  -9.287 0.0000000000
25852  40.968  -48.110  1.491 0.0000000000
25876  46.981  -47.467  0.742 0.0000000000
25877  46.076  -47.521  0.234 0.0000000000
25880  40.247  -48.038  0.157 0.0000000000
25881  39.687  -47.414  0.363 0.0000000000
25891  49.562  -47.584  -0.200 0.0000000000
25895  42.358  -47.738  -2.502 0.0000000000
25912  40.478  -47.166  -1.325 0.0000000000
25960  41.752  -47.207  -7.700 0.0000000000
25972  42.230  -47.603  -8.283 0.0000000000
25974  39.956  -46.687  -8.485 0.0000000000
27131  45.913  -46.010  1.282 0.0000000000
27132  45.093  -45.977  1.033 0.0000000000
27149  47.401  -46.576  1.033 0.0000000000
27153  43.141  -45.904  -0.921 0.0000000000
27154  42.205  -45.668  -0.803 0.0000000000
27166  50.429  -46.071  -0.762 0.0000000000
27170  42.230  -46.166  -1.768 0.0000000000
27174  38.807  -46.103  0.005 0.0000000000
27192  40.866  -46.412  -1.674 0.0000000000
27193  39.733  -46.173  -0.976 0.0000000000
27260  43.547  -46.467  -6.582 0.0000000000
27261  42.555  -46.539  -6.648 0.0000000000
27262  41.673  -46.402  -6.691 0.0000000000
27263  40.800  -46.181  -6.747 0.0000000000
27297  38.973  -46.731  -8.483 0.0000000000
28408  46.134  -45.254  1.448 0.0000000000
28431  48.485  -45.520  0.519 0.0000000000
28432  47.808  -45.657  0.972 0.0000000000
28434  44.342  -45.753  0.647 0.0000000000
28435  43.528  -45.543  0.209 0.0000000000
28455  50.309  -45.109  -0.773 0.0000000000
28462  37.711  -44.860  -0.087 0.0000000000
28486  40.179  -45.595  -1.136 0.0000000000
28488  38.815  -44.960  -0.716 0.0000000000
28534  40.218  -44.845  -5.928 0.0000000000
28535  38.969  -44.914  -5.859 0.0000000000
29636  44.144  -44.453  1.596 0.0000000000
29656  46.577  -44.029  1.349 0.0000000000
29681  49.774  -44.719  -0.485 0.0000000000
29683  41.020  -44.208  -0.265 0.0000000000
29708  49.978  -43.976  -0.797 0.0000000000
29709  39.915  -44.641  -0.966 0.0000000000
29712  37.449  -43.853  -1.040 0.0000000000
29760  44.728  -44.623  -5.535 0.0000000000
29764  40.651  -44.297  -5.823 0.0000000000
29765  39.189  -44.172  -5.497 0.0000000000
29777  43.719  -45.058  -6.178 0.0000000000
29778  42.827  -44.912  -6.254 0.0000000000
29780  40.959  -44.963  -6.029 0.0000000000
30827  44.357  -43.529  1.772 0.0000000000
30850  47.586  -43.335  0.623 0.0000000000
30851  46.880  -43.395  1.082 0.0000000000
30852  42.092  -43.511  1.034 0.0000000000
30853  41.604  -43.282  0.541 0.0000000000
30878  48.667  -43.993  0.033 0.0000000000
30879  41.139  -43.445  -0.041 0.0000000000
30900  49.876  -43.082  -1.063 0.0000000000
30954  39.157  -42.864  -4.705 0.0000000000
32011  45.638  -42.586  1.401 0.0000000000
32012  44.670  -42.721  1.675 0.0000000000
32013  43.771  -42.792  1.693 0.0000000000
32014  42.791  -42.869  1.399 0.0000000000
32035  47.845  -42.604  0.222 0.0000000000
32036  46.432  -42.822  1.139 0.0000000000
32038  43.423  -42.044  1.363 0.0000000000
32040  42.036  -42.717  0.783 0.0000000000
32067  48.649  -42.766  -0.313 0.0000000000
32084  49.696  -42.306  -1.300 0.0000000000
32085  41.200  -42.031  -1.157 0.0000000000
32100  42.661  -41.834  -2.162 0.0000000000
32103  37.963  -42.695  -2.976 0.0000000000
32121  39.220  -42.322  -3.433 0.0000000000
32127  43.426  -42.734  -3.781 0.0000000000
32129  40.752  -42.071  -4.000 0.0000000000
32134  42.318  -42.674  -4.681 0.0000000000
33112  46.148  -41.149  0.691 0.0000000000
33115  42.970  -41.108  0.490 0.0000000000
33161  42.552  -41.347  -1.009 0.0000000000
33162  42.040  -41.781  -0.752 0.0000000000
34375  46.169  -40.407  0.260 0.0000000000
34376  45.393  -40.429  0.567 0.0000000000
34377  44.364  -40.481  0.737 0.0000000000
34409  47.295  -40.363  -0.694 0.0000000000
35648  43.941  -39.909  0.272 0.0000000000
139991  40.753  -43.441  -5.483 0.0000000000
140284  43.556  -43.654  -5.198 0.0000000000
140871  45.571  -51.593  -2.439 0.0000000000
141201  38.797  -42.536  -2.614 0.0000000000
141223  39.999  -44.046  -5.603 0.0000000000
142404  47.447  -55.297  4.614 0.0000000000
142458  45.674  -49.194  -2.804 0.0000000000
142553  38.279  -43.005  -4.554 0.0000000000
143752  50.764  -55.827  3.113 0.0000000000
143991  46.843  -49.538  -2.030 0.0000000000
144101  48.880  -54.243  -2.495 0.0000000000
145262  44.346  -45.905  -6.408 0.0000000000
146618  44.886  -44.113  1.713 0.0000000000
146954  39.975  -42.157  -3.479 0.0000000000
148099  53.467  -51.595  0.358 0.0000000000
148195  41.575  -42.168  -0.367 0.0000000000
148485  44.522  -50.541  0.798 0.0000000000
148575  40.430  -42.124  -2.018 0.0000000000
149263  53.147  -52.812  0.148 0.0000000000
149299  39.991  -47.089  -9.182 0.0000000000
149349  44.287  -45.303  -6.177 0.0000000000
149829  38.657  -47.505  -8.912 0.0000000000
150124  49.009  -42.040  -0.834 0.0000000000
151116  54.440  -52.707  -2.699 0.0000000000
152214  53.524  -53.263  -1.229 0.0000000000
152410  49.338  -44.212  -0.335 0.0000000000
153748  38.724  -43.206  -1.673 0.0000000000
154273  38.932  -45.964  -7.295 0.0000000000
156041  47.411  -45.007  1.153 0.0000000000
156153  50.275  -47.084  -0.611 0.0000000000
156540  52.446  -53.322  -3.004 0.0000000000
156601  53.505  -49.230  0.001 0.0000000000
156707  46.699  -44.772  1.377 0.0000000000
157155  46.476  -52.952  3.829 0.0000000000
157353  51.553  -54.307  -1.549 0.0000000000
158016  56.269  -50.797  -2.381 0.0000000000
158181  42.038  -46.972  -2.359 0.0000000000
158458  53.616  -52.382  0.046 0.0000000000
159746  48.767  -54.131  -1.533 0.0000000000
160173  49.289  -54.448  1.275 0.0000000000
161004  48.182  -49.757  -1.060 0.0000000000
161562  48.695  -43.383  -0.158 0.0000000000
161830  42.058  -45.008  0.102 0.0000000000
162277  52.311  -53.786  -2.717 0.0000000000
162512  45.651  -41.744  1.169 0.0000000000
162587  48.184  -47.902  0.440 0.0000000000
162658  44.079  -50.655  -2.011 0.0000000000
162901  50.690  -53.655  -2.990 0.0000000000
164540  48.105  -53.698  -1.391 0.0000000000
164775  39.608  -44.689  -5.790 0.0000000000
