#!ascii label  , from subject sub-LJ001 vox2ras=TkReg
276
89739  29.687  7.726  -24.850 0.0000000000
80197  30.497  -1.337  -24.275 0.0000000000
151349  28.364  12.402  -25.851 0.0000000000
153029  27.228  21.217  -27.614 0.0000000000
79199  27.770  -3.155  -23.691 0.0000000000
96904  30.906  15.037  -23.865 0.0000000000
137587  30.875  17.773  -24.451 0.0000000000
87627  28.351  5.343  -26.015 0.0000000000
85440  29.311  2.985  -25.513 0.0000000000
88713  31.223  5.936  -23.889 0.0000000000
92671  32.517  10.412  -22.900 0.0000000000
90711  34.398  8.245  -22.402 0.0000000000
152817  29.354  10.070  -25.145 0.0000000000
94687  31.793  12.498  -23.164 0.0000000000
140892  27.540  19.028  -27.193 0.0000000000
102441  30.350  19.814  -25.209 0.0000000000
153553  31.656  1.054  -25.187 0.0000000000
99151  29.426  16.206  -25.146 0.0000000000
151893  29.297  16.906  -25.415 0.0000000000
89748  29.333  6.872  -25.207 0.0000000000
87616  29.031  5.173  -25.399 0.0000000000
88697  30.891  6.885  -23.998 0.0000000000
79211  28.635  -2.168  -24.424 0.0000000000
92700  29.054  10.854  -25.393 0.0000000000
93678  30.798  11.197  -23.998 0.0000000000
94699  29.822  12.273  -24.749 0.0000000000
147826  33.143  16.414  -23.636 0.0000000000
97944  33.459  15.492  -23.331 0.0000000000
104364  26.233  21.303  -28.374 0.0000000000
101436  26.678  18.777  -28.025 0.0000000000
103456  27.918  20.726  -26.969 0.0000000000
106132  32.478  23.764  -28.002 0.0000000000
153981  32.774  22.620  -26.980 0.0000000000
104349  31.369  21.464  -25.463 0.0000000000
104356  32.696  21.747  -25.921 0.0000000000
103441  33.368  20.443  -25.709 0.0000000000
85431  31.539  3.379  -24.413 0.0000000000
84432  30.488  2.077  -25.198 0.0000000000
78222  27.119  -3.629  -23.497 0.0000000000
95791  29.690  13.559  -24.800 0.0000000000
96915  29.293  14.747  -25.089 0.0000000000
99149  30.902  16.416  -24.216 0.0000000000
100343  32.426  17.875  -24.167 0.0000000000
85452  28.031  3.024  -26.585 0.0000000000
86500  28.498  4.472  -25.889 0.0000000000
86493  30.172  4.507  -24.777 0.0000000000
86491  31.731  4.220  -24.065 0.0000000000
90747  31.221  8.863  -23.891 0.0000000000
89724  31.091  7.700  -23.884 0.0000000000
138113  33.272  9.319  -22.574 0.0000000000
146778  28.164  7.716  -25.885 0.0000000000
90765  27.719  8.537  -26.263 0.0000000000
90756  29.310  8.528  -25.112 0.0000000000
92687  31.047  10.240  -24.016 0.0000000000
93655  32.463  11.776  -22.681 0.0000000000
145889  33.359  12.462  -22.379 0.0000000000
96880  31.929  14.208  -23.259 0.0000000000
161222  33.628  13.970  -22.671 0.0000000000
163700  27.958  17.833  -26.620 0.0000000000
151623  29.048  21.809  -26.499 0.0000000000
103454  29.186  20.736  -25.987 0.0000000000
102443  28.839  19.553  -26.047 0.0000000000
101422  29.493  18.632  -25.483 0.0000000000
101413  30.713  18.499  -24.641 0.0000000000
102428  32.471  19.209  -24.625 0.0000000000
81262  29.654  -0.329  -25.486 0.0000000000
84434  28.863  2.075  -25.917 0.0000000000
88695  32.277  6.793  -23.196 0.0000000000
150620  33.016  5.246  -23.232 0.0000000000
99160  28.755  16.255  -25.688 0.0000000000
99161  28.670  16.965  -25.819 0.0000000000
146207  30.086  6.868  -24.611 0.0000000000
139014  26.477  -4.714  -22.375 0.0000000000
77214  27.277  -4.364  -22.400 0.0000000000
79210  29.547  -1.606  -24.436 0.0000000000
93693  28.711  11.637  -25.618 0.0000000000
93692  29.468  11.532  -25.158 0.0000000000
148664  29.122  12.324  -25.367 0.0000000000
99148  33.608  16.901  -24.076 0.0000000000
99147  34.340  16.658  -24.334 0.0000000000
103472  26.149  20.432  -28.490 0.0000000000
103464  27.364  20.386  -27.471 0.0000000000
104359  27.950  21.455  -27.064 0.0000000000
105246  33.095  21.973  -26.619 0.0000000000
104355  33.296  21.259  -26.225 0.0000000000
85430  32.335  3.335  -24.151 0.0000000000
84423  31.906  2.499  -24.621 0.0000000000
80199  27.832  -1.953  -25.065 0.0000000000
95792  29.134  13.833  -25.273 0.0000000000
96916  28.511  14.548  -25.784 0.0000000000
151360  29.812  16.789  -24.966 0.0000000000
99150  30.068  16.266  -24.620 0.0000000000
151986  31.367  17.271  -24.181 0.0000000000
100332  32.123  17.222  -23.908 0.0000000000
163611  31.881  17.642  -24.103 0.0000000000
153783  26.516  22.926  -27.981 0.0000000000
86509  28.003  3.875  -26.571 0.0000000000
87608  30.177  5.295  -24.673 0.0000000000
87615  29.670  5.025  -25.010 0.0000000000
87607  30.893  5.009  -24.259 0.0000000000
87606  31.741  5.193  -23.756 0.0000000000
136374  27.872  -3.581  -23.054 0.0000000000
91673  31.485  9.549  -23.729 0.0000000000
144123  31.805  8.969  -23.556 0.0000000000
91672  32.325  9.576  -23.184 0.0000000000
89757  27.785  6.954  -26.280 0.0000000000
152815  28.606  10.150  -25.583 0.0000000000
91699  28.944  9.332  -25.339 0.0000000000
90757  28.539  8.536  -25.596 0.0000000000
91689  29.663  9.304  -24.901 0.0000000000
91688  30.307  9.322  -24.522 0.0000000000
152243  29.979  9.999  -24.670 0.0000000000
94697  30.956  12.098  -23.733 0.0000000000
149100  31.562  11.532  -23.400 0.0000000000
94680  33.283  12.374  -21.839 0.0000000000
94686  32.750  12.561  -22.553 0.0000000000
96905  30.346  14.594  -24.231 0.0000000000
95781  30.263  13.682  -24.305 0.0000000000
96881  30.964  14.208  -23.683 0.0000000000
96879  33.430  14.498  -22.933 0.0000000000
95765  34.205  14.067  -22.797 0.0000000000
101437  25.953  18.101  -28.378 0.0000000000
151926  26.605  17.862  -27.911 0.0000000000
101429  27.331  18.040  -27.273 0.0000000000
160876  28.044  18.504  -26.583 0.0000000000
106121  31.567  23.416  -26.819 0.0000000000
106133  31.903  24.051  -27.486 0.0000000000
164811  29.963  22.036  -26.251 0.0000000000
163613  30.690  20.756  -25.314 0.0000000000
103444  29.805  20.329  -25.622 0.0000000000
102442  29.505  19.440  -25.614 0.0000000000
102431  30.119  18.988  -25.116 0.0000000000
102430  30.773  19.308  -24.811 0.0000000000
102451  33.920  19.747  -26.254 0.0000000000
102440  32.928  19.844  -25.056 0.0000000000
102439  33.609  19.493  -25.472 0.0000000000
101421  33.843  18.687  -25.249 0.0000000000
81264  27.899  -0.630  -26.125 0.0000000000
85441  28.576  2.749  -26.067 0.0000000000
84443  28.045  2.083  -26.582 0.0000000000
83452  30.725  1.254  -25.323 0.0000000000
83458  29.920  1.191  -25.512 0.0000000000
82371  31.123  0.422  -25.234 0.0000000000
82377  30.269  0.447  -25.449 0.0000000000
89722  32.336  7.761  -23.179 0.0000000000
89723  31.600  7.321  -23.572 0.0000000000
89707  32.879  7.353  -22.776 0.0000000000
97981  28.983  15.456  -25.446 0.0000000000
97982  28.221  15.507  -26.093 0.0000000000
100345  29.818  17.435  -25.062 0.0000000000
88723  28.842  6.070  -25.543 0.0000000000
88722  29.647  5.904  -24.945 0.0000000000
150288  30.483  5.987  -24.395 0.0000000000
79198  28.502  -2.758  -23.730 0.0000000000
78221  29.133  -3.079  -23.008 0.0000000000
79197  29.335  -2.387  -23.717 0.0000000000
79189  29.984  -2.695  -23.034 0.0000000000
92670  33.369  10.854  -22.536 0.0000000000
146105  33.130  10.033  -22.612 0.0000000000
92710  27.852  10.233  -26.128 0.0000000000
92689  29.758  10.741  -24.940 0.0000000000
93679  30.095  11.360  -24.606 0.0000000000
149302  30.376  11.917  -24.228 0.0000000000
94688  31.037  12.818  -23.625 0.0000000000
97945  32.329  15.886  -23.443 0.0000000000
96903  31.638  15.036  -23.490 0.0000000000
99133  33.998  16.190  -23.738 0.0000000000
102462  27.096  19.692  -27.738 0.0000000000
102453  27.789  19.888  -27.028 0.0000000000
106120  32.400  23.331  -27.229 0.0000000000
105248  31.702  22.641  -26.268 0.0000000000
105242  31.074  22.135  -25.897 0.0000000000
103443  31.659  20.736  -25.099 0.0000000000
103442  32.533  20.620  -25.231 0.0000000000
104347  32.861  21.126  -25.654 0.0000000000
103453  33.683  20.563  -26.646 0.0000000000
84424  30.074  2.701  -25.141 0.0000000000
85432  30.862  2.849  -24.744 0.0000000000
141807  31.307  1.899  -25.028 0.0000000000
78210  26.565  -4.197  -23.089 0.0000000000
79212  27.761  -2.619  -24.390 0.0000000000
80198  28.682  -1.463  -25.014 0.0000000000
94712  28.763  13.069  -25.569 0.0000000000
94711  29.435  13.019  -25.098 0.0000000000
96914  29.734  14.222  -24.687 0.0000000000
96906  29.845  14.923  -24.573 0.0000000000
97968  29.635  15.525  -24.805 0.0000000000
97967  30.425  15.503  -24.288 0.0000000000
97966  31.324  15.764  -23.813 0.0000000000
99136  31.743  16.560  -23.805 0.0000000000
99134  32.861  17.160  -23.912 0.0000000000
100342  33.360  17.741  -24.345 0.0000000000
104371  25.322  21.786  -28.495 0.0000000000
105260  26.691  22.018  -27.996 0.0000000000
105259  27.513  22.177  -27.521 0.0000000000
145352  28.596  3.551  -25.915 0.0000000000
86499  29.321  4.188  -25.316 0.0000000000
85433  30.082  3.532  -24.945 0.0000000000
86492  30.874  3.925  -24.512 0.0000000000
161811  32.346  4.003  -23.857 0.0000000000
90748  30.664  8.714  -24.287 0.0000000000
90731  30.994  8.265  -23.992 0.0000000000
90729  32.420  8.669  -23.145 0.0000000000
90712  33.276  8.266  -22.591 0.0000000000
91661  34.007  10.061  -22.481 0.0000000000
90728  34.366  9.282  -22.317 0.0000000000
90727  35.379  9.189  -22.410 0.0000000000
88732  28.146  6.164  -26.204 0.0000000000
89749  28.531  6.915  -25.707 0.0000000000
146775  28.932  7.714  -25.367 0.0000000000
90749  30.033  8.566  -24.674 0.0000000000
91687  30.885  9.437  -24.167 0.0000000000
92672  31.779  10.230  -23.458 0.0000000000
92688  30.379  10.579  -24.451 0.0000000000
93677  31.418  10.806  -23.612 0.0000000000
93663  32.680  11.093  -22.710 0.0000000000
93654  33.204  11.675  -22.477 0.0000000000
94679  33.547  12.060  -21.817 0.0000000000
94710  29.945  13.055  -24.662 0.0000000000
95768  30.772  13.388  -23.779 0.0000000000
95767  31.477  13.419  -23.420 0.0000000000
139956  32.570  14.914  -23.177 0.0000000000
159760  32.682  14.193  -22.913 0.0000000000
95766  32.440  13.397  -22.785 0.0000000000
95748  33.587  13.346  -22.518 0.0000000000
100360  27.633  17.207  -26.910 0.0000000000
105251  28.375  21.986  -26.915 0.0000000000
105250  29.022  22.501  -26.803 0.0000000000
104358  28.597  21.189  -26.508 0.0000000000
103455  28.528  20.211  -26.382 0.0000000000
104351  29.921  21.142  -25.798 0.0000000000
103445  29.170  20.049  -25.916 0.0000000000
102452  28.246  19.323  -26.491 0.0000000000
101423  28.787  18.758  -25.953 0.0000000000
100359  28.428  18.060  -26.159 0.0000000000
155938  28.283  17.391  -26.207 0.0000000000
100354  29.100  17.792  -25.643 0.0000000000
101414  29.911  18.201  -25.069 0.0000000000
103431  32.038  19.954  -24.830 0.0000000000
102429  31.553  19.129  -24.548 0.0000000000
101412  31.580  18.129  -24.314 0.0000000000
101411  32.871  18.506  -24.469 0.0000000000
101410  33.493  18.397  -24.729 0.0000000000
146302  28.726  -0.789  -25.544 0.0000000000
81254  29.364  -1.033  -25.104 0.0000000000
83460  28.444  1.328  -26.359 0.0000000000
84433  29.713  2.008  -25.481 0.0000000000
83459  29.209  1.289  -25.894 0.0000000000
82379  28.703  0.620  -26.245 0.0000000000
82378  29.460  0.496  -25.807 0.0000000000
88696  31.556  6.582  -23.606 0.0000000000
87592  31.940  5.976  -23.473 0.0000000000
88675  33.085  6.665  -22.755 0.0000000000
87591  32.654  5.981  -23.094 0.0000000000
159562  32.357  5.407  -23.441 0.0000000000
86474  32.479  4.625  -23.620 0.0000000000
85415  32.891  3.827  -23.722 0.0000000000
89738  30.502  7.816  -24.351 0.0000000000
90730  31.620  8.218  -23.617 0.0000000000
93664  32.015  10.940  -23.080 0.0000000000
94698  30.440  12.743  -24.166 0.0000000000
95749  33.048  12.841  -21.861 0.0000000000
96861  33.138  13.733  -22.616 0.0000000000
99135  32.444  16.667  -23.695 0.0000000000
100344  30.448  17.109  -24.601 0.0000000000
102427  33.230  19.059  -24.869 0.0000000000
103432  31.173  19.982  -24.889 0.0000000000
104348  32.189  21.350  -25.424 0.0000000000
104350  30.605  21.524  -25.705 0.0000000000
105268  25.752  22.378  -28.380 0.0000000000
142104  32.191  18.590  -24.387 0.0000000000
142900  34.033  17.286  -24.481 0.0000000000
149471  30.337  17.812  -24.728 0.0000000000
153468  30.529  9.919  -24.372 0.0000000000
155430  30.207  1.645  -25.360 0.0000000000
164985  32.233  22.923  -26.665 0.0000000000
