#!ascii label  , from subject sub-LJ001 vox2ras=TkReg
681
72470  24.940  -8.458  -18.441 0.1428571492
72457  24.457  -8.988  -17.980 0.1428571492
73594  25.388  -7.782  -18.976 0.1428571492
142243  26.539  -8.674  -17.469 0.1428571492
73593  26.563  -7.622  -18.610 0.1428571492
74814  25.872  -6.745  -19.895 0.5714285970
73607  27.090  -7.049  -19.026 0.1428571492
74812  28.437  -6.215  -19.343 0.2857142985
74813  27.449  -6.384  -19.520 0.2857142985
75990  28.894  -5.661  -19.857 0.1428571492
78194  29.703  -3.852  -21.661 0.2857142985
77194  29.295  -4.317  -21.433 0.2857142985
80177  31.410  -1.829  -23.063 0.2857142985
78208  31.056  -2.783  -22.024 0.2857142985
80187  31.560  -1.251  -23.516 0.2857142985
80188  30.963  -1.666  -23.623 0.2857142985
82369  32.573  0.377  -24.748 0.2857142985
84423  31.906  2.499  -24.621 0.8571428657
83451  32.147  1.629  -24.936 0.4285714328
81239  32.466  -0.222  -23.912 0.2857142985
86491  31.731  4.220  -24.065 0.7142857313
161811  32.346  4.003  -23.857 0.7142857313
85430  32.335  3.335  -24.151 0.7142857313
141807  31.307  1.899  -25.028 0.7142857313
150620  33.016  5.246  -23.232 0.8571428657
86474  32.479  4.625  -23.620 0.5714285970
87606  31.741  5.193  -23.756 0.8571428657
85431  31.539  3.379  -24.413 0.7142857313
89706  33.612  7.406  -22.571 0.4285714328
87591  32.654  5.981  -23.094 0.7142857313
159562  32.357  5.407  -23.441 0.8571428657
90727  35.379  9.189  -22.410 0.2857142985
90728  34.366  9.282  -22.317 0.5714285970
89707  32.879  7.353  -22.776 0.8571428657
90711  34.398  8.245  -22.402 0.7142857313
88695  32.277  6.793  -23.196 0.8571428657
162506  36.029  10.181  -23.079 0.1428571492
91670  35.858  9.757  -22.681 0.1428571492
91671  35.417  10.026  -22.886 0.4285714328
90712  33.276  8.266  -22.591 0.5714285970
89722  32.336  7.761  -23.179 0.8571428657
93676  36.061  11.864  -23.943 0.1428571492
92668  35.907  10.749  -23.237 0.1428571492
157641  35.509  10.008  -23.332 0.4285714328
90729  32.420  8.669  -23.145 0.8571428657
94696  35.870  12.692  -24.136 0.1428571492
94685  35.771  12.414  -23.005 0.1428571492
92669  35.330  11.138  -23.001 0.1428571492
93653  33.799  11.606  -22.412 0.4285714328
146105  33.130  10.033  -22.612 0.5714285970
91672  32.325  9.576  -23.184 0.7142857313
90731  30.994  8.265  -23.992 0.8571428657
159059  35.616  13.112  -23.543 0.1428571492
96877  35.333  13.773  -23.555 0.1428571492
94677  35.044  12.462  -22.594 0.1428571492
94679  33.547  12.060  -21.817 0.5714285970
92671  32.517  10.412  -22.900 0.8571428657
144123  31.805  8.969  -23.556 0.8571428657
91673  31.485  9.549  -23.729 0.8571428657
95790  35.693  13.916  -25.344 0.1428571492
96878  34.809  14.537  -23.435 0.2857142985
95747  34.428  13.087  -22.598 0.1428571492
95748  33.587  13.346  -22.518 0.8571428657
93654  33.204  11.675  -22.477 0.8571428657
92670  33.369  10.854  -22.536 0.7142857313
93655  32.463  11.776  -22.681 0.8571428657
97965  34.709  15.934  -24.169 0.1428571492
164454  35.326  16.188  -25.330 0.1428571492
153201  34.087  14.840  -23.176 0.4285714328
159760  32.682  14.193  -22.913 0.8571428657
95766  32.440  13.397  -22.785 0.8571428657
149100  31.562  11.532  -23.400 0.8571428657
97943  34.384  15.404  -23.587 0.4285714328
95767  31.477  13.419  -23.420 0.8571428657
94687  31.793  12.498  -23.164 0.8571428657
94688  31.037  12.818  -23.625 0.8571428657
159728  34.956  16.408  -24.796 0.1428571492
147412  34.637  17.152  -24.854 0.2857142985
99133  33.998  16.190  -23.738 0.5714285970
97945  32.329  15.886  -23.443 0.8571428657
97944  33.459  15.492  -23.331 0.8571428657
139956  32.570  14.914  -23.177 0.8571428657
96880  31.929  14.208  -23.259 0.8571428657
96881  30.964  14.208  -23.683 0.8571428657
95768  30.772  13.388  -23.779 0.8571428657
100353  34.856  17.607  -25.446 0.2857142985
99148  33.608  16.901  -24.076 0.7142857313
99147  34.340  16.658  -24.334 0.5714285970
147826  33.143  16.414  -23.636 0.8571428657
96904  30.906  15.037  -23.865 0.8571428657
96906  29.845  14.923  -24.573 0.8571428657
95781  30.263  13.682  -24.305 0.8571428657
99134  32.861  17.160  -23.912 0.8571428657
100332  32.123  17.222  -23.908 0.8571428657
97966  31.324  15.764  -23.813 0.8571428657
99150  30.068  16.266  -24.620 0.7142857313
97967  30.425  15.503  -24.288 0.7142857313
100343  32.426  17.875  -24.167 0.8571428657
163611  31.881  17.642  -24.103 0.8571428657
99149  30.902  16.416  -24.216 0.8571428657
137587  30.875  17.773  -24.451 0.8571428657
101413  30.713  18.499  -24.641 0.8571428657
151360  29.812  16.789  -24.966 0.7142857313
102440  32.928  19.844  -25.056 0.7142857313
102429  31.553  19.129  -24.548 0.8571428657
103431  32.038  19.954  -24.830 0.8571428657
102430  30.773  19.308  -24.811 0.8571428657
163613  30.690  20.756  -25.314 0.7142857313
151986  31.367  17.271  -24.181 0.8571428657
103471  32.917  21.128  -28.798 0.1428571492
103442  32.533  20.620  -25.231 0.8571428657
103443  31.659  20.736  -25.099 0.7142857313
104349  31.369  21.464  -25.463 0.7142857313
102441  30.350  19.814  -25.209 0.8571428657
146827  32.483  21.906  -29.838 0.1428571492
105246  33.095  21.973  -26.619 0.5714285970
153981  32.774  22.620  -26.980 0.5714285970
106121  31.567  23.416  -26.819 0.5714285970
105257  32.857  22.867  -27.688 0.1428571492
149323  32.142  22.818  -31.377 0.1428571492
106133  31.903  24.051  -27.486 0.5714285970
106159  32.321  23.762  -31.664 0.1428571492
107009  32.136  23.684  -33.002 0.1428571492
106144  32.424  23.645  -29.026 0.1428571492
148174  32.257  24.533  -33.758 0.1428571492
106132  32.478  23.764  -28.002 0.5714285970
148033  32.308  24.594  -32.315 0.1428571492
143035  32.262  24.694  -31.334 0.1428571492
107824  32.321  25.837  -34.146 0.1428571492
107813  32.166  25.467  -31.621 0.1428571492
71356  24.935  -9.471  -17.356 0.1428571492
73608  26.187  -7.222  -19.277 0.2857142985
73592  27.552  -7.444  -18.380 0.1428571492
74796  27.995  -6.814  -18.846 0.2857142985
161449  30.444  -4.108  -21.299 0.2857142985
77193  29.829  -4.558  -21.014 0.2857142985
76005  29.354  -5.144  -20.429 0.1428571492
81251  31.952  -0.165  -24.646 0.2857142985
152117  31.452  -0.568  -24.575 0.2857142985
162376  32.457  2.013  -24.752 0.4285714328
153553  31.656  1.054  -25.187 0.5714285970
87567  33.460  5.909  -22.853 0.2857142985
85432  30.862  2.849  -24.744 0.7142857313
88696  31.556  6.582  -23.606 0.8571428657
138113  33.272  9.319  -22.574 0.7142857313
95780  35.639  13.505  -24.329 0.1428571492
145889  33.359  12.462  -22.379 0.8571428657
94680  33.283  12.374  -21.839 0.8571428657
93677  31.418  10.806  -23.612 0.8571428657
94697  30.956  12.098  -23.733 0.8571428657
100342  33.360  17.741  -24.345 0.8571428657
102428  32.471  19.209  -24.625 0.8571428657
103441  33.368  20.443  -25.709 0.8571428657
104356  32.696  21.747  -25.921 0.7142857313
105256  33.198  22.126  -27.384 0.2857142985
105267  32.810  22.944  -28.500 0.1428571492
106154  32.339  23.453  -30.631 0.1428571492
107013  32.039  23.910  -35.205 0.1428571492
71357  23.826  -9.572  -17.678 0.1428571492
146539  26.664  -6.724  -19.523 0.4285714328
75991  28.007  -5.819  -19.982 0.2857142985
74828  26.647  -6.269  -19.979 0.2857142985
140712  31.298  -3.289  -21.561 0.2857142985
79187  31.610  -2.230  -22.367 0.2857142985
156475  30.441  -2.872  -22.367 0.2857142985
139456  29.838  -3.228  -22.318 0.2857142985
79188  30.835  -2.350  -22.917 0.2857142985
83452  30.725  1.254  -25.323 0.7142857313
93691  36.250  11.259  -24.713 0.1428571492
137556  35.851  12.982  -25.741 0.1428571492
96901  35.417  14.513  -24.359 0.1428571492
96902  35.026  15.235  -23.991 0.2857142985
97964  35.287  15.558  -24.790 0.1428571492
161222  33.628  13.970  -22.671 0.8571428657
92672  31.779  10.230  -23.458 0.8571428657
91687  30.885  9.437  -24.167 1.0000000000
139700  35.502  16.452  -25.969 0.1428571492
99159  35.335  17.298  -26.053 0.1428571492
101420  34.490  18.294  -25.626 0.2857142985
96915  29.293  14.747  -25.089 0.8571428657
101410  33.493  18.397  -24.729 0.5714285970
102439  33.609  19.493  -25.472 0.5714285970
102451  33.920  19.747  -26.254 0.5714285970
104347  32.861  21.126  -25.654 0.7142857313
104363  33.476  21.380  -27.041 0.4285714328
103463  33.603  20.624  -27.560 0.2857142985
104369  33.335  21.440  -27.928 0.2857142985
163646  33.075  21.714  -28.423 0.1428571492
104370  32.829  22.009  -28.937 0.1428571492
105273  32.608  22.716  -29.459 0.1428571492
106980  31.823  24.997  -28.920 0.2857142985
105279  32.297  22.533  -30.427 0.1428571492
148663  32.292  24.353  -30.624 0.1428571492
106989  32.137  24.822  -29.765 0.1428571492
107808  32.001  25.338  -30.592 0.1428571492
108626  32.103  26.655  -33.093 0.1428571492
108622  31.981  26.420  -32.012 0.1428571492
108629  32.267  27.045  -34.204 0.1428571492
101428  34.719  18.470  -26.356 0.4285714328
102438  34.188  18.985  -25.925 0.4285714328
102461  34.001  19.750  -27.304 0.4285714328
103453  33.683  20.563  -26.646 0.5714285970
104355  33.296  21.259  -26.225 0.5714285970
72469  26.017  -8.233  -18.178 0.1428571492
71371  23.468  -9.055  -18.297 0.1428571492
160844  25.369  -7.243  -19.559 0.4285714328
73595  24.134  -8.217  -19.198 0.2857142985
75992  27.241  -5.912  -20.107 0.1428571492
76006  28.424  -5.309  -20.539 0.1428571492
78193  30.558  -3.417  -21.734 0.2857142985
86492  30.874  3.925  -24.512 0.7142857313
88675  33.085  6.665  -22.755 0.8571428657
87592  31.940  5.976  -23.473 0.8571428657
91661  34.007  10.061  -22.481 0.5714285970
93651  35.427  11.865  -22.720 0.2857142985
93661  36.154  11.044  -23.843 0.1428571492
92659  33.731  11.167  -22.801 0.1428571492
95765  34.205  14.067  -22.797 0.5714285970
93663  32.680  11.093  -22.710 0.8571428657
94686  32.750  12.561  -22.553 0.8571428657
96879  33.430  14.498  -22.933 0.8571428657
96903  31.638  15.036  -23.490 0.8571428657
96905  30.346  14.594  -24.231 0.8571428657
99136  31.743  16.560  -23.805 0.8571428657
101411  32.871  18.506  -24.469 0.8571428657
101412  31.580  18.129  -24.314 0.8571428657
104376  32.614  21.361  -29.468 0.1428571492
106120  32.400  23.331  -27.229 0.5714285970
105248  31.702  22.641  -26.268 0.5714285970
156077  32.116  22.942  -32.452 0.1428571492
106979  32.161  24.295  -28.575 0.4285714328
106147  32.375  24.015  -29.831 0.1428571492
149233  32.489  23.278  -29.882 0.1428571492
142324  32.195  24.375  -29.180 0.1428571492
107819  32.267  25.567  -32.749 0.1428571492
153049  30.780  -4.536  -20.759 0.1428571492
101421  33.843  18.687  -25.249 0.5714285970
79189  29.984  -2.695  -23.034 0.5714285970
78221  29.133  -3.079  -23.008 0.5714285970
79199  27.770  -3.155  -23.691 0.5714285970
140899  26.127  -3.704  -23.944 0.2857142985
79211  28.635  -2.168  -24.424 0.5714285970
79212  27.761  -2.619  -24.390 0.5714285970
77215  25.733  -4.639  -22.921 0.4285714328
79198  28.502  -2.758  -23.730 0.5714285970
78223  25.335  -3.911  -23.727 0.2857142985
78232  26.940  -3.114  -24.241 0.4285714328
81253  30.115  -0.892  -24.906 0.4285714328
80198  28.682  -1.463  -25.014 0.5714285970
80199  27.832  -1.953  -25.065 0.5714285970
79224  27.058  -1.565  -25.746 0.4285714328
81262  29.654  -0.329  -25.486 0.5714285970
80208  27.956  -1.262  -25.580 0.4285714328
82378  29.460  0.496  -25.807 0.7142857313
81263  28.793  -0.121  -26.027 0.4285714328
139196  26.775  -2.342  -24.993 0.4285714328
78233  25.990  -2.905  -24.621 0.2857142985
78234  25.103  -3.257  -24.235 0.2857142985
82377  30.269  0.447  -25.449 0.7142857313
84433  29.713  2.008  -25.481 0.7142857313
83466  27.677  1.180  -26.888 0.4285714328
85441  28.576  2.749  -26.067 0.7142857313
85452  28.031  3.024  -26.585 0.5714285970
145352  28.596  3.551  -25.915 0.7142857313
85460  27.354  3.342  -27.352 0.2857142985
84432  30.488  2.077  -25.198 0.5714285970
84424  30.074  2.701  -25.141 0.5714285970
84434  28.863  2.075  -25.917 0.7142857313
86499  29.321  4.188  -25.316 0.7142857313
86500  28.498  4.472  -25.889 0.7142857313
87616  29.031  5.173  -25.399 0.7142857313
87627  28.351  5.343  -26.015 0.7142857313
151883  27.888  4.676  -26.605 0.4285714328
87628  27.664  5.441  -26.762 0.4285714328
85433  30.082  3.532  -24.945 0.5714285970
87607  30.893  5.009  -24.259 0.5714285970
88722  29.647  5.904  -24.945 0.7142857313
89748  29.333  6.872  -25.207 0.7142857313
146775  28.932  7.714  -25.367 0.7142857313
88732  28.146  6.164  -26.204 0.7142857313
89757  27.785  6.954  -26.280 0.5714285970
146778  28.164  7.716  -25.885 0.5714285970
89723  31.600  7.321  -23.572 0.7142857313
88697  30.891  6.885  -23.998 0.5714285970
146207  30.086  6.868  -24.611 0.7142857313
90749  30.033  8.566  -24.674 0.8571428657
88733  27.386  6.236  -26.900 0.4285714328
90756  29.310  8.528  -25.112 0.7142857313
90757  28.539  8.536  -25.596 0.7142857313
91689  29.663  9.304  -24.901 0.7142857313
90765  27.719  8.537  -26.263 0.5714285970
91699  28.944  9.332  -25.339 0.7142857313
90748  30.664  8.714  -24.287 0.8571428657
91688  30.307  9.322  -24.522 0.8571428657
152817  29.354  10.070  -25.145 0.7142857313
152815  28.606  10.150  -25.583 0.5714285970
152814  28.291  10.951  -25.876 0.2857142985
90747  31.221  8.863  -23.891 0.7142857313
152243  29.979  9.999  -24.670 0.7142857313
151349  28.364  12.402  -25.851 0.7142857313
92687  31.047  10.240  -24.016 0.7142857313
92689  29.758  10.741  -24.940 0.8571428657
92700  29.054  10.854  -25.393 0.8571428657
94710  29.945  13.055  -24.662 0.8571428657
93679  30.095  11.360  -24.606 0.8571428657
93693  28.711  11.637  -25.618 0.5714285970
148664  29.122  12.324  -25.367 0.8571428657
94711  29.435  13.019  -25.098 0.8571428657
94712  28.763  13.069  -25.569 0.7142857313
93678  30.798  11.197  -23.998 0.8571428657
94699  29.822  12.273  -24.749 0.8571428657
95792  29.134  13.833  -25.273 0.8571428657
95791  29.690  13.559  -24.800 0.8571428657
96914  29.734  14.222  -24.687 0.8571428657
100345  29.818  17.435  -25.062 0.7142857313
151893  29.297  16.906  -25.415 0.7142857313
101414  29.911  18.201  -25.069 0.5714285970
99161  28.670  16.965  -25.819 0.7142857313
100354  29.100  17.792  -25.643 0.7142857313
102431  30.119  18.988  -25.116 0.7142857313
102443  28.839  19.553  -26.047 0.7142857313
100359  28.428  18.060  -26.159 0.7142857313
103455  28.528  20.211  -26.382 0.7142857313
104358  28.597  21.189  -26.508 0.7142857313
102453  27.789  19.888  -27.028 0.5714285970
103444  29.805  20.329  -25.622 0.7142857313
103454  29.186  20.736  -25.987 0.7142857313
103456  27.918  20.726  -26.969 0.5714285970
104357  29.322  21.383  -26.168 0.4285714328
104359  27.950  21.455  -27.064 0.5714285970
104351  29.921  21.142  -25.798 0.5714285970
103464  27.364  20.386  -27.471 0.5714285970
151623  29.048  21.809  -26.499 0.5714285970
105251  28.375  21.986  -26.915 0.5714285970
153029  27.228  21.217  -27.614 0.5714285970
150798  26.743  20.445  -28.054 0.4285714328
103472  26.149  20.432  -28.490 0.5714285970
102463  26.377  19.732  -28.352 0.4285714328
105260  26.691  22.018  -27.996 0.5714285970
104364  26.233  21.303  -28.374 0.5714285970
105250  29.022  22.501  -26.803 0.5714285970
103474  24.798  20.675  -28.379 0.4285714328
101449  24.944  19.275  -28.547 0.4285714328
104371  25.322  21.786  -28.495 0.5714285970
106126  24.632  22.797  -27.805 0.4285714328
138087  32.745  2.403  -24.465 0.2857142985
150288  30.483  5.987  -24.395 0.5714285970
106145  25.275  23.308  -28.243 0.2857142985
105270  24.691  22.104  -28.123 0.4285714328
104365  24.459  22.059  -27.565 0.2857142985
136374  27.872  -3.581  -23.054 0.5714285970
77214  27.277  -4.364  -22.400 0.5714285970
79196  30.194  -2.010  -23.669 0.2857142985
78222  27.119  -3.629  -23.497 0.5714285970
80197  30.497  -1.337  -24.275 0.2857142985
77227  25.772  -4.203  -23.431 0.2857142985
161878  27.492  -1.132  -25.991 0.4285714328
81264  27.899  -0.630  -26.125 0.5714285970
79214  25.231  -2.375  -24.736 0.2857142985
79225  26.049  -1.764  -25.563 0.2857142985
83460  28.444  1.328  -26.359 0.5714285970
85414  33.699  3.614  -23.628 0.2857142985
83476  26.569  1.544  -27.905 0.2857142985
86509  28.003  3.875  -26.571 0.7142857313
92688  30.379  10.579  -24.451 0.8571428657
99151  29.426  16.206  -25.146 0.7142857313
97982  28.221  15.507  -26.093 0.7142857313
102452  28.246  19.323  -26.491 0.7142857313
102462  27.096  19.692  -27.738 0.5714285970
102477  25.179  19.954  -28.644 0.2857142985
164811  29.963  22.036  -26.251 0.5714285970
105242  31.074  22.135  -25.897 0.5714285970
105259  27.513  22.177  -27.521 0.5714285970
162933  27.323  22.871  -27.647 0.2857142985
81265  27.061  -0.944  -26.398 0.4285714328
88713  31.223  5.936  -23.889 0.7142857313
89724  31.091  7.700  -23.884 0.7142857313
149302  30.376  11.917  -24.228 0.7142857313
82371  31.123  0.422  -25.234 0.5714285970
83458  29.920  1.191  -25.512 0.5714285970
96916  28.511  14.548  -25.784 0.7142857313
86493  30.172  4.507  -24.777 0.5714285970
79197  29.335  -2.387  -23.717 0.5714285970
156935  28.376  -3.227  -23.223 0.4285714328
78210  26.565  -4.197  -23.089 0.5714285970
79210  29.547  -1.606  -24.436 0.5714285970
139014  26.477  -4.714  -22.375 0.5714285970
81254  29.364  -1.033  -25.104 0.5714285970
146302  28.726  -0.789  -25.544 0.5714285970
82379  28.703  0.620  -26.245 0.5714285970
82387  28.040  0.729  -26.589 0.4285714328
83459  29.209  1.289  -25.894 0.5714285970
84443  28.045  2.083  -26.582 0.5714285970
83467  27.272  1.731  -27.353 0.4285714328
85440  29.311  2.985  -25.513 0.7142857313
84454  26.865  2.443  -27.747 0.2857142985
87615  29.670  5.025  -25.010 0.7142857313
88723  28.842  6.070  -25.543 0.7142857313
87608  30.177  5.295  -24.673 0.5714285970
89749  28.531  6.915  -25.707 0.7142857313
89739  29.687  7.726  -24.850 0.5714285970
90766  27.009  8.043  -27.079 0.2857142985
92710  27.852  10.233  -26.128 0.5714285970
92711  27.036  10.286  -26.699 0.2857142985
93692  29.468  11.532  -25.158 0.8571428657
101422  29.493  18.632  -25.483 0.7142857313
102442  29.505  19.440  -25.614 0.7142857313
103445  29.170  20.049  -25.916 0.8571428657
153783  26.516  22.926  -27.981 0.5714285970
104372  24.889  21.478  -28.403 0.4285714328
80210  25.380  -1.304  -25.823 0.1428571492
80219  26.376  -0.445  -26.899 0.4285714328
73609  24.481  -7.525  -19.648 0.4285714328
80175  32.691  -1.269  -22.394 0.1428571492
80176  32.028  -1.447  -22.777 0.1428571492
80186  32.062  -0.849  -23.443 0.1428571492
150018  32.493  0.926  -25.092 0.1428571492
83450  32.972  1.544  -24.819 0.1428571492
138761  32.564  -0.738  -23.026 0.1428571492
159089  33.091  -0.763  -22.558 0.1428571492
83449  33.741  1.443  -24.550 0.1428571492
82358  33.187  0.425  -24.215 0.1428571492
138825  33.243  -0.109  -23.259 0.1428571492
84422  33.561  2.141  -24.424 0.1428571492
86472  34.214  4.297  -23.341 0.2857142985
87566  34.372  5.899  -22.732 0.1428571492
97968  29.635  15.525  -24.805 0.5714285970
110196  31.499  29.049  -34.554 0.1428571492
144668  27.859  13.912  -26.294 0.4285714328
110193  31.198  28.830  -33.611 0.1428571492
107814  31.778  26.236  -31.074 0.1428571492
99160  28.755  16.255  -25.688 0.5714285970
99168  27.241  16.430  -27.203 0.4285714328
107795  29.499  26.518  -29.388 0.2857142985
106966  28.441  24.448  -27.829 0.2857142985
106124  28.854  23.358  -27.270 0.2857142985
106965  29.676  24.875  -27.725 0.2857142985
97998  25.902  15.782  -27.615 0.1428571492
100360  27.633  17.207  -26.910 0.5714285970
101423  28.787  18.758  -25.953 0.5714285970
106967  27.152  24.507  -27.998 0.2857142985
106123  29.828  22.998  -26.785 0.4285714328
100364  26.951  17.192  -27.593 0.4285714328
151926  26.605  17.862  -27.911 0.5714285970
100366  25.411  17.404  -28.110 0.4285714328
101437  25.953  18.101  -28.378 0.2857142985
148331  25.822  23.868  -28.042 0.1428571492
106137  27.021  23.583  -27.831 0.1428571492
100367  24.729  17.398  -27.967 0.1428571492
152842  25.720  19.151  -28.567 0.4285714328
157686  25.133  23.913  -27.983 0.1428571492
106968  26.166  24.530  -28.081 0.1428571492
107786  26.273  25.408  -28.524 0.1428571492
101438  25.049  18.334  -28.444 0.2857142985
106138  24.877  23.469  -27.979 0.2857142985
105244  24.862  22.263  -26.113 0.1428571492
106970  25.122  24.098  -27.626 0.1428571492
107787  25.796  25.324  -27.946 0.1428571492
106125  24.817  23.511  -27.270 0.1428571492
106952  25.225  24.325  -26.762 0.1428571492
106951  25.461  24.833  -27.283 0.1428571492
106937  25.524  24.429  -25.577 0.1428571492
74830  25.186  -6.408  -20.448 0.4285714328
76009  24.589  -5.995  -20.958 0.2857142985
82357  33.731  0.525  -23.738 0.1428571492
84411  34.058  2.762  -23.960 0.1428571492
144959  27.699  14.753  -26.530 0.2857142985
105241  31.940  22.019  -25.773 0.4285714328
106134  30.833  24.180  -27.364 0.2857142985
107785  27.247  25.354  -28.715 0.2857142985
107783  29.812  25.777  -28.425 0.2857142985
156751  26.396  25.996  -29.479 0.2857142985
76010  23.747  -5.993  -20.884 0.2857142985
76004  30.280  -5.043  -20.240 0.1428571492
79175  31.777  -2.772  -21.658 0.1428571492
87590  33.872  5.139  -23.090 0.1428571492
85429  33.209  2.987  -24.010 0.1428571492
156477  25.198  15.856  -27.624 0.2857142985
101436  26.678  18.777  -28.025 0.5714285970
105249  30.805  22.827  -26.406 0.4285714328
107796  28.318  26.475  -29.652 0.2857142985
158671  30.632  24.952  -27.850 0.2857142985
107782  31.148  25.288  -28.347 0.2857142985
108602  30.406  26.584  -29.401 0.2857142985
108620  30.658  27.437  -30.219 0.1428571492
108623  31.440  27.139  -31.523 0.1428571492
107797  27.078  26.218  -29.900 0.2857142985
108619  31.219  26.883  -30.674 0.1428571492
109412  31.064  27.982  -32.056 0.1428571492
107803  31.648  25.619  -29.712 0.1428571492
107809  31.586  26.134  -30.332 0.1428571492
106963  31.889  24.500  -28.159 0.4285714328
108604  28.474  26.982  -30.034 0.2857142985
107794  31.228  25.898  -29.100 0.1428571492
86473  33.356  4.459  -23.418 0.4285714328
106122  30.567  23.471  -26.877 0.2857142985
106964  31.370  24.591  -27.831 0.2857142985
99167  28.031  16.470  -26.389 0.4285714328
155938  28.283  17.391  -26.207 0.5714285970
163700  27.958  17.833  -26.620 0.5714285970
140892  27.540  19.028  -27.193 0.5714285970
106135  29.721  23.834  -27.321 0.2857142985
105269  24.910  22.621  -28.303 0.4285714328
151874  24.435  21.960  -26.840 0.2857142985
97981  28.983  15.456  -25.446 0.5714285970
160876  28.044  18.504  -26.583 0.5714285970
105258  28.061  22.842  -27.406 0.2857142985
106136  27.948  23.693  -27.676 0.2857142985
82368  33.216  0.885  -24.831 0.1428571492
81228  33.728  -0.491  -22.409 0.1428571492
83448  34.422  1.981  -24.291 0.1428571492
158642  27.489  15.610  -26.833 0.2857142985
107784  28.402  25.563  -28.650 0.2857142985
99174  26.444  16.498  -27.623 0.2857142985
100365  26.164  17.286  -27.941 0.4285714328
152078  25.654  16.589  -27.775 0.2857142985
101429  27.331  18.040  -27.273 0.5714285970
74831  24.167  -6.522  -20.537 0.2857142985
84410  34.870  2.696  -23.899 0.1428571492
96922  27.157  14.089  -26.941 0.2857142985
159853  30.520  26.068  -28.809 0.2857142985
108612  31.051  26.561  -29.854 0.2857142985
109408  30.873  27.724  -31.100 0.1428571492
146777  27.557  7.666  -26.443 0.4285714328
109388  26.834  27.221  -29.321 0.1428571492
108605  27.382  27.017  -30.365 0.1428571492
110171  28.492  27.955  -28.963 0.1428571492
107764  25.903  25.755  -25.776 0.1428571492
110166  27.626  27.657  -29.191 0.1428571492
109395  27.003  27.174  -30.245 0.1428571492
108615  28.067  27.143  -30.084 0.1428571492
108590  26.111  26.314  -26.370 0.1428571492
108589  26.512  26.847  -26.978 0.1428571492
108594  26.315  26.665  -28.646 0.1428571492
109381  26.999  27.414  -27.542 0.1428571492
138992  28.946  28.825  -28.076 0.1428571492
107798  26.021  26.012  -28.996 0.1428571492
160853  27.932  27.635  -25.830 0.1428571492
110165  28.281  28.394  -27.971 0.1428571492
91700  28.192  9.391  -25.863 0.2857142985
108582  26.827  26.829  -25.650 0.1428571492
110157  28.330  28.558  -26.990 0.1428571492
136365  30.063  28.797  -28.725 0.1428571492
108614  28.956  27.211  -29.771 0.1428571492
109394  27.739  27.248  -30.085 0.1428571492
109403  28.784  27.538  -29.637 0.1428571492
109373  27.286  27.402  -26.156 0.1428571492
141974  27.781  27.082  -25.274 0.1428571492
81261  30.608  -0.238  -25.180 0.4285714328
77195  27.166  -4.797  -21.779 0.4285714328
140885  27.982  -4.469  -21.787 0.2857142985
77178  28.804  -4.701  -21.175 0.1428571492
77213  27.998  -4.015  -22.449 0.2857142985
78209  28.571  -3.577  -22.640 0.2857142985
76018  26.948  -5.281  -21.237 0.2857142985
77196  26.462  -5.100  -21.810 0.4285714328
160296  29.211  -3.541  -22.277 0.1428571492
78195  28.792  -4.042  -21.879 0.1428571492
76017  27.821  -5.003  -21.178 0.1428571492
158018  27.376  -3.958  -22.895 0.4285714328
76008  25.597  -5.953  -20.917 0.2857142985
76019  26.059  -5.520  -21.423 0.2857142985
81275  28.028  0.118  -26.487 0.2857142985
82388  27.425  0.454  -26.959 0.2857142985
82399  27.031  0.895  -27.543 0.2857142985
86510  27.507  4.149  -27.181 0.1428571492
86520  26.889  4.066  -27.826 0.1428571492
151882  27.266  4.759  -27.390 0.2857142985
89758  27.161  7.081  -27.026 0.1428571492
91711  26.776  9.527  -27.139 0.1428571492
151430  27.460  11.031  -26.386 0.1428571492
93702  27.053  11.831  -26.646 0.1428571492
94720  27.603  12.516  -26.395 0.1428571492
94721  26.701  12.654  -26.896 0.1428571492
144105  26.933  14.890  -27.129 0.1428571492
97989  26.693  15.696  -27.365 0.1428571492
97999  25.432  15.090  -27.506 0.1428571492
97990  26.134  14.994  -27.477 0.1428571492
102476  25.794  19.995  -28.624 0.1428571492
102478  24.622  19.888  -28.296 0.1428571492
158669  24.034  18.686  -27.407 0.1428571492
103465  24.452  20.529  -27.904 0.1428571492
103457  24.245  20.241  -27.201 0.1428571492
104373  24.574  21.362  -27.997 0.1428571492
74815  24.815  -6.921  -20.031 0.2857142985
76007  26.590  -5.798  -20.647 0.1428571492
145540  28.068  13.142  -26.103 0.2857142985
147779  27.319  13.300  -26.640 0.1428571492
74816  23.762  -7.110  -20.145 0.2857142985
141318  27.268  -0.239  -26.775 0.2857142985
82389  26.772  0.222  -27.406 0.2857142985
151881  26.528  4.764  -28.080 0.1428571492
88741  26.498  7.265  -27.900 0.1428571492
150061  27.108  8.877  -26.847 0.1428571492
91712  26.136  9.426  -27.920 0.1428571492
92712  26.313  10.272  -27.490 0.1428571492
141867  26.567  11.078  -26.963 0.1428571492
147039  25.809  11.057  -27.738 0.1428571492
140249  25.629  14.341  -27.469 0.1428571492
101439  24.390  19.081  -28.067 0.1428571492
81276  25.627  -0.331  -27.065 0.2857142985
74829  26.016  -6.285  -20.413 0.2857142985
87637  26.977  5.511  -27.595 0.1428571492
93701  27.939  11.735  -26.136 0.1428571492
138071  24.388  18.145  -27.794 0.1428571492
80209  26.218  -1.150  -26.190 0.1428571492
76020  25.043  -5.581  -21.534 0.2857142985
82400  26.385  0.771  -27.869 0.1428571492
93703  26.182  11.907  -27.299 0.1428571492
92721  25.540  10.102  -28.294 0.1428571492
74817  22.959  -7.261  -19.981 0.1428571492
74818  22.687  -6.540  -19.664 0.1428571492
74832  23.255  -6.448  -20.308 0.1428571492
76040  25.596  -5.140  -22.190 0.1428571492
88674  33.936  6.652  -22.600 0.1428571492
88673  34.886  6.785  -22.510 0.1428571492
101427  34.814  18.527  -27.004 0.1428571492
73610  23.501  -7.769  -19.786 0.1428571492
76021  24.123  -5.597  -21.472 0.1428571492
77228  25.122  -4.395  -23.307 0.1428571492
101435  34.515  18.916  -27.531 0.1428571492
78224  24.574  -3.818  -23.504 0.1428571492
100358  35.018  17.951  -26.032 0.1428571492
150985  34.414  7.383  -22.478 0.1428571492
79213  25.822  -2.231  -25.058 0.1428571492
77216  24.913  -4.861  -22.791 0.1428571492
81241  31.211  -1.066  -24.175 0.2857142985
81252  30.913  -0.746  -24.766 0.4285714328
82370  31.901  0.390  -25.048 0.2857142985
82401  25.711  0.679  -27.975 0.1428571492
83438  33.806  0.919  -24.366 0.1428571492
84444  27.517  2.516  -27.130 0.2857142985
85415  32.891  3.827  -23.722 0.7142857313
88672  35.994  6.953  -22.485 0.1428571492
89738  30.502  7.816  -24.351 0.7142857313
90730  31.620  8.218  -23.617 0.8571428657
90776  26.430  8.097  -27.834 0.1428571492
91669  36.345  9.642  -23.218 0.1428571492
93652  34.531  11.833  -22.481 0.4285714328
93662  35.899  11.502  -23.139 0.1428571492
93664  32.015  10.940  -23.080 0.8571428657
94678  34.184  12.320  -22.425 0.1428571492
94698  30.440  12.743  -24.166 0.8571428657
95749  33.048  12.841  -21.861 0.8571428657
95763  35.311  13.142  -22.923 0.1428571492
95764  34.923  13.770  -22.950 0.1428571492
95793  28.458  13.695  -25.794 0.2857142985
96861  33.138  13.733  -22.616 0.8571428657
99135  32.444  16.667  -23.695 0.8571428657
100341  34.146  17.917  -24.901 0.2857142985
100344  30.448  17.109  -24.601 0.7142857313
100357  35.219  17.854  -26.783 0.1428571492
102427  33.230  19.059  -24.869 0.5714285970
102450  34.395  19.091  -26.730 0.4285714328
102464  24.279  19.828  -27.829 0.1428571492
103432  31.173  19.982  -24.889 0.8571428657
103473  25.471  20.793  -28.569 0.2857142985
104348  32.189  21.350  -25.424 0.7142857313
104350  30.605  21.524  -25.705 0.5714285970
104353  24.954  21.579  -25.437 0.1428571492
105247  32.464  22.371  -26.317 0.4285714328
105266  33.117  22.232  -28.122 0.2857142985
105268  25.752  22.378  -28.380 0.5714285970
106969  25.521  24.454  -27.766 0.1428571492
108603  29.433  26.919  -29.715 0.2857142985
108606  26.565  26.641  -29.962 0.1428571492
109380  27.874  27.979  -26.563 0.1428571492
109402  29.519  27.533  -29.670 0.1428571492
110158  27.619  27.912  -27.870 0.1428571492
110170  29.315  28.314  -28.806 0.1428571492
141632  31.363  -0.177  -24.978 0.4285714328
142104  32.191  18.590  -24.387 0.8571428657
142900  34.033  17.286  -24.481 0.7142857313
149471  30.337  17.812  -24.728 0.7142857313
153468  30.529  9.919  -24.372 0.7142857313
155430  30.207  1.645  -25.360 0.5714285970
158618  35.188  16.880  -25.375 0.1428571492
158659  31.850  22.355  -32.034 0.1428571492
161063  35.876  13.058  -24.936 0.1428571492
163936  24.898  22.026  -28.375 0.4285714328
164985  32.233  22.923  -26.665 0.5714285970
