#!ascii label  , from subject sub-LJ002 vox2ras=TkReg
2030
61508  -42.894  -11.566  31.952 0.0000000000
73851  -56.065  0.206  26.596 0.0000000000
66925  -50.740  -6.805  29.124 0.0000000000
40710  -16.723  -31.945  54.142 0.0000000000
58320  -39.930  -15.182  35.735 0.0000000000
40728  -30.864  -30.986  53.405 0.0000000000
147381  -36.249  -22.723  52.443 0.0000000000
56283  -37.590  -17.174  44.455 0.0000000000
126957  -42.826  -16.199  43.558 0.0000000000
40815  -23.250  -31.562  47.315 0.0000000000
40818  -29.985  -31.235  46.993 0.0000000000
136626  -26.604  -29.448  46.588 0.0000000000
47019  -34.733  -25.832  45.498 0.0000000000
134008  -37.209  -21.090  45.296 0.0000000000
64668  -44.554  -8.442  38.366 0.0000000000
62513  -49.795  -10.712  37.405 0.0000000000
69974  -53.454  -3.387  27.806 0.0000000000
63696  -46.594  -9.402  30.122 0.0000000000
75941  -51.037  3.018  23.465 0.0000000000
36606  -12.354  -36.025  52.963 0.0000000000
60346  -46.097  -12.293  40.418 0.0000000000
62539  -41.147  -10.618  34.675 0.0000000000
45942  -29.968  -26.948  45.214 0.0000000000
45831  -32.361  -26.481  52.672 0.0000000000
63629  -54.625  -9.628  34.841 0.0000000000
76899  -59.707  4.093  21.447 0.0000000000
135822  -36.467  -18.226  41.792 0.0000000000
55215  -38.287  -17.852  41.386 0.0000000000
41820  -25.064  -30.782  46.665 0.0000000000
49892  -35.659  -22.318  41.603 0.0000000000
137576  -35.925  -19.756  42.054 0.0000000000
128422  -36.639  -18.673  44.672 0.0000000000
63638  -43.954  -10.167  35.107 0.0000000000
128901  -46.700  -8.873  37.874 0.0000000000
61446  -45.986  -11.363  35.105 0.0000000000
148819  -54.545  -1.904  27.073 0.0000000000
138584  -55.689  -3.308  28.996 0.0000000000
74841  -57.320  2.177  26.852 0.0000000000
144509  -14.145  -34.928  48.376 0.0000000000
38649  -13.739  -33.755  52.275 0.0000000000
57331  -42.027  -16.078  39.292 0.0000000000
58277  -44.221  -14.234  41.649 0.0000000000
142749  -43.034  -13.710  38.136 0.0000000000
61414  -43.064  -11.322  37.501 0.0000000000
60407  -40.802  -12.768  34.894 0.0000000000
137940  -30.448  -31.442  50.019 0.0000000000
41837  -31.670  -30.265  46.504 0.0000000000
42791  -32.855  -29.648  48.474 0.0000000000
41771  -32.945  -29.856  51.921 0.0000000000
45973  -27.572  -27.134  42.189 0.0000000000
45976  -30.876  -27.185  42.141 0.0000000000
48014  -36.425  -24.412  48.863 0.0000000000
141218  -34.108  -25.980  48.329 0.0000000000
138243  -34.440  -24.560  52.084 0.0000000000
45783  -33.345  -26.445  55.679 0.0000000000
40736  -20.386  -32.162  51.848 0.0000000000
36674  -23.336  -35.088  43.788 0.0000000000
127916  -25.354  -37.745  45.453 0.0000000000
64763  -48.680  -8.315  29.364 0.0000000000
63659  -50.686  -9.351  33.015 0.0000000000
147049  -52.109  -8.487  32.289 0.0000000000
77864  -61.864  4.386  20.185 0.0000000000
34613  -17.198  -37.550  50.498 0.0000000000
57263  -39.162  -15.932  48.079 0.0000000000
57265  -41.736  -15.518  47.161 0.0000000000
55186  -40.169  -17.095  43.994 0.0000000000
147935  -40.781  -17.801  40.330 0.0000000000
38714  -25.766  -33.701  47.652 0.0000000000
39814  -28.315  -32.059  44.304 0.0000000000
143464  -27.317  -33.413  49.640 0.0000000000
39726  -26.955  -32.529  52.959 0.0000000000
42756  -27.623  -29.717  51.755 0.0000000000
47087  -33.099  -26.402  41.794 0.0000000000
48083  -35.054  -24.487  41.529 0.0000000000
48938  -36.967  -23.977  45.110 0.0000000000
49797  -38.363  -23.022  48.838 0.0000000000
51894  -39.026  -20.388  48.309 0.0000000000
55145  -38.017  -17.109  47.716 0.0000000000
126324  -21.107  -32.172  46.164 0.0000000000
138432  -45.778  -7.995  41.660 0.0000000000
66763  -48.631  -6.575  43.844 0.0000000000
141664  -47.748  -7.390  40.428 0.0000000000
64642  -50.107  -8.274  40.336 0.0000000000
131450  -51.916  -5.420  27.886 0.0000000000
65794  -54.335  -7.415  31.119 0.0000000000
136252  -55.691  -5.722  29.557 0.0000000000
31586  -8.673  -40.148  56.084 0.0000000000
62618  -45.646  -10.890  31.592 0.0000000000
65849  -45.552  -7.862  27.611 0.0000000000
68980  -48.922  -4.820  26.544 0.0000000000
70001  -50.345  -3.006  25.807 0.0000000000
71892  -51.009  -1.415  25.537 0.0000000000
127857  -52.638  0.848  25.741 0.0000000000
133817  -52.402  2.936  25.600 0.0000000000
126947  -50.042  2.612  24.222 0.0000000000
35598  -14.376  -36.321  54.386 0.0000000000
37561  -11.901  -34.483  58.215 0.0000000000
129098  -9.554  -36.971  57.454 0.0000000000
135898  -45.576  -9.385  47.321 0.0000000000
59222  -43.378  -13.096  46.109 0.0000000000
61344  -44.873  -11.984  44.603 0.0000000000
63531  -46.384  -9.795  43.305 0.0000000000
62492  -44.617  -10.194  39.470 0.0000000000
64687  -42.949  -9.744  36.459 0.0000000000
62578  -41.630  -10.470  33.362 0.0000000000
40899  -30.512  -31.759  43.731 0.0000000000
44868  -27.787  -27.606  46.230 0.0000000000
44824  -29.250  -27.686  49.559 0.0000000000
45954  -32.440  -26.771  44.846 0.0000000000
135191  -31.873  -27.034  49.445 0.0000000000
43706  -30.097  -28.560  55.179 0.0000000000
42715  -33.707  -29.056  55.072 0.0000000000
38704  -15.384  -33.019  48.155 0.0000000000
40752  -17.363  -31.809  50.130 0.0000000000
37611  -18.026  -33.981  50.159 0.0000000000
62583  -48.436  -10.617  33.573 0.0000000000
62529  -51.760  -10.608  36.527 0.0000000000
64682  -55.052  -8.736  38.055 0.0000000000
64718  -56.052  -8.290  33.830 0.0000000000
76852  -53.921  4.489  25.401 0.0000000000
78830  -55.199  5.681  24.396 0.0000000000
79886  -57.292  6.179  24.262 0.0000000000
147183  -58.103  4.014  22.410 0.0000000000
80836  -59.870  7.484  23.797 0.0000000000
54134  -35.727  -18.556  40.637 0.0000000000
145245  -35.795  -18.276  40.137 0.0000000000
55238  -34.969  -18.243  38.628 0.0000000000
51991  -35.509  -20.017  40.441 0.0000000000
53056  -35.337  -19.272  40.234 0.0000000000
54126  -35.844  -18.739  41.678 0.0000000000
143250  -42.952  -10.721  33.719 0.0000000000
62541  -44.703  -10.470  35.181 0.0000000000
61475  -44.365  -11.442  33.686 0.0000000000
71877  -55.240  -0.931  27.120 0.0000000000
71860  -55.312  -1.146  28.621 0.0000000000
72848  -55.646  -0.485  28.397 0.0000000000
73844  -56.583  0.756  27.910 0.0000000000
73852  -56.524  0.844  26.877 0.0000000000
143996  -14.703  -33.032  50.483 0.0000000000
37608  -14.114  -34.330  50.316 0.0000000000
39722  -14.566  -32.236  52.707 0.0000000000
57348  -41.366  -15.380  37.734 0.0000000000
58293  -42.932  -14.846  39.158 0.0000000000
58306  -41.722  -14.564  37.444 0.0000000000
59353  -41.795  -13.473  36.569 0.0000000000
59367  -40.779  -13.519  35.336 0.0000000000
36676  -27.148  -35.476  43.929 0.0000000000
40743  -30.569  -31.454  51.902 0.0000000000
41798  -31.488  -30.483  49.131 0.0000000000
41784  -31.727  -30.484  50.709 0.0000000000
129702  -33.359  -29.563  50.181 0.0000000000
146350  -31.730  -30.594  52.886 0.0000000000
48895  -36.628  -23.553  50.529 0.0000000000
47992  -35.299  -24.349  50.884 0.0000000000
48874  -35.277  -23.412  52.660 0.0000000000
48857  -34.506  -23.569  54.245 0.0000000000
38736  -24.641  -33.754  45.168 0.0000000000
145478  -24.678  -34.701  43.543 0.0000000000
35689  -25.899  -36.394  44.233 0.0000000000
135622  -47.137  -7.489  47.311 0.0000000000
125410  -50.202  -7.491  30.024 0.0000000000
65790  -50.228  -7.878  31.235 0.0000000000
65807  -51.247  -6.969  30.840 0.0000000000
56273  -38.259  -16.641  45.583 0.0000000000
141260  -39.613  -16.514  45.598 0.0000000000
129577  -39.148  -16.840  44.298 0.0000000000
55216  -39.306  -17.968  41.138 0.0000000000
55241  -38.738  -17.899  38.992 0.0000000000
145950  -40.058  -17.306  38.274 0.0000000000
40739  -23.820  -32.264  51.753 0.0000000000
38706  -26.503  -33.578  48.305 0.0000000000
40740  -24.631  -32.559  52.046 0.0000000000
41821  -25.913  -30.183  46.831 0.0000000000
41782  -26.119  -31.192  50.270 0.0000000000
135355  -26.814  -30.563  50.431 0.0000000000
40712  -27.283  -31.519  53.410 0.0000000000
42781  -27.539  -29.110  49.302 0.0000000000
48095  -33.941  -25.076  40.312 0.0000000000
50910  -36.452  -21.828  43.707 0.0000000000
140007  -36.549  -23.249  43.914 0.0000000000
49831  -37.212  -22.669  44.946 0.0000000000
49810  -38.060  -23.224  46.985 0.0000000000
145282  -38.587  -21.784  47.194 0.0000000000
50805  -39.257  -21.505  49.351 0.0000000000
50859  -38.493  -20.878  47.124 0.0000000000
55175  -37.050  -17.613  44.633 0.0000000000
55157  -37.131  -17.984  46.150 0.0000000000
128435  -37.863  -16.892  46.024 0.0000000000
56247  -38.294  -16.693  46.965 0.0000000000
126347  -21.971  -32.003  46.163 0.0000000000
65699  -45.135  -8.060  39.864 0.0000000000
65683  -46.507  -7.256  41.466 0.0000000000
65738  -46.093  -7.856  38.967 0.0000000000
62511  -47.852  -10.236  37.405 0.0000000000
64671  -48.341  -8.627  39.014 0.0000000000
63585  -49.674  -9.590  38.770 0.0000000000
64659  -51.651  -8.711  40.005 0.0000000000
63586  -50.600  -9.796  38.829 0.0000000000
68952  -52.937  -4.409  28.690 0.0000000000
67928  -53.303  -5.088  29.827 0.0000000000
139858  -54.259  -4.354  29.583 0.0000000000
68936  -58.139  -4.655  29.227 0.0000000000
69979  -49.203  -3.928  26.195 0.0000000000
70935  -47.753  -2.031  25.575 0.0000000000
72878  -49.099  -0.842  25.396 0.0000000000
73866  -49.890  0.734  25.238 0.0000000000
132825  -51.170  0.192  25.614 0.0000000000
74846  -50.347  1.658  25.163 0.0000000000
75914  -50.620  2.308  25.048 0.0000000000
35613  -12.590  -36.176  51.474 0.0000000000
142813  -11.310  -36.670  53.409 0.0000000000
33611  -17.756  -38.087  51.046 0.0000000000
34604  -15.550  -37.047  52.306 0.0000000000
34605  -16.467  -37.923  53.093 0.0000000000
35589  -14.195  -36.699  56.607 0.0000000000
35584  -12.973  -36.463  57.487 0.0000000000
35577  -10.581  -35.832  57.993 0.0000000000
128874  -12.976  -37.468  57.364 0.0000000000
132506  -11.814  -38.659  57.145 0.0000000000
57286  -42.524  -15.766  45.557 0.0000000000
58229  -42.651  -14.357  46.611 0.0000000000
58248  -42.940  -15.116  44.714 0.0000000000
139370  -44.920  -13.718  41.270 0.0000000000
59259  -44.374  -13.319  43.259 0.0000000000
60330  -46.016  -12.377  42.265 0.0000000000
62438  -46.040  -11.008  44.312 0.0000000000
128872  -46.445  -11.691  41.821 0.0000000000
62467  -45.932  -10.096  41.459 0.0000000000
62493  -45.451  -10.874  39.836 0.0000000000
131226  -41.883  -10.710  35.925 0.0000000000
62523  -42.417  -10.367  36.595 0.0000000000
62540  -41.703  -10.434  35.245 0.0000000000
142123  -42.079  -10.242  34.826 0.0000000000
63653  -40.923  -10.481  33.348 0.0000000000
40849  -28.795  -31.709  45.672 0.0000000000
40898  -29.778  -31.783  43.773 0.0000000000
40851  -30.200  -30.981  44.838 0.0000000000
45952  -28.712  -26.956  44.206 0.0000000000
45951  -27.878  -27.082  43.945 0.0000000000
45926  -28.823  -26.971  46.179 0.0000000000
138396  -28.394  -27.444  47.336 0.0000000000
45910  -29.561  -26.938  47.328 0.0000000000
47054  -33.701  -26.323  43.638 0.0000000000
45967  -32.908  -26.654  43.621 0.0000000000
45946  -33.391  -26.425  45.274 0.0000000000
45848  -32.980  -26.389  51.037 0.0000000000
45880  -32.591  -26.718  48.854 0.0000000000
45864  -32.442  -26.853  50.677 0.0000000000
44797  -31.127  -27.500  51.970 0.0000000000
44755  -30.989  -27.375  54.004 0.0000000000
147011  -31.387  -28.727  55.696 0.0000000000
45792  -31.830  -27.020  55.806 0.0000000000
144468  -38.732  -19.630  51.966 0.0000000000
40753  -18.449  -31.903  50.455 0.0000000000
38669  -19.551  -33.212  52.275 0.0000000000
126740  -18.265  -31.889  52.377 0.0000000000
149945  -25.376  -38.403  46.374 0.0000000000
62641  -46.081  -10.031  30.875 0.0000000000
62600  -46.281  -11.011  32.391 0.0000000000
63669  -47.907  -9.867  32.085 0.0000000000
63641  -52.729  -9.911  34.319 0.0000000000
62567  -51.512  -10.496  35.097 0.0000000000
62549  -53.283  -10.218  35.841 0.0000000000
63600  -53.876  -9.864  37.867 0.0000000000
63615  -54.840  -9.574  36.736 0.0000000000
65796  -56.174  -7.245  31.618 0.0000000000
65781  -55.644  -7.820  32.088 0.0000000000
65772  -56.640  -7.528  33.406 0.0000000000
76850  -52.104  3.611  25.153 0.0000000000
76851  -53.200  4.058  25.498 0.0000000000
76868  -52.345  4.086  23.974 0.0000000000
139541  -53.955  4.588  23.728 0.0000000000
78837  -55.436  5.593  23.991 0.0000000000
79876  -56.809  6.002  24.551 0.0000000000
77831  -56.208  5.263  23.568 0.0000000000
76912  -58.529  3.429  20.469 0.0000000000
127534  -57.993  3.163  21.025 0.0000000000
77852  -58.770  3.987  21.954 0.0000000000
78850  -58.543  5.855  22.834 0.0000000000
78851  -59.389  6.182  22.479 0.0000000000
79922  -61.313  7.071  21.637 0.0000000000
79933  -63.516  7.197  20.701 0.0000000000
55185  -37.276  -17.445  43.365 0.0000000000
56306  -37.858  -17.254  43.120 0.0000000000
144169  -36.802  -18.034  41.746 0.0000000000
56321  -36.836  -17.913  39.957 0.0000000000
149276  -23.824  -31.315  47.155 0.0000000000
50945  -35.298  -21.857  40.231 0.0000000000
50933  -35.798  -21.263  41.495 0.0000000000
51951  -36.321  -20.353  43.783 0.0000000000
51938  -37.000  -20.282  45.281 0.0000000000
53028  -36.207  -19.411  43.575 0.0000000000
55183  -36.486  -18.177  43.089 0.0000000000
64689  -44.015  -9.263  36.398 0.0000000000
64681  -46.053  -8.577  37.760 0.0000000000
132048  -45.541  -9.656  36.362 0.0000000000
62524  -46.660  -10.700  36.375 0.0000000000
62525  -47.508  -10.883  36.650 0.0000000000
145241  -53.844  -2.592  27.916 0.0000000000
69940  -54.178  -2.876  29.088 0.0000000000
70903  -54.728  -2.247  28.896 0.0000000000
69961  -57.278  -3.077  28.473 0.0000000000
75908  -57.611  3.125  26.605 0.0000000000
36620  -13.374  -35.469  50.514 0.0000000000
37581  -13.028  -34.339  53.335 0.0000000000
57318  -42.771  -16.308  41.620 0.0000000000
57312  -43.263  -15.472  42.483 0.0000000000
57326  -43.292  -15.215  40.526 0.0000000000
58284  -43.959  -14.407  40.188 0.0000000000
59311  -44.991  -13.233  39.419 0.0000000000
60370  -44.444  -12.044  38.531 0.0000000000
60381  -43.156  -12.383  37.596 0.0000000000
60395  -42.252  -12.192  36.555 0.0000000000
61444  -40.916  -11.968  34.847 0.0000000000
40803  -30.354  -31.166  47.911 0.0000000000
41836  -30.929  -30.617  46.261 0.0000000000
130720  -31.045  -30.667  47.685 0.0000000000
41824  -32.318  -29.997  46.947 0.0000000000
42783  -33.963  -29.400  49.709 0.0000000000
45975  -29.220  -27.101  42.600 0.0000000000
127184  -30.362  -27.077  43.662 0.0000000000
46986  -35.626  -25.312  46.945 0.0000000000
148179  -34.436  -25.803  47.634 0.0000000000
46959  -35.167  -25.163  49.145 0.0000000000
46951  -34.423  -25.257  50.507 0.0000000000
46928  -33.393  -25.356  52.654 0.0000000000
46905  -32.621  -25.784  55.344 0.0000000000
130696  -33.502  -24.713  54.388 0.0000000000
126328  -20.479  -32.174  49.160 0.0000000000
138138  -21.140  -32.225  51.955 0.0000000000
36672  -22.052  -35.551  44.375 0.0000000000
130860  -22.914  -37.453  44.847 0.0000000000
34683  -24.329  -37.014  44.457 0.0000000000
132252  -48.095  -8.676  29.962 0.0000000000
139920  -48.395  -9.252  31.803 0.0000000000
64738  -49.416  -8.620  31.738 0.0000000000
64713  -51.345  -8.907  32.642 0.0000000000
63662  -53.798  -9.355  33.454 0.0000000000
75969  -51.382  2.513  21.921 0.0000000000
75957  -52.393  2.669  22.713 0.0000000000
75978  -52.183  2.479  21.562 0.0000000000
76920  -59.275  3.467  20.160 0.0000000000
77863  -61.126  4.596  20.802 0.0000000000
76914  -60.879  3.693  20.198 0.0000000000
76930  -61.555  3.726  18.974 0.0000000000
36628  -16.568  -35.449  49.939 0.0000000000
37596  -15.718  -34.954  51.620 0.0000000000
58207  -41.289  -14.598  48.537 0.0000000000
57264  -40.490  -15.730  47.598 0.0000000000
56275  -41.467  -16.735  45.405 0.0000000000
56295  -42.032  -17.251  43.682 0.0000000000
55199  -39.028  -17.738  42.066 0.0000000000
55200  -40.789  -17.726  42.524 0.0000000000
55202  -42.025  -17.455  41.944 0.0000000000
56335  -41.687  -16.924  39.749 0.0000000000
57338  -41.021  -16.217  38.080 0.0000000000
38738  -26.212  -33.227  44.592 0.0000000000
39828  -27.695  -32.948  43.690 0.0000000000
38725  -26.577  -33.160  46.314 0.0000000000
39787  -27.642  -32.528  46.603 0.0000000000
39775  -28.490  -32.288  47.606 0.0000000000
40780  -25.252  -31.670  50.533 0.0000000000
38677  -27.464  -33.334  51.174 0.0000000000
39765  -29.269  -32.134  49.093 0.0000000000
39747  -29.078  -32.483  50.879 0.0000000000
39717  -28.986  -32.070  53.487 0.0000000000
147450  -28.245  -30.401  54.206 0.0000000000
47088  -33.952  -25.842  41.927 0.0000000000
48056  -35.030  -25.431  43.282 0.0000000000
134033  -35.492  -23.951  41.870 0.0000000000
48058  -36.256  -24.629  44.217 0.0000000000
48036  -36.102  -25.124  45.414 0.0000000000
48022  -37.030  -24.434  47.397 0.0000000000
48908  -37.029  -23.935  49.033 0.0000000000
49789  -37.846  -22.643  50.619 0.0000000000
49764  -37.252  -21.973  52.245 0.0000000000
126027  -38.687  -21.586  50.885 0.0000000000
150737  -39.181  -20.322  50.423 0.0000000000
52970  -38.923  -19.062  49.841 0.0000000000
53010  -37.637  -19.497  46.654 0.0000000000
52984  -38.261  -18.904  48.116 0.0000000000
54051  -38.137  -17.787  49.052 0.0000000000
56225  -38.197  -16.630  49.318 0.0000000000
126327  -21.452  -31.956  49.276 0.0000000000
64593  -46.460  -8.092  43.146 0.0000000000
65669  -47.084  -7.309  42.954 0.0000000000
66784  -47.888  -6.919  42.383 0.0000000000
66802  -49.347  -6.832  42.091 0.0000000000
65722  -46.995  -7.836  39.294 0.0000000000
65724  -48.809  -7.952  40.138 0.0000000000
67946  -51.775  -5.825  28.820 0.0000000000
66912  -51.704  -6.290  30.370 0.0000000000
67908  -52.986  -5.730  30.379 0.0000000000
66915  -54.481  -6.297  30.241 0.0000000000
66901  -56.654  -6.638  31.077 0.0000000000
125030  -55.798  -5.030  29.201 0.0000000000
144619  -57.255  -5.908  30.580 0.0000000000
62637  -42.732  -11.337  30.144 0.0000000000
61522  -43.891  -11.404  31.154 0.0000000000
128504  -43.360  -10.718  29.560 0.0000000000
62658  -43.870  -10.035  29.044 0.0000000000
63718  -45.402  -9.517  29.403 0.0000000000
64779  -46.379  -8.598  28.504 0.0000000000
65833  -46.954  -8.042  28.051 0.0000000000
65852  -47.818  -7.601  27.867 0.0000000000
66937  -49.447  -6.892  27.756 0.0000000000
67962  -49.697  -6.108  27.207 0.0000000000
67984  -50.547  -5.062  26.748 0.0000000000
68982  -50.699  -4.385  26.377 0.0000000000
146028  -51.733  -3.651  26.062 0.0000000000
71891  -48.253  -1.307  25.461 0.0000000000
70937  -50.611  -2.196  25.586 0.0000000000
140407  -51.992  -2.508  25.563 0.0000000000
71894  -53.065  -1.534  25.467 0.0000000000
72882  -53.431  -0.761  25.413 0.0000000000
73869  -54.160  0.722  25.387 0.0000000000
127856  -54.557  1.263  25.375 0.0000000000
150182  -52.789  1.556  25.858 0.0000000000
75931  -51.000  3.014  24.652 0.0000000000
75940  -50.353  2.839  23.534 0.0000000000
75968  -50.437  2.735  22.074 0.0000000000
37578  -15.148  -33.581  54.533 0.0000000000
39693  -14.124  -32.454  55.614 0.0000000000
38626  -12.820  -33.113  55.978 0.0000000000
127057  -15.923  -37.776  54.809 0.0000000000
36598  -13.440  -35.194  56.491 0.0000000000
37571  -11.539  -34.458  56.232 0.0000000000
36596  -10.814  -35.277  56.193 0.0000000000
35591  -9.208  -36.459  56.067 0.0000000000
34589  -8.089  -37.453  55.893 0.0000000000
32583  -9.133  -38.953  57.007 0.0000000000
63488  -46.317  -8.690  46.499 0.0000000000
61320  -43.720  -11.823  47.119 0.0000000000
59258  -43.721  -13.908  43.770 0.0000000000
60294  -43.777  -12.834  45.357 0.0000000000
62411  -45.548  -10.618  45.693 0.0000000000
62422  -46.074  -10.350  45.025 0.0000000000
63510  -46.457  -9.133  44.118 0.0000000000
63530  -46.008  -9.021  42.465 0.0000000000
63563  -44.843  -8.929  40.475 0.0000000000
148415  -44.394  -8.806  39.327 0.0000000000
61403  -44.026  -11.108  38.515 0.0000000000
63582  -43.622  -9.416  38.243 0.0000000000
64678  -43.545  -9.106  37.530 0.0000000000
64705  -43.217  -10.030  35.526 0.0000000000
63656  -42.713  -10.330  34.239 0.0000000000
62597  -42.038  -10.894  32.850 0.0000000000
58329  -39.301  -14.730  34.474 0.0000000000
59389  -39.555  -13.513  33.473 0.0000000000
144978  -39.839  -12.749  33.227 0.0000000000
61473  -40.120  -11.385  32.901 0.0000000000
62576  -40.325  -10.956  32.805 0.0000000000
126663  -40.603  -10.926  32.403 0.0000000000
130735  -40.733  -11.209  31.704 0.0000000000
61519  -41.131  -11.550  30.882 0.0000000000
150538  -31.322  -30.560  44.849 0.0000000000
43804  -26.513  -28.657  43.816 0.0000000000
44875  -27.096  -27.943  44.114 0.0000000000
43782  -27.079  -28.743  46.296 0.0000000000
43769  -28.016  -28.226  48.648 0.0000000000
43742  -28.534  -28.478  50.988 0.0000000000
43713  -28.659  -28.908  53.655 0.0000000000
45977  -31.811  -26.940  42.403 0.0000000000
126614  -31.240  -27.036  43.817 0.0000000000
45943  -30.837  -26.938  45.323 0.0000000000
45914  -33.363  -26.293  47.478 0.0000000000
45913  -32.139  -26.630  47.060 0.0000000000
124868  -30.880  -26.922  48.056 0.0000000000
44825  -30.152  -27.484  49.717 0.0000000000
44773  -29.605  -28.138  52.381 0.0000000000
41732  -30.033  -29.874  55.171 0.0000000000
41741  -31.956  -30.224  54.596 0.0000000000
42743  -33.886  -29.824  53.430 0.0000000000
38703  -14.961  -33.699  48.488 0.0000000000
39745  -15.349  -32.108  50.381 0.0000000000
40825  -16.906  -32.037  47.016 0.0000000000
39773  -16.397  -32.229  47.449 0.0000000000
40793  -16.058  -32.041  49.062 0.0000000000
40722  -17.543  -31.852  52.870 0.0000000000
38652  -17.529  -33.119  53.030 0.0000000000
35640  -18.055  -36.225  47.696 0.0000000000
34672  -23.739  -37.863  45.378 0.0000000000
61494  -45.867  -11.522  33.144 0.0000000000
61477  -47.012  -11.401  34.024 0.0000000000
127802  -48.951  -11.090  36.249 0.0000000000
63657  -49.040  -10.033  33.178 0.0000000000
124694  -50.204  -10.732  35.095 0.0000000000
62528  -50.724  -10.789  36.743 0.0000000000
62503  -52.068  -10.259  38.041 0.0000000000
65780  -53.035  -7.658  31.540 0.0000000000
64716  -54.615  -8.949  33.108 0.0000000000
64706  -55.753  -8.769  34.596 0.0000000000
75919  -54.966  2.184  25.452 0.0000000000
75920  -56.004  3.591  25.563 0.0000000000
130225  -56.161  4.710  25.529 0.0000000000
149448  -52.938  4.445  24.048 0.0000000000
78819  -54.817  5.409  24.840 0.0000000000
76854  -57.081  4.848  25.646 0.0000000000
78811  -58.028  5.712  25.717 0.0000000000
79877  -58.263  6.221  25.424 0.0000000000
75959  -56.514  3.349  22.705 0.0000000000
78849  -57.737  5.612  23.165 0.0000000000
80835  -58.937  6.958  23.999 0.0000000000
78861  -62.042  6.816  20.984 0.0000000000
54133  -35.263  -18.767  40.030 0.0000000000
55225  -35.413  -18.395  39.565 0.0000000000
139256  -34.853  -18.985  39.470 0.0000000000
54125  -35.533  -19.003  40.845 0.0000000000
61490  -42.628  -11.373  32.460 0.0000000000
62580  -43.533  -11.282  33.373 0.0000000000
61491  -43.367  -11.528  32.485 0.0000000000
72866  -55.576  -0.418  26.303 0.0000000000
72858  -55.643  -0.232  27.657 0.0000000000
72859  -56.119  0.162  28.197 0.0000000000
73843  -56.154  0.347  27.615 0.0000000000
73871  -56.216  0.834  25.889 0.0000000000
147353  -15.259  -31.793  52.604 0.0000000000
39732  -14.663  -32.533  51.532 0.0000000000
124960  -16.118  -31.779  54.026 0.0000000000
58305  -41.063  -14.973  36.934 0.0000000000
58312  -41.454  -14.140  36.690 0.0000000000
134072  -40.718  -14.454  36.035 0.0000000000
36692  -27.506  -34.693  43.610 0.0000000000
37713  -26.987  -34.163  43.427 0.0000000000
40727  -30.344  -31.535  52.967 0.0000000000
40763  -31.086  -31.015  51.055 0.0000000000
128114  -31.518  -30.704  51.774 0.0000000000
133008  -32.341  -30.129  51.263 0.0000000000
48887  -36.288  -23.350  51.334 0.0000000000
48886  -35.489  -23.814  51.665 0.0000000000
48875  -35.989  -23.156  52.178 0.0000000000
49762  -35.823  -22.732  53.041 0.0000000000
36690  -25.725  -35.033  43.412 0.0000000000
65821  -50.211  -7.324  29.260 0.0000000000
66911  -50.827  -6.882  30.017 0.0000000000
128407  -38.925  -16.589  45.189 0.0000000000
56284  -38.201  -16.894  44.617 0.0000000000
55253  -37.873  -17.856  38.604 0.0000000000
128247  -38.849  -17.908  39.729 0.0000000000
132731  -24.175  -31.839  50.580 0.0000000000
124637  -23.916  -31.586  49.276 0.0000000000
42802  -26.520  -29.712  47.240 0.0000000000
41808  -26.183  -30.259  47.742 0.0000000000
42790  -26.855  -29.648  47.882 0.0000000000
140210  -27.228  -29.776  49.727 0.0000000000
42780  -27.157  -29.583  48.755 0.0000000000
50894  -36.723  -21.618  44.286 0.0000000000
49844  -36.808  -22.424  44.281 0.0000000000
50876  -37.138  -21.837  44.961 0.0000000000
49821  -38.115  -22.333  46.434 0.0000000000
50877  -37.675  -21.647  45.736 0.0000000000
50858  -38.102  -21.304  46.450 0.0000000000
56282  -37.335  -17.359  44.556 0.0000000000
56271  -37.407  -17.299  45.294 0.0000000000
56272  -37.710  -17.035  45.109 0.0000000000
40814  -22.500  -31.819  46.949 0.0000000000
40778  -23.256  -31.797  50.116 0.0000000000
142187  -44.931  -8.092  39.023 0.0000000000
65720  -45.554  -7.807  39.434 0.0000000000
65737  -45.464  -7.968  38.778 0.0000000000
62512  -48.811  -10.538  37.475 0.0000000000
63598  -48.412  -9.860  38.053 0.0000000000
63599  -49.260  -10.130  38.162 0.0000000000
62501  -50.188  -10.274  38.175 0.0000000000
69973  -52.995  -4.128  27.759 0.0000000000
68953  -53.334  -4.119  29.168 0.0000000000
69958  -53.681  -3.530  29.200 0.0000000000
67933  -58.418  -4.961  29.959 0.0000000000
70934  -47.380  -2.700  25.736 0.0000000000
74859  -49.590  1.597  24.942 0.0000000000
75929  -49.420  2.129  24.501 0.0000000000
36607  -12.784  -35.784  52.234 0.0000000000
35608  -12.242  -36.465  52.213 0.0000000000
140847  -11.637  -36.881  52.209 0.0000000000
35602  -11.790  -36.193  53.617 0.0000000000
33603  -17.700  -38.299  52.138 0.0000000000
139511  -13.907  -37.199  57.266 0.0000000000
33573  -13.611  -37.962  57.220 0.0000000000
129650  -42.685  -15.898  44.841 0.0000000000
150644  -42.767  -15.389  45.185 0.0000000000
57291  -42.896  -15.697  44.101 0.0000000000
59287  -45.681  -13.130  40.793 0.0000000000
60329  -45.463  -13.086  41.805 0.0000000000
60337  -46.166  -12.452  41.338 0.0000000000
61366  -46.319  -11.610  42.645 0.0000000000
61372  -46.331  -11.573  40.982 0.0000000000
60359  -45.739  -11.866  39.620 0.0000000000
61445  -41.404  -10.947  35.312 0.0000000000
62561  -41.567  -10.280  34.507 0.0000000000
62560  -40.863  -10.499  33.869 0.0000000000
40831  -29.372  -31.452  46.313 0.0000000000
40850  -29.487  -31.299  45.272 0.0000000000
40832  -30.148  -30.945  45.928 0.0000000000
45953  -29.673  -26.973  44.378 0.0000000000
142065  -28.957  -26.984  45.210 0.0000000000
128232  -29.480  -26.884  45.844 0.0000000000
45909  -28.853  -27.092  47.013 0.0000000000
45927  -29.485  -26.856  46.545 0.0000000000
47037  -34.782  -25.830  44.618 0.0000000000
47036  -33.981  -26.247  44.465 0.0000000000
47018  -34.198  -26.131  45.145 0.0000000000
46939  -33.094  -26.035  51.969 0.0000000000
45847  -32.451  -26.721  51.647 0.0000000000
45846  -31.794  -27.072  52.332 0.0000000000
45830  -31.665  -26.890  53.564 0.0000000000
45820  -31.271  -27.093  54.761 0.0000000000
45821  -31.812  -26.478  54.626 0.0000000000
134068  -38.590  -18.789  52.338 0.0000000000
35675  -20.814  -36.162  45.102 0.0000000000
63679  -46.988  -9.731  31.008 0.0000000000
62620  -47.299  -9.968  31.698 0.0000000000
63642  -53.712  -9.756  34.370 0.0000000000
63627  -53.108  -10.073  35.068 0.0000000000
63628  -53.950  -9.959  35.339 0.0000000000
130110  -54.049  -9.990  36.235 0.0000000000
131175  -54.796  -9.667  35.769 0.0000000000
66888  -56.957  -6.784  32.050 0.0000000000
65782  -56.454  -7.433  32.488 0.0000000000
76867  -51.519  3.634  24.086 0.0000000000
76860  -52.182  3.962  24.521 0.0000000000
75942  -51.762  3.271  23.431 0.0000000000
75958  -55.444  3.244  23.086 0.0000000000
76871  -55.699  4.480  23.394 0.0000000000
76898  -58.920  3.336  21.019 0.0000000000
77844  -59.152  5.048  22.242 0.0000000000
78859  -60.011  5.416  21.844 0.0000000000
79921  -60.324  6.541  22.047 0.0000000000
55196  -36.783  -17.915  42.677 0.0000000000
55197  -37.301  -17.634  42.505 0.0000000000
55239  -35.734  -18.241  39.432 0.0000000000
56320  -36.160  -18.079  40.121 0.0000000000
56332  -36.183  -18.070  39.295 0.0000000000
50962  -34.984  -21.584  39.319 0.0000000000
51981  -35.762  -20.154  41.317 0.0000000000
50946  -35.558  -20.971  40.720 0.0000000000
51971  -36.062  -20.636  42.160 0.0000000000
51961  -36.211  -21.097  43.115 0.0000000000
53037  -36.103  -19.915  42.884 0.0000000000
55195  -36.329  -18.364  42.194 0.0000000000
54116  -36.151  -18.585  42.518 0.0000000000
55184  -36.990  -17.672  43.782 0.0000000000
63610  -44.376  -9.736  35.737 0.0000000000
63611  -44.873  -9.353  36.393 0.0000000000
61460  -45.287  -11.236  34.832 0.0000000000
62542  -45.537  -10.814  35.481 0.0000000000
62543  -46.302  -11.079  35.714 0.0000000000
128132  -46.624  -11.385  35.230 0.0000000000
70913  -54.149  -2.416  26.977 0.0000000000
70902  -54.211  -2.312  28.547 0.0000000000
71859  -54.726  -1.580  28.449 0.0000000000
70905  -56.865  -2.058  28.681 0.0000000000
70906  -57.868  -2.430  28.417 0.0000000000
74834  -57.409  1.854  27.775 0.0000000000
75901  -57.758  2.564  27.630 0.0000000000
38665  -13.944  -33.898  51.428 0.0000000000
37607  -13.781  -34.705  50.915 0.0000000000
37595  -13.557  -34.600  51.829 0.0000000000
36612  -13.215  -35.438  51.450 0.0000000000
38639  -13.533  -33.602  53.281 0.0000000000
56336  -42.279  -16.324  40.012 0.0000000000
57319  -43.226  -15.555  41.519 0.0000000000
57332  -42.715  -15.548  39.773 0.0000000000
59322  -43.009  -14.213  38.645 0.0000000000
57333  -43.303  -14.874  39.793 0.0000000000
58294  -43.567  -14.323  39.297 0.0000000000
59310  -44.323  -13.779  39.406 0.0000000000
59323  -43.681  -13.596  38.620 0.0000000000
60369  -43.828  -12.680  38.228 0.0000000000
59340  -43.313  -13.170  37.989 0.0000000000
60394  -41.802  -12.772  36.202 0.0000000000
60408  -41.282  -12.578  35.463 0.0000000000
141722  -41.261  -11.656  35.273 0.0000000000
130183  -30.343  -31.280  48.748 0.0000000000
41810  -30.909  -30.835  48.504 0.0000000000
41799  -32.292  -29.946  49.292 0.0000000000
41812  -32.187  -29.892  47.845 0.0000000000
42770  -33.184  -29.710  50.975 0.0000000000
42771  -34.036  -29.457  50.630 0.0000000000
125417  -29.958  -27.209  41.900 0.0000000000
125418  -30.154  -27.184  42.796 0.0000000000
147096  -35.787  -25.148  47.618 0.0000000000
46971  -35.503  -25.173  48.274 0.0000000000
48013  -35.856  -24.827  48.788 0.0000000000
47991  -34.848  -24.424  51.536 0.0000000000
142449  -34.798  -24.781  50.899 0.0000000000
46941  -34.272  -25.023  51.443 0.0000000000
135265  -33.699  -25.430  51.860 0.0000000000
47978  -33.972  -24.920  52.341 0.0000000000
46918  -33.138  -25.252  53.617 0.0000000000
47961  -33.714  -24.779  53.255 0.0000000000
48826  -34.164  -24.182  55.227 0.0000000000
38671  -22.279  -32.937  52.239 0.0000000000
40756  -21.064  -32.036  51.300 0.0000000000
37602  -22.101  -33.513  51.824 0.0000000000
37695  -23.298  -34.441  44.362 0.0000000000
36673  -22.606  -35.001  44.236 0.0000000000
148492  -22.989  -36.152  43.940 0.0000000000
35687  -24.261  -36.263  43.829 0.0000000000
35690  -26.778  -36.231  44.372 0.0000000000
63681  -48.825  -8.746  31.358 0.0000000000
64748  -48.975  -8.395  30.392 0.0000000000
150164  -51.191  -7.757  31.603 0.0000000000
64728  -51.236  -8.248  32.046 0.0000000000
64714  -52.045  -9.131  32.957 0.0000000000
64715  -52.913  -9.114  32.946 0.0000000000
76919  -58.675  3.644  19.872 0.0000000000
76928  -59.535  3.724  19.506 0.0000000000
76921  -60.160  3.526  19.798 0.0000000000
34619  -17.513  -36.983  48.975 0.0000000000
33621  -20.075  -39.094  50.424 0.0000000000
57254  -39.850  -15.504  48.355 0.0000000000
132649  -39.630  -15.962  47.506 0.0000000000
129740  -39.868  -16.802  44.901 0.0000000000
56274  -40.510  -16.711  45.555 0.0000000000
125695  -40.876  -17.025  44.745 0.0000000000
56285  -41.801  -16.998  44.540 0.0000000000
55176  -41.215  -17.348  43.932 0.0000000000
55198  -38.046  -17.526  42.284 0.0000000000
56307  -38.722  -17.246  42.895 0.0000000000
55230  -40.356  -17.936  40.809 0.0000000000
125357  -40.084  -17.890  41.829 0.0000000000
55217  -41.140  -17.795  41.622 0.0000000000
55201  -41.538  -17.628  42.410 0.0000000000
142359  -41.167  -17.723  40.703 0.0000000000
56322  -41.607  -17.338  40.408 0.0000000000
55231  -41.154  -17.566  40.012 0.0000000000
56346  -40.660  -16.973  38.503 0.0000000000
143032  -26.614  -33.040  45.412 0.0000000000
38697  -26.480  -33.797  49.629 0.0000000000
38707  -27.170  -33.120  47.812 0.0000000000
39774  -27.724  -32.644  47.346 0.0000000000
39788  -28.098  -32.283  46.848 0.0000000000
39753  -27.930  -33.025  49.209 0.0000000000
40779  -24.776  -31.449  49.472 0.0000000000
41795  -25.147  -31.094  48.597 0.0000000000
41783  -26.372  -31.247  51.251 0.0000000000
40760  -25.901  -31.908  52.006 0.0000000000
149730  -27.778  -33.119  51.663 0.0000000000
39754  -28.631  -32.676  49.823 0.0000000000
39746  -28.193  -32.937  50.893 0.0000000000
39755  -29.378  -32.198  49.926 0.0000000000
39739  -28.354  -32.818  51.731 0.0000000000
41769  -27.361  -30.452  52.494 0.0000000000
39716  -28.138  -32.276  53.414 0.0000000000
41747  -27.632  -31.189  53.736 0.0000000000
41748  -28.066  -30.910  54.135 0.0000000000
42742  -27.803  -29.729  52.909 0.0000000000
48082  -34.528  -24.787  40.862 0.0000000000
48081  -34.009  -25.472  41.057 0.0000000000
47089  -34.524  -25.191  41.515 0.0000000000
48068  -34.854  -25.172  42.316 0.0000000000
131403  -35.445  -23.005  41.268 0.0000000000
48973  -35.178  -23.246  40.744 0.0000000000
138215  -35.596  -23.248  41.843 0.0000000000
139131  -36.958  -23.275  44.645 0.0000000000
48944  -36.172  -24.116  43.525 0.0000000000
48945  -36.625  -24.014  44.356 0.0000000000
48037  -36.727  -24.578  45.666 0.0000000000
48028  -36.910  -24.522  46.516 0.0000000000
48910  -38.293  -23.176  47.881 0.0000000000
48909  -37.720  -23.643  48.497 0.0000000000
48902  -37.621  -23.427  49.356 0.0000000000
48896  -37.388  -23.217  50.183 0.0000000000
132129  -38.193  -22.833  49.771 0.0000000000
50785  -38.198  -22.103  50.998 0.0000000000
49790  -38.531  -22.189  50.275 0.0000000000
50826  -39.347  -21.001  48.842 0.0000000000
50787  -39.318  -20.809  49.757 0.0000000000
51877  -39.232  -20.199  49.084 0.0000000000
52956  -39.077  -19.561  50.567 0.0000000000
145336  -38.992  -19.494  49.264 0.0000000000
53020  -36.863  -19.315  45.343 0.0000000000
53021  -37.293  -19.875  45.977 0.0000000000
53009  -37.105  -18.915  46.089 0.0000000000
55158  -37.673  -17.595  46.960 0.0000000000
54086  -37.508  -18.528  46.786 0.0000000000
139348  -37.923  -17.540  47.806 0.0000000000
54065  -38.050  -18.008  48.346 0.0000000000
55124  -38.030  -17.203  48.592 0.0000000000
55125  -38.108  -17.218  49.579 0.0000000000
57262  -38.564  -16.429  47.868 0.0000000000
142152  -21.059  -32.042  47.486 0.0000000000
37658  -24.838  -33.916  48.039 0.0000000000
64610  -46.109  -8.208  42.382 0.0000000000
65648  -46.876  -7.737  43.476 0.0000000000
65667  -46.220  -7.673  41.884 0.0000000000
66817  -47.152  -7.072  41.025 0.0000000000
66783  -47.147  -7.023  41.853 0.0000000000
66800  -47.674  -6.975  41.630 0.0000000000
66801  -48.403  -6.944  41.845 0.0000000000
66818  -48.035  -7.120  41.132 0.0000000000
64669  -46.611  -8.304  38.441 0.0000000000
63574  -49.213  -8.854  39.313 0.0000000000
128819  -48.602  -8.264  39.609 0.0000000000
64657  -49.310  -8.303  39.958 0.0000000000
65704  -49.461  -7.779  40.623 0.0000000000
65705  -50.512  -7.691  40.950 0.0000000000
64644  -52.178  -8.004  40.592 0.0000000000
67927  -52.401  -5.784  30.163 0.0000000000
133558  -52.426  -5.433  29.560 0.0000000000
67929  -53.896  -4.907  29.805 0.0000000000
66927  -54.175  -5.567  29.977 0.0000000000
66928  -55.077  -6.054  29.795 0.0000000000
66916  -55.284  -6.570  30.288 0.0000000000
66917  -56.110  -6.358  30.132 0.0000000000
69941  -54.806  -2.987  29.238 0.0000000000
135299  -55.051  -4.049  29.336 0.0000000000
68934  -56.155  -4.330  28.886 0.0000000000
67932  -57.570  -5.260  29.694 0.0000000000
32589  -7.929  -39.124  55.949 0.0000000000
32598  -6.774  -39.420  54.963 0.0000000000
32599  -7.479  -39.770  55.386 0.0000000000
63736  -43.442  -9.484  28.336 0.0000000000
63717  -44.677  -9.755  29.253 0.0000000000
63737  -44.299  -9.356  28.631 0.0000000000
64778  -45.538  -8.597  28.221 0.0000000000
65832  -46.174  -8.164  27.959 0.0000000000
65851  -47.069  -7.420  27.551 0.0000000000
66952  -47.494  -6.863  27.334 0.0000000000
66953  -48.375  -6.898  27.515 0.0000000000
66975  -47.938  -6.192  27.098 0.0000000000
67982  -48.369  -5.528  26.797 0.0000000000
133842  -49.104  -5.614  26.864 0.0000000000
67963  -50.502  -5.773  27.220 0.0000000000
67983  -49.757  -5.334  26.793 0.0000000000
70000  -49.478  -3.144  25.891 0.0000000000
69981  -50.950  -3.688  26.043 0.0000000000
68983  -51.645  -4.332  26.441 0.0000000000
72879  -49.861  -0.280  25.402 0.0000000000
131912  -50.000  -1.338  25.500 0.0000000000
70938  -51.363  -2.146  25.520 0.0000000000
70939  -52.868  -2.423  25.641 0.0000000000
71893  -52.019  -1.654  25.449 0.0000000000
132824  -52.022  0.090  25.694 0.0000000000
135997  -52.470  -0.785  25.465 0.0000000000
144436  -52.846  -0.100  25.514 0.0000000000
132823  -53.700  0.203  25.398 0.0000000000
141313  -53.509  1.274  25.633 0.0000000000
75930  -50.606  2.697  24.670 0.0000000000
75915  -51.046  2.772  25.013 0.0000000000
76859  -50.833  3.069  24.191 0.0000000000
34603  -10.343  -37.497  52.135 0.0000000000
35615  -16.071  -36.424  50.954 0.0000000000
138755  -15.400  -34.877  52.421 0.0000000000
35614  -15.580  -36.463  51.680 0.0000000000
35603  -14.689  -36.713  53.731 0.0000000000
36605  -14.599  -35.784  53.640 0.0000000000
37574  -14.049  -34.509  55.450 0.0000000000
39700  -13.489  -32.759  55.561 0.0000000000
38625  -13.782  -33.247  56.408 0.0000000000
33596  -17.098  -38.188  54.084 0.0000000000
35588  -13.523  -36.038  57.009 0.0000000000
36594  -13.072  -35.011  57.167 0.0000000000
38621  -12.594  -33.847  57.408 0.0000000000
37567  -11.495  -34.155  57.256 0.0000000000
36597  -11.370  -35.259  55.478 0.0000000000
37566  -10.800  -34.760  57.504 0.0000000000
35582  -10.576  -36.442  57.785 0.0000000000
36592  -9.760  -35.896  57.274 0.0000000000
35587  -9.049  -36.606  56.946 0.0000000000
35590  -8.546  -36.975  56.333 0.0000000000
35580  -8.896  -37.100  57.155 0.0000000000
34582  -8.234  -37.984  56.500 0.0000000000
33570  -9.436  -38.089  57.337 0.0000000000
32592  -12.010  -39.520  56.768 0.0000000000
64555  -46.060  -8.636  47.475 0.0000000000
63487  -45.886  -9.305  46.758 0.0000000000
58219  -41.570  -15.022  47.797 0.0000000000
59194  -41.683  -13.831  48.868 0.0000000000
58208  -41.967  -14.287  48.051 0.0000000000
59221  -42.988  -13.833  46.076 0.0000000000
133994  -42.501  -13.875  47.455 0.0000000000
59210  -42.965  -13.444  46.798 0.0000000000
60259  -43.301  -12.184  47.563 0.0000000000
59211  -43.353  -12.609  46.895 0.0000000000
125847  -43.691  -14.833  42.026 0.0000000000
128582  -43.569  -14.660  42.987 0.0000000000
59274  -43.963  -13.905  42.930 0.0000000000
60311  -44.874  -12.566  43.780 0.0000000000
60310  -44.246  -12.649  44.602 0.0000000000
60295  -44.325  -12.099  45.312 0.0000000000
60277  -44.423  -11.608  45.914 0.0000000000
62410  -44.842  -10.963  46.196 0.0000000000
61333  -44.997  -11.401  45.334 0.0000000000
62439  -46.360  -10.655  43.661 0.0000000000
62423  -46.377  -10.120  44.260 0.0000000000
63509  -46.409  -9.489  44.971 0.0000000000
63521  -46.328  -8.667  43.246 0.0000000000
62478  -44.979  -9.836  40.253 0.0000000000
63564  -45.388  -9.527  40.970 0.0000000000
148913  -44.610  -8.727  40.052 0.0000000000
63573  -44.416  -9.147  39.691 0.0000000000
61402  -43.659  -11.729  38.051 0.0000000000
63609  -42.672  -9.958  36.511 0.0000000000
63595  -43.145  -9.620  37.482 0.0000000000
64677  -43.003  -9.513  36.953 0.0000000000
64688  -43.374  -9.340  36.670 0.0000000000
64697  -43.017  -9.794  36.000 0.0000000000
63655  -41.950  -10.206  34.122 0.0000000000
63636  -42.588  -10.242  34.848 0.0000000000
62579  -42.271  -10.472  33.578 0.0000000000
131687  -41.333  -10.982  32.504 0.0000000000
59378  -39.761  -13.880  34.205 0.0000000000
59388  -38.970  -13.884  33.086 0.0000000000
60445  -39.769  -12.139  32.589 0.0000000000
60436  -40.275  -11.996  33.465 0.0000000000
61488  -39.294  -11.976  31.690 0.0000000000
62593  -39.406  -11.301  31.381 0.0000000000
62594  -39.977  -10.910  32.096 0.0000000000
62615  -39.338  -11.132  31.087 0.0000000000
39813  -27.657  -32.555  44.078 0.0000000000
38776  -28.169  -33.234  43.533 0.0000000000
39829  -28.403  -32.508  43.720 0.0000000000
41849  -30.854  -30.661  45.270 0.0000000000
41850  -31.632  -30.329  45.434 0.0000000000
129560  -27.681  -27.514  45.364 0.0000000000
44876  -27.565  -27.453  44.471 0.0000000000
43789  -27.356  -28.038  45.860 0.0000000000
43777  -27.621  -28.278  47.547 0.0000000000
44862  -27.954  -27.768  47.068 0.0000000000
44840  -28.990  -27.589  48.822 0.0000000000
44823  -28.684  -27.972  49.385 0.0000000000
44810  -28.837  -28.043  50.211 0.0000000000
43727  -28.482  -29.001  52.883 0.0000000000
44794  -29.101  -28.108  51.020 0.0000000000
45996  -32.353  -26.714  41.657 0.0000000000
147116  -32.672  -26.760  44.171 0.0000000000
130602  -32.146  -26.929  43.904 0.0000000000
132786  -31.496  -26.970  44.652 0.0000000000
45944  -31.651  -26.858  45.547 0.0000000000
46984  -33.920  -26.075  46.877 0.0000000000
147236  -33.845  -26.115  47.698 0.0000000000
143299  -32.374  -26.879  49.847 0.0000000000
144931  -32.719  -26.543  47.736 0.0000000000
126188  -31.844  -26.802  47.943 0.0000000000
45912  -31.259  -26.757  47.263 0.0000000000
45898  -31.479  -27.032  48.756 0.0000000000
45897  -30.508  -27.190  48.844 0.0000000000
45878  -31.115  -27.261  49.528 0.0000000000
44754  -30.426  -27.801  53.745 0.0000000000
44774  -30.407  -27.807  52.670 0.0000000000
44733  -29.828  -28.306  54.420 0.0000000000
43705  -29.413  -28.904  54.761 0.0000000000
42711  -30.288  -29.379  55.373 0.0000000000
41733  -30.653  -29.872  55.218 0.0000000000
43696  -30.363  -28.832  55.425 0.0000000000
42714  -32.733  -29.062  55.466 0.0000000000
42722  -32.433  -29.836  55.095 0.0000000000
42723  -33.334  -29.606  54.801 0.0000000000
45794  -33.133  -25.929  55.583 0.0000000000
45782  -32.730  -26.768  55.830 0.0000000000
44714  -33.645  -26.926  55.645 0.0000000000
50750  -37.695  -21.319  52.678 0.0000000000
39744  -14.941  -32.756  49.941 0.0000000000
39752  -15.567  -32.283  49.501 0.0000000000
40796  -19.162  -32.084  48.541 0.0000000000
40813  -18.521  -31.958  47.876 0.0000000000
40774  -18.998  -32.025  49.530 0.0000000000
40772  -17.238  -31.845  48.898 0.0000000000
40773  -18.051  -31.906  49.525 0.0000000000
140389  -16.776  -31.918  47.941 0.0000000000
39785  -16.550  -32.241  46.513 0.0000000000
40794  -16.480  -31.936  48.695 0.0000000000
39762  -16.197  -32.099  48.271 0.0000000000
40771  -16.514  -31.833  49.454 0.0000000000
144251  -18.663  -33.330  52.300 0.0000000000
40733  -17.541  -31.745  52.018 0.0000000000
38642  -18.069  -32.588  53.078 0.0000000000
140776  -16.772  -31.667  52.103 0.0000000000
38668  -17.904  -33.622  51.758 0.0000000000
37610  -17.244  -34.316  50.251 0.0000000000
37625  -17.444  -34.551  49.382 0.0000000000
150070  -23.768  -37.400  44.746 0.0000000000
66749  -48.775  -6.386  44.707 0.0000000000
62617  -44.722  -11.208  31.290 0.0000000000
61510  -44.911  -11.493  32.164 0.0000000000
62599  -45.568  -11.375  32.449 0.0000000000
62582  -47.549  -10.908  33.387 0.0000000000
62581  -46.706  -11.215  33.195 0.0000000000
62563  -47.816  -11.149  34.262 0.0000000000
61447  -47.959  -11.328  35.195 0.0000000000
62564  -48.636  -10.959  34.529 0.0000000000
63671  -49.404  -9.428  32.678 0.0000000000
63670  -48.635  -9.726  32.509 0.0000000000
63658  -49.905  -9.811  33.381 0.0000000000
62547  -52.018  -10.533  35.699 0.0000000000
149228  -50.835  -10.662  35.302 0.0000000000
62546  -51.201  -10.703  35.870 0.0000000000
127570  -50.378  -10.833  35.868 0.0000000000
62515  -51.484  -10.554  37.375 0.0000000000
62516  -52.522  -10.413  37.166 0.0000000000
63601  -54.676  -9.443  37.619 0.0000000000
63590  -54.391  -9.218  38.375 0.0000000000
64673  -54.807  -8.317  38.741 0.0000000000
66899  -52.701  -6.458  30.868 0.0000000000
65792  -52.543  -7.109  31.297 0.0000000000
65793  -53.346  -7.071  31.096 0.0000000000
65771  -55.947  -8.110  32.880 0.0000000000
64731  -55.134  -8.409  32.509 0.0000000000
64717  -55.438  -8.610  33.204 0.0000000000
133762  -55.280  -8.939  33.848 0.0000000000
132822  -53.859  2.242  25.689 0.0000000000
144949  -55.222  3.090  25.570 0.0000000000
76853  -54.817  4.095  25.576 0.0000000000
142980  -55.340  4.600  25.466 0.0000000000
75943  -52.469  3.410  23.353 0.0000000000
76869  -53.118  4.095  23.646 0.0000000000
78836  -54.758  5.489  24.181 0.0000000000
77820  -54.549  5.321  24.443 0.0000000000
77809  -55.348  5.237  25.207 0.0000000000
77810  -56.163  5.426  25.244 0.0000000000
77811  -57.130  5.555  25.339 0.0000000000
78821  -56.391  5.847  24.903 0.0000000000
79896  -56.637  5.983  24.141 0.0000000000
126488  -57.743  6.309  24.698 0.0000000000
79878  -58.921  6.675  25.449 0.0000000000
80818  -58.691  6.798  24.690 0.0000000000
130358  -58.133  3.397  21.803 0.0000000000
76897  -57.369  3.000  21.852 0.0000000000
76896  -56.557  2.749  21.816 0.0000000000
76883  -57.458  3.698  22.526 0.0000000000
77841  -56.776  4.403  23.140 0.0000000000
77842  -57.594  4.632  22.921 0.0000000000
79909  -58.854  6.568  23.128 0.0000000000
79899  -59.298  7.014  23.419 0.0000000000
80826  -59.668  7.416  24.517 0.0000000000
78869  -61.968  5.647  20.569 0.0000000000
55212  -36.092  -18.416  41.447 0.0000000000
55213  -36.213  -18.212  40.964 0.0000000000
126638  -35.297  -20.766  39.883 0.0000000000
128633  -35.120  -19.782  39.688 0.0000000000
53050  -35.589  -19.472  40.890 0.0000000000
53051  -35.739  -19.294  41.543 0.0000000000
62562  -43.636  -10.689  34.308 0.0000000000
150530  -44.193  -10.590  34.780 0.0000000000
61459  -44.544  -11.107  34.506 0.0000000000
125914  -45.288  -11.606  33.976 0.0000000000
71876  -54.797  -1.452  26.625 0.0000000000
71871  -55.068  -0.853  28.136 0.0000000000
71861  -55.879  -0.892  28.716 0.0000000000
129707  -57.263  -0.551  28.651 0.0000000000
72850  -57.196  0.172  28.596 0.0000000000
125967  -57.735  0.827  28.526 0.0000000000
73833  -56.892  0.603  28.339 0.0000000000
74833  -57.008  1.392  27.385 0.0000000000
74840  -56.662  1.593  26.162 0.0000000000
37638  -14.522  -34.410  48.816 0.0000000000
37623  -14.312  -34.363  49.646 0.0000000000
38682  -14.506  -33.626  50.222 0.0000000000
39731  -14.168  -33.117  51.837 0.0000000000
39721  -14.108  -32.863  52.774 0.0000000000
57339  -41.700  -15.757  38.499 0.0000000000
57340  -42.329  -15.318  38.908 0.0000000000
58299  -41.992  -14.962  38.200 0.0000000000
143870  -42.545  -14.707  38.571 0.0000000000
58307  -42.441  -14.185  37.946 0.0000000000
59339  -42.727  -13.300  37.496 0.0000000000
59338  -42.065  -13.797  37.155 0.0000000000
59352  -41.334  -13.519  36.028 0.0000000000
35691  -27.692  -36.077  44.597 0.0000000000
40762  -30.486  -31.472  50.819 0.0000000000
40783  -31.121  -30.921  50.126 0.0000000000
139113  -31.826  -30.333  49.890 0.0000000000
42782  -33.123  -29.596  49.444 0.0000000000
41785  -32.535  -29.932  50.236 0.0000000000
48000  -36.252  -24.077  50.076 0.0000000000
127616  -35.845  -24.542  49.539 0.0000000000
48894  -35.934  -23.926  50.800 0.0000000000
48885  -34.814  -24.047  52.319 0.0000000000
47962  -34.037  -24.138  53.795 0.0000000000
48873  -34.622  -23.737  53.228 0.0000000000
37710  -24.054  -34.593  43.776 0.0000000000
35696  -24.226  -35.308  43.521 0.0000000000
35697  -25.197  -35.779  43.681 0.0000000000
36675  -26.221  -35.627  43.766 0.0000000000
65820  -49.532  -7.886  29.550 0.0000000000
65805  -49.829  -7.887  30.537 0.0000000000
65806  -50.541  -7.410  30.700 0.0000000000
124914  -50.895  -7.520  31.271 0.0000000000
65778  -51.707  -7.796  31.697 0.0000000000
57276  -38.831  -16.247  47.101 0.0000000000
148920  -39.494  -16.180  46.792 0.0000000000
56261  -38.958  -16.281  46.100 0.0000000000
55227  -37.582  -17.906  40.671 0.0000000000
55228  -38.558  -17.924  40.472 0.0000000000
55242  -39.552  -17.861  39.356 0.0000000000
55256  -40.219  -17.573  38.930 0.0000000000
55255  -39.490  -17.666  38.572 0.0000000000
37633  -24.957  -34.138  50.184 0.0000000000
38705  -25.715  -33.913  48.755 0.0000000000
38687  -25.328  -33.934  51.141 0.0000000000
38674  -25.012  -33.322  52.191 0.0000000000
38688  -26.227  -33.852  50.973 0.0000000000
135348  -25.361  -30.782  47.660 0.0000000000
41796  -25.640  -31.128  49.403 0.0000000000
132412  -25.906  -30.708  48.496 0.0000000000
41797  -26.510  -30.491  49.315 0.0000000000
126119  -26.462  -31.511  52.146 0.0000000000
40725  -27.004  -32.027  53.281 0.0000000000
42755  -27.031  -30.693  51.625 0.0000000000
130004  -27.386  -29.751  50.727 0.0000000000
42769  -27.736  -29.060  49.995 0.0000000000
50909  -36.195  -22.159  43.037 0.0000000000
49875  -35.892  -22.720  42.417 0.0000000000
148057  -36.436  -22.545  43.609 0.0000000000
48933  -37.355  -23.277  45.355 0.0000000000
48925  -37.504  -23.901  46.745 0.0000000000
132958  -37.707  -23.205  46.137 0.0000000000
49822  -38.456  -22.602  47.303 0.0000000000
49804  -38.839  -22.321  48.148 0.0000000000
49798  -38.927  -22.250  49.318 0.0000000000
50842  -39.025  -21.230  47.950 0.0000000000
51912  -38.720  -20.471  47.656 0.0000000000
130156  -36.813  -17.990  44.814 0.0000000000
54098  -36.873  -18.384  45.422 0.0000000000
55167  -37.078  -17.675  45.394 0.0000000000
55168  -37.496  -17.361  46.078 0.0000000000
56259  -37.938  -17.055  46.873 0.0000000000
56260  -38.376  -16.504  46.328 0.0000000000
125238  -21.798  -31.896  47.807 0.0000000000
40799  -22.170  -31.853  48.676 0.0000000000
40758  -23.351  -31.928  51.199 0.0000000000
64641  -45.310  -8.057  40.590 0.0000000000
65682  -45.809  -7.672  41.131 0.0000000000
65700  -45.660  -7.653  40.253 0.0000000000
65701  -46.337  -7.353  40.646 0.0000000000
65702  -46.996  -7.401  40.139 0.0000000000
63597  -47.151  -9.489  37.656 0.0000000000
63583  -47.279  -8.936  38.219 0.0000000000
63584  -48.018  -9.113  38.463 0.0000000000
131469  -48.810  -9.343  38.643 0.0000000000
145650  -49.836  -8.696  39.802 0.0000000000
64658  -50.621  -8.750  39.936 0.0000000000
63575  -50.132  -9.209  39.401 0.0000000000
63576  -51.124  -9.314  39.438 0.0000000000
63577  -52.148  -9.292  39.425 0.0000000000
67965  -52.497  -4.808  27.808 0.0000000000
68931  -52.985  -4.792  29.438 0.0000000000
68932  -53.654  -4.334  29.485 0.0000000000
67930  -54.815  -5.116  29.532 0.0000000000
68935  -57.184  -4.587  28.875 0.0000000000
77799  -58.585  5.337  26.701 0.0000000000
66950  -45.868  -7.224  27.260 0.0000000000
69999  -48.318  -4.059  26.208 0.0000000000
125019  -47.796  -3.370  25.966 0.0000000000
145141  -48.149  -2.662  25.777 0.0000000000
132203  -48.922  -2.538  25.727 0.0000000000
72880  -50.668  -0.538  25.524 0.0000000000
72881  -51.528  -0.675  25.548 0.0000000000
133391  -50.477  0.218  25.473 0.0000000000
73867  -50.783  0.960  25.448 0.0000000000
73868  -51.630  1.007  25.704 0.0000000000
74847  -51.161  1.948  25.386 0.0000000000
74860  -50.079  2.241  24.824 0.0000000000
35606  -11.002  -37.032  52.723 0.0000000000
35601  -10.630  -36.864  53.632 0.0000000000
34610  -16.974  -37.714  51.321 0.0000000000
137996  -16.730  -37.880  52.224 0.0000000000
126432  -15.682  -37.504  53.071 0.0000000000
34597  -16.329  -37.823  55.770 0.0000000000
35586  -14.232  -36.883  57.068 0.0000000000
140026  -12.509  -35.598  57.844 0.0000000000
36587  -11.582  -35.046  58.301 0.0000000000
143823  -12.269  -36.131  57.845 0.0000000000
34580  -12.248  -36.900  57.583 0.0000000000
34579  -11.334  -37.205  57.573 0.0000000000
33571  -11.182  -38.167  57.345 0.0000000000
33572  -12.077  -37.847  57.373 0.0000000000
32586  -12.720  -38.557  57.069 0.0000000000
57279  -42.316  -15.409  46.437 0.0000000000
58220  -42.194  -14.796  47.285 0.0000000000
146023  -42.850  -14.719  45.580 0.0000000000
58237  -43.310  -13.670  45.393 0.0000000000
59275  -44.586  -13.648  42.310 0.0000000000
60322  -45.197  -12.883  42.780 0.0000000000
60312  -45.585  -11.793  44.016 0.0000000000
61345  -45.450  -11.456  44.656 0.0000000000
60323  -45.764  -12.143  43.171 0.0000000000
145378  -46.524  -11.039  42.220 0.0000000000
62450  -46.263  -10.165  42.259 0.0000000000
130441  -46.382  -10.872  41.561 0.0000000000
62479  -45.867  -10.590  40.738 0.0000000000
61429  -42.225  -11.229  36.495 0.0000000000
61413  -42.620  -10.970  36.996 0.0000000000
62522  -42.199  -10.368  35.939 0.0000000000
63608  -42.602  -10.074  35.974 0.0000000000
63623  -42.581  -10.232  35.464 0.0000000000
63622  -42.099  -10.271  35.306 0.0000000000
63654  -41.322  -10.327  33.724 0.0000000000
62596  -41.133  -10.569  33.087 0.0000000000
40869  -28.913  -31.663  44.681 0.0000000000
40897  -29.010  -31.857  43.906 0.0000000000
40870  -29.614  -31.442  44.337 0.0000000000
40871  -30.322  -31.288  44.056 0.0000000000
41838  -32.380  -30.009  45.963 0.0000000000
45963  -28.513  -26.986  43.302 0.0000000000
45962  -27.702  -27.098  43.072 0.0000000000
44877  -28.081  -27.157  44.841 0.0000000000
44869  -28.204  -27.210  45.757 0.0000000000
44851  -28.869  -27.348  47.978 0.0000000000
147485  -29.303  -27.354  48.467 0.0000000000
45979  -33.284  -26.412  42.730 0.0000000000
45978  -32.619  -26.691  42.300 0.0000000000
45955  -33.192  -26.559  44.335 0.0000000000
45881  -33.640  -26.195  49.050 0.0000000000
142839  -33.145  -26.439  50.029 0.0000000000
45879  -31.681  -27.194  50.279 0.0000000000
45863  -31.799  -27.174  51.305 0.0000000000
44775  -31.113  -27.431  53.017 0.0000000000
44734  -30.599  -27.790  54.882 0.0000000000
125780  -30.891  -28.741  55.596 0.0000000000
44735  -31.255  -27.410  55.491 0.0000000000
147141  -31.487  -27.662  55.745 0.0000000000
144794  -32.449  -28.298  55.814 0.0000000000
37600  -20.638  -33.305  52.036 0.0000000000
40754  -19.390  -31.989  50.661 0.0000000000
38654  -20.272  -32.890  52.426 0.0000000000
40734  -18.972  -31.904  51.664 0.0000000000
124764  -19.118  -32.164  52.471 0.0000000000
132787  -17.939  -31.838  51.321 0.0000000000
38683  -18.673  -33.650  51.321 0.0000000000
37626  -18.275  -34.155  49.243 0.0000000000
36642  -18.489  -35.543  47.194 0.0000000000
62640  -45.153  -10.494  30.574 0.0000000000
62619  -46.592  -10.367  31.653 0.0000000000
62601  -47.216  -10.549  32.438 0.0000000000
62602  -48.059  -10.320  32.818 0.0000000000
63660  -51.499  -9.516  33.358 0.0000000000
63639  -50.802  -9.930  33.812 0.0000000000
63640  -51.740  -10.071  34.229 0.0000000000
62548  -52.671  -10.345  35.558 0.0000000000
62530  -52.597  -10.444  36.237 0.0000000000
62517  -53.354  -10.178  37.353 0.0000000000
62531  -53.310  -10.263  36.653 0.0000000000
63614  -54.034  -9.947  37.082 0.0000000000
65795  -55.282  -7.459  31.331 0.0000000000
64741  -54.761  -8.017  31.745 0.0000000000
75917  -53.131  3.124  25.715 0.0000000000
146912  -52.655  3.671  25.442 0.0000000000
77806  -52.685  4.203  25.070 0.0000000000
77807  -53.353  4.678  25.049 0.0000000000
77830  -54.740  5.154  23.844 0.0000000000
78831  -55.972  5.837  24.439 0.0000000000
147964  -55.836  5.829  24.240 0.0000000000
137422  -56.327  5.783  23.942 0.0000000000
78838  -57.179  5.975  23.737 0.0000000000
127215  -57.804  3.516  20.337 0.0000000000
77843  -58.353  4.835  22.631 0.0000000000
79910  -59.744  6.934  22.758 0.0000000000
79911  -60.720  7.337  22.376 0.0000000000
77865  -62.807  5.330  19.892 0.0000000000
130603  -63.055  6.673  20.389 0.0000000000
137257  -63.870  6.892  20.241 0.0000000000
56291  -37.350  -17.368  44.027 0.0000000000
56292  -37.721  -17.164  43.893 0.0000000000
55214  -37.417  -17.854  41.592 0.0000000000
55226  -36.772  -18.006  40.867 0.0000000000
130120  -23.771  -31.344  48.081 0.0000000000
42813  -26.227  -29.751  45.974 0.0000000000
49926  -34.936  -22.576  39.614 0.0000000000
49911  -35.376  -22.500  40.856 0.0000000000
50923  -35.992  -21.701  42.295 0.0000000000
51962  -36.431  -21.149  43.915 0.0000000000
51952  -36.738  -20.863  44.588 0.0000000000
53029  -36.556  -19.673  44.475 0.0000000000
54104  -36.350  -18.823  43.984 0.0000000000
53043  -35.933  -19.088  42.424 0.0000000000
54111  -36.221  -18.687  43.223 0.0000000000
54105  -36.597  -18.124  44.012 0.0000000000
142377  -44.641  -8.556  37.773 0.0000000000
64680  -45.272  -8.455  37.733 0.0000000000
132364  -44.695  -8.886  37.113 0.0000000000
64690  -45.558  -9.104  37.065 0.0000000000
63596  -46.446  -9.289  37.328 0.0000000000
63625  -45.164  -9.985  35.819 0.0000000000
63612  -46.191  -9.855  36.687 0.0000000000
63613  -46.977  -10.121  37.029 0.0000000000
62526  -48.393  -10.902  36.813 0.0000000000
69983  -53.639  -3.046  26.921 0.0000000000
70901  -53.714  -2.967  28.679 0.0000000000
146838  -55.161  -1.725  28.819 0.0000000000
69960  -56.274  -2.660  28.787 0.0000000000
68954  -56.720  -3.715  28.617 0.0000000000
68955  -57.769  -4.044  28.595 0.0000000000
68956  -58.809  -4.173  28.923 0.0000000000
73834  -57.556  1.263  28.331 0.0000000000
76836  -58.199  3.520  27.449 0.0000000000
37622  -13.836  -34.942  50.033 0.0000000000
36619  -12.848  -35.997  50.110 0.0000000000
131764  -12.866  -35.888  50.844 0.0000000000
37594  -13.198  -35.142  52.245 0.0000000000
36604  -12.838  -35.174  53.004 0.0000000000
57311  -42.903  -16.049  42.157 0.0000000000
57303  -43.117  -15.501  43.324 0.0000000000
58276  -43.832  -14.775  41.119 0.0000000000
58285  -44.402  -14.196  40.878 0.0000000000
59299  -44.901  -13.675  40.244 0.0000000000
60345  -45.575  -12.854  39.868 0.0000000000
60358  -45.152  -12.411  39.104 0.0000000000
60357  -44.464  -13.002  38.824 0.0000000000
60380  -42.624  -12.559  37.085 0.0000000000
141306  -42.677  -11.785  37.019 0.0000000000
61428  -41.740  -11.709  35.880 0.0000000000
61458  -40.683  -11.297  34.217 0.0000000000
132233  -29.723  -31.575  47.780 0.0000000000
149271  -30.431  -30.922  46.581 0.0000000000
41822  -30.664  -30.878  47.082 0.0000000000
149527  -31.193  -30.553  46.989 0.0000000000
41811  -31.538  -30.325  48.191 0.0000000000
41823  -31.646  -30.267  47.371 0.0000000000
45974  -28.323  -27.036  42.437 0.0000000000
45964  -29.437  -27.013  43.492 0.0000000000
47002  -35.379  -25.504  46.052 0.0000000000
47001  -34.579  -25.850  46.244 0.0000000000
46985  -34.844  -25.672  46.909 0.0000000000
46970  -34.772  -25.529  48.347 0.0000000000
46958  -34.387  -25.659  49.078 0.0000000000
47998  -35.112  -24.824  50.146 0.0000000000
135725  -34.623  -25.343  49.755 0.0000000000
46950  -34.021  -25.809  49.889 0.0000000000
46940  -33.685  -25.782  50.953 0.0000000000
46927  -32.793  -25.798  53.042 0.0000000000
46917  -32.321  -25.891  54.659 0.0000000000
150592  -32.673  -25.681  53.905 0.0000000000
132297  -32.878  -25.347  54.601 0.0000000000
46906  -33.244  -25.151  55.227 0.0000000000
47923  -33.818  -24.970  55.479 0.0000000000
46883  -33.865  -25.680  55.625 0.0000000000
125240  -19.424  -32.064  47.730 0.0000000000
40775  -19.943  -32.199  49.885 0.0000000000
40737  -21.093  -32.432  52.134 0.0000000000
37629  -21.684  -34.113  49.517 0.0000000000
38655  -20.968  -32.754  52.334 0.0000000000
36661  -21.308  -35.438  44.874 0.0000000000
35685  -21.575  -36.283  44.647 0.0000000000
34681  -22.483  -36.421  44.289 0.0000000000
34682  -23.436  -36.682  44.187 0.0000000000
34684  -24.984  -37.283  44.775 0.0000000000
35688  -25.058  -36.657  44.251 0.0000000000
34674  -25.690  -37.080  44.809 0.0000000000
63697  -47.492  -9.125  30.479 0.0000000000
63680  -47.792  -9.386  31.322 0.0000000000
149728  -48.294  -9.025  31.343 0.0000000000
63682  -49.036  -9.030  32.093 0.0000000000
64726  -49.727  -8.845  32.226 0.0000000000
126658  -49.997  -8.349  31.754 0.0000000000
64727  -50.519  -8.673  32.306 0.0000000000
63661  -52.349  -9.573  33.588 0.0000000000
145509  -53.113  -9.586  33.719 0.0000000000
75956  -51.569  2.660  22.623 0.0000000000
75970  -52.279  2.364  22.116 0.0000000000
77876  -58.006  4.057  19.563 0.0000000000
76913  -59.880  3.539  20.525 0.0000000000
77853  -60.454  4.726  21.286 0.0000000000
76900  -60.414  3.987  20.865 0.0000000000
76929  -60.536  3.763  19.076 0.0000000000
148862  -60.922  3.608  19.490 0.0000000000
76915  -61.680  3.771  19.566 0.0000000000
38651  -16.710  -33.452  52.976 0.0000000000
131915  -16.528  -33.194  53.674 0.0000000000
135683  -16.037  -35.060  51.006 0.0000000000
35621  -16.515  -36.335  50.161 0.0000000000
138780  -18.422  -38.353  50.707 0.0000000000
58218  -40.828  -15.234  48.145 0.0000000000
137912  -41.178  -15.533  47.565 0.0000000000
57277  -40.324  -16.137  46.945 0.0000000000
56263  -41.067  -16.433  46.306 0.0000000000
57278  -41.704  -16.010  46.629 0.0000000000
57285  -41.987  -16.287  45.978 0.0000000000
56276  -42.230  -16.452  45.118 0.0000000000
56296  -42.541  -16.818  43.255 0.0000000000
56293  -38.470  -16.991  43.703 0.0000000000
56294  -39.373  -17.083  43.485 0.0000000000
147085  -39.999  -17.255  43.375 0.0000000000
139276  -39.802  -17.486  42.776 0.0000000000
145548  -40.604  -17.476  43.300 0.0000000000
55187  -41.424  -17.549  43.133 0.0000000000
55188  -42.105  -17.354  42.810 0.0000000000
56308  -42.601  -16.828  42.303 0.0000000000
56314  -42.396  -16.900  41.382 0.0000000000
56323  -42.113  -16.863  40.555 0.0000000000
56334  -40.954  -17.302  39.280 0.0000000000
56347  -41.363  -16.557  38.879 0.0000000000
138933  -40.681  -15.834  37.296 0.0000000000
38775  -27.368  -33.531  43.571 0.0000000000
39796  -27.056  -32.791  44.720 0.0000000000
39797  -27.751  -32.308  44.952 0.0000000000
38715  -26.510  -33.337  47.283 0.0000000000
39786  -27.251  -32.699  45.853 0.0000000000
139050  -28.340  -31.926  45.091 0.0000000000
40830  -28.671  -31.936  46.631 0.0000000000
40817  -29.236  -31.745  47.264 0.0000000000
147843  -24.444  -31.298  48.672 0.0000000000
39738  -25.586  -33.009  52.436 0.0000000000
145727  -25.782  -31.612  51.140 0.0000000000
38676  -26.698  -33.559  51.664 0.0000000000
38690  -27.773  -33.161  50.189 0.0000000000
39776  -29.198  -32.008  48.162 0.0000000000
40802  -29.810  -31.646  48.527 0.0000000000
40781  -29.983  -31.689  49.436 0.0000000000
40761  -29.884  -31.920  50.411 0.0000000000
39727  -28.252  -32.677  52.612 0.0000000000
39728  -28.824  -32.372  52.871 0.0000000000
40742  -29.805  -32.010  51.438 0.0000000000
40726  -29.648  -32.045  52.616 0.0000000000
128429  -29.659  -31.753  53.424 0.0000000000
40704  -29.172  -30.787  54.547 0.0000000000
47105  -33.444  -25.752  40.583 0.0000000000
126712  -33.474  -25.982  41.255 0.0000000000
47071  -34.239  -25.898  42.938 0.0000000000
47055  -34.505  -25.927  43.809 0.0000000000
47056  -35.136  -25.600  43.971 0.0000000000
48957  -34.929  -24.015  40.750 0.0000000000
48069  -35.388  -24.433  42.223 0.0000000000
48949  -35.772  -23.772  42.561 0.0000000000
133964  -35.504  -24.673  42.948 0.0000000000
48057  -35.710  -25.060  43.822 0.0000000000
48045  -35.982  -25.131  44.620 0.0000000000
137431  -35.436  -25.520  45.089 0.0000000000
48027  -36.202  -25.014  46.284 0.0000000000
128057  -36.356  -24.929  47.145 0.0000000000
48021  -36.301  -24.760  48.059 0.0000000000
48917  -37.065  -24.215  48.250 0.0000000000
48007  -36.481  -24.146  49.454 0.0000000000
48901  -36.896  -23.733  49.772 0.0000000000
49777  -37.082  -23.004  51.012 0.0000000000
49763  -36.688  -22.683  51.890 0.0000000000
141831  -36.513  -22.289  52.724 0.0000000000
49778  -37.541  -22.350  51.412 0.0000000000
50766  -38.129  -21.639  51.722 0.0000000000
50767  -38.705  -20.984  51.522 0.0000000000
50786  -39.037  -21.573  50.051 0.0000000000
51858  -39.089  -20.949  50.673 0.0000000000
51846  -38.965  -20.181  51.267 0.0000000000
52942  -38.870  -19.190  51.380 0.0000000000
54038  -38.791  -18.612  50.630 0.0000000000
51939  -37.524  -20.775  45.881 0.0000000000
51911  -38.198  -20.048  47.195 0.0000000000
52997  -38.529  -19.766  47.856 0.0000000000
52996  -37.969  -19.168  47.362 0.0000000000
52985  -38.822  -19.566  48.590 0.0000000000
54066  -38.529  -18.693  48.994 0.0000000000
54052  -38.453  -18.129  49.787 0.0000000000
55113  -38.352  -17.484  50.649 0.0000000000
56236  -38.188  -16.853  48.501 0.0000000000
57239  -38.413  -16.326  49.096 0.0000000000
125237  -19.704  -32.202  46.913 0.0000000000
125239  -20.314  -32.117  47.607 0.0000000000
39734  -22.359  -32.512  52.031 0.0000000000
40757  -22.616  -31.868  51.000 0.0000000000
135952  -22.900  -32.813  52.142 0.0000000000
38737  -25.389  -33.497  44.957 0.0000000000
65635  -47.111  -7.696  44.467 0.0000000000
65668  -46.766  -7.277  42.196 0.0000000000
146082  -47.282  -7.085  42.507 0.0000000000
149424  -48.456  -6.730  43.088 0.0000000000
66785  -48.840  -6.704  42.606 0.0000000000
65747  -45.731  -8.135  38.309 0.0000000000
144592  -47.570  -7.679  39.812 0.0000000000
64670  -47.520  -8.432  38.798 0.0000000000
64656  -47.872  -8.089  39.396 0.0000000000
65703  -48.601  -7.520  40.639 0.0000000000
65685  -49.823  -7.256  41.453 0.0000000000
64643  -51.105  -8.201  40.530 0.0000000000
66938  -50.971  -6.422  28.540 0.0000000000
67926  -51.915  -5.866  29.762 0.0000000000
66913  -52.365  -6.169  30.615 0.0000000000
66914  -53.278  -6.312  30.679 0.0000000000
138895  -52.843  -5.338  29.936 0.0000000000
67909  -53.681  -5.930  30.367 0.0000000000
65808  -53.954  -6.679  30.637 0.0000000000
66900  -55.773  -6.925  30.832 0.0000000000
68933  -54.211  -3.626  29.388 0.0000000000
145250  -56.669  -5.023  29.157 0.0000000000
67931  -56.567  -5.649  29.644 0.0000000000
34587  -7.261  -38.271  55.277 0.0000000000
61521  -42.963  -11.557  31.143 0.0000000000
130482  -43.450  -11.560  31.729 0.0000000000
62638  -43.637  -11.110  30.368 0.0000000000
62639  -44.368  -10.956  30.629 0.0000000000
62659  -44.320  -10.443  29.876 0.0000000000
62660  -45.044  -9.966  29.852 0.0000000000
63695  -45.708  -9.766  30.076 0.0000000000
140636  -46.023  -9.346  29.557 0.0000000000
64777  -44.694  -8.786  28.203 0.0000000000
64760  -45.836  -9.053  28.941 0.0000000000
64761  -46.563  -9.010  29.232 0.0000000000
64762  -47.304  -8.889  29.605 0.0000000000
64780  -47.137  -8.585  28.777 0.0000000000
127844  -47.635  -8.203  28.413 0.0000000000
65850  -46.388  -7.616  27.546 0.0000000000
65834  -48.336  -8.080  28.551 0.0000000000
137106  -49.031  -7.943  28.781 0.0000000000
65835  -49.575  -7.491  28.611 0.0000000000
65836  -50.261  -6.985  28.439 0.0000000000
67961  -48.814  -6.235  27.150 0.0000000000
66954  -50.386  -6.443  27.770 0.0000000000
66955  -51.189  -5.958  27.847 0.0000000000
67964  -51.258  -5.385  27.225 0.0000000000
68981  -49.845  -4.542  26.443 0.0000000000
67985  -51.227  -4.846  26.745 0.0000000000
68969  -51.884  -4.927  27.136 0.0000000000
68970  -52.478  -4.419  26.960 0.0000000000
69982  -53.024  -3.725  26.761 0.0000000000
147778  -48.425  -2.059  25.600 0.0000000000
70936  -49.736  -2.329  25.651 0.0000000000
127985  -49.074  -1.740  25.537 0.0000000000
70002  -51.307  -2.929  25.726 0.0000000000
70003  -52.374  -3.233  25.948 0.0000000000
70918  -53.182  -3.069  26.210 0.0000000000
70919  -53.668  -2.544  26.175 0.0000000000
70920  -54.243  -1.935  26.175 0.0000000000
71895  -53.888  -1.394  25.585 0.0000000000
71896  -54.525  -1.328  25.859 0.0000000000
72883  -54.408  -0.651  25.508 0.0000000000
72884  -55.159  -0.344  25.650 0.0000000000
142470  -54.816  0.318  25.384 0.0000000000
73870  -55.661  0.222  25.690 0.0000000000
74849  -52.946  2.174  25.850 0.0000000000
74848  -52.137  1.929  25.782 0.0000000000
75916  -51.666  2.841  25.329 0.0000000000
145126  -51.461  3.373  24.696 0.0000000000
75954  -50.005  2.741  22.824 0.0000000000
75955  -50.761  2.738  22.675 0.0000000000
38640  -15.929  -33.351  54.035 0.0000000000
39702  -15.687  -32.207  54.819 0.0000000000
40699  -14.357  -32.075  54.297 0.0000000000
36608  -15.017  -35.692  52.752 0.0000000000
38628  -14.718  -32.706  55.531 0.0000000000
39701  -13.798  -32.523  54.788 0.0000000000
38630  -13.405  -33.103  54.149 0.0000000000
38638  -12.935  -33.775  54.015 0.0000000000
37576  -12.499  -34.063  54.783 0.0000000000
142736  -18.150  -38.465  53.203 0.0000000000
34601  -16.120  -37.926  53.969 0.0000000000
34595  -14.634  -36.962  54.695 0.0000000000
34596  -15.360  -37.489  55.245 0.0000000000
35593  -14.055  -36.376  55.390 0.0000000000
36599  -13.757  -35.427  55.685 0.0000000000
38624  -13.185  -33.575  56.858 0.0000000000
37572  -12.219  -33.785  55.737 0.0000000000
37579  -12.260  -34.973  54.436 0.0000000000
36601  -11.691  -35.641  54.552 0.0000000000
35597  -11.163  -36.415  54.185 0.0000000000
36593  -10.237  -35.364  56.858 0.0000000000
36595  -10.000  -35.823  56.123 0.0000000000
34588  -7.778  -37.983  55.977 0.0000000000
33578  -8.264  -38.760  56.377 0.0000000000
32590  -8.473  -39.366  56.315 0.0000000000
139755  -10.382  -38.426  57.297 0.0000000000
31582  -9.645  -39.645  56.805 0.0000000000
64556  -46.618  -7.960  47.922 0.0000000000
133442  -46.613  -7.975  47.046 0.0000000000
58262  -43.230  -14.835  43.926 0.0000000000
58249  -43.282  -14.259  44.667 0.0000000000
59243  -44.148  -13.143  44.001 0.0000000000
59242  -43.726  -13.396  44.629 0.0000000000
60276  -43.880  -12.210  46.180 0.0000000000
62398  -45.401  -10.087  46.646 0.0000000000
61334  -45.641  -10.986  44.997 0.0000000000
63498  -46.105  -9.663  45.905 0.0000000000
63499  -46.548  -8.748  45.579 0.0000000000
64583  -46.652  -8.261  44.017 0.0000000000
64609  -45.713  -8.496  41.723 0.0000000000
129564  -45.737  -9.275  41.679 0.0000000000
63552  -45.313  -8.741  41.122 0.0000000000
64640  -44.899  -8.433  40.232 0.0000000000
64655  -44.644  -8.509  39.619 0.0000000000
63572  -44.488  -8.626  38.962 0.0000000000
61390  -44.868  -11.294  39.086 0.0000000000
62500  -44.205  -10.484  38.915 0.0000000000
62509  -42.889  -10.332  37.364 0.0000000000
62499  -43.710  -10.208  38.446 0.0000000000
62491  -44.063  -9.679  38.956 0.0000000000
64667  -44.059  -8.861  38.315 0.0000000000
150155  -44.140  -8.723  37.839 0.0000000000
64679  -44.024  -8.893  37.210 0.0000000000
63624  -43.688  -9.790  35.665 0.0000000000
63637  -43.268  -10.193  34.958 0.0000000000
62598  -42.781  -11.104  33.082 0.0000000000
135465  -40.027  -14.311  35.092 0.0000000000
59366  -40.366  -13.334  34.596 0.0000000000
60420  -40.086  -12.990  33.869 0.0000000000
60421  -40.552  -12.385  34.293 0.0000000000
61474  -40.435  -11.142  33.414 0.0000000000
61489  -39.847  -11.285  32.241 0.0000000000
62577  -40.670  -10.698  33.229 0.0000000000
62616  -40.004  -11.080  31.426 0.0000000000
61506  -41.424  -11.413  31.608 0.0000000000
61520  -42.009  -11.587  30.922 0.0000000000
37714  -27.863  -33.938  43.480 0.0000000000
37715  -28.828  -33.657  43.553 0.0000000000
140791  -29.271  -32.357  43.643 0.0000000000
41865  -30.974  -30.848  44.395 0.0000000000
42838  -26.328  -29.336  44.552 0.0000000000
42825  -26.522  -29.249  45.315 0.0000000000
43776  -27.144  -29.019  47.175 0.0000000000
43767  -27.375  -28.913  48.050 0.0000000000
43768  -27.622  -28.728  48.719 0.0000000000
43741  -27.967  -29.000  50.893 0.0000000000
44850  -28.091  -27.822  47.941 0.0000000000
43753  -28.282  -28.437  49.995 0.0000000000
43726  -28.231  -29.040  51.892 0.0000000000
42719  -28.520  -29.882  54.317 0.0000000000
143308  -29.290  -30.166  54.763 0.0000000000
45966  -32.429  -26.784  43.015 0.0000000000
45965  -31.733  -26.970  43.223 0.0000000000
125856  -31.043  -27.164  42.999 0.0000000000
134284  -30.602  -27.000  44.502 0.0000000000
47000  -34.037  -26.139  45.876 0.0000000000
45930  -33.370  -26.369  46.202 0.0000000000
45945  -32.510  -26.635  46.043 0.0000000000
45899  -33.388  -26.331  48.184 0.0000000000
45929  -31.563  -26.756  46.431 0.0000000000
132767  -31.018  -26.849  46.000 0.0000000000
132188  -30.235  -26.836  46.053 0.0000000000
45911  -30.390  -26.819  47.386 0.0000000000
45896  -29.854  -27.101  48.146 0.0000000000
44826  -30.884  -27.459  50.221 0.0000000000
44812  -30.265  -27.640  50.650 0.0000000000
131497  -29.697  -27.851  51.039 0.0000000000
43728  -29.033  -28.532  53.065 0.0000000000
42720  -29.276  -29.639  54.777 0.0000000000
41749  -30.583  -30.776  54.287 0.0000000000
41750  -31.430  -30.569  53.967 0.0000000000
41751  -32.286  -30.237  53.695 0.0000000000
42712  -31.037  -29.295  55.525 0.0000000000
41742  -32.826  -29.947  54.365 0.0000000000
41758  -33.480  -29.829  52.710 0.0000000000
45808  -32.068  -26.367  55.405 0.0000000000
44712  -32.402  -27.356  55.975 0.0000000000
131479  -33.187  -28.437  55.590 0.0000000000
38695  -14.768  -33.629  49.360 0.0000000000
40732  -15.738  -31.706  52.201 0.0000000000
40795  -18.252  -31.967  48.713 0.0000000000
129559  -15.847  -32.509  47.797 0.0000000000
39761  -15.744  -32.414  48.640 0.0000000000
40751  -16.497  -31.776  50.286 0.0000000000
40770  -15.915  -31.882  49.907 0.0000000000
40750  -16.003  -31.767  51.014 0.0000000000
40711  -17.374  -31.997  53.636 0.0000000000
125531  -17.241  -32.701  53.614 0.0000000000
38667  -17.100  -33.687  52.152 0.0000000000
35639  -17.534  -36.070  48.347 0.0000000000
146146  -24.510  -38.089  45.858 0.0000000000
61492  -44.209  -11.616  32.806 0.0000000000
61493  -45.020  -11.647  33.066 0.0000000000
61476  -46.215  -11.550  33.893 0.0000000000
61461  -46.480  -11.488  34.601 0.0000000000
61462  -47.190  -11.434  34.857 0.0000000000
61430  -48.118  -11.230  36.073 0.0000000000
140754  -49.147  -10.882  36.884 0.0000000000
136954  -48.549  -10.175  33.009 0.0000000000
62584  -49.275  -10.462  33.941 0.0000000000
62566  -50.875  -10.413  34.621 0.0000000000
62585  -50.089  -10.379  34.277 0.0000000000
62565  -49.442  -10.827  34.824 0.0000000000
62545  -49.582  -10.954  35.677 0.0000000000
62527  -49.759  -10.912  36.474 0.0000000000
62502  -51.103  -10.321  38.164 0.0000000000
63587  -51.605  -9.891  38.819 0.0000000000
63588  -52.609  -9.817  38.737 0.0000000000
62504  -53.015  -10.122  37.974 0.0000000000
63589  -53.544  -9.581  38.591 0.0000000000
66898  -51.984  -6.695  31.060 0.0000000000
128782  -52.001  -7.280  31.427 0.0000000000
65779  -52.404  -7.797  31.682 0.0000000000
64740  -53.816  -7.937  31.558 0.0000000000
64730  -54.228  -8.501  32.256 0.0000000000
124747  -53.761  -8.927  32.738 0.0000000000
63643  -54.542  -9.371  33.998 0.0000000000
63644  -55.137  -9.243  34.491 0.0000000000
63630  -55.392  -9.226  35.236 0.0000000000
63616  -55.562  -9.087  36.223 0.0000000000
129772  -55.577  1.149  25.444 0.0000000000
150541  -56.179  1.382  25.645 0.0000000000
128496  -56.054  2.191  25.482 0.0000000000
75918  -54.101  3.388  25.685 0.0000000000
75907  -56.983  2.686  25.902 0.0000000000
138697  -57.062  3.836  25.773 0.0000000000
76845  -57.809  4.142  26.367 0.0000000000
77818  -52.958  4.484  24.432 0.0000000000
77819  -53.783  4.907  24.514 0.0000000000
77828  -53.446  4.712  24.080 0.0000000000
77808  -54.092  5.071  24.964 0.0000000000
77798  -57.895  5.041  26.083 0.0000000000
78822  -57.307  6.024  25.059 0.0000000000
78812  -58.776  5.971  26.346 0.0000000000
79870  -59.025  6.405  26.085 0.0000000000
75974  -55.921  2.786  22.519 0.0000000000
77832  -56.945  5.404  23.427 0.0000000000
78839  -57.999  6.264  23.436 0.0000000000
79887  -58.032  6.531  24.172 0.0000000000
78860  -61.019  5.860  21.324 0.0000000000
146109  -62.820  7.239  20.923 0.0000000000
31585  -8.167  -39.767  55.846 0.0000000000
32582  -8.602  -38.853  56.681 0.0000000000
32584  -9.977  -39.056  57.089 0.0000000000
33568  -8.352  -38.254  56.620 0.0000000000
33569  -8.665  -38.188  57.054 0.0000000000
33577  -7.910  -38.443  56.086 0.0000000000
34576  -8.529  -37.747  56.901 0.0000000000
34577  -8.845  -37.562  57.204 0.0000000000
34578  -10.366  -37.546  57.479 0.0000000000
34583  -8.488  -37.491  56.609 0.0000000000
34584  -15.096  -37.422  56.871 0.0000000000
34590  -14.744  -37.177  55.881 0.0000000000
34600  -15.221  -37.415  53.992 0.0000000000
34606  -17.333  -38.244  53.095 0.0000000000
34612  -16.582  -37.067  50.733 0.0000000000
34673  -24.450  -37.620  45.084 0.0000000000
35578  -11.149  -35.695  58.176 0.0000000000
35579  -11.914  -35.589  58.176 0.0000000000
35581  -9.563  -36.438  57.360 0.0000000000
35583  -11.572  -36.285  57.911 0.0000000000
35585  -13.527  -36.481  57.234 0.0000000000
35592  -13.676  -35.990  56.203 0.0000000000
35604  -15.102  -36.970  53.033 0.0000000000
35607  -11.764  -36.592  52.859 0.0000000000
35609  -14.869  -36.357  53.076 0.0000000000
35610  -15.195  -36.403  52.433 0.0000000000
35622  -17.003  -36.646  49.583 0.0000000000
35631  -16.780  -35.969  49.571 0.0000000000
35632  -17.143  -36.035  49.042 0.0000000000
35686  -23.453  -35.851  43.753 0.0000000000
36585  -10.519  -35.405  57.950 0.0000000000
36586  -11.043  -35.194  58.213 0.0000000000
36588  -10.095  -35.839  57.698 0.0000000000
36589  -10.353  -35.353  57.626 0.0000000000
36590  -12.206  -34.933  58.161 0.0000000000
36591  -12.685  -34.928  57.735 0.0000000000
36600  -10.794  -35.954  55.192 0.0000000000
36602  -14.182  -35.425  54.713 0.0000000000
36603  -12.312  -35.509  53.748 0.0000000000
36613  -15.368  -35.701  51.966 0.0000000000
36614  -15.727  -35.708  51.236 0.0000000000
36621  -16.154  -35.611  50.563 0.0000000000
36629  -16.992  -35.303  49.372 0.0000000000
36635  -17.407  -35.210  48.723 0.0000000000
36636  -17.926  -35.122  47.915 0.0000000000
36689  -25.012  -35.055  43.387 0.0000000000
37560  -11.331  -34.577  58.189 0.0000000000
37562  -10.771  -34.865  58.015 0.0000000000
37563  -11.877  -34.094  57.859 0.0000000000
37564  -12.377  -34.362  57.886 0.0000000000
37565  -12.891  -34.239  57.373 0.0000000000
37568  -13.426  -34.118  56.710 0.0000000000
37569  -14.032  -33.725  56.124 0.0000000000
37570  -10.921  -34.719  56.896 0.0000000000
37573  -13.689  -34.586  56.097 0.0000000000
37575  -11.889  -34.664  55.191 0.0000000000
37577  -14.439  -34.328  54.778 0.0000000000
37580  -12.663  -34.679  53.883 0.0000000000
37582  -14.709  -34.710  54.072 0.0000000000
37583  -15.013  -34.849  53.234 0.0000000000
37587  -13.338  -34.475  52.657 0.0000000000
37588  -16.118  -34.187  52.225 0.0000000000
37597  -16.353  -34.411  51.363 0.0000000000
37598  -17.092  -34.050  51.091 0.0000000000
37599  -17.769  -33.897  50.894 0.0000000000
37601  -21.374  -33.578  51.684 0.0000000000
37603  -22.952  -33.283  51.967 0.0000000000
37609  -16.519  -34.749  50.492 0.0000000000
37613  -20.741  -33.852  51.068 0.0000000000
37614  -21.692  -34.025  50.840 0.0000000000
37616  -23.332  -33.805  51.320 0.0000000000
37624  -16.885  -34.820  49.821 0.0000000000
37630  -22.369  -34.106  50.136 0.0000000000
37639  -17.831  -34.634  48.647 0.0000000000
37640  -18.503  -34.396  48.355 0.0000000000
37646  -24.954  -34.089  49.216 0.0000000000
37670  -24.407  -33.813  46.090 0.0000000000
37678  -20.625  -34.611  45.935 0.0000000000
37679  -21.233  -34.755  45.328 0.0000000000
37680  -22.962  -34.178  45.311 0.0000000000
37694  -21.908  -34.904  44.738 0.0000000000
38620  -12.231  -33.812  57.241 0.0000000000
38622  -12.175  -33.652  56.608 0.0000000000
38623  -12.896  -33.350  56.734 0.0000000000
38627  -14.332  -32.949  56.026 0.0000000000
38629  -13.046  -33.178  54.961 0.0000000000
38631  -14.560  -33.442  55.404 0.0000000000
38632  -15.208  -32.729  55.085 0.0000000000
38633  -15.898  -32.690  54.575 0.0000000000
38641  -16.609  -32.634  54.148 0.0000000000
38643  -18.843  -32.436  52.833 0.0000000000
38650  -15.779  -33.935  53.131 0.0000000000
38653  -18.876  -32.891  52.731 0.0000000000
38656  -21.653  -32.633  52.195 0.0000000000
38657  -26.496  -33.082  52.576 0.0000000000
38658  -27.093  -32.958  52.699 0.0000000000
38659  -27.674  -32.987  52.348 0.0000000000
38666  -14.466  -33.274  51.011 0.0000000000
38670  -21.534  -33.104  52.166 0.0000000000
38673  -24.299  -33.081  52.229 0.0000000000
38675  -25.837  -33.487  52.082 0.0000000000
38681  -14.177  -33.988  50.781 0.0000000000
38684  -19.769  -33.684  51.256 0.0000000000
38686  -24.508  -33.655  51.635 0.0000000000
38689  -27.030  -33.602  50.529 0.0000000000
38696  -25.583  -34.054  49.868 0.0000000000
38716  -27.145  -32.929  46.892 0.0000000000
39688  -13.541  -32.852  56.160 0.0000000000
39689  -14.034  -32.731  56.189 0.0000000000
39694  -14.497  -32.541  55.665 0.0000000000
39695  -15.036  -32.353  55.239 0.0000000000
39703  -16.415  -32.150  54.429 0.0000000000
39710  -13.885  -32.618  53.779 0.0000000000
39711  -14.441  -32.177  53.424 0.0000000000
39712  -17.052  -32.195  53.998 0.0000000000
39713  -17.568  -32.235  53.530 0.0000000000
39714  -18.135  -32.140  53.023 0.0000000000
39715  -27.391  -32.157  53.409 0.0000000000
39723  -19.620  -32.613  52.551 0.0000000000
39724  -20.442  -32.536  52.283 0.0000000000
39725  -26.425  -32.400  52.580 0.0000000000
39733  -15.151  -31.972  51.305 0.0000000000
39736  -24.060  -32.785  52.121 0.0000000000
39737  -24.782  -32.929  52.344 0.0000000000
39740  -29.022  -32.449  52.028 0.0000000000
39763  -27.860  -32.822  48.240 0.0000000000
39764  -28.583  -32.520  48.685 0.0000000000
39798  -28.062  -32.173  45.965 0.0000000000
40692  -14.402  -32.181  54.929 0.0000000000
40693  -14.743  -32.280  55.191 0.0000000000
40700  -14.893  -31.977  54.669 0.0000000000
40701  -15.380  -32.087  54.868 0.0000000000
40702  -16.074  -31.941  54.568 0.0000000000
40703  -28.546  -31.257  54.198 0.0000000000
40705  -29.780  -30.858  54.498 0.0000000000
40709  -14.916  -31.883  53.949 0.0000000000
40713  -27.425  -31.768  53.539 0.0000000000
40714  -27.896  -31.678  53.836 0.0000000000
40715  -29.197  -31.492  54.090 0.0000000000
40719  -14.973  -31.859  53.069 0.0000000000
40720  -15.693  -31.746  53.140 0.0000000000
40721  -16.644  -31.760  53.245 0.0000000000
40723  -19.995  -32.334  52.184 0.0000000000
40724  -20.655  -32.318  52.086 0.0000000000
40731  -14.898  -31.950  52.184 0.0000000000
40735  -19.685  -32.072  52.038 0.0000000000
40741  -25.396  -32.645  52.262 0.0000000000
40744  -30.991  -31.047  52.580 0.0000000000
40755  -20.234  -32.055  50.928 0.0000000000
40759  -25.277  -32.128  51.691 0.0000000000
40776  -20.821  -31.986  50.174 0.0000000000
40782  -30.713  -31.108  49.329 0.0000000000
40797  -20.021  -32.140  48.389 0.0000000000
40800  -23.032  -31.686  48.944 0.0000000000
40812  -17.923  -31.885  47.223 0.0000000000
41731  -29.750  -29.757  55.070 0.0000000000
41737  -28.673  -30.524  54.444 0.0000000000
41738  -29.678  -30.231  54.848 0.0000000000
41739  -30.270  -30.328  54.879 0.0000000000
41740  -31.087  -30.350  54.771 0.0000000000
41752  -33.140  -29.933  53.538 0.0000000000
41756  -27.462  -30.771  53.263 0.0000000000
41757  -32.630  -30.103  52.796 0.0000000000
41768  -26.950  -31.400  52.819 0.0000000000
41770  -32.224  -30.255  52.106 0.0000000000
41809  -26.531  -30.177  48.421 0.0000000000
41834  -24.759  -30.931  45.701 0.0000000000
42713  -31.844  -29.243  55.506 0.0000000000
42721  -31.517  -29.911  55.191 0.0000000000
42731  -27.898  -30.277  53.837 0.0000000000
42732  -28.274  -29.434  53.718 0.0000000000
42733  -33.728  -29.793  54.105 0.0000000000
42847  -26.089  -29.449  43.905 0.0000000000
43689  -31.918  -27.532  55.943 0.0000000000
43690  -32.099  -27.935  55.967 0.0000000000
43691  -32.717  -27.807  55.910 0.0000000000
43695  -29.827  -29.216  55.216 0.0000000000
43697  -31.501  -28.173  55.795 0.0000000000
43698  -31.934  -28.504  55.780 0.0000000000
43704  -28.763  -29.165  54.292 0.0000000000
43714  -29.129  -28.608  53.997 0.0000000000
43743  -28.876  -28.437  51.976 0.0000000000
43762  -27.907  -28.578  49.311 0.0000000000
43763  -28.307  -28.227  49.178 0.0000000000
43783  -27.485  -28.192  46.701 0.0000000000
44713  -32.994  -27.145  55.896 0.0000000000
44721  -30.880  -28.174  55.507 0.0000000000
44753  -29.716  -28.191  53.394 0.0000000000
44795  -29.465  -28.056  51.595 0.0000000000
44796  -30.259  -27.782  51.608 0.0000000000
44811  -29.504  -27.785  50.359 0.0000000000
44813  -31.048  -27.495  50.998 0.0000000000
44839  -28.483  -27.855  48.641 0.0000000000
44841  -29.636  -27.378  48.923 0.0000000000
44863  -28.310  -27.323  46.603 0.0000000000
45781  -32.247  -27.041  55.958 0.0000000000
45784  -34.076  -26.181  55.631 0.0000000000
45793  -32.437  -26.525  55.734 0.0000000000
45807  -31.606  -26.828  55.361 0.0000000000
45928  -30.760  -26.775  46.659 0.0000000000
45995  -31.542  -26.940  41.518 0.0000000000
47038  -35.444  -25.467  44.409 0.0000000000
47121  -33.323  -25.438  39.849 0.0000000000
47938  -34.431  -24.463  55.578 0.0000000000
47948  -33.699  -24.565  55.133 0.0000000000
47949  -34.022  -24.086  54.746 0.0000000000
47979  -34.249  -24.347  52.826 0.0000000000
47999  -35.677  -24.354  50.293 0.0000000000
48046  -36.537  -24.651  44.870 0.0000000000
48918  -37.665  -23.815  47.624 0.0000000000
48932  -37.276  -23.939  45.891 0.0000000000
48958  -35.315  -23.677  41.318 0.0000000000
49832  -37.588  -22.500  45.571 0.0000000000
49858  -36.183  -23.102  43.161 0.0000000000
51927  -37.885  -20.404  46.534 0.0000000000
52928  -38.478  -19.513  52.669 0.0000000000
52971  -39.204  -19.922  49.825 0.0000000000
54074  -37.872  -18.249  47.553 0.0000000000
55218  -41.787  -17.403  41.094 0.0000000000
55229  -39.512  -17.952  40.216 0.0000000000
55243  -40.395  -17.819  39.819 0.0000000000
56246  -38.250  -16.781  47.711 0.0000000000
56262  -39.982  -16.348  46.225 0.0000000000
56286  -42.491  -16.566  44.184 0.0000000000
57251  -38.432  -16.499  48.397 0.0000000000
57302  -42.904  -16.181  42.857 0.0000000000
57325  -42.715  -16.123  40.758 0.0000000000
58269  -43.951  -14.228  42.375 0.0000000000
59354  -42.238  -13.041  36.820 0.0000000000
61357  -46.162  -11.371  43.462 0.0000000000
61358  -46.460  -10.795  42.920 0.0000000000
61379  -46.019  -11.444  40.264 0.0000000000
61507  -42.139  -11.476  31.941 0.0000000000
61509  -44.113  -11.602  31.910 0.0000000000
62498  -43.265  -9.988  37.933 0.0000000000
62510  -43.385  -10.761  37.997 0.0000000000
62514  -50.663  -10.607  37.591 0.0000000000
62544  -48.784  -11.130  35.454 0.0000000000
62568  -52.312  -10.292  34.976 0.0000000000
62595  -40.646  -10.745  32.877 0.0000000000
63626  -45.915  -10.337  36.051 0.0000000000
63672  -50.046  -9.201  32.719 0.0000000000
63698  -48.239  -8.864  30.816 0.0000000000
63738  -45.070  -9.160  28.791 0.0000000000
64628  -45.436  -8.178  41.182 0.0000000000
64698  -43.423  -9.601  36.105 0.0000000000
64729  -53.180  -8.391  32.107 0.0000000000
64739  -50.673  -8.056  31.705 0.0000000000
64781  -47.894  -8.522  29.079 0.0000000000
65684  -48.873  -7.183  41.349 0.0000000000
65721  -46.249  -7.549  39.766 0.0000000000
65723  -48.195  -7.817  39.973 0.0000000000
65736  -45.085  -8.147  38.294 0.0000000000
65789  -49.530  -8.280  31.197 0.0000000000
65791  -51.502  -7.303  31.325 0.0000000000
65809  -54.857  -6.938  30.700 0.0000000000
66739  -48.763  -6.387  45.285 0.0000000000
66926  -51.313  -6.313  29.466 0.0000000000
66936  -48.789  -7.533  28.129 0.0000000000
67947  -52.439  -5.111  28.745 0.0000000000
69959  -55.378  -2.346  29.015 0.0000000000
69980  -50.065  -3.776  26.107 0.0000000000
70914  -54.294  -1.943  27.904 0.0000000000
70940  -53.559  -1.991  25.705 0.0000000000
72865  -55.084  -0.966  26.033 0.0000000000
77829  -54.193  5.154  24.079 0.0000000000
77888  -58.828  4.099  19.250 0.0000000000
78820  -55.535  5.660  24.839 0.0000000000
79897  -57.543  6.281  23.904 0.0000000000
79898  -58.403  6.610  23.695 0.0000000000
80827  -60.557  7.935  24.333 0.0000000000
124651  -41.115  -15.983  47.060 0.0000000000
125483  -22.749  -31.698  47.950 0.0000000000
126329  -19.733  -32.232  49.085 0.0000000000
126528  -18.095  -33.202  52.644 0.0000000000
126952  -14.461  -32.525  52.185 0.0000000000
127988  -28.973  -27.076  41.645 0.0000000000
127990  -17.616  -31.877  47.985 0.0000000000
128154  -14.872  -32.554  50.765 0.0000000000
128521  -11.200  -34.378  57.854 0.0000000000
130272  -54.631  4.919  25.253 0.0000000000
130563  -46.581  -7.709  42.646 0.0000000000
130610  -10.013  -36.217  57.687 0.0000000000
130797  -32.256  -26.193  53.709 0.0000000000
130885  -15.531  -31.861  54.409 0.0000000000
131518  -9.553  -35.981  56.769 0.0000000000
131555  -52.289  -3.928  26.369 0.0000000000
131756  -35.535  -21.784  40.987 0.0000000000
132621  -21.728  -31.911  50.570 0.0000000000
133099  -47.725  -9.549  37.992 0.0000000000
134077  -39.204  -21.706  48.716 0.0000000000
134608  -12.871  -39.689  56.574 0.0000000000
134673  -21.939  -32.089  51.706 0.0000000000
135422  -35.144  -25.443  47.629 0.0000000000
135496  -28.505  -31.830  53.901 0.0000000000
135609  -32.994  -26.430  46.905 0.0000000000
135682  -46.604  -8.702  44.757 0.0000000000
135950  -27.502  -32.626  52.986 0.0000000000
136231  -19.742  -32.031  51.505 0.0000000000
136262  -13.024  -35.747  57.440 0.0000000000
136274  -24.641  -32.127  51.416 0.0000000000
137120  -48.637  -3.284  25.964 0.0000000000
139183  -27.739  -28.327  48.191 0.0000000000
139662  -53.327  -3.707  28.659 0.0000000000
140183  -30.077  -31.295  53.823 0.0000000000
140206  -45.851  -11.514  34.490 0.0000000000
141939  -17.013  -31.741  51.138 0.0000000000
143054  -26.700  -29.177  45.941 0.0000000000
144084  -9.951  -36.322  55.354 0.0000000000
144522  -27.189  -33.296  52.121 0.0000000000
145135  -13.537  -33.078  56.490 0.0000000000
145364  -27.234  -33.325  48.787 0.0000000000
145779  -15.449  -31.780  53.732 0.0000000000
145963  -16.071  -37.537  52.411 0.0000000000
146125  -15.306  -34.099  53.795 0.0000000000
146251  -42.794  -9.865  37.023 0.0000000000
146270  -53.537  -5.385  30.075 0.0000000000
146499  -22.787  -35.655  43.980 0.0000000000
146532  -41.016  -11.212  34.892 0.0000000000
146601  -44.146  -9.050  38.940 0.0000000000
146736  -47.177  -11.302  35.793 0.0000000000
147055  -32.036  -29.977  48.587 0.0000000000
147110  -54.353  4.908  23.790 0.0000000000
147225  -36.100  -19.231  43.029 0.0000000000
147307  -49.180  -7.436  40.994 0.0000000000
147345  -19.417  -38.766  50.162 0.0000000000
147361  -25.924  -33.989  50.403 0.0000000000
148213  -28.940  -30.065  54.653 0.0000000000
148628  -21.616  -32.355  52.043 0.0000000000
149589  -58.315  6.517  25.034 0.0000000000
149811  -12.674  -33.510  55.391 0.0000000000
149885  -21.599  -31.936  48.491 0.0000000000
150108  -6.885  -38.480  54.755 0.0000000000
150265  -30.080  -26.772  46.800 0.0000000000
150352  -45.122  -8.442  40.737 0.0000000000
