#!ascii label  , from subject sub-LJ002 vox2ras=TkReg
817
145943  -29.979  -39.970  50.836 0.0000000000
58175  -40.100  -14.308  50.793 0.0000000000
64574  -46.812  -8.101  45.079 0.0000000000
66828  -55.275  -6.354  40.594 0.0000000000
54025  -38.632  -18.221  51.511 0.0000000000
66788  -51.269  -5.963  42.981 0.0000000000
66889  -57.611  -6.142  32.649 0.0000000000
68910  -59.899  -4.570  30.442 0.0000000000
58177  -43.988  -14.212  50.496 0.0000000000
61295  -47.585  -11.207  48.829 0.0000000000
145803  -44.000  -10.712  48.335 0.0000000000
34662  -27.707  -37.978  46.290 0.0000000000
37699  -31.098  -33.972  44.411 0.0000000000
42827  -33.795  -29.934  45.374 0.0000000000
42773  -35.741  -29.805  50.568 0.0000000000
45822  -36.398  -26.844  53.983 0.0000000000
49721  -39.202  -22.117  54.480 0.0000000000
142114  -41.337  -18.077  53.198 0.0000000000
61346  -50.529  -11.125  44.350 0.0000000000
69964  -60.446  -3.090  28.928 0.0000000000
60185  -41.960  -12.535  52.295 0.0000000000
61243  -43.606  -11.133  51.893 0.0000000000
60226  -42.278  -12.224  49.776 0.0000000000
35691  -27.692  -36.077  44.597 0.0000000000
35680  -29.999  -36.117  45.639 0.0000000000
48828  -35.309  -23.559  55.611 0.0000000000
47963  -37.708  -24.378  53.765 0.0000000000
50710  -36.704  -21.750  55.494 0.0000000000
57229  -38.536  -15.657  50.966 0.0000000000
56181  -38.940  -16.942  54.038 0.0000000000
58134  -40.368  -14.816  52.711 0.0000000000
56201  -42.136  -16.292  51.788 0.0000000000
64544  -47.149  -8.032  48.697 0.0000000000
61310  -48.961  -11.339  47.191 0.0000000000
144429  -49.142  -7.922  46.703 0.0000000000
65688  -53.127  -6.565  41.726 0.0000000000
64595  -53.654  -7.912  43.260 0.0000000000
64629  -55.513  -8.035  41.891 0.0000000000
63579  -57.090  -8.921  39.875 0.0000000000
68845  -59.154  -4.918  34.286 0.0000000000
67853  -58.178  -5.619  35.416 0.0000000000
50751  -38.272  -21.007  52.240 0.0000000000
63577  -52.148  -9.292  39.425 0.0000000000
67889  -58.594  -5.158  31.932 0.0000000000
68876  -60.870  -4.696  32.471 0.0000000000
69926  -62.903  -3.680  30.340 0.0000000000
56238  -44.775  -16.630  48.105 0.0000000000
60227  -45.697  -12.512  50.060 0.0000000000
63446  -45.696  -9.420  50.134 0.0000000000
33652  -28.808  -38.927  48.253 0.0000000000
38739  -33.435  -34.172  45.114 0.0000000000
127618  -32.848  -31.307  43.877 0.0000000000
40875  -34.611  -31.199  43.903 0.0000000000
41855  -36.142  -30.551  45.335 0.0000000000
41827  -37.426  -30.665  47.712 0.0000000000
40784  -38.342  -31.015  49.995 0.0000000000
126645  -36.351  -29.728  53.028 0.0000000000
44778  -39.181  -27.727  51.593 0.0000000000
126539  -38.655  -19.255  55.154 0.0000000000
132899  -40.277  -20.318  54.357 0.0000000000
50738  -42.809  -21.316  52.691 0.0000000000
52943  -44.550  -19.524  51.478 0.0000000000
55116  -45.018  -18.164  49.924 0.0000000000
65637  -50.964  -7.212  44.832 0.0000000000
138571  -56.487  -6.985  36.860 0.0000000000
66830  -57.198  -6.405  39.200 0.0000000000
149795  -28.452  -39.747  49.368 0.0000000000
60212  -41.275  -12.907  51.766 0.0000000000
61241  -42.143  -11.842  51.918 0.0000000000
59178  -41.416  -13.385  49.775 0.0000000000
49718  -35.040  -22.977  54.814 0.0000000000
48807  -35.988  -23.050  55.650 0.0000000000
50734  -36.040  -21.946  54.678 0.0000000000
148521  -39.150  -15.055  50.806 0.0000000000
58158  -39.209  -15.073  52.023 0.0000000000
59138  -40.008  -14.100  52.003 0.0000000000
58147  -41.464  -13.947  52.473 0.0000000000
64557  -48.282  -7.949  47.838 0.0000000000
65615  -47.818  -7.055  46.847 0.0000000000
66819  -54.862  -6.359  41.053 0.0000000000
66791  -54.619  -6.691  42.219 0.0000000000
65690  -55.807  -7.177  41.475 0.0000000000
64630  -56.149  -8.358  41.241 0.0000000000
65710  -56.669  -6.802  40.455 0.0000000000
66883  -60.572  -5.564  34.133 0.0000000000
67850  -59.522  -5.596  35.310 0.0000000000
65767  -60.783  -7.720  34.200 0.0000000000
67932  -57.570  -5.260  29.694 0.0000000000
68909  -58.956  -4.785  30.474 0.0000000000
138144  -59.729  -4.656  32.363 0.0000000000
134317  -60.211  -4.627  31.529 0.0000000000
68891  -61.015  -4.558  31.602 0.0000000000
68911  -60.946  -4.400  30.820 0.0000000000
130042  -61.670  -3.453  29.765 0.0000000000
57231  -44.162  -14.987  49.700 0.0000000000
58194  -44.699  -14.318  49.238 0.0000000000
58178  -44.600  -13.827  49.976 0.0000000000
62353  -43.501  -10.454  50.253 0.0000000000
62322  -44.798  -10.445  51.185 0.0000000000
63457  -44.907  -9.350  49.563 0.0000000000
63469  -45.539  -8.903  49.050 0.0000000000
62384  -45.060  -9.812  47.611 0.0000000000
33677  -29.801  -38.288  47.675 0.0000000000
34644  -29.392  -37.941  46.943 0.0000000000
36664  -30.333  -35.456  45.260 0.0000000000
42826  -33.142  -29.904  45.574 0.0000000000
41852  -33.417  -30.189  44.782 0.0000000000
40874  -33.396  -31.065  43.864 0.0000000000
41853  -34.253  -30.166  44.848 0.0000000000
41870  -35.563  -30.656  44.639 0.0000000000
42829  -34.940  -29.872  45.999 0.0000000000
42786  -36.192  -29.957  49.796 0.0000000000
41801  -37.605  -30.624  49.457 0.0000000000
42774  -36.629  -30.201  50.503 0.0000000000
44724  -35.198  -26.840  55.091 0.0000000000
44736  -35.088  -28.281  54.667 0.0000000000
43715  -36.513  -28.731  53.687 0.0000000000
42747  -37.699  -29.786  52.581 0.0000000000
43716  -37.277  -28.537  53.087 0.0000000000
43730  -38.592  -28.696  52.039 0.0000000000
44776  -37.367  -27.454  52.560 0.0000000000
48850  -38.245  -23.072  54.589 0.0000000000
47980  -39.016  -24.362  52.522 0.0000000000
48860  -39.436  -23.260  53.523 0.0000000000
48853  -40.512  -22.429  53.457 0.0000000000
51815  -37.732  -20.258  54.119 0.0000000000
144869  -38.378  -18.753  54.210 0.0000000000
135552  -40.353  -17.262  54.043 0.0000000000
53983  -39.731  -18.697  54.705 0.0000000000
52900  -40.843  -19.089  54.039 0.0000000000
136608  -41.545  -20.146  53.413 0.0000000000
142862  -42.226  -19.240  52.774 0.0000000000
54004  -42.333  -18.666  52.401 0.0000000000
57221  -43.071  -15.431  50.965 0.0000000000
55114  -43.237  -17.136  50.837 0.0000000000
56219  -43.854  -16.184  49.868 0.0000000000
56227  -44.570  -17.056  48.830 0.0000000000
34661  -26.818  -37.973  46.100 0.0000000000
33691  -27.157  -38.377  46.682 0.0000000000
32707  -27.152  -39.104  47.692 0.0000000000
59198  -47.069  -12.633  48.118 0.0000000000
59212  -47.717  -12.734  47.346 0.0000000000
62400  -49.553  -11.199  45.913 0.0000000000
67774  -50.162  -6.004  43.710 0.0000000000
67749  -50.172  -6.105  44.881 0.0000000000
67760  -51.406  -5.896  44.231 0.0000000000
63532  -54.422  -9.890  42.910 0.0000000000
63522  -53.415  -9.023  43.335 0.0000000000
66864  -58.290  -5.769  37.023 0.0000000000
135953  -57.361  -6.141  36.468 0.0000000000
66854  -57.900  -5.922  37.720 0.0000000000
65749  -56.640  -6.469  37.690 0.0000000000
65742  -58.108  -6.792  38.566 0.0000000000
64674  -58.010  -7.746  38.792 0.0000000000
69962  -58.342  -3.396  28.504 0.0000000000
69963  -60.360  -3.735  29.264 0.0000000000
136882  -58.787  -2.753  28.448 0.0000000000
141697  -59.532  -1.610  28.547 0.0000000000
145433  -43.257  -13.223  51.994 0.0000000000
59155  -43.797  -12.634  51.828 0.0000000000
61242  -42.763  -11.499  52.085 0.0000000000
61254  -42.671  -11.321  51.423 0.0000000000
61294  -43.089  -11.596  48.889 0.0000000000
34677  -27.984  -37.288  45.761 0.0000000000
35664  -28.831  -37.029  45.841 0.0000000000
37698  -30.168  -34.262  44.250 0.0000000000
46894  -35.496  -25.269  55.500 0.0000000000
45823  -36.704  -25.878  53.812 0.0000000000
47950  -36.442  -24.556  55.019 0.0000000000
48830  -37.118  -23.055  55.492 0.0000000000
49698  -38.272  -22.013  55.473 0.0000000000
125699  -38.227  -16.555  51.140 0.0000000000
55088  -38.627  -17.414  53.665 0.0000000000
57191  -38.873  -16.028  53.017 0.0000000000
57179  -39.787  -16.033  53.438 0.0000000000
56194  -40.656  -16.796  53.482 0.0000000000
55090  -41.814  -17.107  52.263 0.0000000000
57194  -41.316  -15.589  52.625 0.0000000000
58160  -42.352  -14.455  52.033 0.0000000000
35676  -26.412  -36.826  44.780 0.0000000000
62356  -47.494  -10.130  49.260 0.0000000000
61296  -48.106  -10.754  48.514 0.0000000000
62385  -48.515  -9.998  48.179 0.0000000000
149536  -49.092  -8.702  46.929 0.0000000000
148205  -49.494  -9.204  46.009 0.0000000000
66804  -52.654  -6.246  42.376 0.0000000000
128787  -52.934  -6.024  43.304 0.0000000000
66790  -53.653  -6.328  42.772 0.0000000000
64611  -54.968  -7.918  42.393 0.0000000000
67873  -58.204  -5.523  33.284 0.0000000000
140938  -57.831  -5.933  34.368 0.0000000000
67854  -58.636  -5.313  34.737 0.0000000000
66871  -59.271  -5.862  36.100 0.0000000000
58205  -39.647  -15.191  49.304 0.0000000000
57252  -38.701  -16.077  48.792 0.0000000000
65636  -47.679  -7.159  44.903 0.0000000000
65685  -49.823  -7.256  41.453 0.0000000000
65706  -51.611  -7.540  41.122 0.0000000000
64645  -53.308  -7.515  40.514 0.0000000000
65725  -54.263  -7.190  40.198 0.0000000000
67888  -58.090  -5.558  32.341 0.0000000000
67874  -58.739  -4.996  32.995 0.0000000000
67863  -60.186  -4.810  34.044 0.0000000000
66884  -61.241  -5.911  33.354 0.0000000000
68940  -61.789  -3.950  30.370 0.0000000000
68913  -62.506  -4.149  30.676 0.0000000000
58221  -45.223  -14.561  48.048 0.0000000000
59196  -45.774  -13.264  48.750 0.0000000000
60228  -46.379  -12.078  49.594 0.0000000000
60202  -44.881  -11.781  51.334 0.0000000000
61257  -45.968  -11.106  50.544 0.0000000000
62339  -46.597  -10.165  49.912 0.0000000000
63459  -46.159  -8.951  49.569 0.0000000000
64542  -46.119  -8.449  48.514 0.0000000000
58208  -41.967  -14.287  48.051 0.0000000000
60258  -42.873  -12.879  47.690 0.0000000000
61321  -44.241  -11.381  46.637 0.0000000000
32691  -29.459  -39.198  49.030 0.0000000000
32692  -30.472  -38.895  49.173 0.0000000000
37685  -34.093  -34.549  45.347 0.0000000000
38778  -30.433  -32.777  43.678 0.0000000000
137145  -30.933  -33.255  43.940 0.0000000000
39815  -31.803  -32.570  43.931 0.0000000000
38762  -33.833  -32.995  44.012 0.0000000000
41856  -36.974  -30.878  45.867 0.0000000000
129529  -37.716  -31.265  46.289 0.0000000000
146701  -35.074  -29.790  52.985 0.0000000000
132102  -34.942  -29.179  54.355 0.0000000000
41759  -36.219  -29.958  52.594 0.0000000000
138117  -37.258  -30.337  51.930 0.0000000000
41774  -38.616  -30.521  51.568 0.0000000000
46930  -37.797  -25.697  52.178 0.0000000000
50736  -37.311  -20.982  53.726 0.0000000000
51795  -37.582  -20.673  55.360 0.0000000000
50704  -38.795  -21.125  55.593 0.0000000000
53981  -38.825  -18.596  54.810 0.0000000000
52886  -39.293  -19.879  55.297 0.0000000000
50714  -39.620  -20.774  54.790 0.0000000000
49723  -41.100  -21.255  53.497 0.0000000000
49742  -42.488  -22.203  52.751 0.0000000000
52945  -46.139  -20.106  50.673 0.0000000000
55107  -43.211  -17.909  51.212 0.0000000000
125317  -44.540  -18.467  50.589 0.0000000000
54041  -46.330  -19.053  50.022 0.0000000000
55128  -45.982  -18.439  48.911 0.0000000000
33651  -27.905  -39.211  48.109 0.0000000000
141468  -48.897  -6.459  45.601 0.0000000000
65626  -50.273  -6.961  45.401 0.0000000000
63511  -50.321  -9.048  44.679 0.0000000000
64586  -52.318  -7.447  44.082 0.0000000000
149844  -52.128  -8.277  43.897 0.0000000000
62425  -51.242  -10.480  43.752 0.0000000000
64672  -54.047  -8.784  39.073 0.0000000000
65739  -55.240  -7.174  39.142 0.0000000000
135819  -57.186  -6.792  34.933 0.0000000000
65761  -56.720  -7.345  35.370 0.0000000000
65748  -56.036  -7.427  37.492 0.0000000000
65740  -55.937  -6.603  38.907 0.0000000000
65728  -56.783  -6.421  39.915 0.0000000000
64663  -57.520  -7.981  39.449 0.0000000000
144729  -30.136  -40.475  51.439 0.0000000000
59167  -40.653  -13.541  51.302 0.0000000000
59168  -41.313  -12.886  50.881 0.0000000000
59177  -40.743  -13.772  50.342 0.0000000000
48858  -35.076  -23.093  53.659 0.0000000000
49739  -35.596  -22.509  54.148 0.0000000000
49740  -36.224  -22.063  53.671 0.0000000000
58174  -39.491  -14.710  51.133 0.0000000000
59153  -40.081  -14.165  51.599 0.0000000000
59154  -40.686  -13.528  51.956 0.0000000000
143141  -46.936  -7.633  46.772 0.0000000000
130424  -47.295  -7.340  46.478 0.0000000000
66807  -55.344  -6.645  41.528 0.0000000000
66820  -55.523  -6.399  40.894 0.0000000000
65691  -56.332  -7.169  41.016 0.0000000000
124506  -56.228  -6.380  40.341 0.0000000000
66878  -61.023  -6.744  33.779 0.0000000000
138934  -60.539  -6.507  34.391 0.0000000000
68937  -59.008  -4.596  29.720 0.0000000000
68890  -59.238  -4.780  31.436 0.0000000000
62370  -43.631  -10.697  49.213 0.0000000000
62354  -44.182  -9.900  50.134 0.0000000000
62371  -44.306  -10.005  48.990 0.0000000000
63468  -44.934  -9.514  48.586 0.0000000000
62383  -44.471  -10.273  47.993 0.0000000000
33692  -28.356  -38.315  46.928 0.0000000000
34663  -28.602  -37.676  46.325 0.0000000000
36679  -30.730  -34.775  44.879 0.0000000000
133410  -31.201  -35.275  45.559 0.0000000000
42828  -34.379  -29.887  45.646 0.0000000000
41800  -36.869  -30.255  49.661 0.0000000000
45809  -35.809  -26.865  54.582 0.0000000000
44756  -36.155  -27.820  54.198 0.0000000000
44757  -36.738  -27.724  53.475 0.0000000000
43729  -37.843  -28.371  52.465 0.0000000000
132105  -36.797  -26.655  53.145 0.0000000000
49720  -38.508  -22.337  54.867 0.0000000000
48859  -38.685  -23.454  53.898 0.0000000000
48851  -38.968  -22.817  54.230 0.0000000000
48852  -39.689  -22.598  53.806 0.0000000000
52914  -38.384  -18.911  53.455 0.0000000000
54014  -38.416  -18.042  53.111 0.0000000000
135619  -40.806  -17.775  53.714 0.0000000000
145311  -40.685  -18.455  54.074 0.0000000000
53994  -41.166  -18.568  53.611 0.0000000000
52901  -41.530  -19.336  53.416 0.0000000000
54003  -41.745  -18.642  53.017 0.0000000000
134206  -41.796  -18.003  52.611 0.0000000000
58176  -43.391  -14.544  51.011 0.0000000000
57230  -43.598  -15.249  50.363 0.0000000000
149635  -27.713  -38.365  46.771 0.0000000000
60246  -47.426  -11.900  48.524 0.0000000000
62413  -49.822  -10.631  45.157 0.0000000000
61323  -49.818  -11.979  45.742 0.0000000000
127412  -50.104  -11.639  45.135 0.0000000000
61335  -50.859  -12.116  44.536 0.0000000000
66787  -50.536  -6.065  43.125 0.0000000000
67775  -50.703  -5.758  44.040 0.0000000000
67785  -50.962  -5.762  43.575 0.0000000000
66881  -57.174  -6.824  33.024 0.0000000000
65751  -58.842  -6.653  37.251 0.0000000000
66843  -58.020  -6.190  38.200 0.0000000000
58149  -42.574  -13.361  52.290 0.0000000000
59142  -42.908  -12.496  52.325 0.0000000000
60186  -42.504  -12.062  52.326 0.0000000000
132152  -42.052  -12.058  50.937 0.0000000000
61273  -42.609  -11.469  50.398 0.0000000000
61274  -43.043  -11.057  49.829 0.0000000000
61293  -42.721  -11.768  49.496 0.0000000000
35677  -27.256  -36.869  45.132 0.0000000000
48848  -34.552  -23.653  55.131 0.0000000000
48806  -34.941  -24.357  55.759 0.0000000000
46885  -35.110  -25.372  55.660 0.0000000000
47925  -35.258  -24.831  55.715 0.0000000000
46895  -35.981  -25.183  55.098 0.0000000000
47926  -35.746  -23.849  55.678 0.0000000000
49696  -36.312  -22.391  55.531 0.0000000000
48808  -36.479  -23.099  55.602 0.0000000000
48809  -37.073  -22.459  55.622 0.0000000000
49697  -37.716  -22.280  55.585 0.0000000000
49685  -37.552  -21.852  55.732 0.0000000000
145812  -38.261  -16.064  50.753 0.0000000000
125225  -38.413  -16.498  52.044 0.0000000000
56209  -38.376  -15.944  51.488 0.0000000000
138285  -39.955  -14.693  52.561 0.0000000000
57192  -39.354  -15.675  53.035 0.0000000000
146560  -39.865  -15.258  52.974 0.0000000000
56193  -40.280  -16.176  53.422 0.0000000000
130922  -40.704  -15.920  53.035 0.0000000000
145243  -41.046  -15.125  52.741 0.0000000000
59140  -41.437  -13.359  52.304 0.0000000000
139980  -41.946  -13.163  52.424 0.0000000000
64534  -47.243  -8.612  49.073 0.0000000000
63470  -48.053  -9.276  48.689 0.0000000000
64545  -47.813  -8.417  48.554 0.0000000000
65608  -48.637  -7.539  47.054 0.0000000000
64558  -48.797  -8.372  47.379 0.0000000000
63489  -49.235  -9.338  46.668 0.0000000000
140499  -49.390  -8.517  46.318 0.0000000000
124492  -53.016  -5.909  42.920 0.0000000000
66805  -53.548  -6.309  42.386 0.0000000000
65671  -55.198  -7.125  42.035 0.0000000000
65670  -54.715  -7.171  42.414 0.0000000000
139884  -55.201  -8.927  42.255 0.0000000000
139888  -55.630  -8.995  41.776 0.0000000000
67861  -58.708  -5.087  33.887 0.0000000000
57253  -39.180  -15.663  48.836 0.0000000000
65705  -50.512  -7.691  40.950 0.0000000000
64659  -51.651  -8.711  40.005 0.0000000000
64660  -52.691  -8.502  39.942 0.0000000000
64661  -53.662  -8.184  39.738 0.0000000000
67910  -58.284  -5.226  30.770 0.0000000000
128536  -57.934  -5.604  31.448 0.0000000000
144619  -57.255  -5.908  30.580 0.0000000000
68874  -59.367  -4.664  33.129 0.0000000000
68875  -60.177  -4.626  33.142 0.0000000000
67875  -60.889  -4.996  33.293 0.0000000000
132124  -61.419  -5.447  32.810 0.0000000000
68877  -61.355  -4.720  31.805 0.0000000000
68939  -60.880  -4.113  29.835 0.0000000000
69942  -60.991  -3.476  29.399 0.0000000000
69943  -62.343  -3.340  29.980 0.0000000000
56248  -45.079  -16.531  47.302 0.0000000000
130493  -45.011  -15.582  47.619 0.0000000000
59180  -45.284  -13.349  49.462 0.0000000000
58209  -45.187  -13.958  48.730 0.0000000000
59181  -46.034  -12.680  49.235 0.0000000000
60201  -44.071  -11.710  51.830 0.0000000000
137761  -44.526  -12.394  51.397 0.0000000000
61244  -44.430  -11.055  51.573 0.0000000000
62337  -45.220  -9.906  50.699 0.0000000000
139435  -45.459  -10.512  50.850 0.0000000000
62338  -46.000  -10.133  50.403 0.0000000000
61258  -46.445  -10.712  50.042 0.0000000000
63447  -46.342  -9.530  49.853 0.0000000000
63479  -45.551  -9.071  48.145 0.0000000000
33653  -29.660  -38.681  48.311 0.0000000000
35665  -29.673  -36.802  46.003 0.0000000000
36666  -33.046  -35.073  46.016 0.0000000000
37684  -33.424  -34.661  45.624 0.0000000000
39816  -32.454  -32.104  43.905 0.0000000000
129622  -32.362  -33.133  44.223 0.0000000000
126064  -33.934  -31.336  43.830 0.0000000000
39817  -33.404  -31.974  43.875 0.0000000000
39818  -34.312  -32.104  43.763 0.0000000000
150765  -34.393  -32.779  43.837 0.0000000000
39833  -34.936  -32.624  43.732 0.0000000000
40852  -36.815  -31.059  45.064 0.0000000000
41813  -36.841  -30.283  48.211 0.0000000000
42807  -36.129  -29.983  47.904 0.0000000000
41826  -36.664  -30.331  47.342 0.0000000000
41841  -37.214  -30.754  46.801 0.0000000000
40804  -38.267  -31.062  49.076 0.0000000000
40785  -38.976  -31.512  49.560 0.0000000000
42726  -36.022  -29.212  53.926 0.0000000000
43708  -35.033  -28.780  54.538 0.0000000000
42735  -35.870  -29.483  53.638 0.0000000000
42745  -35.630  -29.708  53.264 0.0000000000
41772  -36.643  -30.229  51.958 0.0000000000
41760  -36.962  -30.050  52.506 0.0000000000
41762  -38.406  -30.092  52.162 0.0000000000
41761  -37.734  -30.194  52.165 0.0000000000
40745  -39.254  -31.020  50.905 0.0000000000
44777  -38.229  -27.626  51.887 0.0000000000
42750  -40.049  -29.162  51.436 0.0000000000
43731  -39.604  -28.545  51.610 0.0000000000
46908  -37.193  -25.010  53.739 0.0000000000
46929  -37.142  -25.679  52.953 0.0000000000
46919  -37.913  -24.825  52.917 0.0000000000
52913  -38.156  -19.456  54.253 0.0000000000
51806  -37.856  -20.048  54.868 0.0000000000
52884  -38.190  -19.896  55.242 0.0000000000
51789  -38.433  -20.870  55.767 0.0000000000
52876  -38.476  -20.337  55.608 0.0000000000
55077  -38.869  -17.763  54.343 0.0000000000
133796  -40.294  -19.587  54.446 0.0000000000
52887  -39.749  -19.390  54.835 0.0000000000
51797  -39.731  -20.082  54.892 0.0000000000
50725  -40.237  -21.104  54.094 0.0000000000
50726  -40.899  -20.549  53.733 0.0000000000
50737  -42.166  -20.615  53.019 0.0000000000
49724  -41.932  -21.371  53.085 0.0000000000
52930  -44.110  -19.940  51.922 0.0000000000
144941  -41.633  -16.178  52.350 0.0000000000
55098  -42.510  -18.068  51.840 0.0000000000
56202  -42.569  -17.171  51.475 0.0000000000
144886  -43.849  -17.113  50.251 0.0000000000
131248  -43.799  -17.876  50.629 0.0000000000
55115  -44.341  -17.824  50.172 0.0000000000
54040  -45.524  -18.763  50.338 0.0000000000
54053  -45.815  -18.551  49.633 0.0000000000
55127  -45.107  -18.023  49.181 0.0000000000
56237  -44.441  -16.132  48.665 0.0000000000
55135  -45.258  -17.765  48.495 0.0000000000
132732  -28.340  -38.733  47.606 0.0000000000
32690  -28.583  -39.449  48.890 0.0000000000
61309  -48.569  -11.009  47.858 0.0000000000
60261  -48.599  -11.818  47.457 0.0000000000
60262  -49.061  -11.926  46.938 0.0000000000
66762  -48.094  -6.869  44.311 0.0000000000
66748  -48.295  -6.658  45.195 0.0000000000
65627  -50.735  -6.562  44.963 0.0000000000
66741  -50.148  -6.454  45.320 0.0000000000
145589  -50.269  -7.623  45.255 0.0000000000
64584  -50.662  -8.192  44.700 0.0000000000
66766  -53.425  -6.437  43.225 0.0000000000
66765  -52.623  -6.257  43.747 0.0000000000
65650  -53.079  -6.992  43.701 0.0000000000
63512  -52.505  -9.093  43.567 0.0000000000
62440  -52.053  -9.968  43.494 0.0000000000
62426  -52.308  -10.967  43.557 0.0000000000
64662  -54.500  -7.737  39.469 0.0000000000
64673  -54.807  -8.317  38.741 0.0000000000
141410  -58.106  -5.610  34.785 0.0000000000
66876  -57.309  -6.666  34.097 0.0000000000
66877  -57.666  -6.023  35.075 0.0000000000
65755  -56.908  -6.722  36.283 0.0000000000
66869  -57.289  -6.432  35.722 0.0000000000
148048  -56.458  -7.495  36.115 0.0000000000
64699  -56.088  -8.383  35.545 0.0000000000
64691  -56.070  -8.099  36.598 0.0000000000
66841  -56.824  -6.373  38.608 0.0000000000
66840  -56.405  -6.377  39.630 0.0000000000
65729  -57.254  -6.855  39.813 0.0000000000
65741  -57.717  -6.889  39.152 0.0000000000
60198  -41.780  -12.347  52.087 0.0000000000
60213  -41.678  -12.336  51.669 0.0000000000
133304  -41.778  -12.676  50.085 0.0000000000
49694  -35.021  -23.372  55.438 0.0000000000
49695  -35.601  -22.824  55.415 0.0000000000
50709  -36.086  -22.110  55.288 0.0000000000
50724  -36.554  -21.496  55.122 0.0000000000
58190  -38.851  -15.496  50.384 0.0000000000
57219  -38.754  -15.505  51.746 0.0000000000
58173  -39.009  -15.118  51.280 0.0000000000
136290  -39.666  -14.739  52.235 0.0000000000
58146  -40.414  -14.305  52.449 0.0000000000
59126  -40.880  -14.141  52.543 0.0000000000
59139  -40.799  -13.702  52.298 0.0000000000
65596  -47.143  -7.726  48.100 0.0000000000
65597  -47.646  -7.689  48.094 0.0000000000
65606  -47.552  -7.423  47.580 0.0000000000
65607  -48.074  -7.263  47.444 0.0000000000
65616  -48.492  -6.951  46.662 0.0000000000
65689  -54.108  -6.448  41.624 0.0000000000
132499  -54.206  -6.484  42.248 0.0000000000
66806  -54.830  -6.503  41.626 0.0000000000
64646  -56.618  -7.678  40.704 0.0000000000
64647  -57.039  -7.731  40.182 0.0000000000
67862  -59.606  -4.910  34.406 0.0000000000
67856  -59.883  -5.193  34.681 0.0000000000
66872  -60.105  -5.894  34.878 0.0000000000
67933  -58.418  -4.961  29.959 0.0000000000
133263  -59.105  -4.813  32.423 0.0000000000
136159  -60.396  -4.653  32.290 0.0000000000
127021  -61.568  -4.344  30.934 0.0000000000
70908  -60.468  -2.121  28.835 0.0000000000
70889  -61.365  -2.718  29.317 0.0000000000
142557  -62.101  -2.888  29.694 0.0000000000
69944  -62.879  -3.189  29.993 0.0000000000
57242  -44.461  -15.293  48.967 0.0000000000
150482  -44.792  -14.698  48.651 0.0000000000
59169  -45.044  -13.079  50.214 0.0000000000
62335  -43.735  -10.308  50.956 0.0000000000
62321  -44.027  -10.519  51.470 0.0000000000
62336  -44.476  -10.054  50.848 0.0000000000
63445  -45.003  -9.535  50.237 0.0000000000
63458  -45.607  -9.145  49.616 0.0000000000
33676  -29.050  -38.478  47.597 0.0000000000
38760  -32.877  -33.743  44.740 0.0000000000
41868  -33.903  -30.666  44.185 0.0000000000
41869  -34.824  -30.582  44.412 0.0000000000
41854  -35.121  -30.161  45.202 0.0000000000
41839  -35.618  -30.086  46.104 0.0000000000
41814  -37.562  -30.638  48.583 0.0000000000
129160  -37.016  -30.324  48.939 0.0000000000
41787  -37.531  -30.606  50.489 0.0000000000
45795  -34.445  -26.833  55.425 0.0000000000
149876  -34.133  -27.514  55.389 0.0000000000
44737  -35.487  -27.740  54.633 0.0000000000
43709  -35.740  -28.633  54.331 0.0000000000
42736  -36.436  -29.430  53.363 0.0000000000
42746  -36.990  -29.755  52.859 0.0000000000
42748  -38.424  -29.589  52.271 0.0000000000
47952  -37.945  -23.775  54.206 0.0000000000
47964  -38.358  -24.033  53.401 0.0000000000
145504  -39.075  -23.741  53.208 0.0000000000
48861  -40.273  -23.181  53.218 0.0000000000
51832  -38.507  -20.299  52.272 0.0000000000
51831  -37.967  -20.625  53.049 0.0000000000
51816  -38.184  -19.840  53.330 0.0000000000
52899  -38.342  -19.134  54.793 0.0000000000
56171  -39.878  -17.304  54.294 0.0000000000
55067  -39.605  -18.023  54.540 0.0000000000
55079  -40.233  -18.019  54.334 0.0000000000
53993  -40.280  -18.862  54.451 0.0000000000
51807  -40.872  -19.823  53.878 0.0000000000
51817  -42.194  -19.894  52.975 0.0000000000
148564  -42.709  -19.712  52.558 0.0000000000
52915  -42.850  -19.240  52.251 0.0000000000
54015  -42.918  -18.768  51.900 0.0000000000
57220  -42.488  -15.438  51.568 0.0000000000
56210  -42.770  -16.309  51.139 0.0000000000
56218  -43.362  -16.244  50.518 0.0000000000
55126  -44.374  -17.299  49.591 0.0000000000
56226  -44.194  -16.172  49.224 0.0000000000
34660  -26.057  -38.009  45.977 0.0000000000
33690  -26.346  -38.418  46.554 0.0000000000
33674  -26.768  -38.790  47.159 0.0000000000
33675  -27.625  -38.716  47.259 0.0000000000
62399  -49.225  -10.844  46.735 0.0000000000
61322  -49.375  -11.771  46.457 0.0000000000
66764  -49.237  -6.406  43.409 0.0000000000
67748  -49.389  -6.145  44.954 0.0000000000
67758  -50.158  -5.959  44.409 0.0000000000
67759  -50.805  -5.889  44.364 0.0000000000
65638  -51.411  -6.551  44.572 0.0000000000
63523  -54.083  -8.910  43.008 0.0000000000
67839  -58.216  -5.716  36.246 0.0000000000
66870  -57.761  -5.896  36.026 0.0000000000
66863  -57.715  -5.855  36.977 0.0000000000
66862  -57.055  -6.228  37.044 0.0000000000
66853  -57.364  -6.086  37.790 0.0000000000
124508  -57.555  -6.226  38.369 0.0000000000
66842  -57.719  -6.416  38.695 0.0000000000
68956  -58.809  -4.173  28.923 0.0000000000
68938  -59.798  -4.231  29.427 0.0000000000
139017  -59.511  -3.529  28.767 0.0000000000
70907  -59.591  -2.511  28.582 0.0000000000
71864  -58.624  -1.863  28.425 0.0000000000
58162  -43.705  -13.644  51.333 0.0000000000
60200  -43.225  -11.788  52.213 0.0000000000
61255  -43.345  -10.880  51.528 0.0000000000
62334  -43.100  -10.772  50.824 0.0000000000
61307  -43.563  -11.479  48.090 0.0000000000
36663  -29.474  -35.663  45.037 0.0000000000
42772  -34.896  -29.554  51.160 0.0000000000
45785  -34.944  -25.970  55.522 0.0000000000
45796  -35.583  -25.978  55.047 0.0000000000
133800  -36.149  -25.962  54.490 0.0000000000
46907  -36.581  -25.133  54.438 0.0000000000
47951  -37.136  -24.292  54.492 0.0000000000
48829  -36.391  -23.657  55.535 0.0000000000
47940  -36.726  -23.880  55.249 0.0000000000
48849  -37.495  -23.431  54.934 0.0000000000
48831  -37.862  -22.632  55.215 0.0000000000
55106  -38.384  -17.282  51.729 0.0000000000
125877  -38.508  -17.904  52.297 0.0000000000
55097  -38.476  -17.220  52.679 0.0000000000
56191  -38.643  -16.554  52.905 0.0000000000
143426  -38.848  -16.626  53.463 0.0000000000
57205  -39.020  -15.513  52.470 0.0000000000
56182  -39.519  -16.748  53.988 0.0000000000
56183  -40.097  -16.665  53.898 0.0000000000
55089  -41.262  -17.366  53.060 0.0000000000
124564  -41.198  -16.493  52.837 0.0000000000
57207  -41.887  -15.410  52.157 0.0000000000
57206  -41.626  -14.643  52.448 0.0000000000
137878  -42.873  -14.761  51.444 0.0000000000
58161  -43.063  -13.995  51.711 0.0000000000
34675  -26.410  -37.469  45.406 0.0000000000
34676  -27.239  -37.533  45.728 0.0000000000
61277  -47.663  -10.589  48.993 0.0000000000
62386  -48.904  -10.462  47.409 0.0000000000
140830  -48.477  -8.884  48.074 0.0000000000
63480  -48.898  -9.409  47.388 0.0000000000
137490  -49.160  -10.046  46.926 0.0000000000
62412  -49.438  -10.128  46.153 0.0000000000
63500  -49.779  -9.573  45.271 0.0000000000
146274  -51.636  -6.396  42.338 0.0000000000
67786  -51.748  -5.784  43.462 0.0000000000
134264  -52.203  -5.855  42.950 0.0000000000
65651  -53.848  -7.013  43.056 0.0000000000
145371  -54.137  -6.581  42.493 0.0000000000
65652  -54.322  -6.938  42.595 0.0000000000
64596  -54.350  -7.754  42.776 0.0000000000
139889  -54.653  -8.872  42.653 0.0000000000
66882  -57.719  -6.093  33.589 0.0000000000
67860  -58.222  -5.555  34.137 0.0000000000
67848  -58.684  -5.494  35.557 0.0000000000
67855  -59.216  -5.194  34.958 0.0000000000
67849  -59.081  -5.462  35.680 0.0000000000
67840  -58.729  -5.652  36.297 0.0000000000
66856  -58.887  -5.968  36.895 0.0000000000
58192  -40.213  -14.539  49.845 0.0000000000
58193  -41.001  -14.189  49.392 0.0000000000
58206  -40.473  -14.885  48.944 0.0000000000
55113  -38.352  -17.484  50.649 0.0000000000
56217  -38.168  -16.573  50.223 0.0000000000
124870  -38.406  -16.075  50.053 0.0000000000
57240  -38.644  -15.932  49.578 0.0000000000
57241  -39.035  -15.596  49.546 0.0000000000
58191  -39.469  -15.002  50.289 0.0000000000
64583  -46.652  -8.261  44.017 0.0000000000
65624  -47.259  -7.496  45.529 0.0000000000
65649  -47.423  -7.319  43.867 0.0000000000
130953  -47.794  -6.994  43.261 0.0000000000
66786  -49.771  -6.381  42.881 0.0000000000
66802  -49.347  -6.832  42.091 0.0000000000
66803  -50.475  -6.538  42.369 0.0000000000
65686  -51.028  -7.067  41.667 0.0000000000
65687  -52.126  -6.806  41.694 0.0000000000
65707  -52.658  -7.216  41.136 0.0000000000
134367  -53.483  -6.804  41.144 0.0000000000
65708  -54.162  -6.683  40.852 0.0000000000
65709  -54.783  -6.533  40.566 0.0000000000
66902  -57.451  -6.138  31.664 0.0000000000
68856  -59.095  -4.777  33.677 0.0000000000
68857  -59.601  -4.715  33.851 0.0000000000
67876  -61.367  -4.986  32.362 0.0000000000
58210  -45.634  -13.751  48.248 0.0000000000
58222  -45.897  -13.906  47.614 0.0000000000
146895  -46.368  -12.786  48.631 0.0000000000
60245  -46.719  -12.266  48.883 0.0000000000
60229  -46.974  -11.611  49.197 0.0000000000
59156  -44.468  -13.216  50.891 0.0000000000
59157  -45.097  -12.513  50.803 0.0000000000
61256  -45.249  -11.119  51.144 0.0000000000
60214  -45.590  -11.861  50.764 0.0000000000
149966  -46.094  -11.840  50.216 0.0000000000
61275  -46.518  -11.382  49.847 0.0000000000
61276  -47.092  -10.733  49.492 0.0000000000
62355  -47.014  -9.808  49.587 0.0000000000
63460  -46.782  -9.033  49.443 0.0000000000
64533  -46.644  -8.458  49.149 0.0000000000
64532  -46.159  -8.640  49.151 0.0000000000
64543  -46.675  -8.178  48.653 0.0000000000
64565  -46.801  -7.946  46.164 0.0000000000
59179  -42.030  -13.017  49.239 0.0000000000
59195  -42.302  -13.415  48.333 0.0000000000
60243  -42.641  -12.462  48.774 0.0000000000
60244  -43.080  -12.126  48.167 0.0000000000
61308  -44.120  -11.078  47.524 0.0000000000
62397  -44.673  -10.617  47.079 0.0000000000
127579  -30.152  -39.495  49.946 0.0000000000
32670  -31.053  -39.374  50.164 0.0000000000
137367  -29.314  -37.360  46.333 0.0000000000
38758  -30.323  -33.521  43.868 0.0000000000
38759  -31.592  -33.256  44.158 0.0000000000
38761  -33.459  -33.600  44.566 0.0000000000
37701  -33.984  -33.823  44.661 0.0000000000
40876  -35.421  -31.149  44.073 0.0000000000
42817  -35.118  -29.787  46.773 0.0000000000
41840  -36.441  -30.392  46.406 0.0000000000
40819  -38.169  -31.091  48.154 0.0000000000
135074  -38.678  -31.695  47.712 0.0000000000
42758  -34.949  -29.732  52.189 0.0000000000
42759  -35.774  -29.957  51.772 0.0000000000
43707  -34.407  -28.899  54.764 0.0000000000
125973  -35.578  -29.865  52.615 0.0000000000
42760  -36.372  -30.151  51.228 0.0000000000
41786  -37.044  -30.427  51.306 0.0000000000
41773  -37.780  -30.587  51.457 0.0000000000
148009  -37.337  -29.949  52.573 0.0000000000
40764  -38.455  -30.916  50.860 0.0000000000
144240  -39.082  -31.332  50.320 0.0000000000
45832  -37.307  -26.399  52.448 0.0000000000
142513  -37.922  -26.622  51.886 0.0000000000
46942  -38.610  -25.896  51.654 0.0000000000
44798  -38.804  -26.785  51.519 0.0000000000
50749  -36.965  -21.670  53.214 0.0000000000
50735  -36.655  -21.458  54.268 0.0000000000
144872  -36.995  -21.152  55.406 0.0000000000
51805  -37.186  -20.833  54.837 0.0000000000
50711  -37.380  -21.359  55.665 0.0000000000
50702  -37.983  -21.309  55.838 0.0000000000
50712  -38.562  -21.537  55.570 0.0000000000
49699  -38.740  -21.693  55.072 0.0000000000
53992  -38.580  -18.293  54.323 0.0000000000
53982  -39.267  -18.630  54.857 0.0000000000
131500  -39.311  -19.220  55.121 0.0000000000
52885  -38.845  -19.707  55.410 0.0000000000
51796  -39.213  -20.569  55.300 0.0000000000
50713  -38.996  -21.176  55.192 0.0000000000
49700  -39.419  -21.435  54.641 0.0000000000
49722  -39.897  -21.862  53.989 0.0000000000
150384  -40.616  -21.723  53.615 0.0000000000
49741  -41.418  -22.160  53.168 0.0000000000
50727  -41.540  -20.760  53.364 0.0000000000
54026  -43.392  -18.564  51.476 0.0000000000
54039  -43.829  -18.399  51.032 0.0000000000
54027  -44.201  -18.894  51.231 0.0000000000
54067  -46.794  -18.899  48.553 0.0000000000
32669  -29.139  -39.743  49.756 0.0000000000
60247  -48.063  -11.493  48.182 0.0000000000
65625  -47.875  -6.870  45.886 0.0000000000
144129  -48.423  -6.722  46.123 0.0000000000
66730  -48.974  -6.629  46.034 0.0000000000
66740  -49.486  -6.405  45.427 0.0000000000
66731  -49.487  -6.668  45.770 0.0000000000
64566  -49.654  -7.582  45.896 0.0000000000
64575  -49.865  -8.500  45.423 0.0000000000
62424  -50.381  -9.996  44.410 0.0000000000
66789  -52.082  -5.903  43.789 0.0000000000
66751  -51.813  -6.123  44.228 0.0000000000
133126  -51.725  -7.110  44.439 0.0000000000
64585  -51.528  -7.876  44.341 0.0000000000
140571  -51.284  -9.095  43.967 0.0000000000
63578  -53.148  -9.107  39.302 0.0000000000
65726  -55.103  -6.664  39.990 0.0000000000
65765  -56.736  -7.482  34.374 0.0000000000
64707  -56.308  -8.115  34.717 0.0000000000
63602  -55.443  -8.678  37.367 0.0000000000
147731  -55.312  -8.455  37.868 0.0000000000
133009  -56.126  -6.759  38.184 0.0000000000
127218  -55.499  -7.779  38.224 0.0000000000
65727  -55.714  -6.437  39.601 0.0000000000
66829  -55.793  -6.305  40.227 0.0000000000
63591  -57.466  -9.398  39.256 0.0000000000
39831  -30.672  -32.194  43.659 0.0000000000
42725  -35.530  -29.195  54.164 0.0000000000
42738  -37.857  -29.134  52.675 0.0000000000
43699  -33.888  -28.543  55.233 0.0000000000
44723  -34.785  -27.630  55.037 0.0000000000
47939  -36.006  -24.468  55.555 0.0000000000
48827  -34.726  -23.896  55.560 0.0000000000
49686  -38.139  -21.746  55.762 0.0000000000
49719  -35.590  -22.391  54.988 0.0000000000
50701  -36.924  -22.044  55.691 0.0000000000
50703  -38.414  -21.338  55.809 0.0000000000
51788  -37.989  -20.721  55.703 0.0000000000
51790  -38.870  -20.421  55.578 0.0000000000
52929  -43.616  -19.244  51.748 0.0000000000
54002  -38.433  -18.246  53.819 0.0000000000
55066  -39.139  -18.084  54.599 0.0000000000
55078  -39.306  -17.446  54.339 0.0000000000
56192  -39.195  -16.327  53.515 0.0000000000
56200  -38.640  -15.938  52.286 0.0000000000
57193  -40.276  -15.512  53.072 0.0000000000
57255  -44.681  -15.468  48.312 0.0000000000
58145  -39.507  -15.129  52.575 0.0000000000
58148  -42.014  -13.883  52.411 0.0000000000
58159  -39.560  -14.656  51.767 0.0000000000
59141  -42.343  -12.612  52.391 0.0000000000
59197  -46.255  -13.245  48.124 0.0000000000
60184  -41.347  -12.984  52.067 0.0000000000
60199  -42.218  -12.013  52.197 0.0000000000
60260  -47.919  -12.160  47.834 0.0000000000
62372  -47.954  -10.037  48.861 0.0000000000
63461  -47.493  -9.371  49.189 0.0000000000
63554  -55.899  -9.752  41.464 0.0000000000
65617  -49.743  -6.938  45.786 0.0000000000
65639  -52.223  -6.634  44.184 0.0000000000
66750  -50.937  -6.134  44.669 0.0000000000
66767  -54.005  -6.633  42.684 0.0000000000
66808  -56.065  -6.568  40.999 0.0000000000
67757  -49.442  -6.185  44.242 0.0000000000
67776  -51.309  -5.728  43.958 0.0000000000
140019  -38.968  -19.049  55.202 0.0000000000
140219  -35.212  -29.513  53.934 0.0000000000
143192  -36.567  -22.601  55.597 0.0000000000
147066  -49.155  -7.103  46.298 0.0000000000
147667  -58.900  -1.316  28.477 0.0000000000
149831  -34.896  -25.001  55.754 0.0000000000
149946  -48.455  -6.577  45.653 0.0000000000
150156  -47.668  -8.919  48.921 0.0000000000
150613  -52.453  -5.863  43.305 0.0000000000
