#!ascii label  , from subject sub-LJ002 vox2ras=TkReg
1527
101489  -56.557  30.927  23.772 0.0000000000
111568  -40.730  45.757  15.364 0.0000000000
106460  -41.513  38.788  20.816 0.0000000000
105814  -55.518  37.117  13.250 0.0000000000
110271  -46.391  43.636  6.263 0.0000000000
110238  -49.965  43.782  11.270 0.0000000000
105884  -51.578  37.611  5.852 0.0000000000
143777  -48.087  37.369  13.367 0.0000000000
97879  -44.345  27.123  24.510 0.0000000000
102180  -49.167  32.510  23.780 0.0000000000
140406  -37.967  52.278  19.576 0.0000000000
115186  -40.106  51.502  12.457 0.0000000000
114612  -47.323  50.903  9.293 0.0000000000
146945  -49.290  36.542  24.490 0.0000000000
110172  -44.419  44.364  16.989 0.0000000000
107216  -49.388  39.483  17.580 0.0000000000
104984  -54.494  35.888  19.887 0.0000000000
104288  -50.267  35.455  18.614 0.0000000000
103614  -44.318  33.686  18.428 0.0000000000
100750  -55.766  30.622  21.559 0.0000000000
110293  -48.686  43.567  3.272 0.0000000000
108079  -49.555  39.919  5.239 0.0000000000
107384  -47.788  39.113  3.373 0.0000000000
106601  -46.698  38.715  7.628 0.0000000000
100745  -47.275  30.096  21.884 0.0000000000
102183  -45.143  32.201  22.991 0.0000000000
113400  -36.211  48.242  18.483 0.0000000000
129453  -43.510  50.639  10.678 0.0000000000
104218  -46.571  35.595  26.968 0.0000000000
105725  -45.790  37.823  22.535 0.0000000000
113979  -43.296  49.773  18.325 0.0000000000
111571  -43.939  45.443  15.942 0.0000000000
107286  -53.034  39.675  11.575 0.0000000000
108728  -49.757  41.428  13.149 0.0000000000
107238  -52.808  39.421  15.865 0.0000000000
107196  -52.167  39.196  18.826 0.0000000000
105748  -54.793  37.072  16.991 0.0000000000
103622  -53.387  34.926  18.681 0.0000000000
142922  -53.373  36.283  15.459 0.0000000000
105022  -46.540  36.320  16.506 0.0000000000
110938  -43.364  43.997  10.485 0.0000000000
110206  -45.605  44.613  12.472 0.0000000000
108786  -47.573  41.075  8.561 0.0000000000
108051  -51.769  40.085  8.442 0.0000000000
105857  -53.304  37.538  9.140 0.0000000000
105813  -51.826  37.065  12.642 0.0000000000
105854  -49.809  37.980  9.367 0.0000000000
106557  -46.130  38.190  10.913 0.0000000000
97899  -49.178  26.470  21.935 0.0000000000
100013  -51.574  29.242  22.648 0.0000000000
101479  -53.073  31.138  26.014 0.0000000000
112230  -38.690  46.072  20.118 0.0000000000
113969  -39.936  49.791  19.643 0.0000000000
113989  -40.107  50.384  17.380 0.0000000000
112876  -39.532  47.627  12.525 0.0000000000
137813  -43.073  47.813  9.326 0.0000000000
112328  -46.616  47.095  7.109 0.0000000000
112355  -48.170  47.090  4.046 0.0000000000
114639  -47.307  50.606  6.129 0.0000000000
145147  -46.235  33.137  28.063 0.0000000000
102825  -50.391  33.590  28.457 0.0000000000
103555  -53.070  33.619  25.635 0.0000000000
108706  -40.990  41.673  18.079 0.0000000000
110196  -47.552  44.874  14.095 0.0000000000
107976  -45.439  40.680  15.162 0.0000000000
107190  -45.098  39.034  19.136 0.0000000000
106454  -48.730  38.785  21.563 0.0000000000
104974  -51.715  36.398  22.324 0.0000000000
103583  -55.327  33.896  22.354 0.0000000000
102191  -54.272  33.029  21.248 0.0000000000
147527  -51.534  33.341  20.478 0.0000000000
102208  -48.482  32.362  19.591 0.0000000000
105050  -50.024  36.786  15.496 0.0000000000
104285  -47.047  35.092  18.552 0.0000000000
101540  -45.921  31.508  18.559 0.0000000000
100002  -56.145  29.182  23.847 0.0000000000
100753  -57.563  29.748  21.956 0.0000000000
101507  -56.970  30.942  21.969 0.0000000000
109557  -47.641  42.666  2.510 0.0000000000
108102  -48.517  40.823  2.566 0.0000000000
132482  -46.877  40.110  3.045 0.0000000000
106657  -45.679  38.874  4.350 0.0000000000
106437  -43.522  38.042  21.737 0.0000000000
112866  -40.960  47.524  16.910 0.0000000000
106542  -54.674  38.033  12.037 0.0000000000
107272  -53.020  39.545  13.110 0.0000000000
106506  -54.610  38.345  14.734 0.0000000000
106487  -54.159  38.419  16.457 0.0000000000
105768  -55.174  37.232  15.376 0.0000000000
104338  -54.464  36.255  16.560 0.0000000000
105069  -54.596  36.495  13.905 0.0000000000
110260  -44.812  43.915  7.886 0.0000000000
109500  -45.477  42.325  9.532 0.0000000000
108790  -46.882  41.417  7.798 0.0000000000
107369  -51.048  38.660  4.727 0.0000000000
108063  -50.725  39.709  7.048 0.0000000000
107359  -52.517  38.221  6.500 0.0000000000
107334  -52.939  38.948  8.127 0.0000000000
105865  -52.517  37.540  7.755 0.0000000000
105855  -51.568  37.509  9.203 0.0000000000
105863  -50.440  37.636  7.612 0.0000000000
106586  -46.832  38.667  9.377 0.0000000000
101497  -48.196  31.457  22.436 0.0000000000
100011  -49.795  29.772  22.070 0.0000000000
100725  -50.995  30.980  23.113 0.0000000000
100727  -52.865  30.226  24.093 0.0000000000
101477  -51.158  32.020  24.767 0.0000000000
130673  -37.027  50.647  18.768 0.0000000000
113978  -38.209  49.538  19.054 0.0000000000
114548  -38.724  50.772  19.462 0.0000000000
136777  -40.588  51.465  19.504 0.0000000000
115116  -39.514  51.872  19.406 0.0000000000
115706  -38.252  52.080  14.078 0.0000000000
114587  -37.945  50.377  14.847 0.0000000000
140088  -39.291  49.889  12.666 0.0000000000
140612  -41.241  47.891  10.899 0.0000000000
114021  -41.307  49.408  11.280 0.0000000000
114611  -45.059  50.586  9.862 0.0000000000
114034  -45.075  49.238  8.754 0.0000000000
131453  -46.601  49.076  7.974 0.0000000000
149181  -48.322  47.055  5.574 0.0000000000
113472  -48.129  48.868  6.394 0.0000000000
113486  -48.013  48.694  5.116 0.0000000000
114618  -48.007  50.611  8.225 0.0000000000
102806  -42.188  32.818  30.480 0.0000000000
101435  -41.111  31.668  28.091 0.0000000000
102107  -43.265  32.043  30.219 0.0000000000
102847  -44.743  32.839  26.646 0.0000000000
146002  -45.176  33.129  30.562 0.0000000000
104920  -48.180  36.063  26.460 0.0000000000
104208  -48.699  35.404  28.345 0.0000000000
104221  -49.590  35.447  27.225 0.0000000000
103544  -51.873  33.719  27.276 0.0000000000
104239  -50.833  35.111  25.592 0.0000000000
137532  -44.090  44.411  19.423 0.0000000000
110147  -42.504  43.768  20.202 0.0000000000
110181  -42.385  43.058  16.521 0.0000000000
110225  -48.724  44.574  11.795 0.0000000000
111598  -47.347  45.921  13.927 0.0000000000
110207  -49.090  44.620  12.643 0.0000000000
107979  -49.589  39.933  15.109 0.0000000000
107983  -47.259  40.715  14.353 0.0000000000
107232  -46.946  39.682  16.192 0.0000000000
107223  -45.373  39.795  16.745 0.0000000000
107214  -47.461  39.371  17.710 0.0000000000
106475  -46.745  38.913  19.977 0.0000000000
107205  -49.108  39.492  19.063 0.0000000000
105740  -52.963  37.860  19.389 0.0000000000
105737  -51.867  37.955  20.511 0.0000000000
104976  -53.494  36.142  21.132 0.0000000000
104267  -53.105  35.165  22.891 0.0000000000
104276  -54.184  35.429  21.509 0.0000000000
102888  -54.962  33.951  21.327 0.0000000000
128627  -54.600  34.552  20.786 0.0000000000
104289  -52.645  35.287  18.224 0.0000000000
103596  -51.928  34.336  19.741 0.0000000000
131835  -50.854  34.351  19.733 0.0000000000
102197  -49.851  32.837  20.145 0.0000000000
103594  -49.002  34.354  19.496 0.0000000000
105824  -49.829  37.467  12.600 0.0000000000
105066  -50.724  36.907  14.793 0.0000000000
105790  -49.278  37.204  14.279 0.0000000000
143559  -45.436  35.657  17.229 0.0000000000
104994  -47.093  36.274  17.097 0.0000000000
103615  -45.766  34.460  18.499 0.0000000000
102901  -46.809  33.900  19.115 0.0000000000
102922  -44.788  32.745  18.671 0.0000000000
101539  -44.262  31.346  18.412 0.0000000000
98625  -54.077  26.775  22.607 0.0000000000
100758  -53.921  30.076  21.201 0.0000000000
109530  -47.500  42.982  5.202 0.0000000000
108804  -47.909  41.960  5.137 0.0000000000
136591  -49.062  41.197  3.751 0.0000000000
108096  -49.296  39.594  3.486 0.0000000000
105895  -49.258  37.878  4.634 0.0000000000
105871  -49.374  37.807  6.553 0.0000000000
106637  -47.571  38.402  5.859 0.0000000000
142405  -45.459  28.262  22.299 0.0000000000
132527  -44.778  29.355  22.470 0.0000000000
102178  -47.367  32.609  23.472 0.0000000000
115129  -35.674  51.408  18.277 0.0000000000
115191  -42.047  50.984  11.611 0.0000000000
115722  -45.849  52.593  11.743 0.0000000000
115727  -47.193  52.443  10.882 0.0000000000
103541  -45.383  34.839  27.851 0.0000000000
104946  -45.924  36.564  24.617 0.0000000000
105689  -47.495  37.104  24.270 0.0000000000
111564  -44.551  44.896  17.203 0.0000000000
108751  -51.606  41.996  11.309 0.0000000000
109462  -50.364  43.253  12.268 0.0000000000
108730  -51.332  41.368  12.585 0.0000000000
107986  -51.262  40.049  14.661 0.0000000000
107236  -50.939  39.659  16.077 0.0000000000
150330  -50.833  39.558  18.296 0.0000000000
107219  -52.789  39.330  17.397 0.0000000000
106481  -53.657  38.324  17.968 0.0000000000
105742  -54.442  36.770  18.593 0.0000000000
104280  -54.457  35.377  19.077 0.0000000000
104315  -54.659  35.956  17.704 0.0000000000
104313  -53.146  35.646  17.452 0.0000000000
104999  -51.496  36.198  16.903 0.0000000000
105064  -47.527  37.034  14.403 0.0000000000
107950  -39.564  40.909  20.917 0.0000000000
110905  -41.522  44.938  12.148 0.0000000000
110898  -42.678  44.747  13.291 0.0000000000
110205  -43.988  43.825  11.820 0.0000000000
109490  -46.979  42.478  10.744 0.0000000000
108763  -49.355  42.302  10.389 0.0000000000
108061  -48.592  40.515  7.456 0.0000000000
108787  -50.103  40.835  8.966 0.0000000000
108777  -50.781  41.280  9.603 0.0000000000
133495  -52.526  40.038  9.746 0.0000000000
107301  -53.715  38.589  10.363 0.0000000000
105091  -54.452  36.898  11.282 0.0000000000
135207  -53.975  36.541  12.287 0.0000000000
105839  -53.119  36.907  10.995 0.0000000000
105837  -51.058  37.427  11.236 0.0000000000
105835  -48.729  37.780  11.343 0.0000000000
106603  -48.687  38.309  8.242 0.0000000000
106574  -48.167  38.336  9.996 0.0000000000
99351  -48.594  28.434  21.624 0.0000000000
98633  -50.429  27.691  22.102 0.0000000000
98623  -52.205  27.276  22.569 0.0000000000
99330  -53.429  28.578  23.261 0.0000000000
145490  -54.619  29.597  24.592 0.0000000000
100701  -54.957  30.734  25.769 0.0000000000
112824  -40.836  47.329  20.434 0.0000000000
112837  -39.797  47.799  19.684 0.0000000000
113381  -41.959  49.637  20.409 0.0000000000
115106  -42.277  51.348  20.081 0.0000000000
113991  -41.744  49.668  17.634 0.0000000000
112864  -39.558  47.920  16.247 0.0000000000
115668  -38.675  52.882  18.660 0.0000000000
115157  -38.830  51.355  17.171 0.0000000000
113427  -38.524  48.644  15.483 0.0000000000
145104  -39.574  46.206  13.497 0.0000000000
112281  -40.853  46.287  11.513 0.0000000000
111654  -43.370  45.387  9.238 0.0000000000
111669  -44.472  45.709  8.094 0.0000000000
114028  -43.537  49.347  9.672 0.0000000000
112899  -45.227  47.087  7.686 0.0000000000
111695  -46.459  45.755  6.573 0.0000000000
111706  -48.119  45.433  5.089 0.0000000000
111021  -48.398  45.321  3.513 0.0000000000
111714  -46.595  45.942  3.780 0.0000000000
113502  -46.665  48.058  4.597 0.0000000000
115206  -48.076  51.753  8.981 0.0000000000
102868  -46.330  33.201  25.157 0.0000000000
102851  -48.508  33.290  26.203 0.0000000000
103527  -46.590  34.627  29.595 0.0000000000
102823  -48.425  33.598  28.650 0.0000000000
102148  -50.023  32.809  26.279 0.0000000000
102150  -52.060  32.182  27.365 0.0000000000
102133  -53.491  32.251  27.150 0.0000000000
102170  -54.795  31.747  25.715 0.0000000000
107959  -40.940  40.343  19.122 0.0000000000
126010  -44.358  45.531  14.363 0.0000000000
111573  -45.486  45.397  15.183 0.0000000000
110187  -44.957  44.194  15.626 0.0000000000
109451  -48.638  42.834  12.887 0.0000000000
109448  -45.982  42.439  13.818 0.0000000000
109443  -43.511  42.523  15.431 0.0000000000
108712  -42.960  41.264  16.042 0.0000000000
107209  -42.813  40.039  17.906 0.0000000000
107180  -43.163  39.000  19.570 0.0000000000
129988  -45.184  38.530  20.738 0.0000000000
106440  -47.141  38.322  22.193 0.0000000000
105711  -49.139  37.468  23.112 0.0000000000
106468  -50.675  38.817  20.638 0.0000000000
106443  -50.076  37.906  21.950 0.0000000000
104967  -50.325  36.514  23.329 0.0000000000
104254  -51.943  34.994  24.270 0.0000000000
103567  -54.129  33.925  23.880 0.0000000000
130394  -55.771  32.402  23.765 0.0000000000
102187  -55.935  32.504  22.194 0.0000000000
101504  -54.420  31.891  21.548 0.0000000000
101503  -53.378  32.148  21.327 0.0000000000
103590  -53.746  34.318  19.987 0.0000000000
102198  -52.252  33.186  20.692 0.0000000000
101510  -51.597  31.516  20.653 0.0000000000
101524  -50.230  31.081  19.899 0.0000000000
101522  -48.728  31.482  19.409 0.0000000000
125411  -52.571  36.694  14.123 0.0000000000
105051  -51.195  36.622  15.547 0.0000000000
104997  -49.838  36.368  17.139 0.0000000000
126199  -47.749  36.645  15.913 0.0000000000
104996  -48.469  36.416  17.084 0.0000000000
104287  -49.304  35.597  18.524 0.0000000000
103593  -48.087  34.371  19.299 0.0000000000
102226  -47.068  32.033  19.119 0.0000000000
99993  -56.356  29.649  23.982 0.0000000000
100003  -56.953  29.345  23.297 0.0000000000
100730  -57.421  29.945  22.785 0.0000000000
100742  -57.337  30.477  22.307 0.0000000000
136111  -57.222  30.601  23.038 0.0000000000
109547  -46.845  42.544  2.842 0.0000000000
136594  -46.979  40.931  2.789 0.0000000000
134903  -46.025  40.543  3.312 0.0000000000
106436  -42.608  37.927  21.847 0.0000000000
106449  -42.822  38.355  21.221 0.0000000000
112265  -40.341  46.378  15.949 0.0000000000
140224  -41.628  46.256  16.814 0.0000000000
111569  -41.704  45.578  15.485 0.0000000000
106543  -55.277  37.539  12.832 0.0000000000
128928  -54.623  38.342  12.868 0.0000000000
106527  -55.376  37.510  13.586 0.0000000000
106507  -55.218  37.735  14.255 0.0000000000
105793  -55.424  37.301  13.869 0.0000000000
129459  -55.072  36.647  14.451 0.0000000000
139422  -55.204  36.740  13.589 0.0000000000
110261  -45.372  43.460  7.462 0.0000000000
109513  -45.631  42.616  7.793 0.0000000000
109520  -46.463  42.666  6.488 0.0000000000
105897  -51.073  37.704  5.024 0.0000000000
107370  -51.715  38.261  5.223 0.0000000000
105885  -52.163  37.783  5.975 0.0000000000
105886  -52.514  37.848  6.475 0.0000000000
105874  -52.137  37.519  6.697 0.0000000000
105864  -51.548  37.440  7.563 0.0000000000
105873  -51.107  37.460  6.697 0.0000000000
136193  -45.214  27.133  22.635 0.0000000000
101484  -48.691  32.038  22.977 0.0000000000
101499  -50.055  31.219  22.760 0.0000000000
101486  -50.603  31.687  23.608 0.0000000000
101487  -51.572  31.356  24.112 0.0000000000
102181  -50.142  32.346  24.226 0.0000000000
114534  -37.945  51.302  19.328 0.0000000000
113977  -37.838  50.330  19.031 0.0000000000
114535  -38.698  51.934  19.653 0.0000000000
115115  -38.939  52.298  19.509 0.0000000000
115707  -38.976  52.137  13.363 0.0000000000
116201  -38.326  52.777  14.672 0.0000000000
115183  -39.267  51.413  12.863 0.0000000000
114592  -38.840  50.592  13.005 0.0000000000
114595  -39.799  50.690  12.430 0.0000000000
135291  -40.095  49.852  12.148 0.0000000000
114596  -40.640  50.482  11.922 0.0000000000
131637  -46.237  50.740  9.550 0.0000000000
113449  -46.094  49.535  8.541 0.0000000000
114035  -47.099  49.797  8.320 0.0000000000
113457  -47.937  48.925  7.166 0.0000000000
114036  -47.800  49.995  8.056 0.0000000000
113458  -48.066  49.583  7.036 0.0000000000
114617  -47.568  50.448  8.638 0.0000000000
103523  -41.951  33.788  28.530 0.0000000000
103509  -42.539  33.367  30.072 0.0000000000
102794  -42.734  32.458  30.628 0.0000000000
102795  -43.529  32.617  30.898 0.0000000000
102098  -44.667  32.597  30.455 0.0000000000
104931  -48.560  36.328  25.603 0.0000000000
104236  -49.036  35.930  26.413 0.0000000000
104237  -49.679  35.647  26.318 0.0000000000
104222  -50.458  34.951  26.868 0.0000000000
104238  -50.079  35.648  25.656 0.0000000000
110859  -44.746  44.902  18.459 0.0000000000
110858  -44.263  44.500  18.188 0.0000000000
133320  -43.450  43.990  18.027 0.0000000000
110182  -43.580  43.670  16.580 0.0000000000
110237  -49.421  43.984  11.430 0.0000000000
110930  -48.867  45.205  12.200 0.0000000000
110226  -49.915  44.170  11.840 0.0000000000
107227  -49.646  39.526  16.764 0.0000000000
107234  -48.918  39.697  15.721 0.0000000000
107226  -48.630  39.498  16.748 0.0000000000
107225  -47.679  39.472  16.877 0.0000000000
107215  -48.430  39.430  17.660 0.0000000000
125424  -48.161  39.354  18.575 0.0000000000
125139  -49.236  39.489  18.359 0.0000000000
105739  -53.426  37.091  19.774 0.0000000000
104982  -53.077  36.846  20.534 0.0000000000
104983  -53.888  36.374  20.248 0.0000000000
104980  -54.291  35.694  20.686 0.0000000000
150367  -54.667  34.876  20.895 0.0000000000
104278  -54.572  35.200  20.371 0.0000000000
141037  -51.389  35.274  18.590 0.0000000000
140892  -51.369  34.743  19.279 0.0000000000
103620  -50.542  34.893  19.223 0.0000000000
103595  -49.932  34.379  19.652 0.0000000000
103619  -49.599  35.023  19.171 0.0000000000
105823  -48.760  37.485  12.876 0.0000000000
105811  -49.547  37.355  13.500 0.0000000000
134612  -48.630  37.315  13.766 0.0000000000
103641  -44.905  34.465  18.247 0.0000000000
104309  -45.507  35.119  18.006 0.0000000000
125142  -45.269  33.689  18.649 0.0000000000
99345  -54.576  27.736  22.949 0.0000000000
100022  -55.054  29.946  21.254 0.0000000000
110292  -48.626  43.541  3.775 0.0000000000
109538  -48.321  42.864  4.321 0.0000000000
109539  -48.798  42.760  3.424 0.0000000000
108094  -48.236  39.930  2.830 0.0000000000
108095  -48.873  40.244  2.954 0.0000000000
106664  -48.666  38.777  3.557 0.0000000000
106661  -49.963  38.409  3.955 0.0000000000
126520  -48.431  38.203  4.455 0.0000000000
106650  -48.492  38.088  5.260 0.0000000000
124714  -47.606  38.476  4.398 0.0000000000
106647  -45.786  38.627  5.081 0.0000000000
99329  -43.880  28.543  23.188 0.0000000000
102185  -46.905  32.139  22.817 0.0000000000
102177  -46.464  32.583  23.439 0.0000000000
114546  -35.191  50.577  18.080 0.0000000000
115721  -44.829  52.341  11.790 0.0000000000
116228  -45.737  53.623  12.660 0.0000000000
128612  -45.140  53.652  12.893 0.0000000000
105706  -44.890  37.175  23.274 0.0000000000
104964  -45.324  36.886  23.849 0.0000000000
105707  -45.778  37.376  23.292 0.0000000000
104947  -46.767  36.900  24.467 0.0000000000
105708  -46.744  37.307  23.754 0.0000000000
147045  -43.735  50.873  19.132 0.0000000000
111563  -44.276  45.239  16.799 0.0000000000
108752  -52.114  41.241  11.001 0.0000000000
108741  -51.497  41.830  11.915 0.0000000000
108009  -51.958  40.883  12.294 0.0000000000
107247  -52.851  39.458  14.640 0.0000000000
107987  -51.898  39.959  14.203 0.0000000000
107246  -51.999  39.731  15.155 0.0000000000
107245  -51.312  39.785  15.421 0.0000000000
107237  -51.819  39.641  16.063 0.0000000000
107230  -52.328  39.502  16.817 0.0000000000
144771  -53.060  39.295  16.701 0.0000000000
106485  -54.543  37.755  16.701 0.0000000000
106484  -53.936  38.411  17.229 0.0000000000
105747  -54.356  37.701  17.493 0.0000000000
105744  -54.096  37.561  18.260 0.0000000000
105745  -54.678  36.974  17.810 0.0000000000
104989  -54.694  36.287  18.120 0.0000000000
105001  -54.761  36.468  17.344 0.0000000000
124681  -54.050  36.178  15.880 0.0000000000
104337  -53.665  35.932  16.698 0.0000000000
104336  -52.515  36.030  16.847 0.0000000000
110937  -42.803  44.306  10.935 0.0000000000
110926  -43.062  44.138  11.913 0.0000000000
110233  -43.973  43.444  11.031 0.0000000000
108785  -46.798  41.463  8.814 0.0000000000
130326  -46.282  42.130  10.129 0.0000000000
108761  -47.282  42.019  10.197 0.0000000000
109491  -47.859  42.684  10.824 0.0000000000
108775  -48.772  41.518  9.733 0.0000000000
133479  -48.820  40.497  5.239 0.0000000000
108060  -47.949  40.805  6.772 0.0000000000
108071  -48.874  40.308  6.276 0.0000000000
108064  -51.681  39.543  7.405 0.0000000000
108050  -50.294  40.283  8.069 0.0000000000
137586  -51.116  40.077  7.968 0.0000000000
108036  -51.450  40.781  9.417 0.0000000000
108025  -51.863  40.927  10.040 0.0000000000
108037  -52.146  40.221  9.184 0.0000000000
105867  -53.371  37.813  8.663 0.0000000000
107335  -53.411  38.453  8.797 0.0000000000
106589  -53.779  38.013  9.312 0.0000000000
106575  -54.019  37.689  10.202 0.0000000000
105851  -54.014  37.254  10.568 0.0000000000
105090  -53.890  37.005  10.671 0.0000000000
137470  -53.097  37.170  10.219 0.0000000000
126602  -50.618  37.697  9.542 0.0000000000
105848  -51.123  37.518  10.232 0.0000000000
132804  -50.314  37.584  10.940 0.0000000000
105836  -49.534  37.703  11.178 0.0000000000
106619  -47.686  38.467  6.937 0.0000000000
106620  -48.581  38.234  7.243 0.0000000000
106602  -47.764  38.539  7.954 0.0000000000
106572  -46.470  38.528  10.187 0.0000000000
106573  -47.292  38.440  10.034 0.0000000000
99340  -46.107  28.666  21.962 0.0000000000
99349  -46.905  28.115  21.662 0.0000000000
99350  -47.707  28.751  21.613 0.0000000000
100012  -50.662  29.525  22.379 0.0000000000
100021  -50.086  28.820  22.033 0.0000000000
99341  -50.979  28.555  22.289 0.0000000000
127919  -51.352  27.583  22.358 0.0000000000
99342  -51.881  28.263  22.538 0.0000000000
99343  -52.795  27.916  22.775 0.0000000000
100014  -52.514  28.900  22.940 0.0000000000
100717  -52.534  30.937  24.679 0.0000000000
100728  -53.856  29.840  24.543 0.0000000000
100718  -53.541  30.526  25.228 0.0000000000
100719  -54.568  30.277  25.467 0.0000000000
100699  -53.915  30.878  26.332 0.0000000000
111540  -38.342  45.560  20.796 0.0000000000
111529  -38.797  45.415  21.495 0.0000000000
111541  -39.177  45.700  20.848 0.0000000000
112231  -40.444  46.466  20.823 0.0000000000
112823  -40.095  47.044  20.127 0.0000000000
112847  -35.104  47.399  18.560 0.0000000000
112849  -36.627  47.613  18.672 0.0000000000
113968  -39.074  49.664  19.398 0.0000000000
113389  -38.608  48.625  19.151 0.0000000000
113390  -39.468  48.703  19.455 0.0000000000
113391  -40.408  48.789  19.789 0.0000000000
113970  -40.786  50.075  19.934 0.0000000000
114516  -41.919  51.041  20.194 0.0000000000
114537  -41.109  51.028  19.982 0.0000000000
114558  -40.742  51.038  18.223 0.0000000000
114559  -41.622  50.654  18.148 0.0000000000
113990  -40.981  50.058  17.522 0.0000000000
113424  -40.431  48.319  16.815 0.0000000000
113423  -39.621  48.828  16.505 0.0000000000
115145  -38.829  52.119  17.841 0.0000000000
115156  -38.327  51.925  16.577 0.0000000000
113433  -38.594  48.530  13.473 0.0000000000
113430  -38.160  48.864  14.870 0.0000000000
112873  -38.404  47.996  13.998 0.0000000000
112871  -38.690  47.324  14.344 0.0000000000
112273  -39.438  46.811  13.001 0.0000000000
148702  -40.340  46.328  12.023 0.0000000000
138586  -39.920  46.899  12.250 0.0000000000
112883  -42.286  47.771  9.895 0.0000000000
140756  -42.198  46.955  9.974 0.0000000000
112886  -42.736  47.022  9.505 0.0000000000
111668  -43.904  45.573  8.610 0.0000000000
140275  -44.093  46.364  8.430 0.0000000000
114602  -42.791  50.842  11.265 0.0000000000
114605  -42.601  50.124  10.748 0.0000000000
114026  -43.257  49.951  10.247 0.0000000000
113448  -45.634  48.729  8.203 0.0000000000
113447  -44.701  48.354  8.457 0.0000000000
112327  -45.847  46.778  7.337 0.0000000000
131192  -45.736  46.095  7.178 0.0000000000
144011  -46.334  46.462  6.974 0.0000000000
111696  -47.103  45.114  5.870 0.0000000000
111697  -47.507  46.038  5.885 0.0000000000
112356  -48.415  46.438  4.157 0.0000000000
111707  -48.500  45.990  4.564 0.0000000000
111722  -48.379  45.908  3.710 0.0000000000
111020  -48.164  45.048  3.122 0.0000000000
111720  -47.573  45.686  3.372 0.0000000000
112944  -47.833  46.912  3.801 0.0000000000
114075  -47.597  49.835  5.820 0.0000000000
113503  -47.402  48.181  4.513 0.0000000000
114074  -47.182  49.432  5.336 0.0000000000
135599  -46.766  48.800  4.971 0.0000000000
114659  -46.887  50.160  5.685 0.0000000000
141911  -47.890  52.069  9.555 0.0000000000
102145  -42.653  32.519  25.521 0.0000000000
102830  -45.448  32.885  28.018 0.0000000000
102848  -45.971  33.165  26.631 0.0000000000
102849  -46.889  33.294  26.197 0.0000000000
102850  -47.714  33.355  26.688 0.0000000000
104217  -45.837  35.269  27.048 0.0000000000
103526  -45.787  34.595  29.317 0.0000000000
104205  -46.384  35.182  28.291 0.0000000000
103528  -49.660  34.533  28.660 0.0000000000
103514  -48.367  34.231  29.358 0.0000000000
102824  -49.575  33.690  28.526 0.0000000000
127475  -49.316  33.425  28.036 0.0000000000
102129  -50.247  33.241  28.043 0.0000000000
102149  -51.053  32.517  26.995 0.0000000000
102120  -51.440  32.920  28.191 0.0000000000
103554  -52.298  33.847  26.294 0.0000000000
102836  -52.572  33.058  27.483 0.0000000000
102853  -52.995  33.203  26.709 0.0000000000
102151  -54.089  31.877  26.645 0.0000000000
102855  -54.346  32.532  25.515 0.0000000000
109432  -41.069  42.684  18.369 0.0000000000
108697  -40.223  41.546  19.622 0.0000000000
110908  -45.084  45.017  12.946 0.0000000000
146738  -43.597  45.068  13.632 0.0000000000
111608  -45.616  45.679  13.613 0.0000000000
110892  -47.313  45.606  14.263 0.0000000000
111584  -46.905  45.960  14.263 0.0000000000
110891  -46.705  45.527  14.620 0.0000000000
110188  -45.659  44.637  15.263 0.0000000000
110191  -46.282  44.597  14.728 0.0000000000
108739  -50.296  42.252  12.577 0.0000000000
108738  -49.598  42.582  12.700 0.0000000000
108727  -48.917  41.863  13.078 0.0000000000
107982  -46.265  40.692  14.742 0.0000000000
108720  -46.443  41.510  13.982 0.0000000000
108719  -45.495  41.588  14.391 0.0000000000
108718  -44.738  42.338  14.550 0.0000000000
108716  -44.695  41.348  14.937 0.0000000000
108714  -43.450  41.628  15.536 0.0000000000
143583  -44.107  41.152  15.450 0.0000000000
107212  -45.184  39.550  17.606 0.0000000000
107211  -44.198  39.847  17.440 0.0000000000
107201  -44.459  39.403  18.331 0.0000000000
128150  -43.174  39.374  18.879 0.0000000000
107189  -44.029  39.100  19.180 0.0000000000
106463  -44.193  38.564  20.555 0.0000000000
106474  -45.696  38.746  19.901 0.0000000000
106466  -48.198  39.069  20.897 0.0000000000
106465  -47.228  38.853  20.798 0.0000000000
106453  -47.711  38.710  21.558 0.0000000000
106441  -48.167  38.438  22.219 0.0000000000
106442  -48.896  38.410  22.164 0.0000000000
107195  -51.417  39.364  19.141 0.0000000000
107194  -50.830  39.463  19.299 0.0000000000
106476  -51.828  38.973  19.498 0.0000000000
104978  -52.014  36.877  21.505 0.0000000000
105734  -51.518  37.540  21.170 0.0000000000
105731  -51.210  37.129  21.841 0.0000000000
104973  -50.785  36.786  22.545 0.0000000000
104968  -51.106  36.140  23.116 0.0000000000
104265  -51.472  35.578  23.689 0.0000000000
104270  -51.783  35.822  22.990 0.0000000000
103581  -54.101  34.958  22.413 0.0000000000
103578  -53.631  34.572  23.389 0.0000000000
103580  -54.981  33.789  23.228 0.0000000000
149031  -55.262  33.045  23.781 0.0000000000
102883  -55.613  33.253  22.969 0.0000000000
129596  -56.013  32.601  22.748 0.0000000000
102885  -55.602  33.259  22.244 0.0000000000
147738  -54.902  33.415  21.396 0.0000000000
102192  -55.107  32.633  21.622 0.0000000000
104290  -54.156  35.280  18.542 0.0000000000
103598  -54.008  34.819  19.203 0.0000000000
102892  -52.114  33.804  20.294 0.0000000000
128223  -52.352  32.327  20.980 0.0000000000
139457  -51.358  32.521  20.615 0.0000000000
101509  -50.733  31.665  20.339 0.0000000000
148361  -50.507  32.402  20.350 0.0000000000
131025  -49.051  32.867  19.848 0.0000000000
102209  -49.241  32.105  19.802 0.0000000000
101543  -48.236  30.897  18.964 0.0000000000
101521  -47.905  31.718  19.252 0.0000000000
144358  -52.898  36.735  12.708 0.0000000000
131448  -53.575  36.573  13.350 0.0000000000
105080  -52.231  36.870  13.383 0.0000000000
105026  -50.650  36.471  16.431 0.0000000000
105025  -49.549  36.586  16.329 0.0000000000
105047  -46.821  36.562  15.643 0.0000000000
105023  -47.213  36.476  16.377 0.0000000000
104310  -46.880  35.740  17.869 0.0000000000
142967  -47.869  36.146  17.654 0.0000000000
146128  -47.578  35.584  18.289 0.0000000000
142222  -48.987  36.164  17.703 0.0000000000
104286  -48.354  35.638  18.397 0.0000000000
103618  -48.667  35.071  19.054 0.0000000000
103617  -47.280  34.446  19.028 0.0000000000
102225  -46.270  32.219  18.908 0.0000000000
102206  -46.728  33.039  19.168 0.0000000000
150565  -46.622  31.567  18.758 0.0000000000
140631  -55.697  28.634  23.570 0.0000000000
99334  -57.131  28.843  22.722 0.0000000000
100033  -57.499  29.075  20.551 0.0000000000
110319  -48.562  42.662  2.633 0.0000000000
109559  -48.702  41.822  2.627 0.0000000000
108830  -48.089  41.393  2.382 0.0000000000
108101  -47.710  40.547  2.635 0.0000000000
107383  -46.822  39.458  3.439 0.0000000000
107376  -46.687  38.982  3.847 0.0000000000
107375  -45.751  39.248  3.907 0.0000000000
105723  -43.343  37.586  22.302 0.0000000000
131359  -44.210  37.767  22.224 0.0000000000
113417  -42.471  49.325  17.870 0.0000000000
147850  -42.105  47.524  17.623 0.0000000000
111570  -42.765  45.544  15.698 0.0000000000
107287  -53.872  38.721  11.358 0.0000000000
137266  -52.647  39.967  12.312 0.0000000000
107273  -53.684  39.005  12.378 0.0000000000
107262  -53.897  38.876  13.386 0.0000000000
107239  -53.722  38.928  15.259 0.0000000000
107231  -53.645  38.942  16.194 0.0000000000
106492  -54.366  38.393  15.626 0.0000000000
106488  -54.744  37.774  15.893 0.0000000000
105752  -54.964  37.158  16.172 0.0000000000
105029  -54.881  36.578  16.475 0.0000000000
139563  -55.140  36.822  15.686 0.0000000000
105054  -54.844  36.545  15.551 0.0000000000
105053  -54.226  36.356  14.920 0.0000000000
110947  -43.970  43.948  9.103 0.0000000000
110245  -44.403  43.202  9.498 0.0000000000
109505  -44.897  42.778  9.030 0.0000000000
109507  -46.136  41.891  8.264 0.0000000000
107356  -50.580  39.341  5.064 0.0000000000
108072  -50.001  39.732  6.162 0.0000000000
108073  -50.946  39.368  5.966 0.0000000000
107346  -51.628  39.176  6.369 0.0000000000
107347  -52.256  38.897  6.816 0.0000000000
108052  -52.425  39.637  8.494 0.0000000000
107348  -52.723  38.530  7.314 0.0000000000
105866  -52.918  37.821  7.789 0.0000000000
125761  -53.026  37.611  8.389 0.0000000000
146160  -52.949  37.337  9.610 0.0000000000
125864  -51.864  37.464  8.354 0.0000000000
125368  -50.774  37.641  8.587 0.0000000000
135136  -47.078  38.654  8.570 0.0000000000
147455  -47.481  26.523  21.759 0.0000000000
100737  -47.699  30.810  22.064 0.0000000000
100746  -48.087  30.103  21.828 0.0000000000
100739  -49.479  30.612  22.239 0.0000000000
100740  -50.380  30.419  22.514 0.0000000000
100741  -51.293  30.159  22.833 0.0000000000
99998  -52.209  29.812  23.230 0.0000000000
100726  -51.898  30.614  23.603 0.0000000000
101478  -52.131  31.564  25.393 0.0000000000
111546  -37.059  45.736  19.912 0.0000000000
137923  -36.327  49.707  18.474 0.0000000000
113401  -36.963  48.393  18.612 0.0000000000
140911  -37.242  49.429  18.694 0.0000000000
132974  -39.527  50.627  19.640 0.0000000000
115117  -41.159  51.335  19.726 0.0000000000
125331  -40.402  51.368  19.633 0.0000000000
115132  -40.290  51.683  18.966 0.0000000000
115146  -39.697  51.434  17.968 0.0000000000
135409  -38.165  52.795  15.487 0.0000000000
115168  -38.033  51.293  15.465 0.0000000000
115177  -37.979  51.228  14.437 0.0000000000
140465  -38.653  49.869  13.206 0.0000000000
114016  -38.877  49.193  12.970 0.0000000000
112877  -40.108  47.662  11.893 0.0000000000
114019  -40.424  49.066  11.785 0.0000000000
113440  -41.542  48.675  10.791 0.0000000000
113441  -42.170  48.660  10.273 0.0000000000
114606  -44.334  50.789  10.387 0.0000000000
114610  -44.008  50.190  10.015 0.0000000000
114030  -45.595  50.023  9.165 0.0000000000
112901  -46.871  47.836  7.298 0.0000000000
112338  -47.928  46.861  6.042 0.0000000000
112902  -47.625  48.217  7.082 0.0000000000
131537  -48.280  48.139  6.056 0.0000000000
113505  -48.227  48.052  4.857 0.0000000000
144260  -48.122  47.678  4.375 0.0000000000
114076  -48.006  49.150  5.751 0.0000000000
114056  -48.005  49.675  6.406 0.0000000000
114629  -48.026  50.796  7.551 0.0000000000
103522  -41.231  34.059  28.404 0.0000000000
102821  -41.400  33.436  29.613 0.0000000000
102095  -41.172  32.191  30.035 0.0000000000
102105  -41.395  31.793  29.845 0.0000000000
102128  -43.787  32.488  27.261 0.0000000000
102117  -43.560  32.084  28.804 0.0000000000
102118  -45.277  32.633  29.139 0.0000000000
102822  -45.940  32.966  29.258 0.0000000000
104219  -47.392  35.858  26.785 0.0000000000
126869  -47.277  35.531  27.882 0.0000000000
128162  -48.081  35.744  27.599 0.0000000000
104209  -49.378  35.224  28.166 0.0000000000
104210  -50.100  34.808  28.028 0.0000000000
103530  -51.057  33.819  28.237 0.0000000000
103553  -51.404  34.403  26.504 0.0000000000
103564  -51.663  34.670  25.335 0.0000000000
110153  -43.345  44.124  19.750 0.0000000000
110158  -41.728  43.254  17.838 0.0000000000
109438  -41.367  42.462  17.499 0.0000000000
110928  -47.254  44.781  12.122 0.0000000000
110909  -46.685  45.199  12.626 0.0000000000
110910  -47.704  45.482  12.778 0.0000000000
111600  -48.420  45.365  13.217 0.0000000000
110197  -48.153  44.628  13.516 0.0000000000
107985  -49.774  40.421  14.183 0.0000000000
107997  -48.727  40.977  13.730 0.0000000000
107984  -48.827  40.228  14.660 0.0000000000
107977  -47.066  40.058  15.285 0.0000000000
107972  -46.194  40.111  15.622 0.0000000000
107971  -45.435  40.146  15.969 0.0000000000
107224  -46.123  39.738  16.463 0.0000000000
107213  -46.034  39.495  17.259 0.0000000000
107203  -46.095  39.278  18.068 0.0000000000
107191  -46.214  39.003  19.018 0.0000000000
107192  -47.379  39.136  19.274 0.0000000000
125404  -48.417  39.341  19.531 0.0000000000
107182  -48.596  39.272  20.273 0.0000000000
106477  -52.565  38.618  19.091 0.0000000000
106470  -52.229  38.334  19.817 0.0000000000
105738  -52.641  37.576  20.142 0.0000000000
105735  -52.298  37.254  20.828 0.0000000000
104975  -52.659  36.271  21.783 0.0000000000
104271  -52.487  35.772  22.542 0.0000000000
104272  -53.386  35.647  22.036 0.0000000000
104273  -54.700  34.832  21.750 0.0000000000
103587  -55.260  33.910  21.772 0.0000000000
103586  -54.808  34.498  21.355 0.0000000000
102895  -54.549  33.896  20.980 0.0000000000
103597  -53.060  34.513  19.400 0.0000000000
103621  -52.297  34.819  18.976 0.0000000000
102905  -51.234  33.836  20.187 0.0000000000
137280  -50.781  33.156  20.374 0.0000000000
102891  -50.319  33.753  20.090 0.0000000000
102904  -49.406  33.628  19.855 0.0000000000
102903  -48.426  33.423  19.609 0.0000000000
105812  -50.695  37.298  13.230 0.0000000000
148288  -51.485  37.114  13.352 0.0000000000
147908  -49.872  37.063  14.722 0.0000000000
105065  -49.168  36.994  15.022 0.0000000000
149482  -45.888  36.104  16.675 0.0000000000
147433  -46.077  35.552  17.745 0.0000000000
104284  -46.294  35.108  18.271 0.0000000000
102923  -46.132  33.758  18.905 0.0000000000
124941  -45.768  32.949  18.923 0.0000000000
102224  -45.537  32.221  18.742 0.0000000000
129404  -44.975  31.650  18.531 0.0000000000
127974  -44.108  32.023  18.570 0.0000000000
97894  -53.944  26.013  22.192 0.0000000000
110279  -47.165  43.730  5.508 0.0000000000
109521  -47.067  42.312  5.898 0.0000000000
108805  -48.618  41.151  4.682 0.0000000000
108078  -49.299  40.358  4.305 0.0000000000
108823  -48.967  41.063  2.815 0.0000000000
108086  -49.249  40.560  3.340 0.0000000000
108087  -49.659  39.659  3.874 0.0000000000
107368  -50.327  39.096  4.261 0.0000000000
105906  -50.514  38.130  4.254 0.0000000000
105896  -50.146  37.638  4.861 0.0000000000
105883  -50.410  37.535  5.870 0.0000000000
105882  -49.338  37.745  5.546 0.0000000000
106638  -48.515  38.158  6.232 0.0000000000
129075  -46.919  38.585  6.645 0.0000000000
106648  -46.975  38.497  5.067 0.0000000000
106636  -46.467  38.596  5.935 0.0000000000
98619  -44.987  27.851  22.689 0.0000000000
98612  -44.395  28.113  23.156 0.0000000000
99339  -45.402  29.030  22.276 0.0000000000
100010  -46.036  29.527  22.073 0.0000000000
100008  -44.088  29.172  22.731 0.0000000000
100009  -45.276  29.846  22.285 0.0000000000
100744  -46.579  30.016  21.989 0.0000000000
101496  -47.314  31.514  22.410 0.0000000000
102186  -47.789  32.107  22.865 0.0000000000
102179  -48.255  32.561  23.539 0.0000000000
131347  -34.888  48.886  18.203 0.0000000000
113976  -35.463  49.750  18.249 0.0000000000
114547  -36.000  50.609  18.437 0.0000000000
115130  -36.512  51.555  18.751 0.0000000000
114597  -41.219  51.035  11.841 0.0000000000
115720  -43.819  52.047  11.768 0.0000000000
115194  -44.477  51.688  11.270 0.0000000000
115195  -45.473  51.949  11.238 0.0000000000
115199  -46.125  51.658  10.636 0.0000000000
115204  -46.915  51.420  10.023 0.0000000000
115726  -46.456  52.209  11.169 0.0000000000
115723  -46.784  52.849  11.528 0.0000000000
104251  -45.386  36.033  25.089 0.0000000000
104929  -46.143  36.154  25.392 0.0000000000
104930  -46.900  36.463  25.256 0.0000000000
104948  -47.436  36.739  24.856 0.0000000000
143768  -48.680  36.824  24.448 0.0000000000
111558  -44.572  45.030  18.100 0.0000000000
135484  -44.659  44.743  16.815 0.0000000000
109479  -51.234  42.630  11.085 0.0000000000
110209  -50.450  43.645  11.877 0.0000000000
109464  -51.205  42.644  11.674 0.0000000000
108740  -50.975  42.372  12.234 0.0000000000
108729  -50.667  41.505  12.840 0.0000000000
148305  -52.340  40.170  12.931 0.0000000000
135287  -51.187  40.422  13.836 0.0000000000
149162  -50.643  40.315  14.254 0.0000000000
107980  -50.511  39.928  15.074 0.0000000000
107235  -50.030  39.661  15.952 0.0000000000
107228  -50.595  39.577  16.874 0.0000000000
107206  -50.030  39.512  18.184 0.0000000000
127554  -51.098  39.589  17.635 0.0000000000
107218  -51.885  39.548  17.696 0.0000000000
107208  -52.470  39.319  18.138 0.0000000000
107220  -53.527  38.974  16.994 0.0000000000
106483  -53.256  38.966  17.728 0.0000000000
106480  -52.915  38.848  18.416 0.0000000000
106478  -53.318  38.129  18.674 0.0000000000
105741  -53.767  37.341  19.006 0.0000000000
104986  -54.179  36.558  19.398 0.0000000000
104987  -54.633  35.998  19.007 0.0000000000
104291  -54.560  35.748  18.391 0.0000000000
129503  -54.326  35.624  18.010 0.0000000000
105000  -54.676  36.187  17.105 0.0000000000
104314  -54.207  35.802  17.383 0.0000000000
126426  -53.723  35.383  18.042 0.0000000000
136957  -51.816  35.753  17.623 0.0000000000
104312  -50.836  35.717  18.020 0.0000000000
105078  -47.843  37.213  13.908 0.0000000000
105077  -47.084  37.095  13.952 0.0000000000
105063  -46.761  36.852  14.648 0.0000000000
105021  -45.960  36.290  15.976 0.0000000000
126979  -44.672  35.120  17.638 0.0000000000
103640  -44.011  34.470  17.927 0.0000000000
140599  -41.295  45.018  13.397 0.0000000000
111594  -42.085  44.976  13.737 0.0000000000
110906  -42.323  44.508  12.389 0.0000000000
110907  -44.060  44.413  12.592 0.0000000000
147462  -44.699  44.213  12.317 0.0000000000
110234  -44.662  42.987  10.576 0.0000000000
110235  -45.425  42.964  11.086 0.0000000000
110223  -46.768  43.775  11.603 0.0000000000
109477  -47.325  43.216  11.257 0.0000000000
109492  -48.920  43.038  10.838 0.0000000000
109493  -49.865  43.255  10.846 0.0000000000
108797  -47.440  41.455  6.212 0.0000000000
134909  -47.306  41.204  7.075 0.0000000000
108048  -48.402  40.749  8.382 0.0000000000
108062  -49.599  40.168  7.233 0.0000000000
108049  -49.324  40.503  8.239 0.0000000000
127691  -49.124  40.933  9.104 0.0000000000
108776  -49.919  41.609  9.828 0.0000000000
108764  -50.713  42.081  10.329 0.0000000000
108765  -51.584  41.755  10.692 0.0000000000
149573  -51.951  41.195  10.549 0.0000000000
125347  -52.643  40.268  10.965 0.0000000000
107316  -52.839  39.447  8.951 0.0000000000
132654  -53.285  39.090  9.561 0.0000000000
130519  -53.269  39.431  10.900 0.0000000000
106559  -55.080  37.239  11.911 0.0000000000
105841  -55.013  36.841  11.878 0.0000000000
137928  -54.883  36.601  12.853 0.0000000000
105085  -54.787  36.656  11.908 0.0000000000
105084  -54.060  36.693  11.376 0.0000000000
105826  -51.978  37.099  11.593 0.0000000000
105849  -52.328  37.366  9.752 0.0000000000
105838  -52.139  37.235  10.655 0.0000000000
105825  -50.884  37.381  12.191 0.0000000000
139171  -50.100  37.532  11.699 0.0000000000
132738  -49.181  37.615  11.978 0.0000000000
142864  -48.311  37.615  12.057 0.0000000000
106621  -49.467  37.949  7.499 0.0000000000
106604  -49.657  37.997  8.432 0.0000000000
106588  -48.842  38.272  9.230 0.0000000000
106587  -47.799  38.504  9.081 0.0000000000
105846  -49.045  38.127  10.084 0.0000000000
131356  -46.046  27.849  21.959 0.0000000000
150261  -46.553  27.316  21.814 0.0000000000
98631  -48.859  27.417  21.658 0.0000000000
100020  -49.216  29.101  21.785 0.0000000000
99352  -49.495  28.106  21.784 0.0000000000
98632  -49.730  27.110  21.936 0.0000000000
146037  -51.738  26.783  22.508 0.0000000000
129130  -52.450  26.226  22.553 0.0000000000
98624  -53.110  26.930  22.668 0.0000000000
99344  -53.723  27.697  22.922 0.0000000000
99331  -54.319  28.403  23.421 0.0000000000
99999  -53.159  29.428  23.651 0.0000000000
100000  -54.093  29.125  23.939 0.0000000000
100001  -54.957  28.987  24.030 0.0000000000
140376  -55.547  29.237  24.166 0.0000000000
99992  -55.782  29.648  24.454 0.0000000000
100702  -55.667  30.838  24.917 0.0000000000
126990  -38.459  46.880  19.474 0.0000000000
113402  -37.771  48.546  18.823 0.0000000000
112851  -38.154  47.713  19.082 0.0000000000
112243  -39.301  46.904  19.788 0.0000000000
112838  -40.445  47.810  19.999 0.0000000000
146337  -41.077  48.241  20.197 0.0000000000
113382  -42.776  49.476  20.730 0.0000000000
113958  -43.338  50.563  20.611 0.0000000000
145533  -42.945  51.389  20.102 0.0000000000
115134  -42.936  51.240  19.153 0.0000000000
115118  -41.886  51.357  19.779 0.0000000000
114549  -42.301  51.000  18.686 0.0000000000
113992  -42.377  50.226  18.034 0.0000000000
113425  -41.169  48.271  17.184 0.0000000000
112865  -40.246  47.264  16.416 0.0000000000
112270  -39.812  46.110  15.166 0.0000000000
115654  -38.600  52.684  19.469 0.0000000000
115660  -38.800  52.571  19.346 0.0000000000
114570  -39.182  50.601  17.000 0.0000000000
114581  -38.181  50.427  15.625 0.0000000000
114001  -38.653  50.047  16.214 0.0000000000
114002  -39.466  49.714  16.726 0.0000000000
113428  -38.865  47.851  15.616 0.0000000000
112269  -39.103  46.624  14.794 0.0000000000
111592  -40.072  45.676  13.661 0.0000000000
129484  -40.613  45.343  13.082 0.0000000000
111625  -41.389  45.534  11.469 0.0000000000
111642  -42.435  45.076  10.531 0.0000000000
112879  -41.035  47.085  11.120 0.0000000000
138577  -42.289  45.776  10.237 0.0000000000
149499  -43.128  45.019  9.688 0.0000000000
110955  -43.829  44.790  8.848 0.0000000000
110965  -44.793  44.928  7.766 0.0000000000
110966  -45.359  44.347  7.227 0.0000000000
114600  -41.457  50.311  11.525 0.0000000000
114024  -42.031  49.401  10.713 0.0000000000
113443  -42.836  48.593  9.739 0.0000000000
113444  -44.140  48.891  9.011 0.0000000000
112891  -43.825  47.991  8.808 0.0000000000
112318  -44.461  47.312  8.274 0.0000000000
133726  -44.749  46.473  7.899 0.0000000000
111683  -45.548  45.280  7.099 0.0000000000
110980  -46.161  44.628  6.512 0.0000000000
110981  -46.818  44.339  5.843 0.0000000000
110995  -47.611  44.523  5.248 0.0000000000
111010  -48.603  44.400  3.807 0.0000000000
112347  -48.252  46.385  5.326 0.0000000000
110997  -48.549  45.227  4.195 0.0000000000
131158  -48.450  44.440  3.277 0.0000000000
110306  -48.173  44.065  2.842 0.0000000000
110305  -47.386  43.491  2.793 0.0000000000
112928  -47.119  47.378  4.162 0.0000000000
112353  -46.371  46.644  4.208 0.0000000000
115205  -47.767  51.560  9.509 0.0000000000
115210  -48.073  51.303  8.255 0.0000000000
115223  -47.599  51.604  7.299 0.0000000000
147318  -44.007  32.327  23.596 0.0000000000
140707  -43.883  32.691  26.054 0.0000000000
130827  -44.765  32.787  24.538 0.0000000000
145450  -45.366  32.825  24.269 0.0000000000
102164  -46.930  33.024  24.255 0.0000000000
102165  -47.883  33.018  24.276 0.0000000000
102870  -48.563  33.196  25.098 0.0000000000
135664  -45.235  34.053  30.139 0.0000000000
102797  -46.038  33.655  30.194 0.0000000000
102798  -46.835  33.820  30.003 0.0000000000
104197  -47.846  34.697  29.390 0.0000000000
103513  -47.516  34.059  29.765 0.0000000000
126872  -47.518  33.403  28.547 0.0000000000
102833  -48.552  33.376  27.414 0.0000000000
102852  -49.209  33.126  25.881 0.0000000000
102167  -49.510  32.873  24.953 0.0000000000
102168  -50.589  32.469  25.538 0.0000000000
102169  -51.616  32.050  26.218 0.0000000000
101461  -52.569  31.651  26.750 0.0000000000
102131  -52.206  32.599  27.781 0.0000000000
101445  -52.859  31.931  27.465 0.0000000000
101462  -53.392  31.475  26.899 0.0000000000
101463  -54.009  31.290  26.805 0.0000000000
101464  -55.126  31.169  25.671 0.0000000000
102171  -55.450  31.670  24.885 0.0000000000
108689  -40.026  41.837  20.505 0.0000000000
107958  -40.328  40.702  19.609 0.0000000000
107187  -41.534  39.644  19.499 0.0000000000
111580  -42.270  45.348  14.669 0.0000000000
111597  -46.545  46.103  14.009 0.0000000000
111582  -45.346  45.664  14.719 0.0000000000
111572  -44.884  45.171  15.978 0.0000000000
110871  -44.911  44.791  16.198 0.0000000000
110183  -44.558  44.256  16.390 0.0000000000
109461  -49.479  43.736  12.562 0.0000000000
109460  -48.706  43.957  13.146 0.0000000000
109449  -47.336  43.624  13.511 0.0000000000
129542  -48.121  41.749  13.320 0.0000000000
108725  -46.780  42.448  13.554 0.0000000000
145523  -46.451  43.186  13.676 0.0000000000
110190  -45.247  43.594  14.652 0.0000000000
109444  -44.246  43.028  14.965 0.0000000000
110186  -43.901  43.430  15.709 0.0000000000
109442  -42.977  42.906  15.920 0.0000000000
109440  -42.435  42.440  16.255 0.0000000000
108709  -41.912  41.385  16.924 0.0000000000
107967  -44.012  40.338  16.604 0.0000000000
107966  -43.250  40.302  17.192 0.0000000000
107965  -42.321  40.637  17.360 0.0000000000
107199  -42.551  39.785  18.524 0.0000000000
107188  -42.411  39.448  19.182 0.0000000000
107179  -42.302  39.064  19.930 0.0000000000
106462  -43.179  38.653  20.429 0.0000000000
146063  -44.515  38.397  21.140 0.0000000000
106450  -45.111  38.297  21.511 0.0000000000
106464  -46.246  38.637  20.701 0.0000000000
106451  -45.897  38.414  21.373 0.0000000000
146920  -46.375  38.097  22.293 0.0000000000
105726  -46.754  37.766  22.912 0.0000000000
105710  -48.398  37.560  23.361 0.0000000000
105691  -48.888  37.076  23.843 0.0000000000
128246  -50.153  39.515  18.958 0.0000000000
107193  -50.363  39.426  19.667 0.0000000000
106467  -49.866  38.870  21.038 0.0000000000
106469  -51.451  38.647  20.213 0.0000000000
106456  -50.341  38.391  21.308 0.0000000000
106455  -49.514  38.502  21.706 0.0000000000
105729  -49.361  37.948  22.410 0.0000000000
104966  -49.562  36.828  23.584 0.0000000000
104950  -49.995  36.253  24.166 0.0000000000
104252  -50.414  35.730  24.797 0.0000000000
104253  -51.157  35.335  24.584 0.0000000000
103565  -52.500  34.339  24.959 0.0000000000
103566  -53.307  34.118  24.439 0.0000000000
102871  -53.818  33.351  25.017 0.0000000000
102882  -54.622  33.186  24.341 0.0000000000
102872  -55.069  32.432  24.685 0.0000000000
101488  -56.023  31.562  24.152 0.0000000000
102188  -56.392  31.871  23.250 0.0000000000
102194  -56.399  31.710  22.174 0.0000000000
101506  -56.282  31.276  21.871 0.0000000000
102889  -55.380  33.189  21.792 0.0000000000
102193  -55.787  32.197  21.961 0.0000000000
101505  -55.403  31.595  21.711 0.0000000000
100749  -54.652  30.771  21.522 0.0000000000
100748  -53.555  31.048  21.398 0.0000000000
104281  -54.535  35.479  19.614 0.0000000000
103591  -54.466  34.874  19.889 0.0000000000
102894  -53.920  33.785  20.667 0.0000000000
103589  -52.770  34.163  20.000 0.0000000000
102893  -53.028  33.746  20.439 0.0000000000
102190  -53.221  33.068  20.963 0.0000000000
101511  -52.535  31.319  21.082 0.0000000000
100756  -51.888  30.620  20.528 0.0000000000
100755  -51.014  30.849  20.209 0.0000000000
102210  -49.966  31.873  20.077 0.0000000000
101523  -49.496  31.299  19.609 0.0000000000
149823  -53.635  36.464  14.249 0.0000000000
105068  -52.997  36.473  14.855 0.0000000000
105079  -51.360  37.011  13.995 0.0000000000
105067  -51.822  36.710  14.822 0.0000000000
105052  -52.332  36.451  15.513 0.0000000000
105027  -51.834  36.366  16.226 0.0000000000
104998  -50.762  36.130  17.357 0.0000000000
104311  -50.001  36.005  17.940 0.0000000000
105789  -48.345  37.089  14.538 0.0000000000
104995  -47.828  36.484  16.754 0.0000000000
105024  -48.604  36.607  16.292 0.0000000000
128957  -49.088  36.458  16.920 0.0000000000
102902  -47.484  33.664  19.328 0.0000000000
102207  -47.674  32.699  19.383 0.0000000000
97897  -47.283  27.129  21.667 0.0000000000
97898  -48.186  26.693  21.709 0.0000000000
98613  -44.655  27.353  23.116 0.0000000000
98626  -54.936  27.243  22.522 0.0000000000
98630  -47.916  27.757  21.578 0.0000000000
99332  -55.006  28.347  23.413 0.0000000000
99333  -56.557  28.722  23.204 0.0000000000
99335  -57.449  29.270  22.385 0.0000000000
99338  -44.773  28.623  22.639 0.0000000000
99346  -56.925  28.396  22.505 0.0000000000
99991  -55.180  29.648  24.712 0.0000000000
100017  -46.883  29.248  21.775 0.0000000000
100018  -47.660  29.518  21.720 0.0000000000
100019  -48.364  29.332  21.696 0.0000000000
100025  -57.486  29.403  21.251 0.0000000000
100700  -54.386  30.898  26.272 0.0000000000
100720  -55.392  30.164  25.059 0.0000000000
100721  -56.136  30.143  24.420 0.0000000000
100729  -56.869  30.091  23.612 0.0000000000
100736  -46.747  30.819  22.123 0.0000000000
100738  -48.584  30.748  22.084 0.0000000000
100747  -48.921  29.967  21.900 0.0000000000
100752  -57.277  30.117  21.699 0.0000000000
101446  -53.512  31.806  27.230 0.0000000000
101485  -49.642  31.923  23.210 0.0000000000
101495  -46.558  31.575  22.461 0.0000000000
101498  -49.108  31.360  22.550 0.0000000000
101500  -56.894  31.283  22.662 0.0000000000
102096  -41.817  32.244  30.315 0.0000000000
102097  -44.000  32.445  30.665 0.0000000000
102104  -40.753  31.986  29.470 0.0000000000
102106  -42.212  31.824  30.094 0.0000000000
102108  -44.182  32.242  29.813 0.0000000000
102109  -45.376  32.719  30.051 0.0000000000
102115  -41.666  31.644  29.145 0.0000000000
102119  -50.902  33.143  28.306 0.0000000000
102130  -50.990  32.803  27.983 0.0000000000
102132  -53.005  32.326  27.480 0.0000000000
102147  -45.304  33.015  25.264 0.0000000000
102166  -48.679  32.898  24.274 0.0000000000
102175  -44.755  32.507  23.668 0.0000000000
102176  -45.615  32.534  23.491 0.0000000000
102184  -45.949  32.060  22.772 0.0000000000
102796  -44.197  32.931  30.999 0.0000000000
102805  -41.281  32.702  30.118 0.0000000000
102807  -43.267  32.989  31.031 0.0000000000
102808  -44.027  33.250  30.938 0.0000000000
102809  -45.833  33.119  30.116 0.0000000000
102810  -46.461  33.397  29.759 0.0000000000
102811  -47.383  33.639  29.401 0.0000000000
102812  -48.125  33.910  29.328 0.0000000000
102813  -48.905  33.951  29.010 0.0000000000
102814  -49.747  33.980  28.837 0.0000000000
102826  -51.009  33.428  28.321 0.0000000000
102831  -46.994  33.283  27.500 0.0000000000
102832  -47.844  33.371  27.767 0.0000000000
102834  -49.472  33.172  27.038 0.0000000000
102835  -51.644  33.302  27.989 0.0000000000
102837  -53.167  32.687  27.192 0.0000000000
102854  -53.577  32.766  26.354 0.0000000000
102869  -47.540  33.301  25.349 0.0000000000
103502  -45.446  33.652  30.452 0.0000000000
103511  -46.036  34.115  30.226 0.0000000000
103512  -46.779  34.051  30.151 0.0000000000
103515  -49.096  34.383  29.047 0.0000000000
103525  -44.852  34.454  28.916 0.0000000000
103529  -50.449  34.045  28.513 0.0000000000
103542  -50.733  34.349  28.002 0.0000000000
103543  -51.263  34.104  27.644 0.0000000000
103577  -52.775  34.767  23.861 0.0000000000
103579  -54.390  34.375  23.038 0.0000000000
103582  -54.853  34.422  22.412 0.0000000000
103616  -46.547  34.470  18.747 0.0000000000
104196  -47.218  34.479  29.733 0.0000000000
104198  -48.574  34.887  29.057 0.0000000000
104199  -49.131  34.948  28.776 0.0000000000
104206  -47.202  35.144  29.030 0.0000000000
104207  -47.970  35.365  28.635 0.0000000000
104220  -48.840  35.703  27.391 0.0000000000
104234  -46.711  35.978  26.035 0.0000000000
104235  -47.421  36.171  25.979 0.0000000000
104264  -50.722  35.912  23.934 0.0000000000
104266  -52.250  35.351  23.360 0.0000000000
104335  -46.301  36.017  17.222 0.0000000000
104932  -49.331  36.144  25.484 0.0000000000
104933  -49.817  36.091  24.922 0.0000000000
104945  -44.919  36.374  24.334 0.0000000000
104949  -48.157  36.754  24.823 0.0000000000
104965  -46.084  37.043  24.010 0.0000000000
104979  -52.713  36.677  21.149 0.0000000000
105028  -52.991  36.140  16.097 0.0000000000
105055  -55.314  36.849  14.914 0.0000000000
105070  -55.435  36.958  13.912 0.0000000000
105081  -55.413  36.882  13.023 0.0000000000
105083  -52.986  36.757  11.907 0.0000000000
105086  -55.208  36.789  12.403 0.0000000000
105690  -48.220  37.173  24.067 0.0000000000
105709  -47.574  37.509  23.541 0.0000000000
105712  -49.937  37.254  22.708 0.0000000000
105724  -44.952  37.573  22.718 0.0000000000
105727  -47.793  37.996  22.852 0.0000000000
105728  -48.642  38.002  22.709 0.0000000000
105730  -50.551  37.394  22.104 0.0000000000
105733  -50.776  37.774  21.526 0.0000000000
105791  -50.228  37.160  14.103 0.0000000000
105792  -55.335  37.287  14.551 0.0000000000
105827  -55.402  36.979  12.536 0.0000000000
105840  -54.503  37.148  11.213 0.0000000000
105845  -47.630  38.114  10.688 0.0000000000
105847  -49.918  37.802  10.314 0.0000000000
105850  -53.594  37.376  9.961 0.0000000000
105856  -52.633  37.451  8.820 0.0000000000
105858  -53.663  37.641  9.660 0.0000000000
105872  -50.148  37.631  6.852 0.0000000000
105875  -52.631  37.756  7.113 0.0000000000
105898  -51.805  37.900  5.299 0.0000000000
106438  -45.022  38.016  22.113 0.0000000000
106439  -45.752  38.205  21.959 0.0000000000
106452  -46.757  38.560  21.427 0.0000000000
106457  -51.093  38.228  20.896 0.0000000000
106459  -40.895  38.941  20.946 0.0000000000
106461  -42.140  38.702  20.666 0.0000000000
106472  -43.856  38.767  19.917 0.0000000000
106473  -44.680  38.738  19.895 0.0000000000
106493  -54.994  37.777  15.077 0.0000000000
106526  -54.879  38.219  13.717 0.0000000000
106558  -54.428  37.745  11.132 0.0000000000
106605  -53.090  38.172  7.897 0.0000000000
106622  -52.835  37.970  7.096 0.0000000000
106639  -52.234  38.033  5.824 0.0000000000
106649  -47.828  38.301  4.979 0.0000000000
106651  -51.200  38.081  4.583 0.0000000000
106658  -46.678  38.691  4.373 0.0000000000
106659  -48.195  38.528  3.860 0.0000000000
106660  -49.162  38.277  3.916 0.0000000000
106665  -49.337  38.868  3.617 0.0000000000
107173  -49.198  39.137  20.788 0.0000000000
107178  -41.331  39.215  20.302 0.0000000000
107181  -47.750  39.139  20.147 0.0000000000
107183  -50.138  39.222  20.347 0.0000000000
107184  -50.990  39.219  19.845 0.0000000000
107186  -40.641  39.913  19.814 0.0000000000
107198  -41.741  40.021  18.774 0.0000000000
107200  -43.688  39.449  18.549 0.0000000000
107202  -45.417  39.237  18.441 0.0000000000
107204  -47.004  39.220  18.389 0.0000000000
107207  -51.604  39.478  18.469 0.0000000000
107210  -43.591  39.743  17.956 0.0000000000
107217  -50.301  39.529  17.595 0.0000000000
107222  -44.710  39.905  16.931 0.0000000000
107229  -51.443  39.590  16.910 0.0000000000
107233  -47.855  39.648  15.950 0.0000000000
107248  -53.889  38.883  14.285 0.0000000000
107261  -53.219  39.350  13.846 0.0000000000
107300  -52.945  39.707  10.317 0.0000000000
107317  -53.752  38.227  9.519 0.0000000000
107333  -52.362  39.310  7.741 0.0000000000
107357  -51.449  38.889  5.450 0.0000000000
107358  -52.072  38.545  5.946 0.0000000000
107377  -47.399  38.729  3.902 0.0000000000
107378  -49.934  38.980  3.812 0.0000000000
107379  -50.559  38.526  4.200 0.0000000000
107382  -46.183  39.758  3.451 0.0000000000
107385  -48.729  39.388  3.237 0.0000000000
107951  -39.968  40.339  20.275 0.0000000000
107961  -40.612  41.154  18.904 0.0000000000
107963  -42.005  40.335  18.069 0.0000000000
107964  -41.554  41.065  17.626 0.0000000000
107968  -42.604  40.940  16.647 0.0000000000
107969  -43.259  40.707  16.448 0.0000000000
107970  -44.768  40.213  16.301 0.0000000000
107974  -43.633  40.885  15.940 0.0000000000
107975  -44.768  40.631  15.598 0.0000000000
107978  -47.990  40.082  15.026 0.0000000000
107988  -52.464  39.801  13.672 0.0000000000
107996  -47.866  41.067  13.833 0.0000000000
107998  -50.513  40.793  13.543 0.0000000000
107999  -51.726  40.494  13.207 0.0000000000
108017  -52.349  40.623  11.606 0.0000000000
108026  -52.316  40.622  10.432 0.0000000000
108035  -50.957  40.599  8.767 0.0000000000
108708  -41.463  41.768  17.321 0.0000000000
108711  -42.368  41.706  16.354 0.0000000000
108713  -42.851  42.081  15.822 0.0000000000
108715  -44.002  41.995  14.989 0.0000000000
108721  -47.288  41.613  13.626 0.0000000000
108726  -47.645  42.568  13.238 0.0000000000
108742  -51.901  41.388  11.596 0.0000000000
108762  -48.302  42.097  10.299 0.0000000000
108774  -47.660  41.480  9.488 0.0000000000
108778  -51.262  41.567  10.152 0.0000000000
108791  -47.732  40.881  7.695 0.0000000000
108796  -46.799  41.802  6.776 0.0000000000
108798  -48.153  40.959  5.712 0.0000000000
108814  -48.717  41.978  4.043 0.0000000000
108815  -49.083  41.755  3.090 0.0000000000
108822  -46.390  41.607  3.073 0.0000000000
108829  -47.391  41.796  2.547 0.0000000000
109439  -41.819  42.289  16.743 0.0000000000
109446  -45.368  42.653  14.144 0.0000000000
109450  -48.102  43.560  13.149 0.0000000000
109463  -50.962  43.012  12.001 0.0000000000
109476  -46.268  42.816  11.030 0.0000000000
109478  -50.896  43.246  11.516 0.0000000000
109488  -44.921  42.684  9.805 0.0000000000
109489  -45.463  42.564  10.386 0.0000000000
109494  -50.641  43.068  10.926 0.0000000000
109501  -46.094  41.862  9.177 0.0000000000
109506  -45.500  42.368  8.658 0.0000000000
109514  -46.227  42.185  7.333 0.0000000000
109519  -45.871  43.035  6.960 0.0000000000
109529  -46.818  43.075  5.817 0.0000000000
109548  -48.826  42.677  2.904 0.0000000000
109558  -48.195  42.264  2.392 0.0000000000
110151  -41.665  43.359  18.803 0.0000000000
110152  -42.519  43.756  19.283 0.0000000000
110159  -42.552  43.706  18.339 0.0000000000
110160  -43.560  44.140  18.838 0.0000000000
110169  -41.803  43.042  17.057 0.0000000000
110170  -42.699  43.571  17.340 0.0000000000
110171  -44.001  44.119  17.461 0.0000000000
110192  -47.047  45.054  14.509 0.0000000000
110195  -46.751  44.149  14.018 0.0000000000
110208  -49.775  44.114  12.202 0.0000000000
110222  -45.896  43.405  11.491 0.0000000000
110224  -47.793  44.291  11.664 0.0000000000
110236  -48.367  43.665  11.305 0.0000000000
110244  -43.895  43.616  10.018 0.0000000000
110251  -44.517  43.511  8.646 0.0000000000
110252  -45.055  43.061  8.214 0.0000000000
110270  -45.743  43.825  6.815 0.0000000000
110280  -48.082  43.842  4.593 0.0000000000
110307  -48.553  43.417  2.873 0.0000000000
110318  -48.198  43.116  2.561 0.0000000000
110881  -45.437  45.005  15.661 0.0000000000
110882  -46.029  45.295  15.086 0.0000000000
110897  -41.771  44.740  12.916 0.0000000000
110899  -44.532  45.220  13.490 0.0000000000
110900  -47.961  45.416  13.709 0.0000000000
110901  -48.654  45.083  13.222 0.0000000000
110911  -48.433  45.392  12.849 0.0000000000
110912  -48.875  45.135  12.857 0.0000000000
110913  -49.238  44.606  12.341 0.0000000000
110925  -42.123  44.773  11.412 0.0000000000
110927  -46.179  44.186  12.027 0.0000000000
110929  -48.196  45.065  12.244 0.0000000000
110945  -42.962  44.706  10.156 0.0000000000
110946  -43.460  44.482  9.616 0.0000000000
110956  -44.335  44.352  8.409 0.0000000000
110996  -48.299  44.707  4.540 0.0000000000
111547  -37.885  45.765  20.236 0.0000000000
111562  -43.140  45.549  16.611 0.0000000000
111577  -39.559  46.044  14.286 0.0000000000
111578  -40.318  45.629  14.529 0.0000000000
111579  -41.223  45.398  14.678 0.0000000000
111583  -46.186  45.761  14.522 0.0000000000
111593  -40.810  45.290  13.908 0.0000000000
111595  -43.087  45.202  14.116 0.0000000000
111596  -45.545  45.844  14.186 0.0000000000
111599  -47.890  45.578  13.370 0.0000000000
111606  -40.765  45.566  12.196 0.0000000000
111607  -41.143  45.032  12.726 0.0000000000
111609  -47.153  45.808  13.420 0.0000000000
111641  -41.886  45.609  10.777 0.0000000000
111653  -42.783  45.494  9.822 0.0000000000
111682  -45.081  45.827  7.581 0.0000000000
111715  -48.549  45.638  3.933 0.0000000000
111721  -48.152  45.801  3.417 0.0000000000
112242  -37.833  46.248  19.706 0.0000000000
112257  -42.025  46.779  17.427 0.0000000000
112260  -40.929  46.664  16.575 0.0000000000
112261  -41.384  46.924  17.064 0.0000000000
112266  -41.194  45.974  16.137 0.0000000000
112276  -40.010  46.051  12.757 0.0000000000
112280  -40.452  47.002  11.652 0.0000000000
112290  -41.431  46.346  10.914 0.0000000000
112291  -41.965  46.375  10.341 0.0000000000
112303  -42.481  46.312  9.838 0.0000000000
112304  -43.060  46.228  9.341 0.0000000000
112317  -43.488  46.992  8.869 0.0000000000
112326  -45.310  46.454  7.534 0.0000000000
112337  -47.071  46.618  6.570 0.0000000000
112339  -48.355  47.633  5.383 0.0000000000
112348  -48.452  46.804  4.913 0.0000000000
112354  -47.302  46.510  3.718 0.0000000000
112363  -47.876  46.297  3.513 0.0000000000
112364  -48.180  46.417  3.697 0.0000000000
112825  -41.856  48.724  20.494 0.0000000000
112836  -38.978  47.742  19.372 0.0000000000
112848  -35.893  47.507  18.607 0.0000000000
112861  -41.634  47.698  17.360 0.0000000000
112862  -42.244  48.229  17.732 0.0000000000
112868  -38.369  48.043  14.815 0.0000000000
112869  -39.434  46.981  15.690 0.0000000000
112874  -38.921  47.600  13.388 0.0000000000
112882  -41.668  47.223  10.476 0.0000000000
112892  -45.321  47.886  7.914 0.0000000000
112900  -45.985  47.488  7.503 0.0000000000
112910  -47.565  47.481  6.703 0.0000000000
112911  -48.190  47.565  6.097 0.0000000000
112929  -47.852  47.609  4.176 0.0000000000
112930  -48.329  47.297  4.572 0.0000000000
113380  -41.268  49.290  20.168 0.0000000000
113399  -35.444  48.150  18.390 0.0000000000
113415  -41.073  49.056  17.291 0.0000000000
113416  -41.735  48.706  17.490 0.0000000000
113422  -38.843  49.188  16.109 0.0000000000
113432  -38.191  48.687  14.188 0.0000000000
113434  -39.184  48.407  12.764 0.0000000000
113435  -39.850  48.370  12.128 0.0000000000
113437  -40.390  48.278  11.678 0.0000000000
113438  -40.920  48.521  11.289 0.0000000000
113455  -46.223  48.265  7.709 0.0000000000
113456  -47.155  48.608  7.503 0.0000000000
113471  -48.048  48.205  6.606 0.0000000000
113485  -47.563  48.789  4.951 0.0000000000
113487  -48.220  48.444  5.581 0.0000000000
113504  -47.935  48.200  4.595 0.0000000000
113956  -41.555  50.330  20.231 0.0000000000
113957  -42.376  50.426  20.427 0.0000000000
114003  -40.300  49.373  17.054 0.0000000000
114009  -38.212  49.560  15.386 0.0000000000
114012  -38.009  49.509  14.442 0.0000000000
114015  -38.333  49.348  13.653 0.0000000000
114018  -39.604  49.133  12.381 0.0000000000
114022  -41.922  49.955  11.116 0.0000000000
114025  -42.734  49.366  10.225 0.0000000000
114029  -44.544  49.721  9.405 0.0000000000
114031  -46.668  50.256  8.917 0.0000000000
114042  -47.476  49.365  7.751 0.0000000000
114043  -47.911  49.612  7.540 0.0000000000
114517  -42.743  51.094  20.285 0.0000000000
114536  -39.506  51.586  19.610 0.0000000000
114538  -41.657  51.273  19.981 0.0000000000
114539  -44.190  51.034  19.789 0.0000000000
114569  -38.451  50.918  16.333 0.0000000000
114591  -38.157  50.317  13.820 0.0000000000
114601  -42.183  50.434  11.281 0.0000000000
114607  -45.033  51.327  10.571 0.0000000000
114613  -47.995  51.064  8.895 0.0000000000
114619  -48.012  50.151  7.599 0.0000000000
114640  -47.785  50.272  6.396 0.0000000000
114641  -48.036  50.237  6.977 0.0000000000
115107  -43.401  51.321  19.733 0.0000000000
115119  -42.623  51.421  19.772 0.0000000000
115131  -37.302  51.666  19.176 0.0000000000
115133  -41.394  51.404  19.149 0.0000000000
115182  -38.473  51.302  13.537 0.0000000000
115187  -40.900  51.587  12.197 0.0000000000
115188  -41.728  51.642  11.974 0.0000000000
115193  -43.573  51.336  11.275 0.0000000000
115198  -44.164  51.189  10.829 0.0000000000
115200  -47.564  52.068  10.195 0.0000000000
115236  -47.710  50.843  6.772 0.0000000000
115669  -39.343  52.170  18.912 0.0000000000
116212  -38.840  52.847  13.939 0.0000000000
116232  -46.212  53.270  12.159 0.0000000000
124616  -45.946  30.365  22.163 0.0000000000
125862  -46.682  39.364  17.695 0.0000000000
126039  -54.524  31.205  26.282 0.0000000000
126079  -44.669  45.508  15.238 0.0000000000
126137  -43.055  50.541  18.489 0.0000000000
126455  -46.815  39.497  17.032 0.0000000000
126467  -49.446  39.426  19.831 0.0000000000
126507  -51.112  42.286  10.664 0.0000000000
127143  -44.561  32.487  28.465 0.0000000000
127346  -43.766  38.372  21.144 0.0000000000
129376  -46.067  32.909  24.170 0.0000000000
129674  -44.355  38.163  21.654 0.0000000000
129765  -39.602  46.279  20.427 0.0000000000
129797  -46.773  33.273  28.863 0.0000000000
130095  -54.315  34.349  20.469 0.0000000000
130376  -47.792  36.450  25.497 0.0000000000
130503  -46.134  45.525  13.197 0.0000000000
130968  -39.925  41.073  20.145 0.0000000000
130975  -47.813  35.063  18.832 0.0000000000
131956  -45.859  51.153  10.116 0.0000000000
133426  -44.354  32.822  25.277 0.0000000000
134028  -50.379  32.875  27.333 0.0000000000
134361  -38.774  47.293  15.105 0.0000000000
134650  -48.810  36.533  24.970 0.0000000000
136053  -43.342  44.579  12.908 0.0000000000
136318  -55.067  34.346  21.878 0.0000000000
136363  -45.912  43.422  13.998 0.0000000000
137666  -44.534  44.749  17.571 0.0000000000
137837  -43.124  32.543  26.296 0.0000000000
138552  -44.240  45.069  8.314 0.0000000000
138699  -35.795  48.935  18.373 0.0000000000
138787  -40.262  50.839  19.818 0.0000000000
138852  -40.526  51.071  12.150 0.0000000000
139008  -39.108  46.689  13.875 0.0000000000
139969  -43.390  43.848  11.243 0.0000000000
140001  -51.606  32.628  27.820 0.0000000000
140164  -49.321  44.597  11.967 0.0000000000
140356  -40.681  47.745  11.402 0.0000000000
141115  -45.013  43.555  11.686 0.0000000000
141178  -43.562  46.118  8.871 0.0000000000
141271  -41.739  48.055  10.425 0.0000000000
142182  -47.511  39.783  3.013 0.0000000000
142859  -51.090  40.924  13.181 0.0000000000
142982  -39.847  45.903  21.002 0.0000000000
143085  -42.236  51.347  19.354 0.0000000000
143238  -51.002  39.523  18.857 0.0000000000
143455  -48.108  40.584  14.303 0.0000000000
143868  -43.464  48.535  9.299 0.0000000000
143879  -46.783  41.733  9.561 0.0000000000
144120  -49.337  38.854  21.305 0.0000000000
144209  -41.531  45.180  14.069 0.0000000000
144447  -36.503  48.928  18.505 0.0000000000
144981  -48.284  41.072  9.090 0.0000000000
145109  -48.562  45.030  3.725 0.0000000000
145142  -54.629  35.105  21.085 0.0000000000
145351  -49.873  39.600  4.489 0.0000000000
145614  -49.999  37.915  4.196 0.0000000000
145884  -44.850  32.479  29.636 0.0000000000
146099  -50.175  42.496  10.499 0.0000000000
146475  -50.429  43.666  11.493 0.0000000000
146622  -47.679  49.178  5.394 0.0000000000
146654  -39.039  48.468  16.034 0.0000000000
146922  -38.557  52.690  19.558 0.0000000000
146943  -56.332  31.991  22.534 0.0000000000
147136  -43.591  50.362  18.658 0.0000000000
147336  -45.508  27.638  22.349 0.0000000000
147661  -45.754  33.003  24.676 0.0000000000
148172  -47.559  41.152  2.538 0.0000000000
148196  -42.853  49.978  18.061 0.0000000000
148970  -40.775  49.836  11.702 0.0000000000
149464  -38.873  52.390  19.491 0.0000000000
149759  -51.373  39.559  18.077 0.0000000000
149820  -44.741  44.930  16.574 0.0000000000
150131  -46.948  51.939  10.642 0.0000000000
150627  -46.376  38.344  21.858 0.0000000000
150639  -44.255  40.605  15.958 0.0000000000
150665  -50.651  37.852  4.474 0.0000000000
150732  -43.168  39.657  18.366 0.0000000000
