#!ascii label  , from subject sub-LJ002 vox2ras=TkReg
1220
147418  -9.463  -31.798  48.870 0.0000000000
54124  -29.614  -18.617  41.893 0.0000000000
125251  -31.139  -12.901  35.738 0.0000000000
51947  -25.206  -20.154  44.024 0.0000000000
69955  -40.665  -3.432  28.479 0.0000000000
67880  -33.297  -5.357  31.940 0.0000000000
125833  -31.391  -18.215  47.009 0.0000000000
49872  -28.517  -21.413  42.440 0.0000000000
69924  -45.832  -2.943  30.640 0.0000000000
74813  -48.152  2.256  29.894 0.0000000000
78795  -49.959  6.272  28.798 0.0000000000
61427  -35.947  -10.738  37.554 0.0000000000
61487  -33.001  -11.099  33.199 0.0000000000
66860  -36.103  -5.901  36.649 0.0000000000
71786  -39.598  -1.618  34.933 0.0000000000
48077  -20.040  -24.272  41.229 0.0000000000
38648  -6.729  -32.786  52.225 0.0000000000
58283  -28.065  -14.171  40.645 0.0000000000
150022  -33.924  -12.214  41.495 0.0000000000
134693  -21.337  -23.599  38.148 0.0000000000
49979  -26.276  -23.116  36.528 0.0000000000
79907  -47.253  6.374  22.546 0.0000000000
82625  -51.549  9.566  26.903 0.0000000000
68923  -37.342  -3.774  29.658 0.0000000000
68851  -43.405  -3.772  32.443 0.0000000000
41846  -11.329  -30.357  45.240 0.0000000000
33636  -4.310  -39.192  48.884 0.0000000000
72837  -46.940  -0.226  30.246 0.0000000000
64686  -35.664  -8.552  37.088 0.0000000000
47114  -17.900  -26.235  39.370 0.0000000000
39742  -8.385  -32.488  50.414 0.0000000000
55250  -27.579  -17.217  38.279 0.0000000000
143388  -28.744  -17.194  41.166 0.0000000000
51975  -22.507  -20.818  41.141 0.0000000000
50990  -23.613  -21.337  37.512 0.0000000000
51989  -25.343  -20.455  40.113 0.0000000000
50932  -30.288  -20.137  42.288 0.0000000000
48985  -28.469  -21.479  39.248 0.0000000000
50978  -29.123  -20.180  38.898 0.0000000000
50851  -23.159  -20.546  46.012 0.0000000000
49868  -21.855  -22.168  42.934 0.0000000000
75906  -43.698  2.960  26.855 0.0000000000
78828  -45.802  5.295  23.811 0.0000000000
124502  -51.011  8.038  28.221 0.0000000000
64724  -32.489  -8.823  32.238 0.0000000000
144212  -35.255  -3.578  30.206 0.0000000000
70851  -41.497  -2.640  32.900 0.0000000000
47046  -14.433  -25.496  43.332 0.0000000000
140981  -13.412  -26.501  44.988 0.0000000000
124857  -12.370  -27.520  47.053 0.0000000000
42844  -12.532  -29.217  43.605 0.0000000000
33638  -6.677  -38.497  48.176 0.0000000000
54110  -30.503  -18.435  44.072 0.0000000000
56289  -30.302  -16.798  43.687 0.0000000000
57261  -30.721  -16.258  47.682 0.0000000000
143863  -28.010  -20.427  46.722 0.0000000000
50906  -26.909  -20.899  43.215 0.0000000000
49818  -29.065  -20.634  45.865 0.0000000000
50893  -30.639  -20.230  44.843 0.0000000000
69936  -43.267  -3.566  29.790 0.0000000000
72833  -44.130  -0.902  29.707 0.0000000000
129939  -44.986  1.566  29.127 0.0000000000
76834  -45.957  4.031  28.174 0.0000000000
77797  -47.032  5.395  27.573 0.0000000000
77762  -49.387  4.491  29.397 0.0000000000
59350  -33.557  -12.063  36.723 0.0000000000
60433  -32.792  -11.904  34.238 0.0000000000
61456  -34.264  -10.815  35.532 0.0000000000
64703  -34.247  -8.319  34.790 0.0000000000
67852  -34.979  -5.587  34.826 0.0000000000
68849  -35.955  -3.538  33.643 0.0000000000
69866  -38.045  -3.637  36.423 0.0000000000
48054  -18.459  -24.396  43.013 0.0000000000
47098  -15.858  -25.633  40.681 0.0000000000
149341  -51.937  10.570  22.048 0.0000000000
38646  -4.810  -33.368  52.776 0.0000000000
135986  -27.376  -14.758  37.342 0.0000000000
59318  -29.362  -12.820  38.543 0.0000000000
58268  -29.376  -14.481  42.638 0.0000000000
125223  -30.637  -12.910  41.123 0.0000000000
141663  -32.922  -12.814  38.389 0.0000000000
126186  -35.205  -12.156  39.235 0.0000000000
49923  -27.057  -21.451  39.201 0.0000000000
48055  -21.435  -24.281  43.605 0.0000000000
131013  -20.476  -23.687  39.980 0.0000000000
79875  -47.905  6.906  26.043 0.0000000000
81734  -49.638  8.425  25.507 0.0000000000
82645  -50.657  9.472  23.083 0.0000000000
129896  -52.863  11.032  25.868 0.0000000000
39782  -9.355  -33.028  46.069 0.0000000000
147288  -8.153  -34.587  46.842 0.0000000000
126522  -39.145  -4.102  28.828 0.0000000000
69908  -38.566  -2.918  32.523 0.0000000000
150575  -40.596  -4.381  31.417 0.0000000000
67923  -41.877  -4.643  30.287 0.0000000000
67887  -44.627  -4.630  31.440 0.0000000000
41818  -10.312  -30.748  47.903 0.0000000000
36631  -6.535  -35.138  48.953 0.0000000000
35617  -4.895  -35.544  49.860 0.0000000000
36616  -3.850  -35.361  50.009 0.0000000000
39750  -9.038  -32.088  49.928 0.0000000000
54132  -29.078  -19.007  40.411 0.0000000000
132618  -28.690  -17.702  40.643 0.0000000000
55211  -29.406  -18.098  41.726 0.0000000000
51968  -23.958  -20.381  42.580 0.0000000000
51977  -24.013  -20.207  41.272 0.0000000000
51969  -24.999  -20.484  42.421 0.0000000000
53048  -29.777  -19.548  41.482 0.0000000000
50944  -29.476  -20.155  40.597 0.0000000000
53055  -29.417  -19.375  40.952 0.0000000000
52014  -29.082  -19.988  38.689 0.0000000000
137360  -25.278  -19.527  46.123 0.0000000000
51888  -24.755  -19.799  48.011 0.0000000000
51933  -23.916  -19.955  45.350 0.0000000000
51945  -23.158  -20.714  44.230 0.0000000000
77817  -45.257  4.782  24.281 0.0000000000
59361  -30.326  -13.260  34.907 0.0000000000
132128  -31.153  -12.921  34.708 0.0000000000
66886  -32.672  -6.776  31.891 0.0000000000
65804  -32.745  -7.706  30.529 0.0000000000
68900  -33.866  -4.345  30.831 0.0000000000
45971  -13.653  -27.234  42.748 0.0000000000
45961  -13.864  -26.121  43.804 0.0000000000
44882  -13.284  -27.856  43.057 0.0000000000
43795  -12.734  -28.012  44.631 0.0000000000
42845  -13.047  -28.790  42.932 0.0000000000
54097  -30.869  -18.165  45.653 0.0000000000
55166  -30.800  -17.591  46.043 0.0000000000
56245  -31.082  -17.396  47.450 0.0000000000
51890  -28.713  -20.572  48.460 0.0000000000
50873  -28.272  -20.619  45.713 0.0000000000
50838  -29.500  -20.742  47.191 0.0000000000
52995  -31.677  -18.892  47.481 0.0000000000
50857  -30.867  -20.199  46.185 0.0000000000
51937  -31.384  -19.232  46.065 0.0000000000
51960  -30.807  -19.457  44.280 0.0000000000
69938  -44.704  -3.470  30.241 0.0000000000
70884  -43.568  -2.713  29.715 0.0000000000
70886  -44.985  -2.296  30.166 0.0000000000
73823  -47.629  1.161  30.082 0.0000000000
73821  -46.310  1.020  29.764 0.0000000000
74826  -46.831  2.154  29.529 0.0000000000
75888  -45.742  2.874  28.822 0.0000000000
150336  -46.758  3.079  29.133 0.0000000000
76826  -47.935  4.016  29.158 0.0000000000
76814  -48.371  3.552  29.467 0.0000000000
60391  -34.772  -11.761  37.155 0.0000000000
60405  -34.405  -11.566  36.543 0.0000000000
61443  -35.175  -10.829  36.458 0.0000000000
138025  -35.771  -6.754  36.789 0.0000000000
64695  -34.933  -8.560  35.920 0.0000000000
65764  -35.032  -7.107  35.719 0.0000000000
148778  -34.422  -6.788  34.489 0.0000000000
67847  -35.928  -5.400  35.959 0.0000000000
68837  -35.971  -4.559  35.300 0.0000000000
68827  -37.070  -4.669  36.475 0.0000000000
47068  -20.522  -24.727  42.857 0.0000000000
47049  -19.644  -24.847  43.666 0.0000000000
124636  -19.634  -24.353  41.932 0.0000000000
47099  -16.741  -25.337  40.248 0.0000000000
84308  -52.586  11.450  22.869 0.0000000000
84309  -53.109  11.995  22.478 0.0000000000
138718  -5.442  -33.461  52.521 0.0000000000
57330  -27.538  -15.342  39.751 0.0000000000
56354  -27.193  -16.630  37.868 0.0000000000
58291  -27.557  -14.519  39.219 0.0000000000
59329  -28.178  -13.528  37.674 0.0000000000
59317  -28.591  -12.946  39.205 0.0000000000
57283  -30.229  -15.607  45.300 0.0000000000
57301  -30.094  -15.826  43.461 0.0000000000
58235  -30.092  -13.924  44.730 0.0000000000
59253  -33.116  -12.218  42.847 0.0000000000
59267  -31.158  -13.003  42.647 0.0000000000
125224  -32.671  -12.551  41.638 0.0000000000
125218  -32.348  -12.707  39.872 0.0000000000
125217  -33.164  -12.673  39.790 0.0000000000
125206  -33.929  -12.634  38.533 0.0000000000
125215  -34.467  -12.396  39.773 0.0000000000
49977  -25.045  -22.719  36.568 0.0000000000
49870  -27.402  -21.222  42.645 0.0000000000
146913  -26.837  -21.116  41.486 0.0000000000
49906  -27.479  -21.394  40.836 0.0000000000
48997  -27.831  -21.982  37.763 0.0000000000
48930  -22.066  -22.770  45.481 0.0000000000
126501  -21.537  -22.365  41.122 0.0000000000
48956  -21.274  -23.079  41.542 0.0000000000
128831  -20.689  -23.401  39.844 0.0000000000
48117  -20.593  -24.735  38.416 0.0000000000
77787  -48.911  6.006  28.400 0.0000000000
78809  -47.601  6.461  26.705 0.0000000000
79862  -49.155  6.592  27.975 0.0000000000
81728  -51.301  8.788  27.682 0.0000000000
80817  -49.703  8.079  26.510 0.0000000000
81735  -50.406  9.065  25.651 0.0000000000
81742  -50.096  8.991  24.620 0.0000000000
82630  -51.169  9.721  25.425 0.0000000000
132114  -51.880  10.568  24.460 0.0000000000
82632  -51.975  10.220  26.173 0.0000000000
60434  -33.128  -11.516  34.222 0.0000000000
59387  -32.120  -12.785  32.345 0.0000000000
68965  -37.927  -4.492  27.773 0.0000000000
124713  -38.268  -4.088  29.541 0.0000000000
70847  -37.822  -2.499  34.123 0.0000000000
69907  -37.493  -2.947  32.504 0.0000000000
70848  -38.609  -2.060  33.809 0.0000000000
125592  -42.414  -3.073  32.699 0.0000000000
69911  -41.362  -3.791  32.343 0.0000000000
68867  -41.975  -4.177  32.169 0.0000000000
67902  -41.130  -4.692  30.912 0.0000000000
67884  -42.592  -4.882  31.386 0.0000000000
149769  -43.154  -5.056  31.015 0.0000000000
68870  -44.289  -4.115  32.347 0.0000000000
42823  -11.898  -28.878  46.017 0.0000000000
42800  -11.333  -29.426  47.294 0.0000000000
142710  -11.162  -29.474  47.990 0.0000000000
41833  -11.124  -29.928  46.868 0.0000000000
40824  -10.384  -31.411  46.077 0.0000000000
40839  -11.105  -31.145  44.850 0.0000000000
36645  -7.881  -35.975  46.668 0.0000000000
37636  -7.657  -34.270  48.376 0.0000000000
36639  -7.172  -36.015  47.375 0.0000000000
33637  -5.611  -38.864  48.554 0.0000000000
35634  -5.426  -37.161  48.595 0.0000000000
34616  -4.651  -36.964  49.005 0.0000000000
35616  -4.232  -35.355  50.154 0.0000000000
139418  -3.932  -36.436  49.417 0.0000000000
50804  -30.657  -20.303  49.078 0.0000000000
70872  -47.578  -2.167  31.482 0.0000000000
70888  -46.279  -1.966  30.501 0.0000000000
71832  -47.906  -1.178  30.900 0.0000000000
63606  -35.793  -9.336  37.269 0.0000000000
48107  -19.824  -24.567  39.486 0.0000000000
48091  -18.665  -24.549  40.362 0.0000000000
40717  -8.524  -31.713  52.552 0.0000000000
39730  -7.481  -32.554  51.740 0.0000000000
54145  -28.305  -18.606  38.019 0.0000000000
55222  -28.336  -17.094  40.361 0.0000000000
57316  -28.351  -15.438  41.387 0.0000000000
59284  -34.868  -12.065  41.305 0.0000000000
49921  -21.584  -22.185  39.260 0.0000000000
49953  -22.391  -22.380  37.697 0.0000000000
50958  -22.663  -20.641  39.297 0.0000000000
50975  -24.094  -20.564  38.193 0.0000000000
50976  -25.782  -21.113  37.975 0.0000000000
49891  -29.488  -21.020  41.753 0.0000000000
49907  -27.894  -21.525  40.568 0.0000000000
49909  -29.021  -21.167  40.430 0.0000000000
49941  -28.943  -21.398  38.563 0.0000000000
50992  -29.747  -21.030  36.960 0.0000000000
49815  -22.745  -21.592  46.532 0.0000000000
49827  -22.453  -22.012  45.772 0.0000000000
50888  -22.656  -21.424  44.144 0.0000000000
50919  -22.211  -21.521  42.517 0.0000000000
75896  -42.739  1.489  26.840 0.0000000000
79906  -46.771  6.267  23.177 0.0000000000
79851  -51.827  6.728  29.671 0.0000000000
79855  -50.131  6.925  28.442 0.0000000000
63668  -32.868  -9.925  32.961 0.0000000000
67920  -35.033  -4.748  29.069 0.0000000000
68903  -36.720  -3.465  30.295 0.0000000000
71788  -41.215  -0.945  35.601 0.0000000000
71815  -40.498  -1.346  34.010 0.0000000000
148761  -41.734  -0.737  34.746 0.0000000000
47047  -15.012  -24.713  43.865 0.0000000000
47028  -14.770  -24.901  44.704 0.0000000000
45903  -13.285  -26.124  47.139 0.0000000000
44857  -12.905  -27.095  45.854 0.0000000000
125635  -12.292  -28.562  45.161 0.0000000000
42835  -11.770  -29.834  44.810 0.0000000000
41862  -11.603  -30.672  44.243 0.0000000000
41876  -12.142  -30.641  43.392 0.0000000000
138814  -30.175  -18.787  42.838 0.0000000000
55194  -29.995  -17.924  42.956 0.0000000000
127818  -30.491  -17.685  44.506 0.0000000000
57284  -30.566  -16.567  45.646 0.0000000000
51935  -26.191  -19.824  45.496 0.0000000000
50890  -26.375  -20.593  43.783 0.0000000000
50892  -27.526  -20.789  44.699 0.0000000000
49840  -28.166  -20.949  44.599 0.0000000000
49854  -28.363  -21.112  43.896 0.0000000000
126933  -30.549  -20.446  46.721 0.0000000000
145216  -29.977  -20.711  45.318 0.0000000000
49856  -29.657  -20.960  43.863 0.0000000000
50922  -30.422  -20.184  43.188 0.0000000000
53035  -30.590  -19.369  43.551 0.0000000000
52994  -27.087  -19.617  48.017 0.0000000000
69956  -41.540  -3.561  29.219 0.0000000000
70911  -40.718  -2.865  27.653 0.0000000000
70900  -41.921  -2.225  28.719 0.0000000000
71857  -42.174  -1.283  28.617 0.0000000000
72845  -43.075  0.132  28.909 0.0000000000
72835  -45.635  -0.671  30.071 0.0000000000
73832  -44.742  0.814  29.360 0.0000000000
73831  -43.219  0.952  28.517 0.0000000000
75886  -43.748  2.166  28.092 0.0000000000
76832  -44.436  3.424  27.324 0.0000000000
77783  -45.542  4.413  27.300 0.0000000000
130210  -46.005  5.133  26.811 0.0000000000
77785  -47.052  4.768  28.194 0.0000000000
77774  -48.190  4.812  28.872 0.0000000000
127479  -49.554  5.009  29.264 0.0000000000
75881  -50.402  3.480  30.112 0.0000000000
78791  -51.048  5.657  29.602 0.0000000000
146252  -32.479  -12.623  36.492 0.0000000000
59363  -32.384  -12.352  35.590 0.0000000000
59364  -33.037  -11.944  35.986 0.0000000000
61455  -33.715  -11.179  34.935 0.0000000000
62558  -33.802  -10.460  34.737 0.0000000000
135373  -35.352  -9.726  36.457 0.0000000000
63634  -34.506  -9.459  35.403 0.0000000000
63652  -33.587  -9.678  34.253 0.0000000000
141644  -33.070  -8.593  33.445 0.0000000000
66880  -33.496  -6.630  33.203 0.0000000000
67866  -33.644  -5.583  32.887 0.0000000000
68861  -34.430  -4.136  32.346 0.0000000000
148325  -35.604  -4.022  34.172 0.0000000000
69885  -37.206  -3.020  34.676 0.0000000000
70805  -38.742  -2.453  35.709 0.0000000000
69868  -39.474  -2.863  36.952 0.0000000000
71771  -40.486  -1.507  36.173 0.0000000000
48053  -17.847  -24.395  43.529 0.0000000000
48075  -18.152  -24.366  41.206 0.0000000000
125916  -17.165  -24.392  41.808 0.0000000000
48063  -16.521  -24.426  42.600 0.0000000000
145050  -15.109  -25.220  42.140 0.0000000000
59345  -28.641  -13.530  36.694 0.0000000000
59331  -30.229  -13.036  37.020 0.0000000000
56305  -29.915  -16.630  43.016 0.0000000000
57310  -29.598  -15.548  42.791 0.0000000000
58275  -29.041  -14.221  42.004 0.0000000000
125535  -29.599  -13.715  42.300 0.0000000000
59294  -29.241  -13.035  40.718 0.0000000000
59306  -30.668  -12.720  39.589 0.0000000000
125209  -31.569  -12.844  38.329 0.0000000000
125680  -32.040  -12.880  37.248 0.0000000000
59334  -33.535  -12.670  37.875 0.0000000000
59336  -34.493  -12.182  38.028 0.0000000000
60378  -35.538  -11.748  38.435 0.0000000000
59297  -35.905  -11.973  40.582 0.0000000000
60368  -36.505  -11.402  39.464 0.0000000000
50930  -26.442  -20.867  41.226 0.0000000000
50960  -26.496  -21.171  39.283 0.0000000000
136184  -26.769  -21.675  37.694 0.0000000000
48970  -27.478  -21.486  39.770 0.0000000000
49940  -27.023  -21.615  38.117 0.0000000000
47053  -21.357  -24.871  44.339 0.0000000000
48067  -21.030  -24.350  42.559 0.0000000000
130281  -21.676  -22.861  43.345 0.0000000000
48080  -21.166  -23.736  42.140 0.0000000000
48093  -20.188  -24.025  40.346 0.0000000000
47117  -20.070  -25.048  38.720 0.0000000000
78818  -46.411  6.043  25.426 0.0000000000
79883  -46.803  6.512  24.947 0.0000000000
79885  -47.766  7.231  25.081 0.0000000000
80806  -49.366  7.439  27.010 0.0000000000
80816  -49.088  7.755  26.130 0.0000000000
80833  -48.257  7.640  23.549 0.0000000000
80834  -48.827  8.061  23.080 0.0000000000
81756  -49.507  8.419  22.747 0.0000000000
81761  -50.494  8.660  21.587 0.0000000000
82646  -51.317  10.046  22.874 0.0000000000
83492  -52.161  10.922  24.030 0.0000000000
39771  -9.259  -32.582  47.030 0.0000000000
38702  -8.755  -33.060  47.689 0.0000000000
38711  -8.884  -33.411  46.675 0.0000000000
59386  -31.838  -12.816  33.145 0.0000000000
68950  -39.531  -3.939  28.509 0.0000000000
133007  -35.221  -3.431  31.732 0.0000000000
68863  -37.258  -3.156  31.788 0.0000000000
68884  -37.955  -3.507  31.157 0.0000000000
69895  -40.065  -2.751  32.770 0.0000000000
68865  -39.332  -3.546  31.811 0.0000000000
68905  -39.223  -4.128  30.812 0.0000000000
67921  -39.798  -4.445  30.097 0.0000000000
146684  -40.477  -4.501  30.014 0.0000000000
137814  -41.233  -4.058  29.432 0.0000000000
67924  -42.622  -4.660  30.290 0.0000000000
68906  -43.754  -4.610  30.517 0.0000000000
68887  -45.587  -4.024  31.008 0.0000000000
41781  -10.386  -30.388  50.403 0.0000000000
132219  -10.816  -30.020  48.575 0.0000000000
40792  -9.795  -31.460  47.814 0.0000000000
39783  -9.822  -32.163  46.307 0.0000000000
38732  -10.284  -33.504  44.983 0.0000000000
38694  -8.068  -33.352  49.157 0.0000000000
38693  -7.411  -33.807  49.455 0.0000000000
37593  -6.569  -33.633  50.924 0.0000000000
35627  -6.026  -36.182  48.589 0.0000000000
147866  -6.109  -34.830  49.701 0.0000000000
37592  -5.874  -33.971  51.233 0.0000000000
36611  -4.799  -34.550  51.100 0.0000000000
37589  -3.997  -34.414  51.237 0.0000000000
131549  -3.367  -38.835  48.624 0.0000000000
35624  -3.685  -36.245  49.324 0.0000000000
40749  -9.975  -31.057  50.065 0.0000000000
40768  -9.572  -31.591  49.446 0.0000000000
55224  -29.246  -18.508  41.199 0.0000000000
133210  -24.349  -20.291  43.674 0.0000000000
51957  -24.447  -20.464  43.049 0.0000000000
51958  -25.394  -20.522  43.225 0.0000000000
124645  -29.701  -19.173  41.678 0.0000000000
53064  -29.125  -19.525  40.061 0.0000000000
51934  -25.041  -19.617  45.390 0.0000000000
135786  -24.845  -19.849  44.713 0.0000000000
51946  -23.947  -20.128  44.442 0.0000000000
77805  -45.203  4.888  25.291 0.0000000000
66894  -32.565  -6.992  31.047 0.0000000000
66910  -32.998  -6.237  30.497 0.0000000000
67898  -33.274  -5.181  30.860 0.0000000000
68880  -33.749  -4.528  31.634 0.0000000000
44888  -13.618  -27.769  42.340 0.0000000000
43809  -13.506  -28.466  42.313 0.0000000000
128071  -31.094  -18.061  46.370 0.0000000000
55156  -31.104  -17.723  46.908 0.0000000000
55144  -31.272  -17.803  47.627 0.0000000000
51891  -29.466  -20.766  48.754 0.0000000000
50822  -29.188  -20.827  47.803 0.0000000000
50803  -30.095  -20.617  48.986 0.0000000000
146285  -31.551  -18.483  47.414 0.0000000000
142888  -31.536  -18.808  46.703 0.0000000000
53008  -31.250  -18.595  46.089 0.0000000000
51872  -28.971  -20.521  49.406 0.0000000000
69939  -45.157  -2.879  30.307 0.0000000000
128644  -44.705  -2.926  30.151 0.0000000000
70887  -45.583  -2.183  30.324 0.0000000000
129223  -47.699  1.710  29.945 0.0000000000
73822  -46.997  1.397  29.867 0.0000000000
74812  -47.450  2.209  29.694 0.0000000000
75889  -47.165  2.829  29.363 0.0000000000
75878  -47.934  2.875  29.585 0.0000000000
75890  -47.706  3.384  29.346 0.0000000000
75879  -48.770  2.955  29.796 0.0000000000
61426  -35.553  -11.097  37.073 0.0000000000
60406  -35.039  -11.396  36.759 0.0000000000
150181  -36.203  -6.254  37.075 0.0000000000
66868  -35.545  -6.432  36.212 0.0000000000
66867  -35.248  -6.064  35.540 0.0000000000
68838  -36.592  -4.612  35.958 0.0000000000
67837  -36.617  -5.174  36.531 0.0000000000
48065  -20.286  -24.352  42.086 0.0000000000
47067  -19.867  -24.668  42.766 0.0000000000
84303  -53.116  11.936  23.380 0.0000000000
149460  -6.882  -32.576  52.824 0.0000000000
38637  -6.441  -32.796  53.029 0.0000000000
38647  -6.046  -33.246  52.469 0.0000000000
57324  -27.851  -15.279  40.648 0.0000000000
57323  -27.694  -14.578  40.027 0.0000000000
58292  -27.952  -13.761  39.677 0.0000000000
59304  -28.562  -13.242  40.213 0.0000000000
58236  -30.015  -14.443  45.371 0.0000000000
59228  -30.210  -13.466  45.485 0.0000000000
59269  -33.225  -12.311  42.036 0.0000000000
59268  -32.626  -12.527  42.504 0.0000000000
142074  -33.260  -12.436  41.301 0.0000000000
143362  -32.852  -12.615  40.705 0.0000000000
125221  -33.549  -12.491  40.599 0.0000000000
125216  -33.793  -12.550  39.738 0.0000000000
125220  -34.276  -12.337  40.565 0.0000000000
48129  -21.943  -24.214  37.495 0.0000000000
49871  -27.840  -21.384  42.492 0.0000000000
49888  -27.451  -21.347  41.799 0.0000000000
49920  -21.047  -22.900  39.664 0.0000000000
48982  -20.942  -23.383  39.077 0.0000000000
48118  -21.170  -24.472  37.932 0.0000000000
79908  -47.957  6.782  22.081 0.0000000000
78794  -49.395  6.095  28.610 0.0000000000
79854  -49.624  6.655  28.322 0.0000000000
81731  -50.952  8.920  27.088 0.0000000000
81736  -50.981  9.328  26.347 0.0000000000
82631  -51.528  9.849  26.042 0.0000000000
82626  -52.215  10.149  26.932 0.0000000000
60444  -32.859  -11.516  33.251 0.0000000000
68948  -36.669  -4.211  28.815 0.0000000000
68949  -37.584  -4.137  28.718 0.0000000000
70834  -39.105  -1.751  34.427 0.0000000000
69898  -43.265  -3.319  32.670 0.0000000000
68850  -42.597  -3.756  32.416 0.0000000000
67869  -42.327  -4.619  31.757 0.0000000000
68868  -42.823  -4.320  32.094 0.0000000000
67870  -43.224  -4.617  31.870 0.0000000000
68869  -43.598  -4.215  32.210 0.0000000000
42822  -11.602  -29.637  45.677 0.0000000000
42801  -11.723  -28.844  46.966 0.0000000000
42812  -11.481  -29.465  46.504 0.0000000000
139168  -11.181  -30.131  46.142 0.0000000000
40838  -10.914  -30.866  45.743 0.0000000000
34624  -4.762  -38.049  48.792 0.0000000000
34615  -4.131  -37.077  49.083 0.0000000000
35625  -4.341  -36.217  49.550 0.0000000000
131186  -36.260  -9.175  38.585 0.0000000000
47116  -19.427  -25.329  38.934 0.0000000000
40730  -8.732  -31.834  51.731 0.0000000000
137047  -8.228  -32.278  51.292 0.0000000000
39720  -8.053  -32.149  52.163 0.0000000000
38664  -7.647  -32.775  50.896 0.0000000000
54146  -28.713  -19.218  38.342 0.0000000000
55236  -28.420  -17.806  39.834 0.0000000000
56319  -28.319  -16.317  40.929 0.0000000000
56313  -28.848  -16.388  41.665 0.0000000000
50957  -21.977  -21.381  39.776 0.0000000000
50973  -22.234  -21.414  38.773 0.0000000000
51986  -22.509  -20.708  40.259 0.0000000000
129678  -24.922  -20.282  40.858 0.0000000000
51988  -24.255  -20.184  40.344 0.0000000000
137464  -24.544  -20.309  39.259 0.0000000000
143191  -25.099  -20.639  38.347 0.0000000000
50959  -25.833  -20.780  39.118 0.0000000000
50931  -29.907  -20.528  41.778 0.0000000000
144020  -29.116  -21.224  41.104 0.0000000000
130891  -29.497  -20.692  41.017 0.0000000000
50961  -29.243  -20.106  39.809 0.0000000000
130829  -29.277  -20.672  40.089 0.0000000000
49925  -29.173  -20.675  39.011 0.0000000000
49942  -29.409  -21.262  37.788 0.0000000000
131544  -29.406  -20.639  38.182 0.0000000000
52027  -29.267  -20.052  37.680 0.0000000000
51905  -24.029  -20.196  47.505 0.0000000000
50835  -23.555  -21.168  47.996 0.0000000000
50852  -23.306  -20.779  47.047 0.0000000000
50870  -22.748  -21.280  45.512 0.0000000000
50889  -22.813  -21.175  44.785 0.0000000000
51966  -22.673  -20.806  42.062 0.0000000000
51955  -22.713  -20.940  42.963 0.0000000000
50941  -21.943  -21.499  40.716 0.0000000000
75905  -43.235  2.191  26.568 0.0000000000
64725  -32.739  -9.076  32.885 0.0000000000
62591  -32.569  -10.219  31.928 0.0000000000
63667  -32.527  -9.485  32.156 0.0000000000
68920  -34.714  -4.228  29.687 0.0000000000
68921  -35.491  -3.940  29.524 0.0000000000
68902  -35.952  -3.497  30.066 0.0000000000
71773  -41.958  -0.850  36.584 0.0000000000
70837  -44.067  -2.272  33.508 0.0000000000
47027  -14.329  -25.348  44.282 0.0000000000
45936  -13.803  -25.989  44.690 0.0000000000
45935  -13.625  -26.041  45.485 0.0000000000
45918  -13.280  -26.373  46.168 0.0000000000
140778  -13.239  -26.633  45.495 0.0000000000
43794  -12.515  -28.667  44.333 0.0000000000
150021  -11.937  -29.222  45.251 0.0000000000
41863  -12.053  -29.919  43.926 0.0000000000
144922  -12.436  -29.977  43.247 0.0000000000
127846  -30.237  -18.394  43.244 0.0000000000
55182  -30.282  -17.882  43.675 0.0000000000
148338  -30.704  -17.083  46.016 0.0000000000
56270  -30.647  -16.741  46.439 0.0000000000
50853  -27.140  -20.219  45.761 0.0000000000
50871  -27.010  -20.458  45.009 0.0000000000
50854  -27.887  -20.488  46.038 0.0000000000
49817  -28.522  -20.652  45.580 0.0000000000
49828  -28.066  -20.825  45.084 0.0000000000
49829  -28.595  -20.768  45.190 0.0000000000
49841  -28.817  -20.907  44.659 0.0000000000
50825  -30.975  -20.198  48.374 0.0000000000
50824  -30.405  -20.548  48.259 0.0000000000
50874  -30.823  -20.184  45.541 0.0000000000
149218  -30.443  -20.460  45.307 0.0000000000
49843  -30.247  -20.643  44.919 0.0000000000
49857  -30.188  -20.616  44.334 0.0000000000
49874  -30.129  -20.651  43.530 0.0000000000
50908  -30.505  -20.153  44.046 0.0000000000
53036  -30.713  -19.055  44.108 0.0000000000
125344  -30.453  -18.895  43.417 0.0000000000
53042  -30.293  -19.233  42.727 0.0000000000
51889  -27.901  -20.077  48.190 0.0000000000
51907  -27.636  -20.048  47.332 0.0000000000
51906  -26.741  -19.604  47.267 0.0000000000
69935  -42.409  -3.656  29.567 0.0000000000
69957  -41.918  -3.014  29.124 0.0000000000
70883  -42.671  -2.879  29.409 0.0000000000
71845  -43.830  -1.792  29.679 0.0000000000
71844  -42.870  -1.963  29.290 0.0000000000
71858  -43.105  -0.877  29.273 0.0000000000
143889  -43.750  -0.221  29.363 0.0000000000
71849  -46.637  -1.096  30.356 0.0000000000
71848  -45.960  -1.374  30.289 0.0000000000
72836  -46.316  -0.492  30.193 0.0000000000
150355  -45.624  1.106  29.505 0.0000000000
72847  -45.252  0.107  29.741 0.0000000000
134945  -43.896  0.550  29.168 0.0000000000
74823  -44.063  1.471  28.795 0.0000000000
75887  -44.735  2.269  28.609 0.0000000000
76824  -46.358  3.392  28.788 0.0000000000
75899  -45.022  3.074  28.278 0.0000000000
76833  -45.214  3.790  27.767 0.0000000000
76844  -44.766  3.987  26.831 0.0000000000
77784  -46.379  4.678  27.809 0.0000000000
76835  -46.722  4.158  28.496 0.0000000000
76827  -48.686  4.315  29.286 0.0000000000
77775  -49.021  5.261  28.992 0.0000000000
77764  -50.841  5.006  29.662 0.0000000000
59349  -33.010  -12.368  36.674 0.0000000000
61442  -34.665  -11.130  36.154 0.0000000000
60419  -34.041  -11.363  35.801 0.0000000000
135302  -35.647  -9.725  36.906 0.0000000000
132470  -35.495  -9.148  36.741 0.0000000000
134432  -34.701  -7.933  35.419 0.0000000000
63620  -34.817  -9.147  35.791 0.0000000000
64704  -34.554  -8.776  35.371 0.0000000000
63633  -34.120  -9.126  34.818 0.0000000000
64712  -33.622  -8.662  34.145 0.0000000000
66874  -34.432  -6.060  34.236 0.0000000000
65770  -34.034  -6.956  34.015 0.0000000000
148061  -33.981  -6.117  33.582 0.0000000000
67858  -34.212  -5.307  33.549 0.0000000000
67859  -34.735  -4.965  34.115 0.0000000000
68843  -35.393  -4.607  34.609 0.0000000000
68839  -37.229  -4.082  36.085 0.0000000000
69874  -36.667  -3.795  35.225 0.0000000000
69875  -37.483  -3.349  35.533 0.0000000000
70817  -37.766  -2.699  35.004 0.0000000000
69876  -38.191  -2.859  35.679 0.0000000000
69869  -40.215  -2.734  37.420 0.0000000000
146795  -40.781  -2.036  37.221 0.0000000000
70807  -40.011  -2.215  36.631 0.0000000000
71772  -41.174  -1.338  36.635 0.0000000000
144685  -19.180  -24.600  43.145 0.0000000000
47048  -18.671  -24.592  43.898 0.0000000000
47101  -18.207  -25.167  39.671 0.0000000000
47100  -17.707  -24.788  40.304 0.0000000000
47085  -16.389  -24.820  41.102 0.0000000000
47086  -17.188  -24.573  40.879 0.0000000000
142266  -16.232  -24.596  41.863 0.0000000000
48062  -15.669  -24.729  42.347 0.0000000000
47084  -15.588  -25.191  41.521 0.0000000000
38645  -4.239  -33.483  52.481 0.0000000000
135735  -27.217  -16.482  37.090 0.0000000000
58310  -27.598  -14.823  36.382 0.0000000000
145926  -28.565  -13.161  38.332 0.0000000000
59330  -29.258  -13.105  37.572 0.0000000000
149383  -29.409  -13.164  36.884 0.0000000000
126625  -30.463  -12.920  38.087 0.0000000000
55181  -30.093  -17.376  43.324 0.0000000000
129500  -29.739  -17.357  42.647 0.0000000000
57300  -29.780  -14.754  43.355 0.0000000000
57317  -28.912  -15.277  42.104 0.0000000000
59283  -30.952  -12.977  41.927 0.0000000000
59266  -30.319  -13.250  42.722 0.0000000000
59282  -29.994  -13.211  41.799 0.0000000000
140381  -29.200  -13.523  41.497 0.0000000000
128004  -29.786  -13.048  41.142 0.0000000000
59295  -30.160  -12.832  40.453 0.0000000000
149920  -32.374  -12.750  39.166 0.0000000000
125214  -31.721  -12.733  39.207 0.0000000000
125213  -32.332  -12.802  38.638 0.0000000000
125208  -32.204  -12.909  37.954 0.0000000000
59333  -32.866  -12.788  37.720 0.0000000000
125210  -34.521  -12.371  39.138 0.0000000000
59335  -34.152  -12.503  37.868 0.0000000000
59320  -34.532  -12.321  38.609 0.0000000000
59337  -35.047  -11.852  37.869 0.0000000000
125259  -35.207  -12.006  38.655 0.0000000000
59285  -36.104  -11.702  41.299 0.0000000000
149889  -35.543  -11.922  41.110 0.0000000000
59286  -36.669  -11.557  41.136 0.0000000000
61401  -36.661  -11.057  39.108 0.0000000000
49954  -23.122  -22.232  37.292 0.0000000000
49008  -22.568  -22.959  37.369 0.0000000000
49009  -23.516  -23.080  36.962 0.0000000000
50905  -26.320  -20.718  43.036 0.0000000000
137340  -26.614  -20.937  42.298 0.0000000000
141108  -26.807  -21.157  40.648 0.0000000000
49922  -26.796  -21.297  39.706 0.0000000000
49939  -26.762  -21.410  38.662 0.0000000000
48971  -28.104  -21.558  39.918 0.0000000000
48984  -27.882  -21.683  38.957 0.0000000000
47070  -21.176  -24.711  43.348 0.0000000000
148031  -21.265  -24.226  42.897 0.0000000000
49852  -22.111  -22.159  43.927 0.0000000000
49838  -21.906  -22.512  44.655 0.0000000000
146198  -20.705  -23.484  40.519 0.0000000000
48955  -20.920  -23.554  41.183 0.0000000000
48094  -20.643  -23.726  40.839 0.0000000000
48108  -20.279  -24.220  39.274 0.0000000000
78807  -45.933  5.461  25.827 0.0000000000
78808  -46.794  5.904  26.536 0.0000000000
79868  -48.210  6.774  26.882 0.0000000000
79874  -47.142  6.485  25.875 0.0000000000
131364  -47.346  6.839  25.334 0.0000000000
80798  -50.909  7.242  28.637 0.0000000000
79863  -49.627  7.150  27.814 0.0000000000
80797  -50.335  7.547  28.027 0.0000000000
126499  -48.952  7.954  25.040 0.0000000000
80824  -48.298  7.636  24.585 0.0000000000
80825  -48.778  8.115  24.032 0.0000000000
82640  -50.502  9.388  23.926 0.0000000000
81751  -49.938  8.900  23.518 0.0000000000
81757  -50.221  8.887  22.449 0.0000000000
81758  -50.957  9.487  22.041 0.0000000000
83487  -52.353  10.657  25.556 0.0000000000
134645  -52.257  10.781  24.786 0.0000000000
147773  -52.536  11.187  24.383 0.0000000000
83488  -52.723  11.155  25.041 0.0000000000
38721  -9.128  -33.730  45.957 0.0000000000
147557  -32.757  -12.127  34.914 0.0000000000
144008  -32.057  -12.447  34.392 0.0000000000
59376  -32.347  -12.229  34.074 0.0000000000
142164  -38.448  -4.083  28.679 0.0000000000
125930  -38.819  -4.071  27.877 0.0000000000
142424  -39.358  -3.875  27.677 0.0000000000
135332  -35.408  -3.625  32.802 0.0000000000
68862  -36.485  -3.120  32.624 0.0000000000
68883  -36.992  -3.313  31.064 0.0000000000
68864  -38.287  -3.266  31.788 0.0000000000
71816  -41.231  -1.664  33.526 0.0000000000
70850  -40.467  -2.072  33.271 0.0000000000
68866  -40.392  -4.006  31.883 0.0000000000
69910  -40.670  -3.588  32.342 0.0000000000
68885  -38.890  -3.744  31.219 0.0000000000
68886  -39.831  -4.171  31.264 0.0000000000
67900  -38.994  -4.240  30.252 0.0000000000
67901  -39.813  -4.413  30.670 0.0000000000
67903  -41.834  -4.893  30.893 0.0000000000
67922  -41.189  -4.626  30.438 0.0000000000
68926  -41.055  -4.423  29.834 0.0000000000
148374  -41.623  -4.398  29.846 0.0000000000
68927  -42.080  -4.281  29.789 0.0000000000
67886  -43.963  -4.773  31.433 0.0000000000
67906  -44.199  -4.772  30.950 0.0000000000
68907  -44.373  -4.456  30.578 0.0000000000
142292  -45.189  -4.436  31.419 0.0000000000
41819  -10.891  -30.020  47.576 0.0000000000
41806  -10.290  -30.681  48.798 0.0000000000
40811  -10.060  -31.347  47.029 0.0000000000
137633  -10.503  -32.772  44.776 0.0000000000
133699  -10.307  -32.108  45.349 0.0000000000
38710  -8.382  -33.883  47.220 0.0000000000
39760  -8.659  -32.842  48.684 0.0000000000
38701  -8.161  -33.662  48.257 0.0000000000
37635  -7.222  -34.404  48.905 0.0000000000
38679  -6.953  -33.734  50.165 0.0000000000
37621  -6.724  -34.351  49.589 0.0000000000
34636  -6.823  -37.654  47.806 0.0000000000
35642  -6.979  -36.912  47.477 0.0000000000
35635  -6.288  -37.110  47.983 0.0000000000
35626  -5.144  -36.283  49.210 0.0000000000
36625  -5.695  -35.491  49.448 0.0000000000
36618  -5.466  -34.916  50.129 0.0000000000
37620  -6.155  -34.291  50.399 0.0000000000
37606  -5.364  -34.494  50.842 0.0000000000
37591  -5.195  -34.196  51.511 0.0000000000
36617  -4.772  -34.916  50.508 0.0000000000
36610  -4.325  -34.713  50.850 0.0000000000
36609  -3.960  -34.885  50.531 0.0000000000
34622  -3.412  -37.738  48.632 0.0000000000
54139  -28.639  -18.639  39.332 0.0000000000
54131  -28.842  -18.300  40.480 0.0000000000
55223  -29.067  -17.892  41.210 0.0000000000
133868  -29.341  -17.377  41.872 0.0000000000
51967  -23.210  -20.569  42.619 0.0000000000
51987  -23.226  -20.320  40.724 0.0000000000
131827  -23.498  -20.362  41.999 0.0000000000
131941  -24.279  -20.275  41.974 0.0000000000
51978  -25.000  -20.351  41.562 0.0000000000
51980  -30.174  -19.635  42.121 0.0000000000
51979  -29.874  -20.020  41.392 0.0000000000
51990  -29.408  -19.764  40.596 0.0000000000
52001  -29.105  -19.831  39.584 0.0000000000
53063  -28.919  -19.344  39.336 0.0000000000
52992  -25.728  -19.371  47.486 0.0000000000
51923  -24.951  -19.576  46.995 0.0000000000
51922  -24.099  -19.844  46.369 0.0000000000
51932  -23.184  -20.587  45.079 0.0000000000
51956  -23.470  -20.554  43.367 0.0000000000
76842  -43.711  2.840  26.061 0.0000000000
78817  -45.710  5.499  24.832 0.0000000000
59360  -29.530  -13.548  35.277 0.0000000000
65776  -32.685  -8.172  32.706 0.0000000000
134420  -32.437  -9.012  31.499 0.0000000000
64737  -32.421  -8.317  31.744 0.0000000000
64746  -32.529  -8.493  30.829 0.0000000000
67899  -33.902  -4.751  29.982 0.0000000000
68901  -34.484  -3.893  30.447 0.0000000000
45972  -14.002  -26.436  42.799 0.0000000000
45960  -13.530  -26.961  43.459 0.0000000000
45948  -13.427  -26.691  44.319 0.0000000000
44867  -13.035  -27.171  44.972 0.0000000000
44874  -13.113  -27.495  44.034 0.0000000000
43802  -12.864  -28.342  43.757 0.0000000000
42854  -12.939  -29.646  42.814 0.0000000000
54103  -30.657  -18.259  44.890 0.0000000000
55174  -30.647  -17.749  45.261 0.0000000000
56258  -30.855  -17.265  46.704 0.0000000000
56257  -30.828  -16.882  47.203 0.0000000000
51908  -28.458  -20.535  47.399 0.0000000000
50836  -28.459  -20.566  46.440 0.0000000000
50837  -28.953  -20.690  46.896 0.0000000000
50856  -29.183  -20.640  46.526 0.0000000000
50841  -31.195  -19.995  46.928 0.0000000000
51926  -31.521  -19.354  46.787 0.0000000000
50875  -31.191  -19.755  45.983 0.0000000000
143290  -31.232  -19.491  45.487 0.0000000000
51949  -30.852  -19.799  44.498 0.0000000000
53019  -31.247  -19.108  45.494 0.0000000000
130778  -30.984  -18.694  45.231 0.0000000000
69937  -44.110  -3.370  30.042 0.0000000000
70885  -44.369  -2.493  29.964 0.0000000000
71846  -44.644  -1.682  29.962 0.0000000000
139209  -47.257  0.580  30.158 0.0000000000
132606  -46.638  0.432  30.054 0.0000000000
74825  -46.292  1.744  29.510 0.0000000000
74824  -45.600  2.113  29.143 0.0000000000
139284  -46.386  2.589  29.228 0.0000000000
76825  -47.152  3.607  29.029 0.0000000000
76815  -49.107  3.744  29.568 0.0000000000
59351  -34.157  -11.934  36.949 0.0000000000
61457  -34.799  -10.567  35.952 0.0000000000
65754  -35.630  -7.664  36.935 0.0000000000
64696  -35.321  -8.356  36.510 0.0000000000
65760  -35.369  -7.382  36.400 0.0000000000
65759  -35.068  -7.891  36.024 0.0000000000
65763  -34.418  -7.422  34.739 0.0000000000
149550  -34.717  -7.294  35.228 0.0000000000
67846  -35.494  -5.238  35.270 0.0000000000
47033  -20.880  -25.295  44.533 0.0000000000
47050  -20.277  -24.956  43.406 0.0000000000
47066  -19.089  -24.439  42.474 0.0000000000
142185  -17.468  -25.523  39.791 0.0000000000
46008  -15.442  -26.503  40.568 0.0000000000
83501  -52.185  10.984  22.417 0.0000000000
84311  -52.605  11.426  22.006 0.0000000000
84312  -53.259  11.932  21.543 0.0000000000
56328  -27.532  -16.099  39.370 0.0000000000
56339  -27.339  -16.374  38.630 0.0000000000
57337  -27.319  -15.417  38.870 0.0000000000
137662  -27.433  -14.636  38.287 0.0000000000
59316  -27.674  -14.102  37.798 0.0000000000
58298  -27.867  -13.710  38.615 0.0000000000
150376  -29.356  -12.680  39.137 0.0000000000
57289  -30.434  -16.138  44.140 0.0000000000
141201  -30.309  -15.627  44.579 0.0000000000
58247  -30.068  -14.766  44.670 0.0000000000
58260  -29.995  -14.241  44.008 0.0000000000
60318  -31.748  -12.826  43.858 0.0000000000
124811  -31.920  -12.986  42.998 0.0000000000
125111  -31.910  -12.742  42.137 0.0000000000
125222  -31.851  -12.729  41.085 0.0000000000
125219  -31.274  -12.768  40.215 0.0000000000
141732  -32.826  -12.793  39.095 0.0000000000
125207  -33.525  -12.759  38.317 0.0000000000
125212  -33.282  -12.817  39.172 0.0000000000
125211  -33.927  -12.581  39.037 0.0000000000
59307  -35.212  -12.233  39.837 0.0000000000
60335  -37.163  -11.216  41.268 0.0000000000
49955  -24.284  -22.185  36.871 0.0000000000
49853  -27.368  -21.049  43.330 0.0000000000
49869  -27.097  -21.077  42.738 0.0000000000
49887  -27.068  -21.226  42.048 0.0000000000
49905  -27.128  -21.247  41.168 0.0000000000
134396  -27.115  -21.361  40.217 0.0000000000
48998  -28.447  -21.766  38.155 0.0000000000
48937  -21.742  -23.277  44.677 0.0000000000
49886  -21.720  -22.311  42.017 0.0000000000
48969  -21.028  -23.017  40.627 0.0000000000
48109  -20.695  -23.914  38.914 0.0000000000
47132  -21.159  -25.354  37.792 0.0000000000
78800  -47.872  5.845  27.849 0.0000000000
142607  -47.479  6.043  27.252 0.0000000000
78810  -48.080  6.405  27.387 0.0000000000
79861  -48.692  6.715  27.396 0.0000000000
79869  -49.133  7.004  27.402 0.0000000000
80807  -49.993  7.782  27.295 0.0000000000
80802  -50.634  8.248  27.548 0.0000000000
81730  -50.372  8.563  26.693 0.0000000000
81741  -49.427  8.491  24.385 0.0000000000
82634  -50.769  9.573  24.666 0.0000000000
82641  -51.078  9.864  23.783 0.0000000000
82635  -51.423  10.141  24.546 0.0000000000
82636  -51.811  10.307  25.285 0.0000000000
83481  -52.456  10.553  26.256 0.0000000000
38731  -9.633  -33.628  45.466 0.0000000000
37662  -9.339  -34.341  45.638 0.0000000000
148027  -32.384  -12.239  33.434 0.0000000000
134519  -32.645  -11.981  33.337 0.0000000000
60443  -32.393  -12.192  32.329 0.0000000000
68924  -39.096  -4.244  29.524 0.0000000000
138890  -37.160  -2.842  33.920 0.0000000000
69892  -36.809  -2.966  33.330 0.0000000000
69893  -37.636  -2.695  33.258 0.0000000000
149766  -38.289  -2.472  33.309 0.0000000000
69894  -39.099  -2.549  32.988 0.0000000000
71817  -42.181  -2.169  33.229 0.0000000000
69897  -41.803  -3.512  32.486 0.0000000000
142277  -41.125  -4.420  31.639 0.0000000000
67882  -41.013  -4.565  31.260 0.0000000000
67868  -41.747  -4.516  31.743 0.0000000000
67883  -42.089  -4.828  31.375 0.0000000000
66896  -42.364  -5.017  31.095 0.0000000000
67904  -42.449  -4.939  30.732 0.0000000000
66897  -42.808  -5.071  31.047 0.0000000000
67871  -43.787  -4.634  31.904 0.0000000000
67872  -44.461  -4.509  31.933 0.0000000000
43781  -12.073  -28.189  46.614 0.0000000000
43775  -11.979  -28.181  47.480 0.0000000000
43774  -11.562  -28.869  47.819 0.0000000000
41832  -10.668  -30.604  46.767 0.0000000000
147474  -10.674  -31.487  45.288 0.0000000000
39805  -10.880  -31.999  44.560 0.0000000000
37660  -7.710  -35.196  47.078 0.0000000000
37649  -7.882  -34.428  47.648 0.0000000000
127351  -7.225  -35.005  48.081 0.0000000000
135817  -6.706  -35.736  48.207 0.0000000000
34625  -5.972  -37.959  48.265 0.0000000000
36624  -3.907  -35.910  49.760 0.0000000000
51874  -30.411  -20.232  49.903 0.0000000000
133772  -31.694  -18.541  48.797 0.0000000000
70871  -46.698  -2.524  30.995 0.0000000000
71831  -47.090  -1.629  30.664 0.0000000000
71850  -47.347  -0.711  30.440 0.0000000000
73824  -48.291  1.489  30.183 0.0000000000
74814  -48.771  2.235  30.144 0.0000000000
62508  -36.285  -10.402  38.154 0.0000000000
63607  -35.926  -10.048  37.402 0.0000000000
63594  -36.137  -9.674  37.974 0.0000000000
64676  -35.880  -8.809  37.745 0.0000000000
65745  -35.793  -7.859  37.517 0.0000000000
66851  -35.949  -6.934  37.300 0.0000000000
67838  -37.225  -4.995  36.977 0.0000000000
48092  -19.580  -24.363  40.330 0.0000000000
48076  -19.218  -24.347  41.146 0.0000000000
47102  -19.057  -24.833  39.584 0.0000000000
47115  -18.715  -25.702  39.186 0.0000000000
39719  -7.344  -32.399  52.566 0.0000000000
38663  -6.966  -33.058  51.346 0.0000000000
55251  -28.076  -17.905  38.741 0.0000000000
56340  -27.860  -17.008  39.357 0.0000000000
56329  -27.853  -16.240  40.111 0.0000000000
149238  -28.064  -14.812  41.133 0.0000000000
48995  -21.849  -22.902  37.880 0.0000000000
49937  -21.960  -22.244  38.322 0.0000000000
50989  -22.653  -21.670  37.881 0.0000000000
50974  -23.038  -20.814  38.335 0.0000000000
52000  -23.393  -20.239  39.813 0.0000000000
143678  -23.498  -20.322  38.939 0.0000000000
50991  -24.772  -21.179  37.483 0.0000000000
49956  -25.520  -21.865  36.942 0.0000000000
49873  -29.309  -21.264  42.471 0.0000000000
49889  -28.045  -21.501  41.514 0.0000000000
49890  -28.846  -21.407  41.666 0.0000000000
49908  -28.534  -21.491  40.743 0.0000000000
145822  -28.596  -21.390  40.014 0.0000000000
49924  -28.914  -21.168  39.594 0.0000000000
127669  -29.394  -20.386  37.949 0.0000000000
131656  -22.489  -22.594  46.443 0.0000000000
50869  -22.353  -21.885  44.913 0.0000000000
50904  -22.418  -21.530  43.349 0.0000000000
133175  -21.386  -22.238  40.230 0.0000000000
147717  -42.490  1.087  27.030 0.0000000000
137088  -50.947  6.170  29.367 0.0000000000
79856  -50.585  6.524  28.958 0.0000000000
79850  -51.276  6.746  29.241 0.0000000000
82627  -52.617  10.142  27.518 0.0000000000
62592  -32.798  -10.728  32.642 0.0000000000
71787  -40.297  -1.298  35.009 0.0000000000
70835  -39.825  -1.510  34.153 0.0000000000
71803  -41.065  -1.022  34.423 0.0000000000
145976  -41.925  -1.197  33.885 0.0000000000
70852  -43.148  -2.632  33.058 0.0000000000
70853  -43.893  -2.992  32.969 0.0000000000
69899  -43.923  -3.223  32.820 0.0000000000
47010  -14.264  -25.313  45.267 0.0000000000
44856  -12.480  -27.605  46.256 0.0000000000
43787  -12.598  -27.777  45.466 0.0000000000
142497  -12.217  -28.179  45.892 0.0000000000
40884  -11.865  -31.423  43.594 0.0000000000
54115  -29.914  -18.451  42.593 0.0000000000
141733  -29.675  -17.994  42.303 0.0000000000
141679  -30.544  -16.966  44.385 0.0000000000
56281  -30.656  -17.142  45.236 0.0000000000
57290  -30.564  -16.366  44.855 0.0000000000
56234  -31.111  -16.961  47.952 0.0000000000
51948  -26.067  -20.091  44.609 0.0000000000
50891  -26.947  -20.638  44.403 0.0000000000
50907  -27.273  -20.884  44.002 0.0000000000
148774  -27.749  -20.902  44.499 0.0000000000
49839  -27.746  -21.026  43.968 0.0000000000
137473  -28.245  -21.341  43.112 0.0000000000
50839  -30.137  -20.653  47.374 0.0000000000
49819  -29.760  -20.625  46.484 0.0000000000
49820  -30.330  -20.494  45.894 0.0000000000
49830  -29.668  -20.638  45.776 0.0000000000
49842  -29.635  -20.854  44.670 0.0000000000
131006  -29.083  -20.998  44.106 0.0000000000
49855  -28.998  -21.266  43.304 0.0000000000
138657  -29.707  -21.106  43.140 0.0000000000
50921  -29.985  -20.769  42.576 0.0000000000
51959  -30.645  -19.748  43.761 0.0000000000
51970  -30.476  -19.698  42.930 0.0000000000
53049  -29.927  -18.947  42.302 0.0000000000
52980  -26.434  -19.334  48.668 0.0000000000
70899  -41.232  -2.755  28.404 0.0000000000
71847  -45.305  -1.545  30.155 0.0000000000
72834  -44.932  -0.815  29.905 0.0000000000
73820  -45.973  0.261  29.923 0.0000000000
72846  -44.473  -0.072  29.565 0.0000000000
74832  -42.718  1.222  27.623 0.0000000000
74822  -43.286  1.604  28.133 0.0000000000
75897  -43.087  1.928  27.419 0.0000000000
133046  -43.480  2.473  27.335 0.0000000000
149995  -45.301  2.574  28.738 0.0000000000
75898  -44.137  2.808  27.782 0.0000000000
76843  -44.143  3.471  26.380 0.0000000000
77795  -44.523  3.955  26.032 0.0000000000
77796  -45.113  4.546  26.204 0.0000000000
147038  -45.542  4.991  26.002 0.0000000000
77773  -47.460  4.417  28.701 0.0000000000
128885  -47.669  5.153  28.296 0.0000000000
77786  -48.376  5.588  28.426 0.0000000000
77776  -49.726  5.538  29.101 0.0000000000
133302  -49.430  3.306  29.847 0.0000000000
76816  -49.842  3.884  29.715 0.0000000000
77763  -50.064  4.809  29.434 0.0000000000
78790  -50.425  5.718  29.284 0.0000000000
78792  -51.538  6.122  29.795 0.0000000000
59348  -31.924  -12.774  36.486 0.0000000000
59362  -31.846  -12.678  35.644 0.0000000000
59365  -33.745  -11.732  36.260 0.0000000000
147063  -33.346  -11.677  35.229 0.0000000000
61472  -33.363  -11.067  34.031 0.0000000000
62575  -33.256  -10.449  33.658 0.0000000000
62521  -35.568  -10.360  36.830 0.0000000000
62538  -35.161  -10.235  36.221 0.0000000000
150231  -34.883  -10.174  35.888 0.0000000000
63621  -35.145  -9.128  36.244 0.0000000000
63635  -34.945  -9.730  35.919 0.0000000000
62559  -34.475  -10.146  35.506 0.0000000000
127091  -34.082  -9.778  34.966 0.0000000000
150729  -33.228  -9.875  33.625 0.0000000000
63651  -33.155  -9.326  33.592 0.0000000000
128594  -33.949  -7.838  34.265 0.0000000000
65769  -33.388  -7.722  33.538 0.0000000000
65777  -32.897  -7.167  32.658 0.0000000000
66887  -33.043  -6.226  32.379 0.0000000000
68860  -33.794  -4.836  32.378 0.0000000000
67867  -34.095  -4.811  32.931 0.0000000000
68848  -35.224  -4.141  33.816 0.0000000000
68844  -35.982  -3.948  34.554 0.0000000000
69884  -36.558  -3.309  34.236 0.0000000000
70833  -38.428  -2.230  34.880 0.0000000000
70818  -39.132  -1.981  35.316 0.0000000000
68828  -37.625  -4.394  36.773 0.0000000000
68829  -38.227  -4.134  37.117 0.0000000000
68830  -38.864  -3.595  37.172 0.0000000000
69858  -39.708  -3.349  37.638 0.0000000000
69867  -38.750  -2.937  36.394 0.0000000000
70806  -39.299  -2.344  36.153 0.0000000000
70819  -39.762  -1.750  35.724 0.0000000000
139347  -18.905  -24.338  41.811 0.0000000000
48064  -18.232  -24.330  42.198 0.0000000000
127276  -17.523  -24.315  42.799 0.0000000000
48052  -16.849  -24.417  43.581 0.0000000000
48051  -15.794  -24.512  43.198 0.0000000000
47065  -15.041  -24.965  42.863 0.0000000000
47064  -14.586  -25.686  42.418 0.0000000000
134502  -15.280  -25.911  41.063 0.0000000000
47083  -14.908  -25.802  41.655 0.0000000000
45989  -14.356  -26.458  41.849 0.0000000000
84304  -53.753  12.471  22.954 0.0000000000
85181  -53.770  12.488  22.161 0.0000000000
59359  -28.805  -13.856  35.657 0.0000000000
59346  -29.472  -13.301  36.234 0.0000000000
130142  -30.311  -13.102  35.976 0.0000000000
59347  -31.177  -12.912  36.692 0.0000000000
56304  -29.435  -16.478  42.340 0.0000000000
58274  -28.504  -14.374  41.467 0.0000000000
59265  -29.857  -13.823  43.256 0.0000000000
59250  -30.468  -13.385  43.610 0.0000000000
59293  -28.640  -13.583  40.944 0.0000000000
59305  -29.496  -12.767  39.781 0.0000000000
125356  -30.098  -12.669  38.984 0.0000000000
59319  -30.992  -12.754  38.826 0.0000000000
59332  -31.317  -12.938  37.556 0.0000000000
142726  -32.542  -12.798  37.015 0.0000000000
126346  -33.065  -12.666  37.222 0.0000000000
148010  -33.785  -12.348  37.437 0.0000000000
148277  -33.755  -12.708  38.196 0.0000000000
147372  -34.462  -12.011  37.490 0.0000000000
130360  -35.538  -11.592  38.010 0.0000000000
60393  -35.799  -11.268  37.800 0.0000000000
59296  -35.070  -12.189  40.516 0.0000000000
59308  -35.889  -12.073  39.841 0.0000000000
59298  -36.482  -11.710  40.404 0.0000000000
59309  -36.292  -11.774  39.728 0.0000000000
127731  -35.733  -11.986  39.309 0.0000000000
59321  -35.903  -11.763  39.040 0.0000000000
60379  -36.039  -11.420  38.597 0.0000000000
61412  -36.286  -10.983  38.315 0.0000000000
50929  -25.866  -20.583  41.847 0.0000000000
50942  -25.735  -20.561  40.950 0.0000000000
50943  -26.291  -20.933  40.150 0.0000000000
50977  -26.358  -21.204  38.594 0.0000000000
49938  -26.350  -21.510  37.738 0.0000000000
49957  -26.370  -22.191  36.864 0.0000000000
48983  -27.331  -21.609  38.551 0.0000000000
47034  -21.131  -25.232  44.820 0.0000000000
47052  -21.033  -25.071  43.915 0.0000000000
47069  -20.912  -24.813  43.060 0.0000000000
48066  -20.712  -24.332  42.287 0.0000000000
48943  -21.611  -23.554  43.838 0.0000000000
129348  -21.508  -22.999  42.445 0.0000000000
48079  -20.837  -23.932  41.721 0.0000000000
48078  -20.541  -24.046  41.417 0.0000000000
78829  -46.247  6.012  24.410 0.0000000000
79893  -46.704  6.435  23.983 0.0000000000
79884  -47.203  6.897  24.518 0.0000000000
79894  -47.192  6.770  23.538 0.0000000000
145452  -48.699  7.162  26.688 0.0000000000
80815  -48.425  7.465  25.644 0.0000000000
80832  -47.672  7.301  24.056 0.0000000000
79895  -47.727  7.122  23.022 0.0000000000
80842  -48.401  7.460  22.540 0.0000000000
80843  -49.121  7.820  22.192 0.0000000000
81750  -49.280  8.423  23.538 0.0000000000
82647  -51.799  10.566  22.705 0.0000000000
83491  -51.669  10.502  23.652 0.0000000000
83497  -52.129  10.995  23.224 0.0000000000
84302  -52.550  11.398  23.706 0.0000000000
84296  -53.104  11.704  24.366 0.0000000000
128861  -53.866  12.094  24.823 0.0000000000
40791  -9.259  -32.093  48.152 0.0000000000
37661  -8.678  -34.296  46.250 0.0000000000
59375  -31.774  -12.641  34.772 0.0000000000
127152  -31.339  -13.057  33.681 0.0000000000
61486  -32.561  -11.475  32.213 0.0000000000
68968  -39.880  -3.620  28.039 0.0000000000
149834  -35.053  -3.449  30.924 0.0000000000
138036  -36.215  -3.170  31.819 0.0000000000
68882  -35.940  -3.275  30.870 0.0000000000
68904  -37.635  -3.642  30.524 0.0000000000
70849  -39.465  -1.956  33.464 0.0000000000
69909  -39.723  -3.254  32.367 0.0000000000
69896  -40.998  -3.127  32.611 0.0000000000
134413  -38.504  -3.889  30.689 0.0000000000
150399  -38.155  -3.976  30.183 0.0000000000
137128  -40.507  -4.557  30.532 0.0000000000
68925  -39.835  -4.298  29.426 0.0000000000
148788  -40.437  -4.353  29.613 0.0000000000
68951  -40.367  -4.018  29.080 0.0000000000
68928  -42.905  -4.233  29.942 0.0000000000
67905  -43.082  -4.919  30.677 0.0000000000
67925  -43.210  -4.565  30.287 0.0000000000
68929  -43.616  -4.115  30.105 0.0000000000
68930  -44.236  -4.043  30.258 0.0000000000
69923  -45.212  -3.493  30.479 0.0000000000
68852  -44.149  -3.655  32.605 0.0000000000
40769  -10.036  -31.013  49.297 0.0000000000
41793  -10.487  -30.379  49.526 0.0000000000
139485  -9.819  -31.335  48.635 0.0000000000
40810  -9.638  -31.920  47.282 0.0000000000
39794  -9.901  -32.853  45.403 0.0000000000
40859  -11.366  -31.492  44.167 0.0000000000
39806  -11.558  -32.160  43.851 0.0000000000
136001  -9.114  -32.186  49.127 0.0000000000
39749  -8.531  -32.704  49.572 0.0000000000
38700  -7.713  -33.890  48.844 0.0000000000
38680  -7.762  -33.171  50.042 0.0000000000
141950  -7.188  -33.293  50.680 0.0000000000
36638  -6.617  -36.418  47.888 0.0000000000
38662  -6.295  -33.393  51.686 0.0000000000
37586  -5.642  -33.678  51.921 0.0000000000
37585  -5.015  -33.857  52.128 0.0000000000
37590  -4.520  -34.244  51.592 0.0000000000
37584  -4.512  -33.787  52.200 0.0000000000
38661  -4.083  -33.918  51.934 0.0000000000
32676  -3.693  -40.028  48.857 0.0000000000
34623  -3.801  -38.005  48.831 0.0000000000
34614  -3.757  -36.977  48.982 0.0000000000
36623  -3.659  -35.682  49.572 0.0000000000
40885  -12.494  -31.334  43.043 0.0000000000
42836  -12.171  -29.233  44.505 0.0000000000
48948  -21.472  -23.681  42.995 0.0000000000
49936  -21.405  -22.895  38.703 0.0000000000
50823  -29.813  -20.873  48.086 0.0000000000
50855  -28.750  -20.592  46.154 0.0000000000
50872  -27.717  -20.652  45.330 0.0000000000
50920  -25.905  -20.625  42.577 0.0000000000
50928  -22.069  -21.551  41.607 0.0000000000
51873  -29.739  -20.597  49.685 0.0000000000
51875  -31.169  -19.933  49.111 0.0000000000
51924  -26.225  -19.570  46.476 0.0000000000
51925  -27.349  -20.057  46.545 0.0000000000
51936  -31.045  -19.836  45.176 0.0000000000
51944  -22.826  -21.000  43.636 0.0000000000
51950  -31.090  -19.489  44.916 0.0000000000
51976  -23.108  -20.434  41.444 0.0000000000
52993  -26.324  -19.328  47.940 0.0000000000
53027  -30.985  -19.129  44.749 0.0000000000
53075  -29.003  -19.707  39.270 0.0000000000
56290  -30.363  -17.380  43.928 0.0000000000
58261  -30.144  -15.164  44.018 0.0000000000
60343  -36.941  -11.405  40.805 0.0000000000
60392  -35.307  -11.541  37.419 0.0000000000
65788  -32.515  -7.525  31.897 0.0000000000
65803  -32.398  -7.792  31.158 0.0000000000
66875  -34.743  -6.636  34.976 0.0000000000
66895  -32.859  -6.089  31.421 0.0000000000
67881  -40.486  -4.542  31.014 0.0000000000
67885  -43.217  -4.895  31.410 0.0000000000
67907  -44.855  -4.537  30.921 0.0000000000
68847  -34.625  -4.424  33.312 0.0000000000
68881  -34.411  -3.842  31.342 0.0000000000
68908  -44.852  -4.081  30.460 0.0000000000
75900  -45.673  3.459  28.409 0.0000000000
78801  -48.546  6.235  27.922 0.0000000000
126367  -29.413  -18.983  41.264 0.0000000000
126859  -41.244  -4.160  32.077 0.0000000000
127299  -43.562  -4.938  30.981 0.0000000000
128103  -41.539  -4.681  31.314 0.0000000000
134860  -29.272  -20.751  45.264 0.0000000000
137733  -21.746  -22.833  44.100 0.0000000000
140064  -27.777  -21.222  43.271 0.0000000000
141111  -42.811  -4.711  31.705 0.0000000000
143395  -30.777  -18.747  44.600 0.0000000000
144541  -14.905  -24.869  45.315 0.0000000000
147812  -30.786  -20.098  49.535 0.0000000000
148291  -23.701  -20.378  43.946 0.0000000000
148645  -31.387  -18.950  46.087 0.0000000000
148703  -33.701  -12.741  38.647 0.0000000000
149597  -29.985  -19.315  42.054 0.0000000000
149643  -50.010  8.541  26.104 0.0000000000
