#!ascii label  , from subject sub-LJ002 vox2ras=TkReg
1092
144681  -35.025  -18.546  39.295 0.0000000000
42895  -21.983  -29.610  39.260 0.0000000000
46065  -30.157  -26.406  38.581 0.0000000000
77804  -44.677  4.182  25.379 0.0000000000
80858  -50.831  7.531  20.555 0.0000000000
43816  -13.855  -28.910  41.898 0.0000000000
73842  -42.309  0.637  27.258 0.0000000000
56344  -37.152  -17.736  38.035 0.0000000000
49000  -34.299  -23.165  38.546 0.0000000000
43831  -17.493  -28.638  40.003 0.0000000000
40842  -18.308  -31.762  45.655 0.0000000000
53121  -30.788  -19.616  35.204 0.0000000000
128996  -30.294  -16.369  35.261 0.0000000000
46011  -26.156  -27.206  39.626 0.0000000000
49980  -29.256  -22.421  36.028 0.0000000000
64815  -40.101  -8.505  26.856 0.0000000000
67994  -43.424  -5.155  25.905 0.0000000000
71889  -46.297  -1.356  25.362 0.0000000000
36649  -11.725  -35.288  45.888 0.0000000000
34638  -8.335  -37.533  47.309 0.0000000000
57402  -33.975  -16.001  31.982 0.0000000000
60486  -35.657  -12.320  29.445 0.0000000000
64759  -36.866  -9.328  29.150 0.0000000000
38735  -15.501  -33.467  45.527 0.0000000000
40914  -23.167  -31.639  42.309 0.0000000000
41900  -25.217  -30.517  42.837 0.0000000000
52002  -34.868  -20.458  39.036 0.0000000000
47130  -19.875  -25.956  38.446 0.0000000000
42893  -20.226  -29.196  39.609 0.0000000000
128399  -20.093  -30.956  42.467 0.0000000000
54146  -28.713  -19.218  38.342 0.0000000000
51023  -30.700  -21.096  35.234 0.0000000000
144364  -39.248  -5.632  26.307 0.0000000000
66969  -42.007  -6.467  26.114 0.0000000000
69992  -40.806  -3.898  25.818 0.0000000000
124778  -43.147  -0.114  25.484 0.0000000000
73875  -44.684  1.214  24.770 0.0000000000
73864  -47.640  0.056  25.060 0.0000000000
76866  -45.838  3.139  23.300 0.0000000000
76880  -47.070  3.811  22.301 0.0000000000
59372  -28.998  -14.107  34.914 0.0000000000
126116  -32.246  -16.545  34.056 0.0000000000
148347  -30.891  -13.930  33.012 0.0000000000
128494  -32.834  -11.643  30.047 0.0000000000
63693  -33.355  -9.510  30.005 0.0000000000
62651  -36.502  -10.021  29.589 0.0000000000
65818  -34.109  -7.332  29.249 0.0000000000
66947  -35.916  -6.425  27.698 0.0000000000
133033  -27.580  -26.700  39.002 0.0000000000
39824  -12.282  -32.090  43.337 0.0000000000
40887  -14.525  -31.947  42.821 0.0000000000
33615  -8.663  -38.728  50.219 0.0000000000
32637  -6.104  -40.073  50.199 0.0000000000
71856  -41.458  -1.585  28.017 0.0000000000
56362  -39.588  -16.907  37.248 0.0000000000
48110  -32.983  -25.136  39.116 0.0000000000
42864  -15.452  -29.057  41.141 0.0000000000
41877  -16.829  -31.178  42.991 0.0000000000
41895  -18.164  -30.698  42.568 0.0000000000
80868  -52.610  7.774  19.714 0.0000000000
53086  -32.811  -18.866  36.811 0.0000000000
55262  -32.994  -17.277  37.272 0.0000000000
55278  -29.937  -17.687  35.549 0.0000000000
46058  -22.020  -26.758  37.544 0.0000000000
43846  -24.396  -28.755  39.125 0.0000000000
47150  -23.288  -25.451  37.162 0.0000000000
47152  -25.527  -25.139  37.178 0.0000000000
47155  -28.225  -25.667  36.926 0.0000000000
49030  -27.977  -23.481  36.151 0.0000000000
48132  -30.499  -24.714  36.270 0.0000000000
48152  -32.121  -23.737  36.290 0.0000000000
51011  -33.493  -21.658  36.254 0.0000000000
62671  -41.317  -10.790  28.571 0.0000000000
70929  -42.654  -2.300  25.584 0.0000000000
130749  -45.494  -3.122  25.589 0.0000000000
76892  -49.369  3.399  21.462 0.0000000000
136358  -9.871  -36.475  46.510 0.0000000000
35628  -10.957  -37.191  49.980 0.0000000000
143106  -34.150  -16.696  36.675 0.0000000000
56385  -36.552  -16.936  35.602 0.0000000000
57391  -37.650  -15.737  33.652 0.0000000000
59399  -32.441  -13.840  31.261 0.0000000000
58364  -35.710  -14.779  30.960 0.0000000000
58356  -38.397  -14.268  32.709 0.0000000000
61488  -39.294  -11.976  31.690 0.0000000000
62615  -39.338  -11.132  31.087 0.0000000000
62655  -40.053  -11.328  29.495 0.0000000000
64796  -38.569  -8.964  27.203 0.0000000000
67974  -37.772  -5.851  26.808 0.0000000000
44890  -26.440  -28.032  42.603 0.0000000000
135797  -11.194  -32.813  44.244 0.0000000000
37677  -13.804  -34.524  45.618 0.0000000000
40840  -17.064  -31.796  46.145 0.0000000000
135344  -4.012  -41.222  49.850 0.0000000000
140145  -22.824  -31.155  40.963 0.0000000000
40915  -24.014  -31.475  42.692 0.0000000000
41927  -24.008  -30.629  40.485 0.0000000000
138100  -34.711  -19.511  39.125 0.0000000000
43852  -21.065  -28.082  38.484 0.0000000000
147391  -19.806  -27.665  38.760 0.0000000000
42894  -21.002  -29.374  39.384 0.0000000000
140766  -21.639  -30.600  40.706 0.0000000000
68967  -39.679  -3.800  27.065 0.0000000000
68977  -40.212  -4.469  25.946 0.0000000000
69977  -40.357  -3.722  26.413 0.0000000000
76843  -44.143  3.471  26.380 0.0000000000
75925  -43.871  2.054  25.321 0.0000000000
133636  -44.312  3.104  24.901 0.0000000000
75935  -45.431  2.502  23.841 0.0000000000
76864  -44.876  4.036  24.004 0.0000000000
77826  -45.545  4.375  23.343 0.0000000000
58327  -29.958  -14.303  33.716 0.0000000000
139830  -32.612  -9.183  30.841 0.0000000000
135766  -34.154  -8.037  29.540 0.0000000000
66923  -33.531  -6.582  29.672 0.0000000000
67919  -33.960  -5.696  29.378 0.0000000000
46039  -29.527  -26.708  39.232 0.0000000000
126873  -29.073  -26.973  40.796 0.0000000000
46016  -30.527  -26.877  40.387 0.0000000000
41889  -12.831  -30.531  42.760 0.0000000000
41891  -14.068  -30.384  42.140 0.0000000000
78865  -51.027  5.793  19.950 0.0000000000
33607  -7.777  -39.233  50.623 0.0000000000
55240  -37.859  -17.895  39.638 0.0000000000
56361  -38.806  -17.382  37.276 0.0000000000
48121  -33.305  -24.412  38.407 0.0000000000
48957  -34.929  -24.015  40.750 0.0000000000
44921  -17.403  -27.188  39.510 0.0000000000
44911  -16.579  -27.211  39.831 0.0000000000
46008  -15.442  -26.503  40.568 0.0000000000
42878  -17.063  -29.075  40.599 0.0000000000
41908  -16.842  -30.140  41.696 0.0000000000
146583  -18.035  -29.966  41.248 0.0000000000
132768  -21.847  -32.103  44.725 0.0000000000
40864  -20.383  -32.013  44.285 0.0000000000
53100  -32.177  -19.556  35.757 0.0000000000
54165  -31.459  -17.888  36.038 0.0000000000
54182  -30.426  -18.546  35.524 0.0000000000
48118  -21.170  -24.472  37.932 0.0000000000
46077  -22.775  -26.290  37.278 0.0000000000
47149  -22.605  -24.783  37.202 0.0000000000
48144  -24.762  -23.959  36.714 0.0000000000
49027  -25.922  -23.731  36.542 0.0000000000
47153  -26.521  -25.434  37.130 0.0000000000
49028  -26.626  -23.797  36.457 0.0000000000
48998  -28.447  -21.766  38.155 0.0000000000
49031  -28.789  -23.174  35.871 0.0000000000
48149  -28.834  -24.379  36.090 0.0000000000
48150  -29.711  -24.050  35.775 0.0000000000
48151  -31.431  -24.167  36.191 0.0000000000
49052  -30.729  -22.827  35.355 0.0000000000
52066  -30.444  -20.226  35.262 0.0000000000
137585  -32.284  -21.980  35.365 0.0000000000
52068  -31.961  -20.229  35.228 0.0000000000
52048  -33.033  -20.000  36.317 0.0000000000
63753  -41.105  -9.508  27.459 0.0000000000
63735  -42.546  -9.816  28.209 0.0000000000
64799  -41.682  -8.678  27.151 0.0000000000
66989  -42.984  -5.768  26.052 0.0000000000
65865  -43.524  -7.104  26.832 0.0000000000
72843  -41.706  -0.809  27.811 0.0000000000
128846  -41.924  -1.633  26.123 0.0000000000
72863  -42.123  -0.448  26.409 0.0000000000
71888  -45.271  -1.288  25.289 0.0000000000
127314  -43.978  -1.741  25.336 0.0000000000
147931  -45.733  -2.574  25.512 0.0000000000
68998  -46.535  -4.249  26.114 0.0000000000
76891  -47.973  3.814  21.769 0.0000000000
78856  -47.902  5.404  21.478 0.0000000000
78857  -48.658  5.371  21.026 0.0000000000
148517  -10.778  -34.540  45.202 0.0000000000
36658  -9.647  -35.046  45.578 0.0000000000
36648  -10.993  -35.715  46.122 0.0000000000
35629  -11.491  -36.856  49.603 0.0000000000
34608  -10.494  -37.457  51.339 0.0000000000
56370  -32.006  -16.883  36.336 0.0000000000
56355  -33.181  -17.001  37.283 0.0000000000
56382  -32.009  -16.551  35.675 0.0000000000
56428  -33.503  -16.417  32.697 0.0000000000
56406  -34.278  -16.735  34.386 0.0000000000
56420  -34.866  -16.733  33.699 0.0000000000
57373  -37.175  -16.643  34.810 0.0000000000
143310  -36.106  -16.270  32.969 0.0000000000
60443  -32.393  -12.192  32.329 0.0000000000
60484  -33.643  -11.929  29.599 0.0000000000
59423  -34.599  -13.597  29.957 0.0000000000
58375  -36.208  -14.012  30.514 0.0000000000
58365  -36.610  -14.569  31.187 0.0000000000
59413  -37.117  -13.769  30.845 0.0000000000
59415  -38.595  -13.245  31.782 0.0000000000
60474  -37.445  -12.362  30.192 0.0000000000
63714  -36.732  -9.686  29.471 0.0000000000
62633  -37.702  -10.724  30.043 0.0000000000
63694  -37.994  -10.442  30.066 0.0000000000
62635  -39.252  -10.961  30.624 0.0000000000
62668  -38.693  -10.654  29.237 0.0000000000
133522  -39.001  -10.446  28.393 0.0000000000
63731  -37.928  -9.368  27.777 0.0000000000
67944  -36.117  -4.985  28.227 0.0000000000
67958  -36.478  -5.649  27.579 0.0000000000
67945  -36.980  -4.694  28.020 0.0000000000
44924  -25.379  -27.441  39.058 0.0000000000
43834  -25.590  -28.337  40.532 0.0000000000
44913  -26.019  -27.597  40.210 0.0000000000
38771  -13.746  -33.062  43.654 0.0000000000
144184  -13.299  -33.813  44.439 0.0000000000
38734  -14.779  -34.023  45.767 0.0000000000
40890  -17.517  -31.264  43.814 0.0000000000
40889  -16.719  -31.681  43.875 0.0000000000
144836  -17.637  -31.653  45.906 0.0000000000
40866  -22.684  -31.886  44.584 0.0000000000
40848  -24.189  -31.306  45.021 0.0000000000
41847  -24.807  -30.861  44.834 0.0000000000
42837  -25.803  -29.984  44.418 0.0000000000
126917  -34.688  -22.414  38.687 0.0000000000
49910  -35.138  -22.749  40.286 0.0000000000
47115  -18.715  -25.702  39.186 0.0000000000
132243  -18.704  -28.059  39.302 0.0000000000
42880  -18.955  -29.372  40.346 0.0000000000
41910  -19.145  -30.277  41.531 0.0000000000
41923  -20.260  -30.054  40.824 0.0000000000
128100  -21.827  -31.550  42.681 0.0000000000
149997  -29.614  -19.575  35.893 0.0000000000
54155  -28.373  -18.509  36.816 0.0000000000
49942  -29.409  -21.262  37.788 0.0000000000
49981  -30.036  -22.291  35.521 0.0000000000
52028  -29.665  -20.455  36.779 0.0000000000
136739  -39.661  -6.803  26.286 0.0000000000
65863  -40.901  -7.372  26.380 0.0000000000
66986  -40.695  -5.922  25.895 0.0000000000
134066  -41.037  -5.183  25.634 0.0000000000
146458  -42.175  -4.598  25.562 0.0000000000
72864  -42.377  0.180  26.273 0.0000000000
74839  -42.962  1.458  26.146 0.0000000000
139644  -43.982  0.870  24.996 0.0000000000
73862  -45.667  0.060  25.018 0.0000000000
72876  -46.995  -0.643  25.251 0.0000000000
73877  -46.215  0.734  24.774 0.0000000000
74857  -46.610  1.319  24.444 0.0000000000
74866  -47.756  1.957  23.992 0.0000000000
76879  -46.355  3.558  22.777 0.0000000000
77827  -46.096  5.045  22.877 0.0000000000
137012  -13.549  -35.188  47.104 0.0000000000
36640  -12.564  -35.770  47.441 0.0000000000
141421  -13.343  -35.653  48.945 0.0000000000
57370  -29.179  -15.126  34.447 0.0000000000
56404  -31.769  -16.391  34.812 0.0000000000
57387  -30.306  -15.291  33.383 0.0000000000
57400  -31.981  -15.816  32.477 0.0000000000
57401  -32.895  -15.706  32.088 0.0000000000
62612  -32.540  -10.882  31.717 0.0000000000
62630  -32.533  -10.434  30.883 0.0000000000
62631  -33.039  -10.270  30.123 0.0000000000
61529  -34.383  -11.287  29.418 0.0000000000
61531  -36.385  -11.457  29.537 0.0000000000
138581  -34.497  -9.845  29.577 0.0000000000
64757  -35.458  -8.782  29.310 0.0000000000
64773  -35.735  -8.313  28.896 0.0000000000
65831  -35.959  -7.822  28.145 0.0000000000
65830  -35.277  -7.470  28.487 0.0000000000
46037  -26.929  -26.891  39.588 0.0000000000
45991  -26.910  -27.156  40.926 0.0000000000
129141  -27.817  -26.949  40.554 0.0000000000
40886  -13.619  -31.956  42.829 0.0000000000
39810  -15.500  -32.854  44.144 0.0000000000
33641  -9.003  -38.263  48.693 0.0000000000
33661  -7.296  -38.043  47.800 0.0000000000
33622  -7.748  -38.989  48.748 0.0000000000
32678  -6.434  -39.303  48.629 0.0000000000
32677  -5.473  -39.625  48.954 0.0000000000
138524  -39.630  -15.956  36.214 0.0000000000
47119  -31.887  -26.095  39.287 0.0000000000
46018  -32.065  -26.680  40.986 0.0000000000
44900  -14.401  -27.291  41.335 0.0000000000
42863  -14.450  -28.988  41.523 0.0000000000
41906  -14.819  -29.924  41.750 0.0000000000
41907  -15.874  -29.998  41.607 0.0000000000
41894  -17.271  -30.641  42.397 0.0000000000
40891  -18.146  -31.355  44.091 0.0000000000
41896  -19.138  -30.697  42.306 0.0000000000
40863  -19.425  -31.877  44.477 0.0000000000
126325  -20.077  -32.235  46.016 0.0000000000
132137  -51.725  7.648  20.134 0.0000000000
53065  -34.345  -18.971  38.766 0.0000000000
146065  -34.391  -18.076  38.206 0.0000000000
54156  -33.215  -18.008  37.497 0.0000000000
55271  -32.209  -17.234  36.573 0.0000000000
126144  -29.667  -16.874  35.491 0.0000000000
132309  -28.184  -17.874  36.483 0.0000000000
56369  -28.127  -16.758  35.966 0.0000000000
57358  -28.784  -15.621  35.107 0.0000000000
58311  -28.145  -14.292  36.035 0.0000000000
43853  -21.882  -28.229  38.261 0.0000000000
43845  -23.402  -28.995  38.667 0.0000000000
44938  -23.240  -27.629  37.724 0.0000000000
44939  -24.152  -27.394  38.002 0.0000000000
46060  -25.299  -26.440  38.262 0.0000000000
49009  -23.516  -23.080  36.962 0.0000000000
47151  -24.799  -25.329  37.376 0.0000000000
47134  -25.379  -25.878  37.857 0.0000000000
47136  -26.967  -25.968  37.826 0.0000000000
47137  -27.852  -26.077  37.638 0.0000000000
46080  -28.765  -26.082  37.614 0.0000000000
49011  -26.795  -22.874  36.540 0.0000000000
48148  -27.921  -24.445  36.286 0.0000000000
47156  -29.079  -25.617  36.857 0.0000000000
135237  -30.798  -25.880  38.028 0.0000000000
47158  -31.313  -25.399  37.609 0.0000000000
143957  -32.647  -24.579  37.759 0.0000000000
49016  -33.455  -23.269  37.039 0.0000000000
50000  -31.535  -22.415  35.304 0.0000000000
49982  -32.923  -22.416  35.925 0.0000000000
141145  -33.987  -22.679  37.389 0.0000000000
50994  -34.298  -21.121  37.705 0.0000000000
52015  -34.090  -20.154  37.803 0.0000000000
46057  -20.500  -26.618  38.163 0.0000000000
65864  -42.690  -7.635  26.854 0.0000000000
69978  -41.148  -3.069  26.138 0.0000000000
69993  -41.540  -3.408  25.695 0.0000000000
69995  -42.953  -3.534  25.521 0.0000000000
127160  -42.819  -0.895  25.622 0.0000000000
70930  -43.459  -2.359  25.433 0.0000000000
69996  -44.330  -3.859  25.643 0.0000000000
67997  -46.186  -5.018  26.371 0.0000000000
76905  -50.090  3.629  20.986 0.0000000000
79929  -49.771  6.317  20.636 0.0000000000
79920  -50.038  7.123  20.823 0.0000000000
36646  -9.068  -35.615  45.848 0.0000000000
35658  -9.304  -36.798  46.763 0.0000000000
35646  -11.464  -36.332  47.549 0.0000000000
35645  -10.551  -37.091  48.076 0.0000000000
139597  -9.475  -37.777  48.257 0.0000000000
142307  -9.807  -37.929  49.810 0.0000000000
55252  -34.500  -17.803  37.930 0.0000000000
132398  -35.116  -17.351  37.728 0.0000000000
56358  -35.732  -17.171  37.292 0.0000000000
125359  -33.829  -16.553  35.133 0.0000000000
56373  -34.777  -16.719  36.146 0.0000000000
56375  -36.612  -17.192  36.608 0.0000000000
56386  -37.465  -16.871  35.563 0.0000000000
57360  -38.674  -16.204  35.388 0.0000000000
131372  -38.789  -15.603  34.806 0.0000000000
58341  -31.859  -13.817  31.957 0.0000000000
57409  -33.512  -15.291  31.490 0.0000000000
59412  -32.707  -13.275  30.725 0.0000000000
58373  -34.050  -14.308  30.536 0.0000000000
57410  -34.412  -15.471  31.422 0.0000000000
136396  -36.362  -15.739  32.403 0.0000000000
58342  -38.035  -14.950  33.126 0.0000000000
61517  -37.378  -11.438  29.950 0.0000000000
62593  -39.406  -11.301  31.381 0.0000000000
62656  -40.987  -11.288  29.279 0.0000000000
144767  -39.431  -10.055  27.798 0.0000000000
64814  -39.258  -8.277  26.815 0.0000000000
64794  -36.697  -7.957  27.602 0.0000000000
146015  -37.787  -7.339  26.843 0.0000000000
65861  -39.098  -7.336  26.544 0.0000000000
67975  -38.519  -5.563  26.581 0.0000000000
125930  -38.819  -4.071  27.877 0.0000000000
42885  -24.654  -29.933  40.421 0.0000000000
42869  -25.590  -29.458  41.743 0.0000000000
44892  -27.132  -27.331  42.742 0.0000000000
37692  -10.965  -34.046  44.861 0.0000000000
39807  -12.112  -32.940  43.783 0.0000000000
38750  -12.476  -33.720  44.332 0.0000000000
37676  -13.055  -34.804  45.642 0.0000000000
37665  -14.196  -34.789  47.044 0.0000000000
40910  -14.979  -31.313  42.437 0.0000000000
39827  -15.929  -32.259  43.600 0.0000000000
38753  -15.916  -33.008  44.984 0.0000000000
32614  -5.420  -39.889  52.346 0.0000000000
31654  -4.976  -40.509  50.248 0.0000000000
142248  -4.564  -40.048  49.149 0.0000000000
42883  -22.609  -30.244  39.771 0.0000000000
41926  -23.205  -30.773  40.318 0.0000000000
139256  -34.853  -18.985  39.470 0.0000000000
43843  -21.425  -28.829  38.790 0.0000000000
42882  -21.582  -30.094  40.053 0.0000000000
69972  -40.221  -3.283  27.332 0.0000000000
77795  -44.523  3.955  26.032 0.0000000000
76849  -44.253  3.429  25.533 0.0000000000
76858  -44.542  3.731  24.731 0.0000000000
147456  -44.740  3.116  24.121 0.0000000000
77816  -44.834  4.345  24.685 0.0000000000
77817  -45.257  4.782  24.281 0.0000000000
139607  -32.970  -7.032  30.274 0.0000000000
46040  -30.377  -26.701  39.481 0.0000000000
42855  -13.448  -29.259  42.302 0.0000000000
41890  -13.456  -30.044  42.338 0.0000000000
42856  -14.012  -29.596  41.951 0.0000000000
79930  -50.524  6.532  20.344 0.0000000000
79931  -51.345  6.753  20.047 0.0000000000
55253  -37.873  -17.856  38.604 0.0000000000
55254  -38.758  -17.714  38.165 0.0000000000
56345  -38.043  -17.717  37.833 0.0000000000
48986  -33.994  -23.797  38.866 0.0000000000
148022  -34.355  -23.902  39.522 0.0000000000
43841  -17.857  -28.010  39.563 0.0000000000
43840  -17.032  -27.976  39.769 0.0000000000
43830  -16.289  -28.003  40.082 0.0000000000
144009  -16.788  -28.501  40.125 0.0000000000
42879  -17.997  -29.357  40.607 0.0000000000
53099  -31.325  -19.024  35.564 0.0000000000
48129  -21.943  -24.214  37.495 0.0000000000
49956  -25.520  -21.865  36.942 0.0000000000
49026  -25.218  -23.494  36.567 0.0000000000
49978  -25.723  -22.862  36.566 0.0000000000
48146  -26.308  -24.613  36.660 0.0000000000
49979  -26.276  -23.116  36.528 0.0000000000
49014  -28.551  -22.321  36.907 0.0000000000
125993  -29.836  -23.098  35.515 0.0000000000
49032  -30.642  -23.744  35.654 0.0000000000
52067  -31.269  -20.473  35.039 0.0000000000
53122  -31.492  -19.803  35.178 0.0000000000
146759  -40.874  -8.654  26.995 0.0000000000
66971  -44.054  -6.418  26.620 0.0000000000
67995  -44.289  -5.195  26.087 0.0000000000
72857  -41.957  -0.029  27.563 0.0000000000
72856  -41.767  -0.586  26.995 0.0000000000
73841  -42.119  0.101  26.813 0.0000000000
127858  -45.583  -1.982  25.409 0.0000000000
141314  -46.256  -2.269  25.512 0.0000000000
148324  -46.736  -2.678  25.655 0.0000000000
79918  -48.269  6.213  21.387 0.0000000000
37674  -11.390  -34.678  45.257 0.0000000000
36659  -10.659  -35.101  45.532 0.0000000000
56381  -31.217  -16.672  35.740 0.0000000000
56371  -32.672  -16.812  36.534 0.0000000000
56419  -33.894  -16.704  33.532 0.0000000000
56429  -34.614  -16.475  32.754 0.0000000000
56421  -35.513  -16.540  33.230 0.0000000000
57403  -35.548  -16.190  32.505 0.0000000000
60485  -34.646  -12.149  29.403 0.0000000000
59432  -34.958  -12.901  29.563 0.0000000000
59424  -35.742  -13.286  29.845 0.0000000000
59425  -36.806  -13.176  30.213 0.0000000000
59426  -37.530  -13.047  30.579 0.0000000000
60473  -36.625  -12.367  29.741 0.0000000000
63715  -37.436  -9.924  29.457 0.0000000000
63716  -38.102  -10.320  29.611 0.0000000000
130716  -38.096  -10.052  28.688 0.0000000000
64775  -37.329  -9.361  28.626 0.0000000000
46035  -25.760  -27.003  38.951 0.0000000000
44925  -25.766  -27.422  39.491 0.0000000000
38752  -14.974  -33.550  44.736 0.0000000000
38751  -13.967  -33.552  44.207 0.0000000000
38723  -15.534  -33.480  46.374 0.0000000000
40861  -17.772  -31.500  44.626 0.0000000000
40841  -17.864  -31.631  45.260 0.0000000000
35657  -8.185  -36.548  46.648 0.0000000000
35643  -7.592  -36.675  46.997 0.0000000000
150214  -36.127  -17.972  38.606 0.0000000000
139136  -22.853  -31.807  43.822 0.0000000000
40867  -23.575  -31.582  44.241 0.0000000000
40895  -23.365  -31.668  43.264 0.0000000000
41899  -24.668  -30.978  42.261 0.0000000000
41881  -24.610  -31.044  43.161 0.0000000000
41882  -25.085  -30.679  43.580 0.0000000000
41848  -25.368  -30.448  45.058 0.0000000000
42846  -25.644  -30.044  43.542 0.0000000000
50979  -34.701  -21.387  38.465 0.0000000000
50962  -34.984  -21.584  39.319 0.0000000000
47116  -19.427  -25.329  38.934 0.0000000000
46033  -19.221  -26.337  38.781 0.0000000000
44923  -19.442  -28.071  39.046 0.0000000000
43842  -19.386  -28.795  39.558 0.0000000000
42881  -19.815  -29.521  40.205 0.0000000000
41913  -22.031  -31.055  41.127 0.0000000000
41897  -21.690  -31.264  41.944 0.0000000000
40913  -22.342  -31.553  42.335 0.0000000000
40894  -22.471  -31.715  43.096 0.0000000000
53085  -28.962  -19.568  37.405 0.0000000000
145793  -28.605  -19.076  37.321 0.0000000000
50992  -29.747  -21.030  36.960 0.0000000000
53074  -28.955  -19.695  38.489 0.0000000000
140213  -29.417  -19.826  36.539 0.0000000000
66967  -40.367  -6.714  26.157 0.0000000000
66985  -39.866  -5.988  26.077 0.0000000000
143268  -40.719  -4.610  25.703 0.0000000000
68992  -41.405  -4.370  25.587 0.0000000000
67992  -41.802  -5.169  25.632 0.0000000000
75905  -43.235  2.191  26.568 0.0000000000
73874  -44.165  1.617  24.982 0.0000000000
73861  -44.719  0.426  24.934 0.0000000000
73876  -45.389  0.900  24.737 0.0000000000
74864  -46.063  1.833  24.069 0.0000000000
75936  -46.338  2.436  23.581 0.0000000000
75937  -47.192  2.419  23.459 0.0000000000
75951  -46.628  2.953  23.030 0.0000000000
78828  -45.802  5.295  23.811 0.0000000000
77839  -46.202  4.223  22.677 0.0000000000
58325  -29.003  -14.634  34.580 0.0000000000
57371  -29.818  -15.251  33.925 0.0000000000
58326  -29.527  -14.692  34.025 0.0000000000
58339  -30.414  -14.547  33.143 0.0000000000
57399  -31.095  -14.907  32.482 0.0000000000
58352  -31.852  -14.875  31.964 0.0000000000
139897  -32.967  -8.983  30.344 0.0000000000
63692  -32.817  -9.685  30.534 0.0000000000
61528  -33.475  -10.955  29.732 0.0000000000
62648  -33.744  -10.074  29.722 0.0000000000
62649  -34.382  -10.464  29.497 0.0000000000
63711  -34.109  -9.337  29.674 0.0000000000
64756  -34.574  -8.643  29.538 0.0000000000
65819  -34.883  -7.957  29.143 0.0000000000
65829  -34.681  -7.132  28.742 0.0000000000
144586  -34.406  -5.046  29.326 0.0000000000
129974  -27.738  -26.843  39.841 0.0000000000
127627  -29.808  -27.070  41.009 0.0000000000
40909  -14.055  -31.222  42.411 0.0000000000
40908  -13.192  -31.304  42.632 0.0000000000
39808  -14.084  -32.577  43.243 0.0000000000
39826  -15.031  -32.504  43.383 0.0000000000
33623  -8.496  -38.755  49.153 0.0000000000
33640  -8.253  -38.511  48.335 0.0000000000
33614  -7.843  -39.221  49.552 0.0000000000
32627  -6.943  -39.625  50.646 0.0000000000
32638  -7.057  -39.670  49.786 0.0000000000
32654  -6.320  -39.822  49.232 0.0000000000
55264  -39.516  -17.320  37.842 0.0000000000
57347  -40.247  -16.727  37.699 0.0000000000
138933  -40.681  -15.834  37.296 0.0000000000
57346  -39.965  -16.255  36.926 0.0000000000
47140  -32.386  -25.611  38.926 0.0000000000
47120  -32.636  -25.821  39.575 0.0000000000
43818  -15.579  -28.106  40.574 0.0000000000
44901  -15.085  -27.329  40.733 0.0000000000
43817  -14.764  -28.167  41.073 0.0000000000
41909  -17.690  -30.274  41.804 0.0000000000
41879  -18.178  -31.083  43.418 0.0000000000
142833  -19.940  -30.457  41.609 0.0000000000
149970  -20.775  -32.215  45.524 0.0000000000
135182  -19.803  -31.613  43.700 0.0000000000
40844  -20.117  -32.196  45.072 0.0000000000
54157  -33.465  -18.732  37.627 0.0000000000
54148  -33.922  -18.393  38.143 0.0000000000
54164  -30.678  -17.610  35.714 0.0000000000
55270  -31.335  -17.139  36.063 0.0000000000
55279  -30.519  -17.003  35.632 0.0000000000
55261  -27.881  -17.848  37.470 0.0000000000
54163  -28.723  -18.191  35.967 0.0000000000
57345  -27.092  -15.680  37.842 0.0000000000
56368  -27.608  -16.315  36.248 0.0000000000
140770  -28.133  -16.050  35.626 0.0000000000
56380  -27.700  -15.527  35.890 0.0000000000
57357  -28.206  -15.314  35.331 0.0000000000
44937  -22.330  -27.567  37.775 0.0000000000
43854  -22.849  -28.341  38.132 0.0000000000
44954  -23.499  -26.907  37.455 0.0000000000
46078  -23.659  -26.200  37.297 0.0000000000
46059  -24.440  -26.536  37.718 0.0000000000
46079  -24.240  -25.706  37.338 0.0000000000
48131  -24.749  -24.603  36.994 0.0000000000
47135  -26.080  -25.888  37.924 0.0000000000
47154  -27.389  -25.605  37.034 0.0000000000
49013  -27.910  -22.596  36.649 0.0000000000
48996  -27.312  -21.997  37.384 0.0000000000
49958  -26.922  -22.079  37.099 0.0000000000
49012  -27.314  -22.707  36.541 0.0000000000
49029  -27.305  -23.641  36.349 0.0000000000
150005  -29.645  -24.782  36.204 0.0000000000
47169  -29.204  -25.136  36.387 0.0000000000
47170  -29.845  -25.360  36.669 0.0000000000
47138  -29.810  -25.926  37.599 0.0000000000
47157  -30.632  -25.426  37.125 0.0000000000
48134  -32.221  -24.305  36.970 0.0000000000
48135  -33.042  -23.942  37.480 0.0000000000
49015  -32.770  -23.614  36.692 0.0000000000
51009  -30.128  -21.539  35.670 0.0000000000
49999  -30.751  -21.972  35.208 0.0000000000
144005  -32.893  -21.591  35.668 0.0000000000
49983  -33.595  -22.522  36.609 0.0000000000
50993  -34.041  -21.814  37.037 0.0000000000
53087  -33.542  -19.593  37.240 0.0000000000
130631  -33.905  -19.218  38.105 0.0000000000
126088  -21.197  -26.283  37.770 0.0000000000
47131  -20.520  -25.656  38.139 0.0000000000
44936  -21.321  -27.311  37.992 0.0000000000
130783  -41.753  -11.094  29.099 0.0000000000
63736  -43.442  -9.484  28.336 0.0000000000
62658  -43.870  -10.035  29.044 0.0000000000
126690  -41.839  -7.303  26.447 0.0000000000
64817  -42.037  -8.019  26.897 0.0000000000
70912  -41.076  -2.165  27.474 0.0000000000
70916  -40.859  -2.893  26.838 0.0000000000
70928  -41.836  -2.398  25.851 0.0000000000
69994  -42.307  -3.040  25.568 0.0000000000
133367  -43.002  -2.868  25.485 0.0000000000
72873  -42.517  -0.246  25.912 0.0000000000
134047  -43.736  -0.868  25.319 0.0000000000
70932  -45.109  -2.535  25.453 0.0000000000
70931  -44.306  -2.477  25.420 0.0000000000
130016  -44.704  -3.167  25.532 0.0000000000
69997  -45.173  -3.807  25.713 0.0000000000
68997  -45.662  -4.428  26.012 0.0000000000
68978  -47.052  -4.872  26.435 0.0000000000
72877  -47.728  -0.735  25.320 0.0000000000
128234  -47.864  3.312  22.301 0.0000000000
145939  -48.678  3.805  21.444 0.0000000000
77851  -49.206  4.351  20.980 0.0000000000
79919  -49.012  6.263  20.941 0.0000000000
78858  -49.476  5.424  20.679 0.0000000000
146368  -49.407  6.885  21.028 0.0000000000
36647  -10.015  -35.871  45.938 0.0000000000
36657  -8.951  -34.927  45.782 0.0000000000
126526  -9.223  -36.271  46.191 0.0000000000
36633  -12.763  -35.920  48.310 0.0000000000
36632  -12.104  -36.013  47.687 0.0000000000
35637  -11.944  -36.349  48.271 0.0000000000
35636  -10.911  -37.072  48.992 0.0000000000
34640  -9.912  -37.358  47.916 0.0000000000
34618  -10.324  -37.572  49.495 0.0000000000
34617  -9.686  -37.923  49.073 0.0000000000
34611  -10.276  -37.629  50.477 0.0000000000
34603  -10.343  -37.497  52.135 0.0000000000
54147  -33.809  -17.688  37.677 0.0000000000
149748  -33.500  -17.282  37.398 0.0000000000
56372  -33.440  -16.723  36.653 0.0000000000
56356  -33.908  -16.904  37.302 0.0000000000
56357  -34.782  -16.917  37.128 0.0000000000
56417  -31.234  -16.281  33.917 0.0000000000
143015  -32.431  -16.446  34.979 0.0000000000
56407  -35.203  -16.765  34.506 0.0000000000
126787  -34.615  -16.663  35.247 0.0000000000
56384  -35.515  -16.808  35.399 0.0000000000
56374  -35.664  -16.948  36.385 0.0000000000
56376  -37.536  -17.185  36.342 0.0000000000
142550  -37.612  -16.204  34.348 0.0000000000
57359  -38.038  -16.353  34.975 0.0000000000
57361  -39.261  -15.757  35.527 0.0000000000
57374  -38.127  -15.806  34.343 0.0000000000
59387  -32.120  -12.785  32.345 0.0000000000
58353  -32.574  -14.759  31.534 0.0000000000
58372  -33.263  -14.589  31.035 0.0000000000
60458  -32.429  -11.395  30.918 0.0000000000
60459  -32.342  -12.335  31.124 0.0000000000
147723  -32.561  -12.013  30.502 0.0000000000
58374  -35.186  -14.220  30.366 0.0000000000
58363  -34.772  -14.874  30.943 0.0000000000
137898  -33.992  -14.935  31.061 0.0000000000
57411  -35.273  -15.410  31.418 0.0000000000
133507  -35.646  -15.737  31.955 0.0000000000
57412  -36.103  -15.249  31.608 0.0000000000
58355  -37.714  -14.642  32.354 0.0000000000
58343  -38.631  -14.523  33.312 0.0000000000
58328  -38.515  -15.089  33.934 0.0000000000
59377  -39.129  -14.284  33.752 0.0000000000
139677  -39.131  -12.754  32.073 0.0000000000
125115  -35.974  -10.509  29.506 0.0000000000
62632  -36.926  -10.636  29.705 0.0000000000
134567  -38.212  -10.872  30.339 0.0000000000
62614  -38.708  -11.132  30.739 0.0000000000
62654  -39.252  -10.978  29.831 0.0000000000
62636  -39.837  -11.239  30.458 0.0000000000
146713  -40.391  -11.357  30.964 0.0000000000
61518  -40.653  -11.499  30.147 0.0000000000
63751  -38.699  -9.806  27.767 0.0000000000
63732  -39.859  -10.558  28.159 0.0000000000
64797  -39.493  -9.309  27.242 0.0000000000
65843  -35.623  -7.114  27.974 0.0000000000
65844  -36.252  -7.175  27.549 0.0000000000
66949  -37.074  -6.178  27.023 0.0000000000
65845  -37.012  -7.133  27.041 0.0000000000
66964  -37.693  -6.641  26.759 0.0000000000
65860  -38.352  -6.999  26.620 0.0000000000
66965  -38.251  -6.298  26.592 0.0000000000
68966  -38.558  -4.717  27.083 0.0000000000
42897  -24.341  -29.492  39.682 0.0000000000
43833  -24.969  -28.963  40.023 0.0000000000
43821  -25.829  -28.582  41.425 0.0000000000
43810  -26.015  -28.727  42.377 0.0000000000
43803  -26.070  -29.179  43.216 0.0000000000
43811  -26.352  -28.434  43.051 0.0000000000
45992  -27.489  -27.075  41.248 0.0000000000
44903  -26.938  -27.315  41.788 0.0000000000
45973  -27.572  -27.134  42.189 0.0000000000
38748  -10.862  -33.336  44.600 0.0000000000
40884  -11.865  -31.423  43.594 0.0000000000
39806  -11.558  -32.160  43.851 0.0000000000
38733  -12.985  -34.309  44.989 0.0000000000
37664  -13.490  -34.957  46.355 0.0000000000
142672  -14.301  -34.554  46.318 0.0000000000
41892  -15.405  -30.646  42.095 0.0000000000
40911  -15.880  -31.256  42.610 0.0000000000
144720  -16.899  -31.825  44.704 0.0000000000
39811  -16.326  -32.363  44.417 0.0000000000
39795  -16.644  -32.194  45.432 0.0000000000
31652  -4.132  -41.353  50.815 0.0000000000
31638  -4.337  -40.937  51.456 0.0000000000
31653  -4.261  -40.927  50.494 0.0000000000
31670  -4.276  -40.645  49.593 0.0000000000
40922  -22.549  -31.426  41.684 0.0000000000
138725  -23.258  -31.446  41.520 0.0000000000
41914  -23.667  -31.085  41.013 0.0000000000
41915  -24.566  -30.721  41.264 0.0000000000
44935  -20.447  -27.523  38.458 0.0000000000
46056  -19.793  -26.923  38.537 0.0000000000
132567  -20.331  -28.474  38.960 0.0000000000
135559  -20.649  -29.763  40.124 0.0000000000
53063  -28.919  -19.344  39.336 0.0000000000
68975  -39.124  -4.972  26.530 0.0000000000
67976  -39.714  -5.125  26.094 0.0000000000
68976  -39.674  -4.415  26.440 0.0000000000
75912  -43.472  2.128  25.834 0.0000000000
75913  -43.984  2.683  25.426 0.0000000000
75926  -44.354  2.382  24.786 0.0000000000
74855  -45.262  1.686  24.356 0.0000000000
75927  -44.863  2.272  24.262 0.0000000000
76865  -45.305  3.595  23.533 0.0000000000
76878  -45.796  3.774  23.026 0.0000000000
59373  -29.581  -13.968  34.328 0.0000000000
59361  -30.326  -13.260  34.907 0.0000000000
59374  -30.468  -13.626  33.796 0.0000000000
127152  -31.339  -13.057  33.681 0.0000000000
64747  -33.022  -8.305  30.236 0.0000000000
64755  -33.650  -8.636  29.846 0.0000000000
65817  -33.425  -7.659  29.871 0.0000000000
66924  -34.279  -6.442  28.945 0.0000000000
67918  -33.429  -5.662  30.007 0.0000000000
46038  -28.580  -26.724  39.236 0.0000000000
46014  -28.607  -26.866  40.183 0.0000000000
149727  -29.093  -26.793  39.687 0.0000000000
46015  -29.589  -26.864  40.110 0.0000000000
45994  -30.689  -27.058  41.268 0.0000000000
146417  -13.498  -30.717  42.388 0.0000000000
77857  -50.815  4.699  20.249 0.0000000000
134190  -51.641  5.102  19.900 0.0000000000
33608  -8.485  -38.719  51.243 0.0000000000
135649  -7.800  -38.951  51.666 0.0000000000
33606  -7.224  -39.332  51.313 0.0000000000
32626  -6.343  -39.709  51.492 0.0000000000
47121  -33.323  -25.438  39.849 0.0000000000
48111  -33.811  -24.622  39.431 0.0000000000
48096  -34.450  -24.332  40.127 0.0000000000
48083  -35.054  -24.487  41.529 0.0000000000
47114  -17.900  -26.235  39.370 0.0000000000
46010  -16.989  -26.286  39.704 0.0000000000
46009  -16.161  -26.357  40.095 0.0000000000
44910  -15.814  -27.282  40.236 0.0000000000
43819  -16.241  -28.715  40.546 0.0000000000
134624  -16.464  -29.480  41.084 0.0000000000
42865  -17.343  -29.760  41.140 0.0000000000
139306  -18.474  -30.320  41.755 0.0000000000
40912  -21.003  -31.359  42.712 0.0000000000
138655  -20.715  -31.727  43.545 0.0000000000
40865  -21.294  -32.002  44.114 0.0000000000
40845  -21.528  -32.145  45.476 0.0000000000
139054  -32.029  -18.594  36.196 0.0000000000
46076  -21.869  -25.888  37.407 0.0000000000
47148  -21.832  -25.044  37.444 0.0000000000
148699  -22.463  -25.508  37.248 0.0000000000
49010  -24.463  -23.257  36.674 0.0000000000
48145  -25.407  -24.269  36.719 0.0000000000
47166  -27.033  -25.128  36.683 0.0000000000
47167  -27.706  -25.160  36.529 0.0000000000
48133  -31.361  -24.865  36.932 0.0000000000
49033  -31.614  -23.295  35.687 0.0000000000
51024  -31.488  -21.510  35.107 0.0000000000
51025  -32.277  -21.004  35.288 0.0000000000
51010  -33.123  -20.869  35.897 0.0000000000
127879  -33.761  -20.737  36.824 0.0000000000
52047  -32.545  -20.338  35.651 0.0000000000
63733  -40.767  -10.358  28.028 0.0000000000
62672  -42.158  -10.519  28.643 0.0000000000
63734  -41.688  -10.064  28.065 0.0000000000
63754  -42.087  -9.300  27.661 0.0000000000
63755  -42.822  -9.151  27.879 0.0000000000
140869  -42.627  -6.265  26.172 0.0000000000
128055  -42.658  -6.873  26.438 0.0000000000
66970  -43.269  -6.383  26.382 0.0000000000
71869  -41.417  -1.341  27.159 0.0000000000
71875  -41.834  -1.173  26.526 0.0000000000
71885  -42.406  -1.627  25.753 0.0000000000
137611  -43.942  0.054  25.167 0.0000000000
71887  -44.504  -1.258  25.274 0.0000000000
127859  -44.795  -1.879  25.355 0.0000000000
69998  -45.996  -3.664  25.810 0.0000000000
70933  -46.188  -2.954  25.643 0.0000000000
137939  -46.868  -3.390  25.879 0.0000000000
77849  -47.504  4.625  21.792 0.0000000000
77850  -48.295  4.532  21.350 0.0000000000
37673  -10.157  -34.327  45.259 0.0000000000
35659  -10.728  -36.273  46.790 0.0000000000
145380  -32.626  -17.021  36.884 0.0000000000
133805  -32.927  -16.600  33.402 0.0000000000
56405  -33.226  -16.646  34.396 0.0000000000
146778  -35.624  -16.723  33.900 0.0000000000
127188  -36.208  -16.748  34.531 0.0000000000
57390  -36.224  -16.528  33.620 0.0000000000
126121  -36.786  -16.051  33.212 0.0000000000
124881  -32.304  -12.997  31.507 0.0000000000
60471  -32.952  -12.571  30.099 0.0000000000
60472  -34.030  -12.834  29.702 0.0000000000
58366  -37.429  -14.230  31.580 0.0000000000
59400  -38.150  -13.893  32.014 0.0000000000
59401  -38.782  -13.548  32.406 0.0000000000
59414  -37.983  -13.336  31.227 0.0000000000
60460  -38.088  -12.416  30.733 0.0000000000
62652  -37.272  -10.216  29.682 0.0000000000
62634  -38.634  -10.895  30.483 0.0000000000
62653  -38.621  -10.699  30.014 0.0000000000
62669  -39.476  -11.019  28.897 0.0000000000
67957  -35.725  -5.737  27.954 0.0000000000
66948  -36.509  -6.522  27.316 0.0000000000
67959  -37.332  -5.303  27.323 0.0000000000
67960  -37.980  -5.143  27.039 0.0000000000
43856  -24.740  -27.830  38.716 0.0000000000
44912  -25.291  -28.013  39.606 0.0000000000
125630  -26.042  -27.920  41.011 0.0000000000
44902  -26.339  -27.891  41.839 0.0000000000
38770  -13.094  -33.318  43.898 0.0000000000
125059  -13.978  -33.980  44.954 0.0000000000
40860  -17.264  -31.519  44.484 0.0000000000
134467  -17.344  -31.689  45.252 0.0000000000
56333  -36.853  -17.923  38.910 0.0000000000
56343  -36.309  -17.737  38.135 0.0000000000
127776  -22.715  -31.833  46.073 0.0000000000
40828  -23.414  -31.570  46.463 0.0000000000
135610  -24.003  -31.375  45.826 0.0000000000
41834  -24.759  -30.931  45.701 0.0000000000
40896  -24.037  -31.421  43.489 0.0000000000
40868  -24.519  -31.086  44.093 0.0000000000
48987  -34.554  -23.237  39.198 0.0000000000
46032  -18.604  -26.592  39.030 0.0000000000
44934  -19.085  -27.300  38.889 0.0000000000
44922  -18.224  -27.257  39.216 0.0000000000
43832  -18.380  -28.735  39.838 0.0000000000
42866  -18.681  -29.907  41.050 0.0000000000
42867  -19.473  -29.937  40.926 0.0000000000
129101  -20.782  -30.911  41.860 0.0000000000
41924  -21.002  -30.319  40.692 0.0000000000
40893  -21.587  -31.746  43.347 0.0000000000
133972  -22.127  -31.928  43.942 0.0000000000
145668  -29.968  -19.382  35.512 0.0000000000
53098  -29.098  -19.074  36.198 0.0000000000
49959  -29.065  -21.855  37.301 0.0000000000
49960  -29.600  -21.756  36.420 0.0000000000
52046  -30.085  -20.802  35.757 0.0000000000
52045  -29.853  -20.041  35.703 0.0000000000
65862  -39.997  -7.569  26.493 0.0000000000
149953  -40.636  -8.010  26.680 0.0000000000
66968  -41.206  -6.612  26.096 0.0000000000
67991  -40.360  -5.213  25.822 0.0000000000
66987  -41.478  -5.857  25.848 0.0000000000
66988  -42.242  -5.790  25.907 0.0000000000
67993  -42.596  -5.160  25.744 0.0000000000
73850  -42.503  0.811  26.556 0.0000000000
73859  -42.811  0.613  25.846 0.0000000000
73860  -43.405  0.567  25.349 0.0000000000
74845  -43.434  1.374  25.457 0.0000000000
72874  -44.770  -0.518  25.154 0.0000000000
72875  -45.657  -0.727  25.211 0.0000000000
71890  -47.337  -1.357  25.424 0.0000000000
140931  -46.262  -0.520  25.195 0.0000000000
73863  -46.656  0.087  25.020 0.0000000000
74856  -45.888  1.286  24.450 0.0000000000
73878  -47.118  0.788  24.831 0.0000000000
75952  -47.407  2.968  22.793 0.0000000000
149440  -46.847  3.319  22.675 0.0000000000
77840  -46.735  4.825  22.299 0.0000000000
146631  -12.811  -35.448  46.808 0.0000000000
150548  -12.254  -35.467  46.364 0.0000000000
56401  -29.703  -15.729  34.606 0.0000000000
56403  -31.133  -16.345  35.090 0.0000000000
144925  -30.516  -16.039  34.585 0.0000000000
56402  -30.376  -15.815  33.895 0.0000000000
57388  -30.754  -15.867  33.368 0.0000000000
58338  -29.999  -14.786  33.594 0.0000000000
144271  -30.695  -15.339  32.920 0.0000000000
56418  -32.052  -16.366  33.230 0.0000000000
56427  -32.676  -16.294  32.746 0.0000000000
63678  -32.510  -9.675  31.260 0.0000000000
61516  -32.764  -10.935  30.265 0.0000000000
61530  -35.377  -11.405  29.360 0.0000000000
136220  -35.095  -10.689  29.402 0.0000000000
62650  -35.301  -10.016  29.517 0.0000000000
63712  -35.002  -9.337  29.515 0.0000000000
63713  -35.946  -9.562  29.471 0.0000000000
64758  -36.252  -9.057  29.221 0.0000000000
64774  -36.552  -8.665  28.535 0.0000000000
66935  -35.083  -6.381  28.252 0.0000000000
67942  -34.601  -5.614  28.802 0.0000000000
67943  -35.320  -5.310  28.438 0.0000000000
68947  -35.800  -4.448  28.892 0.0000000000
68922  -36.322  -3.760  29.520 0.0000000000
46036  -26.378  -26.947  39.374 0.0000000000
46012  -26.580  -27.190  40.179 0.0000000000
148656  -26.692  -27.030  39.894 0.0000000000
46013  -27.100  -26.990  40.359 0.0000000000
140387  -28.109  -27.046  41.728 0.0000000000
45993  -28.333  -27.010  41.032 0.0000000000
147062  -12.895  -31.878  42.965 0.0000000000
39825  -13.080  -32.599  43.291 0.0000000000
39809  -14.561  -33.070  43.858 0.0000000000
126326  -19.007  -32.037  46.233 0.0000000000
33663  -8.722  -37.966  47.929 0.0000000000
34637  -7.531  -37.430  47.357 0.0000000000
33662  -7.930  -38.079  47.709 0.0000000000
33639  -7.497  -38.553  48.148 0.0000000000
32679  -7.120  -39.052  48.463 0.0000000000
32655  -7.136  -39.504  48.968 0.0000000000
33637  -5.611  -38.864  48.554 0.0000000000
150743  -41.305  -2.129  28.162 0.0000000000
72844  -42.344  -0.365  28.447 0.0000000000
73830  -42.506  0.479  28.098 0.0000000000
57354  -40.342  -15.437  36.512 0.0000000000
47118  -31.062  -26.305  38.895 0.0000000000
46041  -31.259  -26.597  39.799 0.0000000000
47103  -32.169  -26.403  40.181 0.0000000000
48972  -34.834  -23.465  40.015 0.0000000000
44889  -13.912  -27.200  42.053 0.0000000000
44899  -14.001  -28.121  41.706 0.0000000000
41893  -16.367  -30.662  42.207 0.0000000000
41878  -17.614  -30.949  43.050 0.0000000000
40862  -18.455  -31.663  44.745 0.0000000000
130220  -18.748  -30.973  43.070 0.0000000000
145441  -20.205  -31.359  43.107 0.0000000000
41880  -19.459  -31.146  43.089 0.0000000000
40892  -18.850  -31.409  43.784 0.0000000000
40843  -19.192  -31.991  45.362 0.0000000000
81765  -51.335  8.368  20.599 0.0000000000
55237  -34.611  -18.544  38.712 0.0000000000
54166  -32.460  -17.853  36.791 0.0000000000
54181  -29.545  -18.418  35.666 0.0000000000
55277  -29.153  -17.566  35.646 0.0000000000
55260  -27.456  -17.134  37.447 0.0000000000
55268  -27.778  -17.177  36.609 0.0000000000
129637  -28.799  -16.640  35.603 0.0000000000
140695  -29.423  -16.210  35.267 0.0000000000
57369  -28.560  -15.051  34.907 0.0000000000
58318  -28.478  -14.615  35.194 0.0000000000
58304  -27.824  -14.089  36.984 0.0000000000
43844  -22.406  -29.002  38.648 0.0000000000
42896  -22.981  -29.697  39.115 0.0000000000
43855  -23.826  -28.211  38.330 0.0000000000
44953  -22.774  -27.072  37.453 0.0000000000
46034  -24.972  -27.032  38.517 0.0000000000
149461  -22.053  -23.496  37.541 0.0000000000
135638  -22.823  -23.875  37.182 0.0000000000
130302  -23.345  -24.616  37.097 0.0000000000
48130  -23.959  -24.060  36.931 0.0000000000
136086  -24.075  -24.950  37.168 0.0000000000
47133  -24.880  -25.925  37.723 0.0000000000
46061  -25.901  -26.517  38.525 0.0000000000
46062  -26.670  -26.571  38.668 0.0000000000
139997  -27.452  -26.415  38.278 0.0000000000
46063  -28.251  -26.496  38.338 0.0000000000
46064  -29.211  -26.481  38.403 0.0000000000
49957  -26.370  -22.191  36.864 0.0000000000
48147  -27.164  -24.538  36.461 0.0000000000
47168  -28.499  -25.150  36.417 0.0000000000
47139  -31.743  -25.683  38.375 0.0000000000
48120  -32.531  -25.094  38.365 0.0000000000
48119  -31.965  -24.982  37.679 0.0000000000
48999  -33.818  -23.479  37.943 0.0000000000
49034  -32.479  -23.170  36.066 0.0000000000
50001  -32.202  -22.697  35.595 0.0000000000
49943  -34.292  -22.784  38.061 0.0000000000
49961  -34.491  -22.062  37.821 0.0000000000
52016  -34.505  -20.568  38.302 0.0000000000
53076  -34.434  -19.755  38.539 0.0000000000
62673  -42.977  -10.240  28.847 0.0000000000
64816  -41.327  -8.003  26.756 0.0000000000
64800  -42.612  -8.507  27.330 0.0000000000
64801  -43.439  -8.731  27.762 0.0000000000
65847  -43.460  -7.983  27.265 0.0000000000
70911  -40.718  -2.865  27.653 0.0000000000
70917  -41.429  -2.063  26.519 0.0000000000
68993  -42.185  -3.873  25.527 0.0000000000
68994  -42.975  -4.399  25.623 0.0000000000
71884  -42.231  -0.985  26.036 0.0000000000
71886  -43.144  -1.623  25.474 0.0000000000
138802  -43.591  -3.902  25.598 0.0000000000
68995  -43.905  -4.518  25.776 0.0000000000
67996  -45.248  -5.261  26.280 0.0000000000
144653  -50.450  4.112  20.614 0.0000000000
77856  -50.027  4.594  20.573 0.0000000000
78864  -50.252  5.577  20.337 0.0000000000
80853  -50.229  7.907  21.191 0.0000000000
138947  -8.514  -36.036  46.254 0.0000000000
146507  -8.745  -36.550  46.485 0.0000000000
34654  -8.622  -37.003  46.882 0.0000000000
35660  -11.829  -35.803  46.814 0.0000000000
137652  -11.691  -36.647  48.950 0.0000000000
141746  -11.261  -36.748  48.216 0.0000000000
35644  -10.066  -36.875  47.286 0.0000000000
34639  -9.229  -37.379  47.444 0.0000000000
33624  -9.214  -38.321  49.563 0.0000000000
33616  -9.470  -38.131  50.413 0.0000000000
127264  -9.746  -37.888  51.385 0.0000000000
33609  -9.071  -38.322  51.020 0.0000000000
55238  -34.969  -18.243  38.628 0.0000000000
55263  -33.948  -17.328  37.549 0.0000000000
56341  -34.617  -17.500  37.730 0.0000000000
134773  -35.811  -17.456  37.786 0.0000000000
56359  -36.569  -17.449  37.470 0.0000000000
56383  -33.055  -16.546  35.679 0.0000000000
127596  -33.971  -16.566  35.940 0.0000000000
56360  -37.651  -17.497  37.168 0.0000000000
56377  -38.452  -17.050  36.478 0.0000000000
56387  -38.225  -16.739  35.752 0.0000000000
57353  -38.957  -16.431  35.970 0.0000000000
58340  -31.361  -13.850  32.552 0.0000000000
59386  -31.838  -12.816  33.145 0.0000000000
59422  -33.548  -13.493  30.220 0.0000000000
148679  -33.155  -13.973  30.678 0.0000000000
130485  -34.921  -16.006  31.920 0.0000000000
58354  -36.924  -14.990  31.970 0.0000000000
57404  -37.273  -15.387  32.764 0.0000000000
58319  -39.486  -15.133  35.111 0.0000000000
135465  -40.027  -14.311  35.092 0.0000000000
59389  -39.555  -13.513  33.473 0.0000000000
61504  -37.969  -11.709  30.409 0.0000000000
62613  -38.097  -11.169  30.418 0.0000000000
61532  -41.703  -11.483  29.915 0.0000000000
62670  -40.385  -11.033  28.670 0.0000000000
63752  -40.173  -9.877  27.606 0.0000000000
64798  -40.351  -9.208  27.199 0.0000000000
64795  -37.280  -8.719  27.772 0.0000000000
130167  -37.912  -8.617  27.277 0.0000000000
65846  -37.500  -7.966  27.155 0.0000000000
64813  -38.344  -7.941  26.855 0.0000000000
66966  -38.999  -6.389  26.405 0.0000000000
127098  -39.153  -4.274  27.039 0.0000000000
142424  -39.358  -3.875  27.677 0.0000000000
42884  -23.684  -30.119  39.803 0.0000000000
42868  -25.158  -29.991  41.233 0.0000000000
43820  -25.368  -29.238  40.858 0.0000000000
42858  -25.670  -29.732  42.606 0.0000000000
42847  -26.089  -29.449  43.905 0.0000000000
44914  -26.509  -27.480  40.996 0.0000000000
131151  -26.725  -27.612  42.456 0.0000000000
44883  -27.365  -27.401  43.588 0.0000000000
44891  -26.769  -27.790  43.207 0.0000000000
43796  -26.774  -28.591  44.722 0.0000000000
46017  -31.391  -26.806  40.675 0.0000000000
45995  -31.542  -26.940  41.518 0.0000000000
38732  -10.284  -33.504  44.983 0.0000000000
38749  -11.555  -33.529  44.381 0.0000000000
37693  -11.933  -34.200  44.835 0.0000000000
37675  -12.288  -34.763  45.420 0.0000000000
37663  -12.620  -35.169  46.047 0.0000000000
138107  -14.643  -30.703  42.153 0.0000000000
40888  -15.440  -31.875  42.967 0.0000000000
148820  -16.190  -31.694  43.175 0.0000000000
128802  -18.126  -31.795  46.444 0.0000000000
39785  -16.550  -32.241  46.513 0.0000000000
39784  -16.033  -32.821  45.945 0.0000000000
32615  -6.195  -39.365  52.748 0.0000000000
32625  -5.287  -40.168  51.234 0.0000000000
32624  -4.753  -40.417  51.997 0.0000000000
31639  -4.637  -40.608  51.093 0.0000000000
32653  -5.320  -40.189  49.494 0.0000000000
149833  -3.816  -41.190  49.282 0.0000000000
32675  -3.290  -40.401  48.479 0.0000000000
31683  -3.739  -40.792  49.129 0.0000000000
32676  -3.693  -40.028  48.857 0.0000000000
34626  -10.154  -37.482  48.633 0.0000000000
34653  -7.988  -37.069  46.923 0.0000000000
40829  -24.262  -31.182  46.535 0.0000000000
40847  -23.287  -31.664  45.378 0.0000000000
41864  -25.239  -30.550  44.258 0.0000000000
41898  -23.957  -31.371  41.798 0.0000000000
41911  -20.648  -30.520  41.247 0.0000000000
41912  -21.286  -30.820  41.246 0.0000000000
41925  -22.308  -30.695  40.451 0.0000000000
42824  -26.010  -29.911  45.203 0.0000000000
42857  -25.245  -30.318  41.958 0.0000000000
43804  -26.513  -28.657  43.816 0.0000000000
45990  -14.847  -26.541  41.132 0.0000000000
55269  -28.451  -17.401  35.971 0.0000000000
56354  -27.193  -16.630  37.868 0.0000000000
56378  -39.283  -16.728  36.631 0.0000000000
57352  -27.261  -15.597  36.756 0.0000000000
57372  -36.980  -16.384  34.002 0.0000000000
57389  -31.248  -15.967  32.907 0.0000000000
58317  -27.972  -14.942  35.564 0.0000000000
60461  -38.693  -12.539  31.351 0.0000000000
68996  -44.780  -4.526  25.888 0.0000000000
74854  -44.666  1.813  24.586 0.0000000000
128366  -8.364  -35.246  46.275 0.0000000000
130017  -43.766  -3.169  25.509 0.0000000000
130845  -34.404  -17.163  37.580 0.0000000000
132134  -21.004  -32.162  44.864 0.0000000000
141967  -33.093  -23.043  36.433 0.0000000000
146528  -23.777  -29.469  39.234 0.0000000000
147298  -35.933  -10.003  29.560 0.0000000000
147313  -37.064  -17.112  36.014 0.0000000000
147463  -10.829  -36.691  47.568 0.0000000000
147952  -45.281  3.084  23.646 0.0000000000
148858  -28.268  -15.004  35.188 0.0000000000
149626  -37.091  -17.361  36.920 0.0000000000
