#!ascii label  , from subject sub-LJ002 vox2ras=TkReg
1933
57178  -32.045  -15.091  54.925 0.0000000000
72806  -51.885  -0.347  33.952 0.0000000000
141519  -39.715  -4.582  41.078 0.0000000000
43807  -7.898  -28.745  42.793 0.0000000000
45907  -21.874  -26.049  48.149 0.0000000000
53024  -3.657  -20.294  45.355 0.0000000000
142872  -1.336  -22.990  51.619 0.0000000000
72728  -46.371  0.097  38.469 0.0000000000
56352  -5.359  -16.324  37.148 0.0000000000
39729  -3.570  -33.085  51.648 0.0000000000
59220  -30.136  -13.361  46.468 0.0000000000
51873  -29.739  -20.597  49.685 0.0000000000
51814  -27.232  -19.320  53.290 0.0000000000
76802  -53.877  3.305  32.583 0.0000000000
138476  -43.180  -1.739  40.524 0.0000000000
48042  -16.652  -24.540  44.589 0.0000000000
59247  -4.261  -13.179  43.608 0.0000000000
126386  -5.316  -24.850  43.916 0.0000000000
124553  -4.765  -23.919  40.889 0.0000000000
44933  -9.103  -27.550  38.315 0.0000000000
42707  -9.760  -28.597  55.968 0.0000000000
42699  -6.101  -29.325  56.852 0.0000000000
63529  -38.052  -9.896  42.758 0.0000000000
49693  -24.637  -22.401  55.015 0.0000000000
143042  -22.706  -22.394  47.196 0.0000000000
50834  -2.087  -21.300  47.390 0.0000000000
125629  -5.396  -25.695  48.295 0.0000000000
70809  -49.262  -2.174  36.095 0.0000000000
44762  -12.231  -27.154  52.679 0.0000000000
45888  -13.902  -25.714  48.844 0.0000000000
54114  -7.401  -18.357  42.453 0.0000000000
50988  -3.195  -21.586  37.753 0.0000000000
47928  -3.535  -24.398  54.981 0.0000000000
44759  -4.862  -27.585  52.723 0.0000000000
41817  -4.604  -30.724  47.461 0.0000000000
59125  -32.782  -12.989  54.035 0.0000000000
143267  -31.869  -17.518  50.854 0.0000000000
141290  -31.335  -15.177  51.155 0.0000000000
52927  -31.285  -18.322  52.312 0.0000000000
51892  -31.363  -19.829  48.355 0.0000000000
146122  -31.032  -17.517  55.143 0.0000000000
74784  -53.267  1.122  33.499 0.0000000000
70865  -48.406  -1.546  31.726 0.0000000000
73804  -50.356  0.927  31.435 0.0000000000
75872  -50.960  2.994  30.569 0.0000000000
69826  -41.475  -3.340  40.424 0.0000000000
65719  -36.589  -7.725  39.676 0.0000000000
134460  -38.204  -5.268  39.076 0.0000000000
68821  -39.936  -3.640  38.215 0.0000000000
45958  -9.018  -26.244  43.470 0.0000000000
47081  -8.682  -25.841  41.707 0.0000000000
43828  -8.848  -28.676  40.424 0.0000000000
41950  -7.438  -30.919  37.720 0.0000000000
41922  -7.012  -30.768  40.576 0.0000000000
41746  -9.875  -30.203  52.871 0.0000000000
40697  -8.000  -31.330  54.362 0.0000000000
61342  -37.408  -11.142  44.115 0.0000000000
60256  -33.249  -11.498  47.272 0.0000000000
60303  -31.573  -12.607  44.723 0.0000000000
59241  -34.548  -11.602  43.973 0.0000000000
59273  -36.574  -11.484  41.832 0.0000000000
52856  -25.196  -19.126  57.761 0.0000000000
52965  -26.579  -19.382  49.510 0.0000000000
50784  -24.841  -21.012  50.651 0.0000000000
79838  -52.946  6.837  30.546 0.0000000000
81700  -54.050  8.785  30.248 0.0000000000
49794  -1.371  -22.310  49.438 0.0000000000
46974  -3.017  -24.196  47.778 0.0000000000
46955  -2.726  -24.963  49.752 0.0000000000
146966  -48.545  -1.158  36.815 0.0000000000
72787  -42.854  -0.463  36.163 0.0000000000
71792  -45.260  -1.212  34.754 0.0000000000
69887  -45.840  -2.650  33.775 0.0000000000
44730  -13.100  -26.555  54.551 0.0000000000
44743  -14.504  -26.534  53.342 0.0000000000
55150  -4.124  -17.823  46.616 0.0000000000
56266  -6.554  -16.670  45.464 0.0000000000
54107  -5.822  -19.461  44.408 0.0000000000
46050  -4.360  -26.015  38.226 0.0000000000
49935  -4.012  -22.877  39.361 0.0000000000
48128  -3.327  -24.711  36.975 0.0000000000
48796  -6.177  -24.428  55.844 0.0000000000
40694  -5.042  -31.336  54.507 0.0000000000
43692  -5.188  -28.685  55.363 0.0000000000
41753  -4.701  -30.603  52.728 0.0000000000
147981  -5.533  -29.271  50.101 0.0000000000
147500  -3.599  -31.847  49.212 0.0000000000
60222  -30.898  -12.723  49.648 0.0000000000
52858  -26.956  -18.362  57.358 0.0000000000
53965  -29.114  -17.502  56.608 0.0000000000
52924  -29.035  -19.295  52.362 0.0000000000
78766  -54.954  5.398  32.602 0.0000000000
77757  -52.058  4.827  30.548 0.0000000000
72710  -44.996  -0.541  39.685 0.0000000000
70796  -41.352  -2.336  38.005 0.0000000000
47033  -20.880  -25.295  44.533 0.0000000000
45937  -19.530  -25.490  46.292 0.0000000000
141098  -6.522  -14.342  40.777 0.0000000000
49837  -3.679  -22.890  44.405 0.0000000000
50917  -5.265  -22.225  42.899 0.0000000000
47058  -5.234  -25.108  42.565 0.0000000000
46028  -5.935  -26.144  39.544 0.0000000000
44968  -6.945  -27.867  36.141 0.0000000000
45772  -10.348  -26.389  57.351 0.0000000000
45769  -7.238  -26.508  57.851 0.0000000000
41721  -7.859  -29.576  56.831 0.0000000000
39697  -6.171  -32.133  54.641 0.0000000000
66781  -38.091  -6.946  42.465 0.0000000000
62490  -37.291  -10.537  40.369 0.0000000000
46938  -24.096  -24.640  51.646 0.0000000000
50708  -25.419  -20.775  54.844 0.0000000000
133602  -24.416  -22.715  51.317 0.0000000000
48019  -22.741  -24.344  48.098 0.0000000000
55148  -2.697  -18.516  47.360 0.0000000000
54057  -1.651  -18.631  48.741 0.0000000000
51930  -2.565  -21.015  46.000 0.0000000000
48929  -3.501  -23.684  45.487 0.0000000000
124975  -6.553  -25.084  46.343 0.0000000000
44865  -7.724  -27.406  46.061 0.0000000000
70843  -50.183  -2.324  35.163 0.0000000000
138331  -47.233  -3.058  33.440 0.0000000000
44707  -11.451  -26.690  56.136 0.0000000000
43703  -11.218  -27.985  54.089 0.0000000000
42767  -10.686  -29.802  50.785 0.0000000000
45893  -18.382  -26.313  48.386 0.0000000000
44816  -17.287  -26.682  49.991 0.0000000000
44788  -16.057  -26.650  51.468 0.0000000000
45870  -12.934  -26.361  50.048 0.0000000000
41807  -11.304  -29.114  48.655 0.0000000000
59226  -4.505  -13.500  45.736 0.0000000000
58259  -7.368  -14.904  42.926 0.0000000000
55235  -7.505  -17.300  39.291 0.0000000000
51973  -5.946  -20.978  40.853 0.0000000000
51999  -5.075  -20.172  39.504 0.0000000000
54143  -3.961  -18.454  37.838 0.0000000000
48833  -2.078  -23.880  53.603 0.0000000000
141452  -4.771  -26.140  56.663 0.0000000000
45798  -3.265  -26.021  54.016 0.0000000000
45824  -2.574  -25.448  52.436 0.0000000000
45856  -5.332  -26.764  50.370 0.0000000000
43772  -6.786  -28.156  48.210 0.0000000000
42820  -5.695  -29.972  45.325 0.0000000000
132221  -3.402  -34.520  48.540 0.0000000000
38720  -3.601  -33.415  46.592 0.0000000000
41886  -5.667  -31.402  42.592 0.0000000000
58122  -32.357  -14.142  54.800 0.0000000000
59091  -32.589  -13.533  55.922 0.0000000000
56199  -31.820  -16.842  52.540 0.0000000000
58144  -31.882  -15.186  53.401 0.0000000000
137546  -31.796  -16.752  54.092 0.0000000000
143562  -31.775  -17.793  51.470 0.0000000000
57159  -31.993  -14.885  55.532 0.0000000000
55065  -31.627  -16.604  55.011 0.0000000000
73790  -52.122  0.356  33.460 0.0000000000
71824  -50.152  -0.895  33.242 0.0000000000
72817  -49.403  -0.266  31.485 0.0000000000
73797  -50.787  0.538  32.255 0.0000000000
73805  -51.050  1.205  31.830 0.0000000000
150543  -40.189  -4.281  40.800 0.0000000000
69808  -41.684  -3.341  42.122 0.0000000000
68780  -40.545  -4.212  42.106 0.0000000000
66826  -36.976  -6.762  39.720 0.0000000000
67807  -38.575  -5.188  40.005 0.0000000000
67809  -39.710  -4.423  39.837 0.0000000000
44886  -8.929  -27.382  43.193 0.0000000000
44887  -9.348  -27.029  42.517 0.0000000000
42853  -8.597  -28.318  42.124 0.0000000000
42877  -8.225  -29.271  40.761 0.0000000000
41888  -7.068  -29.825  41.951 0.0000000000
41780  -10.026  -30.841  50.800 0.0000000000
144272  -9.265  -31.504  51.401 0.0000000000
61317  -34.378  -11.149  46.837 0.0000000000
125297  -33.646  -11.550  46.491 0.0000000000
141761  -34.900  -11.374  45.337 0.0000000000
60308  -36.139  -11.383  44.085 0.0000000000
80760  -54.445  7.661  31.310 0.0000000000
80773  -53.143  7.602  30.216 0.0000000000
82590  -54.809  9.261  30.559 0.0000000000
137870  -1.371  -22.959  50.581 0.0000000000
48003  -1.924  -23.662  49.620 0.0000000000
47995  -2.144  -24.282  50.784 0.0000000000
72729  -47.601  -0.060  38.103 0.0000000000
124515  -49.269  -0.381  38.918 0.0000000000
127959  -44.790  -0.176  37.370 0.0000000000
72788  -43.805  -0.365  35.895 0.0000000000
72779  -45.439  -0.291  36.538 0.0000000000
71775  -46.425  -0.659  36.111 0.0000000000
45800  -14.866  -26.171  54.312 0.0000000000
44732  -15.732  -26.323  53.934 0.0000000000
149825  -22.288  -26.124  49.709 0.0000000000
132599  -21.506  -26.510  48.939 0.0000000000
57344  -5.815  -14.904  37.226 0.0000000000
54091  -4.152  -19.078  45.655 0.0000000000
54092  -4.919  -18.784  45.378 0.0000000000
53026  -5.072  -19.734  44.820 0.0000000000
46073  -4.647  -26.343  37.255 0.0000000000
47147  -3.561  -25.209  37.794 0.0000000000
47165  -3.919  -25.791  35.893 0.0000000000
48839  -7.099  -23.814  54.902 0.0000000000
48798  -7.972  -24.246  56.098 0.0000000000
40706  -4.000  -32.022  53.082 0.0000000000
41743  -4.318  -31.494  53.186 0.0000000000
41764  -4.118  -31.352  52.233 0.0000000000
41778  -4.013  -31.275  51.197 0.0000000000
40747  -3.707  -31.921  50.822 0.0000000000
59152  -31.760  -13.117  52.315 0.0000000000
58172  -30.861  -14.428  50.527 0.0000000000
60197  -31.988  -12.295  51.681 0.0000000000
61269  -32.680  -11.451  50.000 0.0000000000
52926  -30.788  -18.713  52.478 0.0000000000
136965  -30.068  -18.574  53.695 0.0000000000
51842  -30.128  -19.760  51.401 0.0000000000
51871  -28.129  -20.064  49.110 0.0000000000
77749  -54.909  4.479  32.826 0.0000000000
75866  -52.996  3.074  32.118 0.0000000000
76810  -51.924  3.993  30.699 0.0000000000
76807  -53.231  3.843  31.816 0.0000000000
77753  -54.131  5.038  32.106 0.0000000000
71710  -43.403  -1.508  39.944 0.0000000000
71700  -44.819  -0.768  41.034 0.0000000000
71688  -44.235  -1.262  41.466 0.0000000000
69844  -41.267  -3.045  38.911 0.0000000000
69860  -41.033  -2.852  38.352 0.0000000000
70777  -42.259  -2.213  39.007 0.0000000000
143083  -43.130  -1.372  38.862 0.0000000000
59263  -4.392  -13.220  42.660 0.0000000000
59281  -5.334  -13.566  41.236 0.0000000000
128624  -5.859  -13.988  41.893 0.0000000000
48050  -4.873  -24.649  43.926 0.0000000000
129708  -4.941  -24.503  43.194 0.0000000000
47059  -5.606  -25.446  42.856 0.0000000000
46030  -8.786  -26.403  39.494 0.0000000000
46005  -7.276  -26.039  40.606 0.0000000000
145291  -7.815  -26.262  39.089 0.0000000000
46052  -6.346  -26.629  38.056 0.0000000000
132863  -7.748  -27.327  37.201 0.0000000000
42917  -8.265  -29.432  36.273 0.0000000000
43683  -10.005  -27.885  56.805 0.0000000000
43677  -9.055  -28.037  57.455 0.0000000000
42706  -9.086  -28.995  56.301 0.0000000000
39719  -7.344  -32.399  52.566 0.0000000000
146681  -7.286  -31.769  54.534 0.0000000000
39707  -6.285  -32.507  53.825 0.0000000000
39706  -5.476  -32.389  54.060 0.0000000000
147471  -37.969  -8.876  42.759 0.0000000000
61365  -37.653  -10.759  42.377 0.0000000000
60344  -37.196  -11.141  40.858 0.0000000000
62466  -37.492  -10.184  41.607 0.0000000000
131636  -37.536  -9.465  41.534 0.0000000000
48805  -24.279  -23.189  55.202 0.0000000000
46904  -24.214  -24.419  53.720 0.0000000000
47960  -24.396  -23.944  53.413 0.0000000000
52871  -27.425  -18.958  55.979 0.0000000000
51782  -26.446  -19.358  56.229 0.0000000000
51803  -26.187  -19.836  54.703 0.0000000000
137929  -23.796  -21.524  48.674 0.0000000000
49776  -24.574  -22.057  51.347 0.0000000000
48907  -23.674  -22.732  49.634 0.0000000000
147602  -23.489  -23.908  49.510 0.0000000000
48026  -22.822  -23.568  48.038 0.0000000000
147129  -21.962  -24.681  45.697 0.0000000000
51878  -1.454  -20.600  48.685 0.0000000000
52987  -1.612  -19.979  48.323 0.0000000000
52999  -2.404  -19.974  47.139 0.0000000000
50850  -2.402  -21.360  46.729 0.0000000000
49825  -2.555  -21.988  46.047 0.0000000000
48927  -2.607  -22.563  46.403 0.0000000000
148994  -3.734  -25.003  47.894 0.0000000000
46990  -3.959  -24.579  46.675 0.0000000000
127086  -6.667  -25.487  47.182 0.0000000000
46993  -7.348  -25.626  46.694 0.0000000000
46977  -7.202  -26.003  47.428 0.0000000000
70825  -50.253  -2.328  35.718 0.0000000000
70811  -51.054  -2.147  36.385 0.0000000000
71779  -50.634  -1.996  36.854 0.0000000000
70822  -47.731  -2.238  35.046 0.0000000000
69903  -46.533  -3.067  33.579 0.0000000000
69889  -48.148  -2.597  34.516 0.0000000000
69890  -48.795  -2.552  34.639 0.0000000000
46877  -12.329  -25.844  56.015 0.0000000000
44741  -12.547  -27.002  53.732 0.0000000000
44728  -11.850  -27.388  54.291 0.0000000000
44740  -11.699  -27.542  53.444 0.0000000000
42741  -10.769  -29.009  52.037 0.0000000000
144595  -11.207  -28.266  51.652 0.0000000000
47013  -18.190  -24.923  45.915 0.0000000000
45920  -19.046  -25.762  47.097 0.0000000000
124974  -17.194  -24.899  46.316 0.0000000000
46979  -14.908  -25.318  47.417 0.0000000000
46967  -16.380  -25.645  48.187 0.0000000000
45873  -15.487  -25.939  49.604 0.0000000000
44804  -16.592  -26.589  50.971 0.0000000000
130173  -15.136  -26.144  50.294 0.0000000000
45842  -13.981  -26.395  51.364 0.0000000000
45871  -13.590  -25.948  49.576 0.0000000000
43775  -11.979  -28.181  47.480 0.0000000000
59215  -4.103  -13.406  46.507 0.0000000000
55173  -7.200  -17.530  44.127 0.0000000000
57288  -7.264  -15.589  44.297 0.0000000000
56302  -8.040  -16.549  42.668 0.0000000000
57315  -8.205  -16.020  40.921 0.0000000000
55221  -7.854  -17.769  40.735 0.0000000000
48954  -4.934  -23.525  41.674 0.0000000000
50918  -5.775  -21.692  42.423 0.0000000000
49885  -5.257  -22.691  41.388 0.0000000000
49934  -3.679  -22.457  38.720 0.0000000000
50955  -4.479  -21.376  39.394 0.0000000000
51997  -4.046  -20.890  38.816 0.0000000000
54136  -4.896  -19.080  38.630 0.0000000000
53071  -3.261  -20.026  37.786 0.0000000000
126417  -2.860  -19.479  37.212 0.0000000000
48811  -2.849  -23.969  54.509 0.0000000000
43673  -6.395  -27.834  57.644 0.0000000000
45775  -6.182  -25.899  57.445 0.0000000000
43679  -5.092  -27.464  56.758 0.0000000000
44739  -4.709  -27.746  54.069 0.0000000000
137347  -4.202  -27.157  55.082 0.0000000000
44738  -3.936  -26.935  53.595 0.0000000000
45811  -2.876  -26.049  53.179 0.0000000000
45826  -3.063  -26.312  52.657 0.0000000000
45838  -3.214  -26.131  51.809 0.0000000000
44782  -4.773  -27.237  51.898 0.0000000000
42777  -4.851  -30.001  48.910 0.0000000000
43755  -6.109  -28.525  49.795 0.0000000000
139918  -5.509  -29.453  47.754 0.0000000000
42799  -5.981  -29.058  47.029 0.0000000000
41831  -5.232  -30.323  46.012 0.0000000000
35655  -3.277  -35.888  47.357 0.0000000000
38708  -3.434  -33.986  48.086 0.0000000000
60171  -33.407  -12.113  53.903 0.0000000000
54063  -31.541  -18.052  48.597 0.0000000000
56235  -31.423  -17.000  48.666 0.0000000000
56207  -31.854  -16.468  51.061 0.0000000000
58143  -31.839  -14.567  52.859 0.0000000000
51856  -30.726  -19.656  50.582 0.0000000000
52955  -31.540  -18.769  50.782 0.0000000000
52983  -31.734  -18.600  49.530 0.0000000000
52898  -31.427  -18.027  53.579 0.0000000000
75859  -53.676  2.500  32.856 0.0000000000
72822  -48.691  0.707  30.511 0.0000000000
74803  -49.245  1.630  30.465 0.0000000000
74815  -49.464  2.649  30.179 0.0000000000
74796  -50.564  1.647  31.144 0.0000000000
74798  -51.964  2.148  31.972 0.0000000000
69835  -42.006  -2.807  40.019 0.0000000000
70746  -43.214  -2.049  41.807 0.0000000000
70736  -42.681  -2.535  42.122 0.0000000000
140585  -42.792  -2.557  42.919 0.0000000000
131186  -36.260  -9.175  38.585 0.0000000000
139496  -35.989  -8.097  38.295 0.0000000000
65746  -36.163  -7.043  37.921 0.0000000000
67817  -37.268  -5.404  37.682 0.0000000000
67832  -37.979  -4.646  37.468 0.0000000000
67819  -38.898  -4.648  38.681 0.0000000000
68807  -40.790  -3.568  39.210 0.0000000000
47044  -7.623  -25.296  43.892 0.0000000000
47060  -6.933  -25.572  43.135 0.0000000000
47063  -9.175  -26.054  42.674 0.0000000000
44909  -9.529  -26.998  40.763 0.0000000000
43839  -9.255  -28.314  39.521 0.0000000000
42913  -8.962  -28.973  37.853 0.0000000000
133953  -8.384  -29.788  39.136 0.0000000000
41935  -7.675  -30.514  39.179 0.0000000000
42729  -9.754  -29.739  54.186 0.0000000000
41730  -8.900  -29.879  55.159 0.0000000000
40718  -8.952  -31.157  52.893 0.0000000000
62436  -38.077  -10.734  43.470 0.0000000000
60254  -31.536  -12.130  47.303 0.0000000000
60270  -30.651  -12.744  45.986 0.0000000000
60272  -32.430  -11.997  45.937 0.0000000000
60305  -33.261  -11.881  44.541 0.0000000000
59254  -34.171  -11.823  43.116 0.0000000000
59256  -35.765  -11.572  42.811 0.0000000000
125362  -37.109  -11.395  43.034 0.0000000000
50696  -24.363  -21.157  56.439 0.0000000000
52922  -27.064  -19.395  51.928 0.0000000000
135758  -26.217  -19.740  51.929 0.0000000000
52951  -25.788  -19.617  50.135 0.0000000000
50820  -24.093  -20.650  48.445 0.0000000000
80788  -51.491  7.297  29.022 0.0000000000
81725  -52.195  8.245  28.944 0.0000000000
82617  -52.400  9.027  28.614 0.0000000000
82623  -52.785  9.783  28.213 0.0000000000
49802  -1.624  -22.381  48.765 0.0000000000
48017  -2.438  -23.230  47.649 0.0000000000
48905  -2.103  -23.563  48.889 0.0000000000
46961  -2.857  -24.776  49.082 0.0000000000
46956  -3.815  -25.615  49.060 0.0000000000
71777  -49.080  -1.648  36.624 0.0000000000
71728  -49.681  -0.935  38.097 0.0000000000
71804  -43.662  -1.182  34.218 0.0000000000
70837  -44.067  -2.272  33.508 0.0000000000
69900  -44.715  -3.223  33.085 0.0000000000
71806  -45.560  -2.070  34.116 0.0000000000
71794  -47.458  -1.837  35.307 0.0000000000
46882  -13.673  -25.557  55.394 0.0000000000
45789  -13.978  -25.948  55.034 0.0000000000
125395  -13.859  -26.509  53.995 0.0000000000
148136  -12.972  -26.787  53.103 0.0000000000
46994  -13.916  -25.596  46.312 0.0000000000
141848  -12.966  -26.304  47.925 0.0000000000
57267  -5.152  -15.618  47.185 0.0000000000
143941  -5.787  -15.661  46.493 0.0000000000
56265  -5.950  -17.110  45.996 0.0000000000
55172  -6.491  -18.001  44.635 0.0000000000
54109  -6.951  -18.773  43.199 0.0000000000
47113  -4.242  -25.282  39.398 0.0000000000
48968  -4.501  -23.302  40.090 0.0000000000
47112  -3.728  -24.889  39.054 0.0000000000
133353  -3.342  -23.925  38.251 0.0000000000
49007  -3.303  -23.145  37.943 0.0000000000
129574  -6.134  -22.484  52.670 0.0000000000
49706  -5.795  -23.056  54.103 0.0000000000
48795  -5.271  -24.364  55.598 0.0000000000
41728  -5.525  -30.748  55.454 0.0000000000
43685  -5.289  -28.772  55.939 0.0000000000
42716  -5.382  -29.795  54.902 0.0000000000
126936  -5.276  -29.832  54.197 0.0000000000
42728  -5.432  -28.956  53.147 0.0000000000
43718  -5.574  -28.787  52.303 0.0000000000
42751  -4.940  -30.125  51.795 0.0000000000
41792  -4.333  -30.634  49.466 0.0000000000
41804  -4.136  -31.299  47.963 0.0000000000
141127  -30.020  -15.199  46.570 0.0000000000
57249  -31.068  -16.248  48.579 0.0000000000
141247  -30.303  -14.603  48.447 0.0000000000
59193  -30.258  -13.559  48.388 0.0000000000
60240  -31.551  -12.080  48.279 0.0000000000
61290  -33.649  -10.886  48.732 0.0000000000
52880  -28.580  -18.709  54.987 0.0000000000
53971  -30.234  -17.347  55.707 0.0000000000
52895  -29.606  -18.517  54.388 0.0000000000
52907  -28.389  -19.106  53.101 0.0000000000
52953  -27.634  -19.487  50.578 0.0000000000
76817  -50.585  4.219  29.862 0.0000000000
78788  -52.867  6.005  30.761 0.0000000000
78780  -54.249  5.903  31.839 0.0000000000
136281  -45.966  -0.039  39.457 0.0000000000
72697  -47.200  0.188  40.561 0.0000000000
148680  -46.408  -0.124  40.757 0.0000000000
68830  -38.864  -3.595  37.172 0.0000000000
71752  -42.347  -1.178  37.564 0.0000000000
72725  -43.814  -0.786  38.654 0.0000000000
45924  -21.620  -25.573  46.776 0.0000000000
148709  -21.010  -26.010  47.159 0.0000000000
45949  -20.627  -25.410  45.354 0.0000000000
47031  -19.345  -24.958  44.630 0.0000000000
58289  -6.414  -14.424  38.973 0.0000000000
57336  -7.260  -15.634  38.495 0.0000000000
50887  -4.037  -21.515  44.595 0.0000000000
51954  -4.785  -21.070  44.256 0.0000000000
50901  -4.129  -22.446  44.091 0.0000000000
48947  -4.829  -23.878  42.596 0.0000000000
127271  -4.842  -24.203  41.719 0.0000000000
47080  -6.552  -26.004  41.866 0.0000000000
45985  -5.696  -26.016  40.835 0.0000000000
47094  -4.833  -25.256  40.673 0.0000000000
46027  -5.164  -26.014  39.316 0.0000000000
136925  -8.060  -24.902  57.131 0.0000000000
45765  -8.368  -26.347  57.703 0.0000000000
43675  -7.723  -28.125  57.804 0.0000000000
41720  -7.248  -29.643  56.994 0.0000000000
41729  -8.222  -30.299  55.440 0.0000000000
40687  -7.142  -30.703  56.128 0.0000000000
133251  -6.123  -30.580  56.326 0.0000000000
40689  -5.570  -31.528  55.136 0.0000000000
39705  -4.495  -32.266  53.699 0.0000000000
38644  -3.839  -33.363  52.288 0.0000000000
66816  -38.505  -5.663  41.382 0.0000000000
67784  -40.020  -4.667  42.534 0.0000000000
136803  -38.999  -5.697  42.653 0.0000000000
148999  -30.530  -13.409  44.144 0.0000000000
138862  -36.599  -10.673  38.838 0.0000000000
65680  -37.228  -7.358  41.135 0.0000000000
45845  -23.463  -25.429  51.145 0.0000000000
45877  -23.059  -25.387  50.110 0.0000000000
52857  -26.094  -18.807  57.604 0.0000000000
51781  -25.583  -19.836  56.486 0.0000000000
50707  -24.973  -21.498  55.251 0.0000000000
50748  -25.066  -21.190  52.528 0.0000000000
50732  -24.861  -21.769  53.078 0.0000000000
147943  -24.611  -22.757  53.600 0.0000000000
47997  -24.013  -24.271  51.161 0.0000000000
48012  -23.256  -24.583  49.486 0.0000000000
45908  -22.170  -25.723  48.145 0.0000000000
47016  -21.907  -25.164  46.068 0.0000000000
83483  -53.735  11.043  26.984 0.0000000000
84288  -54.425  11.625  26.667 0.0000000000
147584  -54.814  12.055  26.194 0.0000000000
55149  -3.260  -18.167  46.915 0.0000000000
54090  -3.495  -19.353  45.996 0.0000000000
55137  -1.983  -18.320  48.436 0.0000000000
54078  -2.632  -19.331  47.062 0.0000000000
51931  -3.058  -20.674  45.668 0.0000000000
50885  -3.038  -21.824  45.286 0.0000000000
48936  -3.502  -23.316  44.847 0.0000000000
47022  -4.901  -24.626  44.577 0.0000000000
46989  -3.437  -24.202  46.919 0.0000000000
126160  -4.341  -24.507  45.906 0.0000000000
126580  -5.403  -24.699  44.906 0.0000000000
47009  -8.039  -25.568  45.305 0.0000000000
44873  -8.533  -26.923  44.892 0.0000000000
43792  -7.839  -28.289  44.428 0.0000000000
71819  -51.482  -1.142  34.456 0.0000000000
68854  -45.365  -3.496  33.030 0.0000000000
68872  -46.089  -3.796  32.411 0.0000000000
68889  -46.617  -3.552  32.158 0.0000000000
69913  -47.807  -2.931  33.083 0.0000000000
126920  -49.234  -1.981  33.546 0.0000000000
45776  -11.015  -26.381  56.999 0.0000000000
43688  -10.865  -27.534  55.895 0.0000000000
45780  -12.250  -26.367  55.555 0.0000000000
44717  -11.529  -27.151  55.512 0.0000000000
43702  -10.672  -28.286  54.783 0.0000000000
42753  -10.552  -29.718  51.616 0.0000000000
44847  -20.447  -26.512  48.445 0.0000000000
44834  -19.956  -26.604  49.037 0.0000000000
44818  -19.151  -26.624  49.546 0.0000000000
46981  -16.696  -25.514  47.574 0.0000000000
45892  -17.812  -26.370  48.925 0.0000000000
44806  -18.469  -26.840  50.706 0.0000000000
125495  -17.876  -26.821  51.067 0.0000000000
136388  -17.116  -26.852  52.054 0.0000000000
44745  -16.227  -26.450  53.151 0.0000000000
44764  -14.636  -26.576  52.548 0.0000000000
45827  -13.852  -26.582  52.139 0.0000000000
44785  -12.439  -26.970  51.715 0.0000000000
44831  -12.185  -27.081  48.679 0.0000000000
44815  -11.851  -27.506  49.431 0.0000000000
44802  -11.626  -27.710  50.315 0.0000000000
41794  -11.016  -29.571  49.457 0.0000000000
59237  -4.994  -13.554  44.325 0.0000000000
58233  -5.886  -14.577  45.563 0.0000000000
58245  -5.869  -14.255  44.765 0.0000000000
58257  -5.870  -14.041  43.771 0.0000000000
58267  -7.298  -14.832  42.018 0.0000000000
56327  -8.015  -15.899  40.065 0.0000000000
55248  -6.693  -17.302  38.471 0.0000000000
130742  -5.370  -20.653  44.017 0.0000000000
51965  -6.455  -20.491  42.323 0.0000000000
53047  -6.758  -19.889  41.770 0.0000000000
50939  -4.917  -21.797  40.030 0.0000000000
51984  -5.490  -20.597  40.172 0.0000000000
54129  -6.976  -18.949  40.507 0.0000000000
54138  -6.568  -18.676  39.505 0.0000000000
54144  -5.140  -18.484  38.488 0.0000000000
55246  -4.305  -17.494  37.559 0.0000000000
54152  -2.960  -18.459  36.983 0.0000000000
132508  -6.843  -25.166  57.129 0.0000000000
47902  -5.388  -25.293  56.517 0.0000000000
130585  -4.173  -25.343  55.715 0.0000000000
44709  -4.681  -27.135  56.220 0.0000000000
45787  -3.835  -26.287  55.391 0.0000000000
46887  -3.120  -25.282  54.732 0.0000000000
46896  -2.602  -24.976  53.648 0.0000000000
46921  -2.334  -25.006  52.757 0.0000000000
143618  -1.882  -24.181  51.917 0.0000000000
46947  -2.652  -25.255  50.554 0.0000000000
45866  -3.531  -25.749  49.865 0.0000000000
45868  -5.509  -26.409  49.645 0.0000000000
43735  -5.811  -27.803  51.048 0.0000000000
43756  -6.417  -27.718  49.772 0.0000000000
45886  -6.835  -26.702  48.508 0.0000000000
43773  -7.199  -27.620  47.583 0.0000000000
43786  -7.289  -28.228  45.839 0.0000000000
42833  -6.650  -29.351  43.946 0.0000000000
37605  -3.703  -34.394  50.724 0.0000000000
36622  -3.493  -35.275  49.332 0.0000000000
139914  -3.429  -33.799  49.947 0.0000000000
38692  -3.416  -33.553  49.350 0.0000000000
39759  -3.497  -32.595  47.997 0.0000000000
40822  -3.895  -31.861  46.790 0.0000000000
39793  -4.066  -32.673  45.462 0.0000000000
40837  -4.358  -31.709  45.426 0.0000000000
41844  -4.696  -31.330  44.966 0.0000000000
41860  -5.440  -30.883  43.815 0.0000000000
42851  -6.468  -30.108  42.550 0.0000000000
40907  -6.059  -31.148  41.921 0.0000000000
40926  -5.980  -32.305  39.907 0.0000000000
59101  -32.500  -13.754  55.363 0.0000000000
138350  -32.370  -14.109  55.638 0.0000000000
130892  -31.843  -15.710  54.283 0.0000000000
57190  -31.892  -15.770  53.966 0.0000000000
149179  -31.779  -16.402  54.579 0.0000000000
56190  -31.791  -16.711  53.571 0.0000000000
129811  -31.890  -15.791  54.784 0.0000000000
56170  -31.755  -16.277  54.922 0.0000000000
150168  -52.684  -0.052  34.156 0.0000000000
72807  -53.543  -0.057  34.524 0.0000000000
72805  -50.944  -0.613  33.620 0.0000000000
72813  -50.489  -0.175  32.742 0.0000000000
72814  -51.265  0.154  33.150 0.0000000000
68788  -40.377  -4.238  41.339 0.0000000000
67794  -39.867  -4.617  41.743 0.0000000000
66815  -38.161  -5.728  40.657 0.0000000000
67799  -38.954  -4.951  40.760 0.0000000000
67800  -39.687  -4.500  40.491 0.0000000000
43808  -8.506  -28.096  43.020 0.0000000000
126547  -7.796  -29.097  42.021 0.0000000000
134738  -9.437  -31.595  50.198 0.0000000000
60275  -34.614  -11.351  46.124 0.0000000000
48890  -1.482  -23.291  51.183 0.0000000000
47994  -1.764  -23.682  50.460 0.0000000000
47986  -1.824  -23.967  51.288 0.0000000000
124976  -48.221  0.072  38.937 0.0000000000
72711  -47.068  0.212  39.146 0.0000000000
72752  -45.638  -0.062  37.697 0.0000000000
72753  -46.722  -0.108  37.530 0.0000000000
46898  -16.785  -25.579  54.244 0.0000000000
45801  -16.388  -26.022  54.208 0.0000000000
45895  -22.149  -26.247  49.325 0.0000000000
44838  -22.002  -26.381  49.451 0.0000000000
149988  -21.743  -26.369  48.736 0.0000000000
56353  -6.081  -15.912  37.296 0.0000000000
57343  -5.225  -15.662  36.851 0.0000000000
53014  -3.873  -19.676  45.494 0.0000000000
54100  -4.589  -19.420  45.249 0.0000000000
53025  -4.337  -19.984  45.093 0.0000000000
127237  -4.172  -26.140  36.495 0.0000000000
48817  -8.470  -23.995  55.516 0.0000000000
39718  -3.820  -32.549  52.612 0.0000000000
40716  -3.937  -31.896  52.634 0.0000000000
40729  -3.740  -32.089  51.737 0.0000000000
137450  -3.520  -32.696  50.818 0.0000000000
60183  -32.350  -12.557  52.629 0.0000000000
61239  -32.987  -11.581  51.908 0.0000000000
61251  -32.646  -11.606  51.013 0.0000000000
137977  -30.340  -19.879  50.716 0.0000000000
51855  -29.974  -20.263  50.540 0.0000000000
76803  -54.801  3.567  33.120 0.0000000000
76808  -54.044  4.156  32.319 0.0000000000
70766  -42.860  -1.899  39.969 0.0000000000
71699  -43.960  -1.257  40.612 0.0000000000
70765  -42.410  -2.281  39.660 0.0000000000
69845  -41.841  -2.666  39.282 0.0000000000
70778  -42.841  -1.758  39.396 0.0000000000
59246  -3.567  -12.845  43.964 0.0000000000
59264  -5.121  -13.621  42.220 0.0000000000
59248  -5.062  -13.566  43.198 0.0000000000
47041  -5.313  -25.007  43.309 0.0000000000
47042  -5.735  -25.215  43.462 0.0000000000
46055  -9.240  -27.050  39.185 0.0000000000
148634  -8.623  -27.293  38.057 0.0000000000
46075  -8.024  -27.110  37.860 0.0000000000
44952  -8.534  -27.623  37.464 0.0000000000
132240  -8.549  -28.248  36.929 0.0000000000
43863  -8.722  -28.855  36.947 0.0000000000
43687  -10.224  -28.004  56.261 0.0000000000
42704  -9.546  -28.430  56.618 0.0000000000
42709  -9.317  -29.228  55.596 0.0000000000
39708  -7.040  -32.356  53.374 0.0000000000
141795  -37.736  -9.641  42.097 0.0000000000
64591  -38.213  -9.061  43.320 0.0000000000
128503  -29.970  -14.226  46.117 0.0000000000
61371  -37.482  -10.479  41.724 0.0000000000
49680  -24.262  -21.857  55.953 0.0000000000
49684  -24.271  -22.496  55.592 0.0000000000
48825  -24.423  -23.215  54.526 0.0000000000
52879  -27.533  -18.993  55.301 0.0000000000
51794  -26.809  -19.367  55.056 0.0000000000
51804  -26.624  -19.528  54.060 0.0000000000
49809  -23.414  -22.204  48.471 0.0000000000
49803  -23.767  -22.148  49.171 0.0000000000
48924  -22.885  -22.712  47.953 0.0000000000
48916  -23.222  -23.083  48.642 0.0000000000
48923  -22.603  -23.177  47.241 0.0000000000
48931  -22.321  -23.563  46.335 0.0000000000
131656  -22.489  -22.594  46.443 0.0000000000
50833  -1.668  -21.194  48.100 0.0000000000
146996  -1.873  -20.579  47.727 0.0000000000
49814  -2.455  -21.903  46.588 0.0000000000
49808  -2.275  -21.935  47.218 0.0000000000
46963  -4.232  -25.396  48.178 0.0000000000
125382  -4.957  -25.291  47.448 0.0000000000
46976  -6.019  -25.518  47.704 0.0000000000
149152  -6.737  -25.841  47.779 0.0000000000
70824  -49.419  -2.390  35.599 0.0000000000
70810  -50.113  -2.225  36.265 0.0000000000
70823  -48.566  -2.351  35.386 0.0000000000
69877  -47.923  -2.479  34.758 0.0000000000
69878  -48.728  -2.535  35.013 0.0000000000
44761  -11.477  -27.805  52.530 0.0000000000
44784  -11.797  -27.503  51.783 0.0000000000
47029  -17.439  -24.642  45.291 0.0000000000
46965  -14.401  -25.516  48.105 0.0000000000
46966  -15.386  -25.456  48.178 0.0000000000
45889  -14.902  -25.611  48.889 0.0000000000
45872  -14.481  -25.839  49.628 0.0000000000
58223  -4.778  -14.358  47.055 0.0000000000
55180  -7.361  -17.949  43.325 0.0000000000
56288  -7.751  -17.007  43.475 0.0000000000
55192  -7.864  -17.476  42.625 0.0000000000
55193  -8.234  -17.053  42.017 0.0000000000
55209  -7.843  -17.855  41.650 0.0000000000
134765  -4.934  -23.243  40.894 0.0000000000
50971  -3.458  -21.747  38.271 0.0000000000
50972  -3.672  -21.372  38.538 0.0000000000
140408  -3.623  -20.461  38.293 0.0000000000
147846  -3.585  -19.861  38.092 0.0000000000
52026  -2.868  -20.582  37.304 0.0000000000
141448  -4.027  -23.622  54.852 0.0000000000
43681  -6.197  -28.543  57.310 0.0000000000
43680  -5.724  -27.734  57.196 0.0000000000
43686  -5.566  -28.461  56.627 0.0000000000
43717  -5.125  -28.107  53.428 0.0000000000
124821  -4.283  -27.295  53.262 0.0000000000
139395  -3.436  -26.707  53.061 0.0000000000
44758  -3.857  -26.815  52.468 0.0000000000
42788  -4.857  -30.036  48.063 0.0000000000
42789  -5.345  -29.515  48.533 0.0000000000
42798  -5.013  -30.182  47.372 0.0000000000
134175  -5.386  -29.909  46.844 0.0000000000
42810  -4.878  -30.591  46.706 0.0000000000
34635  -3.051  -37.419  47.413 0.0000000000
35641  -3.107  -36.667  47.791 0.0000000000
35656  -3.267  -36.598  46.932 0.0000000000
55134  -31.654  -17.857  49.355 0.0000000000
56224  -31.694  -17.334  49.849 0.0000000000
56216  -31.862  -16.974  50.638 0.0000000000
126753  -32.322  -14.048  54.417 0.0000000000
58132  -32.123  -14.007  53.681 0.0000000000
59137  -32.472  -12.992  53.354 0.0000000000
51830  -30.934  -18.764  51.822 0.0000000000
51857  -31.253  -19.261  50.479 0.0000000000
52940  -31.372  -18.521  51.569 0.0000000000
55105  -31.814  -17.436  51.995 0.0000000000
52969  -31.697  -18.541  50.285 0.0000000000
54050  -31.727  -18.219  49.809 0.0000000000
54064  -31.684  -18.248  49.199 0.0000000000
54001  -31.570  -17.878  53.532 0.0000000000
55075  -32.142  -17.163  54.062 0.0000000000
52912  -31.355  -18.179  52.988 0.0000000000
139813  -31.059  -18.495  52.426 0.0000000000
74792  -53.472  1.779  33.166 0.0000000000
75852  -54.393  1.889  33.588 0.0000000000
74785  -54.180  1.207  33.909 0.0000000000
70872  -47.578  -2.167  31.482 0.0000000000
71831  -47.090  -1.629  30.664 0.0000000000
72818  -50.090  0.172  31.831 0.0000000000
142925  -48.965  -0.003  30.843 0.0000000000
73803  -49.578  0.626  30.980 0.0000000000
73810  -49.973  1.387  30.861 0.0000000000
74804  -50.022  2.099  30.603 0.0000000000
73799  -52.378  0.995  33.060 0.0000000000
74790  -51.765  1.470  32.281 0.0000000000
74791  -52.591  1.640  32.713 0.0000000000
75858  -52.788  2.330  32.397 0.0000000000
69827  -42.131  -2.958  40.851 0.0000000000
69818  -42.157  -2.960  41.689 0.0000000000
69809  -42.234  -2.880  42.519 0.0000000000
150681  -42.394  -2.783  43.238 0.0000000000
64666  -36.363  -8.445  39.194 0.0000000000
66839  -37.258  -6.066  38.999 0.0000000000
65735  -36.451  -7.157  38.854 0.0000000000
66838  -36.834  -6.180  38.202 0.0000000000
141212  -37.563  -5.546  38.407 0.0000000000
67818  -38.126  -4.953  38.194 0.0000000000
68796  -40.271  -4.166  40.256 0.0000000000
129279  -40.263  -4.057  39.528 0.0000000000
68797  -40.836  -3.695  39.979 0.0000000000
69834  -41.386  -3.189  39.610 0.0000000000
47045  -8.513  -25.685  43.950 0.0000000000
144378  -8.845  -25.782  43.154 0.0000000000
43815  -9.373  -27.446  41.194 0.0000000000
44898  -9.516  -26.957  41.658 0.0000000000
43829  -9.329  -27.802  40.484 0.0000000000
44920  -9.411  -27.428  39.844 0.0000000000
42905  -9.019  -29.044  38.780 0.0000000000
146773  -8.828  -29.054  39.577 0.0000000000
42876  -7.653  -29.922  40.638 0.0000000000
42892  -7.673  -30.219  39.878 0.0000000000
41934  -7.116  -31.030  39.719 0.0000000000
137669  -6.438  -31.732  39.527 0.0000000000
41745  -9.565  -30.208  53.662 0.0000000000
41754  -9.565  -30.801  52.424 0.0000000000
61343  -37.922  -10.997  43.779 0.0000000000
60255  -32.561  -11.789  47.260 0.0000000000
60271  -31.395  -12.235  46.399 0.0000000000
127275  -32.262  -11.930  46.706 0.0000000000
60306  -33.884  -11.637  44.739 0.0000000000
145482  -33.481  -11.755  45.262 0.0000000000
145867  -33.529  -11.955  43.174 0.0000000000
59255  -35.003  -11.680  43.034 0.0000000000
60309  -36.972  -11.363  43.748 0.0000000000
60320  -36.399  -11.471  43.304 0.0000000000
51779  -24.146  -20.702  57.083 0.0000000000
51775  -24.603  -19.910  57.358 0.0000000000
52952  -26.585  -19.430  50.432 0.0000000000
150774  -25.841  -19.689  50.633 0.0000000000
52964  -25.631  -19.543  49.322 0.0000000000
79851  -51.827  6.728  29.671 0.0000000000
128725  -51.779  7.116  29.381 0.0000000000
80790  -52.353  7.195  29.824 0.0000000000
81715  -53.347  8.350  29.911 0.0000000000
81714  -52.650  7.939  29.550 0.0000000000
81726  -52.856  8.669  29.264 0.0000000000
82618  -53.134  9.392  28.900 0.0000000000
82605  -53.565  9.091  29.581 0.0000000000
48914  -1.897  -22.870  48.432 0.0000000000
48904  -1.675  -23.012  49.146 0.0000000000
46954  -2.548  -24.463  49.483 0.0000000000
46962  -3.391  -25.033  48.515 0.0000000000
128079  -3.092  -25.239  49.373 0.0000000000
71755  -49.103  -1.062  37.383 0.0000000000
71789  -42.202  -0.573  35.466 0.0000000000
71791  -44.273  -0.741  34.891 0.0000000000
71805  -44.711  -1.674  34.145 0.0000000000
70838  -45.074  -2.510  33.685 0.0000000000
71754  -47.848  -0.856  36.670 0.0000000000
71793  -46.662  -1.394  35.300 0.0000000000
130666  -48.121  -1.533  36.196 0.0000000000
46888  -14.541  -25.369  55.111 0.0000000000
124518  -14.753  -26.398  53.905 0.0000000000
44731  -14.052  -26.326  54.329 0.0000000000
44742  -13.484  -26.688  53.580 0.0000000000
44763  -13.768  -26.670  52.894 0.0000000000
45918  -13.280  -26.373  46.168 0.0000000000
56250  -4.681  -16.870  47.049 0.0000000000
139411  -5.542  -16.493  46.585 0.0000000000
55151  -5.040  -17.444  46.298 0.0000000000
54101  -5.364  -19.153  44.963 0.0000000000
55171  -5.737  -18.452  45.075 0.0000000000
54102  -6.115  -18.825  44.532 0.0000000000
55179  -6.781  -18.429  43.983 0.0000000000
54108  -6.445  -19.127  43.860 0.0000000000
46026  -4.533  -25.783  39.034 0.0000000000
48105  -4.108  -24.783  39.554 0.0000000000
47129  -3.999  -25.537  38.801 0.0000000000
47128  -3.496  -24.647  38.458 0.0000000000
48127  -3.305  -24.468  37.844 0.0000000000
48142  -3.135  -23.815  37.350 0.0000000000
48143  -3.438  -24.050  36.294 0.0000000000
48815  -6.640  -24.091  55.401 0.0000000000
48838  -6.181  -23.648  54.795 0.0000000000
48837  -5.224  -23.383  54.639 0.0000000000
48814  -5.688  -23.976  55.244 0.0000000000
41734  -5.350  -30.750  55.011 0.0000000000
41744  -4.858  -30.777  53.685 0.0000000000
42727  -5.239  -29.824  53.474 0.0000000000
42739  -5.322  -29.585  52.574 0.0000000000
136156  -3.824  -31.503  50.404 0.0000000000
41779  -4.119  -30.947  50.345 0.0000000000
41791  -3.844  -31.367  49.709 0.0000000000
132335  -3.977  -31.275  48.870 0.0000000000
57274  -30.305  -15.984  46.127 0.0000000000
57275  -30.468  -16.153  46.910 0.0000000000
57238  -31.480  -16.171  49.943 0.0000000000
57250  -31.458  -16.548  49.321 0.0000000000
57237  -31.160  -15.849  49.436 0.0000000000
60209  -30.716  -13.505  50.110 0.0000000000
58171  -30.586  -14.142  49.754 0.0000000000
59176  -30.491  -13.462  49.322 0.0000000000
60239  -30.754  -12.671  48.784 0.0000000000
139462  -31.340  -12.212  49.175 0.0000000000
61270  -33.516  -10.965  49.586 0.0000000000
50840  -30.777  -20.346  47.555 0.0000000000
52860  -28.428  -17.734  56.957 0.0000000000
52872  -28.104  -18.461  56.057 0.0000000000
52873  -28.871  -18.317  55.569 0.0000000000
53967  -30.945  -16.887  55.743 0.0000000000
53972  -30.916  -17.289  55.245 0.0000000000
52909  -29.906  -18.948  53.167 0.0000000000
133477  -29.465  -18.698  53.831 0.0000000000
52908  -28.944  -18.907  53.560 0.0000000000
52937  -27.795  -19.407  51.422 0.0000000000
52938  -28.770  -19.503  51.637 0.0000000000
79808  -54.994  6.331  32.396 0.0000000000
75871  -50.221  2.810  30.351 0.0000000000
75880  -49.858  3.250  30.035 0.0000000000
76809  -51.125  3.734  30.347 0.0000000000
77756  -51.337  4.506  30.168 0.0000000000
77765  -51.495  5.298  30.025 0.0000000000
78787  -52.155  5.655  30.381 0.0000000000
77758  -52.769  5.170  30.982 0.0000000000
78779  -53.498  5.526  31.393 0.0000000000
124625  -45.598  -0.391  40.403 0.0000000000
71689  -44.979  -0.850  41.912 0.0000000000
72695  -45.840  -0.400  41.431 0.0000000000
70738  -43.814  -1.791  42.653 0.0000000000
70747  -43.833  -1.640  41.854 0.0000000000
68820  -39.232  -3.938  37.827 0.0000000000
68819  -38.624  -4.197  37.552 0.0000000000
146795  -40.781  -2.036  37.221 0.0000000000
71751  -41.593  -1.599  37.442 0.0000000000
71727  -43.577  -1.216  39.361 0.0000000000
149046  -43.309  -0.951  38.286 0.0000000000
72726  -44.401  -0.688  39.147 0.0000000000
72727  -44.648  -0.323  38.239 0.0000000000
45939  -20.912  -25.636  46.342 0.0000000000
45950  -21.027  -25.387  45.438 0.0000000000
47049  -19.644  -24.847  43.666 0.0000000000
59291  -4.696  -13.048  40.826 0.0000000000
149694  -6.017  -13.980  41.211 0.0000000000
58271  -5.887  -13.896  40.507 0.0000000000
58281  -6.494  -14.368  39.889 0.0000000000
147013  -6.841  -14.974  38.483 0.0000000000
58290  -7.204  -14.982  39.249 0.0000000000
50886  -3.551  -22.103  44.743 0.0000000000
49850  -4.113  -23.192  43.836 0.0000000000
48061  -4.949  -24.635  42.150 0.0000000000
47061  -8.135  -25.710  42.247 0.0000000000
127575  -7.219  -25.812  42.407 0.0000000000
45987  -7.544  -25.922  41.557 0.0000000000
46029  -6.967  -26.135  39.733 0.0000000000
45986  -6.420  -26.091  41.165 0.0000000000
46004  -6.200  -26.107  40.362 0.0000000000
47095  -5.212  -25.673  40.799 0.0000000000
46003  -5.447  -25.936  40.142 0.0000000000
44951  -6.972  -27.349  36.737 0.0000000000
41951  -8.175  -30.280  37.329 0.0000000000
42912  -8.560  -29.575  37.107 0.0000000000
41956  -7.567  -30.777  36.636 0.0000000000
146209  -8.777  -25.555  57.525 0.0000000000
45771  -9.621  -26.149  57.585 0.0000000000
42698  -8.669  -28.561  57.300 0.0000000000
43676  -8.366  -28.253  57.587 0.0000000000
42696  -7.838  -28.735  57.580 0.0000000000
42695  -7.286  -28.646  57.720 0.0000000000
42701  -7.836  -29.164  57.279 0.0000000000
132479  -7.885  -30.852  54.997 0.0000000000
39692  -6.733  -31.795  54.957 0.0000000000
40690  -6.832  -31.305  55.552 0.0000000000
40686  -6.418  -31.018  55.957 0.0000000000
39691  -6.117  -31.627  55.320 0.0000000000
40685  -5.781  -31.108  55.673 0.0000000000
39690  -5.544  -31.923  54.760 0.0000000000
38646  -4.810  -33.368  52.776 0.0000000000
147725  -4.956  -32.381  53.965 0.0000000000
38635  -4.930  -32.775  53.514 0.0000000000
38634  -4.165  -32.964  53.077 0.0000000000
66798  -38.141  -6.352  41.889 0.0000000000
66799  -38.670  -5.804  42.126 0.0000000000
60288  -30.781  -12.869  45.109 0.0000000000
60302  -30.878  -13.031  44.224 0.0000000000
147021  -37.270  -10.993  40.622 0.0000000000
60356  -36.910  -11.353  40.275 0.0000000000
61389  -37.106  -11.022  39.890 0.0000000000
62497  -36.993  -10.623  39.550 0.0000000000
64627  -37.338  -8.394  41.463 0.0000000000
65681  -37.614  -7.260  41.852 0.0000000000
66797  -37.779  -6.390  41.314 0.0000000000
46916  -24.267  -24.519  53.038 0.0000000000
46925  -24.063  -24.999  52.572 0.0000000000
46937  -23.933  -25.083  51.777 0.0000000000
45862  -23.253  -25.405  50.542 0.0000000000
136683  -23.450  -25.076  50.460 0.0000000000
51793  -25.914  -20.015  55.271 0.0000000000
51786  -25.668  -20.104  55.834 0.0000000000
150002  -25.217  -20.721  55.823 0.0000000000
51839  -25.424  -20.511  51.861 0.0000000000
51825  -25.685  -20.233  52.633 0.0000000000
49761  -24.672  -22.071  52.463 0.0000000000
142874  -24.482  -22.392  51.879 0.0000000000
49738  -24.699  -22.518  53.094 0.0000000000
133603  -24.551  -22.860  52.491 0.0000000000
137236  -24.483  -23.489  52.459 0.0000000000
48893  -24.256  -23.495  51.285 0.0000000000
48020  -23.184  -23.983  48.816 0.0000000000
48005  -23.624  -24.232  50.015 0.0000000000
46983  -22.718  -24.997  48.726 0.0000000000
46999  -22.444  -25.005  47.637 0.0000000000
45925  -22.034  -25.438  47.124 0.0000000000
47017  -22.279  -24.940  46.786 0.0000000000
48044  -21.646  -24.181  44.482 0.0000000000
128075  -21.672  -24.726  45.212 0.0000000000
83472  -53.414  10.071  28.554 0.0000000000
83477  -53.368  10.533  27.769 0.0000000000
83473  -54.202  10.673  28.551 0.0000000000
139228  -55.380  12.085  26.674 0.0000000000
55139  -2.908  -17.739  47.717 0.0000000000
130559  -3.105  -18.964  46.631 0.0000000000
54043  -1.493  -18.399  49.330 0.0000000000
51915  -2.519  -20.645  46.606 0.0000000000
53000  -2.739  -20.048  46.498 0.0000000000
51916  -2.744  -20.508  46.079 0.0000000000
51941  -2.983  -21.244  45.537 0.0000000000
50868  -2.678  -21.569  45.774 0.0000000000
148323  -2.735  -22.561  45.866 0.0000000000
48935  -3.060  -22.926  45.434 0.0000000000
132054  -3.988  -24.247  45.158 0.0000000000
48024  -2.735  -23.737  47.649 0.0000000000
149553  -3.041  -23.858  47.123 0.0000000000
46991  -4.692  -24.805  46.467 0.0000000000
47007  -5.535  -24.772  45.874 0.0000000000
47006  -4.807  -24.602  45.429 0.0000000000
125234  -6.364  -24.842  45.343 0.0000000000
47008  -7.391  -25.225  45.839 0.0000000000
44855  -7.936  -26.631  46.157 0.0000000000
45934  -8.291  -26.287  45.337 0.0000000000
44866  -8.203  -26.941  45.568 0.0000000000
43793  -8.416  -27.548  44.498 0.0000000000
44872  -7.971  -27.689  45.223 0.0000000000
71807  -50.862  -1.888  34.887 0.0000000000
71808  -51.912  -1.643  35.232 0.0000000000
70826  -51.181  -2.129  35.679 0.0000000000
68772  -40.661  -4.172  42.984 0.0000000000
69886  -45.223  -2.846  33.502 0.0000000000
69901  -45.277  -3.091  33.355 0.0000000000
68855  -45.999  -3.488  33.049 0.0000000000
68873  -46.601  -3.426  32.952 0.0000000000
69912  -47.198  -3.276  32.671 0.0000000000
69916  -47.585  -2.811  32.298 0.0000000000
125904  -49.431  -2.447  34.779 0.0000000000
70855  -48.969  -2.488  34.181 0.0000000000
145292  -49.826  -2.054  34.412 0.0000000000
71818  -50.503  -1.367  34.074 0.0000000000
46875  -11.326  -25.920  56.883 0.0000000000
44706  -11.044  -26.879  56.637 0.0000000000
44710  -11.248  -27.069  56.060 0.0000000000
45788  -13.050  -26.129  55.291 0.0000000000
44719  -12.633  -26.496  55.094 0.0000000000
140957  -11.317  -27.668  54.715 0.0000000000
129493  -11.806  -27.272  54.967 0.0000000000
43694  -11.092  -27.614  55.284 0.0000000000
43711  -10.648  -28.688  53.842 0.0000000000
42754  -10.878  -29.072  51.157 0.0000000000
41781  -10.386  -30.388  50.403 0.0000000000
42779  -10.776  -29.911  50.095 0.0000000000
45922  -20.563  -26.001  47.018 0.0000000000
44859  -20.812  -26.307  47.787 0.0000000000
45921  -19.901  -25.956  46.970 0.0000000000
45905  -19.009  -26.308  47.899 0.0000000000
44833  -19.172  -26.533  48.749 0.0000000000
44832  -18.566  -26.526  49.091 0.0000000000
127224  -16.461  -25.144  46.934 0.0000000000
45891  -16.910  -26.083  48.863 0.0000000000
45875  -17.319  -26.466  49.417 0.0000000000
44817  -18.149  -26.661  49.677 0.0000000000
127173  -17.988  -26.791  50.378 0.0000000000
44805  -17.257  -26.704  50.705 0.0000000000
44789  -17.036  -26.786  51.509 0.0000000000
126572  -16.369  -26.755  52.097 0.0000000000
44765  -16.709  -26.667  52.458 0.0000000000
140698  -15.627  -26.538  52.724 0.0000000000
44787  -15.393  -26.619  52.026 0.0000000000
45857  -13.311  -26.420  50.854 0.0000000000
45841  -13.146  -26.581  51.561 0.0000000000
45840  -12.643  -26.744  50.889 0.0000000000
44844  -12.672  -26.815  47.453 0.0000000000
45902  -12.544  -26.738  48.143 0.0000000000
128263  -12.229  -27.405  47.875 0.0000000000
43766  -11.785  -28.117  48.496 0.0000000000
43757  -11.355  -28.512  49.592 0.0000000000
59214  -3.319  -12.669  46.171 0.0000000000
59225  -3.885  -13.014  45.412 0.0000000000
130532  -4.533  -13.359  45.082 0.0000000000
56251  -6.222  -16.197  46.084 0.0000000000
57268  -6.178  -15.299  45.932 0.0000000000
57282  -6.622  -15.797  45.451 0.0000000000
57298  -7.290  -15.000  43.724 0.0000000000
58246  -6.733  -14.718  44.326 0.0000000000
58258  -6.652  -14.458  43.328 0.0000000000
58266  -6.582  -14.396  42.408 0.0000000000
56318  -8.140  -16.525  40.359 0.0000000000
56326  -7.930  -16.527  39.576 0.0000000000
55249  -7.494  -16.443  38.728 0.0000000000
50902  -4.768  -21.951  43.766 0.0000000000
50903  -5.500  -21.330  43.399 0.0000000000
131917  -6.134  -21.091  41.803 0.0000000000
51964  -6.108  -21.064  42.740 0.0000000000
51974  -6.426  -20.454  41.248 0.0000000000
48981  -4.026  -23.671  39.552 0.0000000000
49919  -4.468  -22.328  39.697 0.0000000000
51998  -4.522  -20.469  39.109 0.0000000000
50956  -4.940  -20.946  39.767 0.0000000000
53053  -5.777  -19.940  39.986 0.0000000000
53054  -6.539  -19.787  40.671 0.0000000000
53062  -6.158  -19.323  39.795 0.0000000000
53061  -5.360  -19.553  39.245 0.0000000000
53073  -4.129  -19.091  38.247 0.0000000000
149981  -4.491  -18.637  38.247 0.0000000000
146990  -4.525  -18.063  37.992 0.0000000000
54154  -3.821  -17.838  37.449 0.0000000000
54153  -3.364  -18.279  37.269 0.0000000000
48832  -1.670  -23.177  53.254 0.0000000000
46866  -7.579  -25.590  57.521 0.0000000000
47904  -7.509  -25.205  57.277 0.0000000000
46874  -7.048  -25.445  57.408 0.0000000000
45774  -5.300  -26.164  57.191 0.0000000000
46872  -5.734  -25.593  57.071 0.0000000000
46871  -5.025  -25.730  56.693 0.0000000000
47901  -4.758  -25.367  56.049 0.0000000000
46880  -4.535  -25.798  56.133 0.0000000000
150609  -4.997  -28.258  55.803 0.0000000000
44716  -4.690  -27.681  55.611 0.0000000000
45799  -3.665  -26.538  54.915 0.0000000000
45786  -3.267  -25.913  54.815 0.0000000000
46879  -3.781  -25.714  55.502 0.0000000000
46886  -2.753  -24.859  54.123 0.0000000000
46897  -2.952  -25.388  54.118 0.0000000000
45825  -2.756  -26.002  52.766 0.0000000000
45810  -2.553  -25.579  52.959 0.0000000000
46920  -2.135  -24.575  52.307 0.0000000000
46935  -2.375  -24.991  52.144 0.0000000000
135711  -2.208  -24.595  51.525 0.0000000000
46936  -2.538  -25.218  51.539 0.0000000000
44781  -3.993  -26.551  51.417 0.0000000000
45854  -3.212  -25.939  50.745 0.0000000000
45855  -4.285  -26.382  50.461 0.0000000000
45867  -4.440  -26.091  49.666 0.0000000000
148042  -4.944  -26.393  50.072 0.0000000000
42752  -5.521  -29.275  51.642 0.0000000000
43734  -5.760  -28.327  51.429 0.0000000000
42766  -5.766  -28.846  50.747 0.0000000000
43765  -6.109  -28.789  48.685 0.0000000000
126158  -6.700  -27.953  49.103 0.0000000000
44829  -6.640  -27.217  49.206 0.0000000000
44830  -7.015  -27.363  48.450 0.0000000000
127938  -6.737  -28.380  47.311 0.0000000000
127449  -5.851  -29.477  46.165 0.0000000000
42811  -6.599  -28.687  46.414 0.0000000000
42821  -6.470  -28.991  45.427 0.0000000000
43791  -6.941  -28.891  44.600 0.0000000000
127850  -6.177  -29.634  44.617 0.0000000000
143232  -3.714  -34.857  50.149 0.0000000000
36630  -3.363  -35.206  48.580 0.0000000000
37634  -3.410  -34.681  49.143 0.0000000000
37619  -3.545  -34.780  49.703 0.0000000000
38691  -3.438  -34.207  49.559 0.0000000000
38698  -3.391  -34.053  48.899 0.0000000000
37648  -3.476  -34.050  47.210 0.0000000000
38709  -3.500  -33.271  47.435 0.0000000000
39770  -3.650  -32.485  46.975 0.0000000000
150240  -3.598  -32.983  46.760 0.0000000000
40836  -4.055  -32.164  45.747 0.0000000000
40856  -4.236  -32.194  45.214 0.0000000000
40857  -4.481  -31.905  44.774 0.0000000000
40883  -5.329  -31.485  43.335 0.0000000000
41874  -5.656  -31.035  43.091 0.0000000000
41875  -5.950  -30.454  43.164 0.0000000000
41887  -6.009  -30.777  42.523 0.0000000000
128473  -6.463  -30.507  41.911 0.0000000000
59112  -32.659  -13.365  54.698 0.0000000000
128035  -33.532  -12.020  54.988 0.0000000000
59102  -32.918  -12.810  55.308 0.0000000000
59092  -32.861  -12.788  55.670 0.0000000000
57218  -31.901  -16.292  52.013 0.0000000000
57204  -31.836  -16.102  53.032 0.0000000000
58133  -31.995  -14.818  54.072 0.0000000000
54013  -31.711  -17.565  53.046 0.0000000000
54023  -31.506  -18.160  52.010 0.0000000000
54024  -31.659  -17.807  52.484 0.0000000000
56145  -31.769  -15.605  55.450 0.0000000000
56158  -32.029  -15.927  55.282 0.0000000000
55076  -31.761  -16.742  54.565 0.0000000000
58088  -32.141  -14.328  56.046 0.0000000000
73792  -53.933  0.577  34.251 0.0000000000
71823  -49.484  -1.284  32.911 0.0000000000
71827  -49.132  -1.044  32.003 0.0000000000
72812  -49.790  -0.570  32.349 0.0000000000
73798  -51.555  0.803  32.650 0.0000000000
68789  -40.813  -3.847  40.818 0.0000000000
69817  -41.576  -3.416  41.256 0.0000000000
68781  -41.044  -3.809  41.673 0.0000000000
68773  -41.185  -3.717  42.569 0.0000000000
66827  -37.748  -5.891  39.842 0.0000000000
67808  -39.043  -4.723  39.482 0.0000000000
150559  -39.177  -4.702  40.135 0.0000000000
44880  -8.880  -26.971  43.984 0.0000000000
44881  -9.155  -26.783  43.207 0.0000000000
146845  -8.942  -27.672  42.548 0.0000000000
44897  -9.209  -27.574  41.881 0.0000000000
43814  -9.021  -28.095  41.232 0.0000000000
42862  -8.410  -28.826  41.316 0.0000000000
42861  -7.713  -29.554  41.331 0.0000000000
41905  -7.031  -30.238  41.285 0.0000000000
41766  -9.756  -30.965  51.541 0.0000000000
40748  -9.587  -31.325  50.800 0.0000000000
39743  -8.990  -31.904  50.828 0.0000000000
60257  -33.761  -11.268  47.170 0.0000000000
148008  -33.494  -11.504  46.868 0.0000000000
60274  -34.054  -11.411  46.496 0.0000000000
60292  -34.043  -11.580  45.709 0.0000000000
60307  -35.235  -11.430  44.477 0.0000000000
60293  -35.774  -11.283  44.907 0.0000000000
61341  -36.638  -11.201  44.488 0.0000000000
52851  -24.901  -18.534  58.434 0.0000000000
52979  -25.551  -19.451  48.421 0.0000000000
79839  -53.681  7.237  30.915 0.0000000000
133233  -53.853  8.027  30.591 0.0000000000
82577  -55.999  9.581  31.536 0.0000000000
49781  -1.175  -22.239  50.261 0.0000000000
48899  -1.447  -23.032  49.879 0.0000000000
48004  -2.279  -24.252  50.068 0.0000000000
128501  -2.532  -24.729  50.093 0.0000000000
72755  -48.283  -0.650  37.367 0.0000000000
72730  -48.752  -0.485  38.123 0.0000000000
72713  -48.648  0.134  39.704 0.0000000000
72777  -43.437  -0.435  36.831 0.0000000000
72778  -44.358  -0.258  36.664 0.0000000000
72789  -44.827  -0.492  35.667 0.0000000000
71774  -45.820  -0.857  35.420 0.0000000000
72780  -47.006  -0.540  36.732 0.0000000000
46889  -15.356  -25.337  54.776 0.0000000000
133363  -15.576  -25.897  54.433 0.0000000000
44744  -15.369  -26.430  53.432 0.0000000000
45844  -23.160  -25.814  51.116 0.0000000000
58297  -6.261  -14.538  38.075 0.0000000000
149533  -5.089  -14.279  37.171 0.0000000000
54080  -4.518  -18.335  45.911 0.0000000000
46049  -3.895  -25.639  38.224 0.0000000000
46072  -4.000  -25.909  37.493 0.0000000000
47164  -3.707  -25.525  36.738 0.0000000000
48816  -7.553  -24.063  55.504 0.0000000000
48797  -7.072  -24.360  56.047 0.0000000000
40707  -4.317  -31.893  53.578 0.0000000000
136956  -4.670  -31.429  53.930 0.0000000000
41765  -4.363  -30.793  51.797 0.0000000000
139328  -3.573  -32.152  49.996 0.0000000000
58142  -31.553  -13.956  52.274 0.0000000000
59151  -31.362  -13.271  51.676 0.0000000000
59166  -30.975  -13.457  50.915 0.0000000000
150389  -31.018  -12.805  50.366 0.0000000000
60223  -31.561  -12.093  50.029 0.0000000000
60211  -32.022  -11.916  50.767 0.0000000000
51910  -31.539  -19.480  47.752 0.0000000000
52897  -31.185  -18.107  53.661 0.0000000000
52896  -30.532  -18.251  53.973 0.0000000000
52925  -30.415  -18.963  52.589 0.0000000000
51827  -29.924  -19.329  52.317 0.0000000000
52939  -29.560  -19.627  51.776 0.0000000000
52954  -28.571  -19.730  50.818 0.0000000000
51854  -29.255  -20.277  50.260 0.0000000000
75865  -52.216  2.812  31.638 0.0000000000
75873  -51.706  3.244  30.925 0.0000000000
76806  -52.455  3.537  31.361 0.0000000000
76811  -52.640  4.334  31.157 0.0000000000
77752  -53.384  4.677  31.599 0.0000000000
71711  -44.122  -1.013  39.860 0.0000000000
71712  -44.652  -0.787  40.324 0.0000000000
69859  -40.399  -3.116  38.022 0.0000000000
70776  -41.651  -2.526  38.649 0.0000000000
70797  -42.074  -1.915  38.304 0.0000000000
71726  -42.592  -1.795  38.824 0.0000000000
47051  -20.725  -25.070  43.641 0.0000000000
59280  -4.550  -13.209  41.741 0.0000000000
48941  -3.947  -23.643  44.176 0.0000000000
48049  -4.362  -24.263  43.989 0.0000000000
46006  -8.964  -26.157  40.356 0.0000000000
47096  -8.408  -25.933  40.870 0.0000000000
125042  -8.118  -26.077  39.983 0.0000000000
127950  -6.662  -26.318  38.877 0.0000000000
46053  -7.424  -26.662  38.307 0.0000000000
46074  -7.110  -26.947  37.535 0.0000000000
44969  -7.855  -27.911  36.609 0.0000000000
43872  -8.079  -28.699  36.224 0.0000000000
44702  -10.077  -27.066  57.261 0.0000000000
44701  -9.390  -27.393  57.456 0.0000000000
43678  -9.740  -27.715  57.199 0.0000000000
42703  -8.871  -28.770  56.898 0.0000000000
42705  -8.432  -29.348  56.596 0.0000000000
39699  -7.564  -31.900  53.855 0.0000000000
39698  -6.844  -32.131  54.275 0.0000000000
38636  -5.637  -32.989  53.215 0.0000000000
147191  -37.665  -8.406  42.208 0.0000000000
65666  -38.421  -7.072  43.075 0.0000000000
143433  -38.002  -7.852  42.819 0.0000000000
59252  -32.569  -12.498  43.364 0.0000000000
60327  -37.112  -11.300  41.768 0.0000000000
134671  -37.338  -10.971  41.184 0.0000000000
140378  -37.390  -10.344  41.234 0.0000000000
62477  -37.394  -10.011  41.170 0.0000000000
63562  -37.456  -9.869  41.209 0.0000000000
125812  -37.537  -9.940  41.542 0.0000000000
47937  -24.227  -23.826  54.765 0.0000000000
47947  -24.302  -23.869  54.098 0.0000000000
47977  -24.423  -24.014  52.732 0.0000000000
52865  -27.140  -18.655  56.640 0.0000000000
51787  -26.605  -19.436  55.597 0.0000000000
146308  -25.711  -20.316  54.157 0.0000000000
50802  -24.431  -21.141  49.951 0.0000000000
129823  -24.778  -21.508  51.124 0.0000000000
49796  -23.942  -22.031  49.861 0.0000000000
49788  -24.399  -22.067  50.670 0.0000000000
48900  -23.919  -22.838  50.250 0.0000000000
48906  -23.674  -23.446  49.890 0.0000000000
133557  -23.473  -23.301  49.285 0.0000000000
48025  -22.524  -24.169  47.204 0.0000000000
48034  -21.976  -24.004  45.424 0.0000000000
124502  -51.011  8.038  28.221 0.0000000000
52974  -1.640  -19.336  48.528 0.0000000000
54068  -1.937  -18.995  48.154 0.0000000000
52988  -1.958  -19.788  47.792 0.0000000000
51896  -2.258  -20.434  47.231 0.0000000000
51929  -2.457  -21.084  46.455 0.0000000000
50867  -2.484  -21.418  46.247 0.0000000000
48928  -2.933  -23.156  46.053 0.0000000000
46975  -3.512  -24.620  47.647 0.0000000000
126579  -4.107  -24.963  47.347 0.0000000000
46992  -5.697  -25.169  46.832 0.0000000000
45917  -7.583  -26.311  46.861 0.0000000000
70798  -51.376  -1.826  37.222 0.0000000000
148191  -47.094  -2.186  34.683 0.0000000000
69888  -46.467  -2.664  33.985 0.0000000000
70841  -47.119  -2.419  34.483 0.0000000000
146375  -47.338  -2.710  34.122 0.0000000000
69904  -48.092  -2.734  33.951 0.0000000000
70842  -49.475  -2.480  35.167 0.0000000000
45778  -11.966  -26.208  55.991 0.0000000000
44729  -12.462  -26.948  54.535 0.0000000000
43712  -11.086  -28.206  53.221 0.0000000000
43720  -11.024  -28.430  52.461 0.0000000000
47014  -19.046  -25.101  45.595 0.0000000000
46998  -18.803  -25.318  46.349 0.0000000000
46997  -18.132  -25.400  46.758 0.0000000000
45919  -18.227  -25.881  47.585 0.0000000000
46980  -15.867  -25.298  47.502 0.0000000000
45890  -15.942  -25.767  48.912 0.0000000000
45874  -16.515  -26.285  49.611 0.0000000000
45860  -16.594  -26.531  50.321 0.0000000000
150146  -15.944  -26.259  50.116 0.0000000000
45859  -15.900  -26.398  50.732 0.0000000000
45843  -15.014  -26.371  51.196 0.0000000000
45858  -14.025  -26.091  50.455 0.0000000000
43774  -11.562  -28.869  47.819 0.0000000000
58232  -4.828  -13.942  46.230 0.0000000000
126395  -6.866  -17.089  44.802 0.0000000000
56279  -6.995  -16.179  44.884 0.0000000000
56280  -7.392  -16.541  44.228 0.0000000000
57299  -7.694  -15.857  43.444 0.0000000000
57309  -7.866  -15.587  42.436 0.0000000000
56303  -8.227  -16.264  41.814 0.0000000000
55210  -8.210  -16.981  41.109 0.0000000000
55220  -7.409  -18.114  39.996 0.0000000000
49866  -5.075  -22.958  42.349 0.0000000000
49867  -5.468  -22.302  42.128 0.0000000000
50927  -5.717  -21.809  41.366 0.0000000000
50954  -4.042  -21.886  39.074 0.0000000000
53060  -4.652  -19.714  38.829 0.0000000000
52013  -3.986  -19.910  38.475 0.0000000000
53072  -3.474  -19.344  37.858 0.0000000000
53084  -3.143  -18.813  37.337 0.0000000000
44698  -6.707  -27.049  57.815 0.0000000000
45768  -6.634  -26.278  57.699 0.0000000000
45767  -6.033  -26.524  57.484 0.0000000000
44704  -5.379  -26.939  57.247 0.0000000000
45773  -4.814  -26.677  56.806 0.0000000000
43701  -5.197  -28.776  54.581 0.0000000000
44727  -4.666  -27.790  54.883 0.0000000000
44726  -3.947  -26.897  54.326 0.0000000000
44725  -3.368  -26.453  53.423 0.0000000000
144344  -3.014  -26.340  52.954 0.0000000000
45839  -4.931  -27.007  51.066 0.0000000000
42765  -4.944  -29.889  49.796 0.0000000000
42778  -5.508  -29.329  49.304 0.0000000000
142322  -6.212  -28.745  47.797 0.0000000000
138216  -3.254  -35.947  48.186 0.0000000000
36637  -3.348  -35.326  47.800 0.0000000000
37647  -3.416  -34.667  47.871 0.0000000000
135482  -3.414  -34.911  47.018 0.0000000000
37659  -3.608  -34.085  46.395 0.0000000000
129490  -4.704  -32.167  44.158 0.0000000000
54073  -31.424  -18.125  47.824 0.0000000000
124643  -31.293  -17.453  48.138 0.0000000000
55133  -31.533  -17.506  48.844 0.0000000000
56215  -31.661  -16.677  50.094 0.0000000000
57228  -31.630  -16.002  50.679 0.0000000000
57203  -31.827  -15.524  52.506 0.0000000000
57217  -31.767  -15.765  51.581 0.0000000000
58157  -31.603  -14.895  52.021 0.0000000000
59136  -32.016  -13.532  52.919 0.0000000000
142652  -33.133  -12.146  53.128 0.0000000000
51874  -30.411  -20.232  49.903 0.0000000000
147812  -30.786  -20.098  49.535 0.0000000000
51875  -31.169  -19.933  49.111 0.0000000000
51876  -31.437  -19.403  49.561 0.0000000000
52968  -31.652  -18.942  49.966 0.0000000000
141650  -31.732  -18.988  49.157 0.0000000000
129900  -31.577  -18.484  48.055 0.0000000000
53973  -31.468  -16.885  55.126 0.0000000000
56157  -31.625  -16.171  55.343 0.0000000000
53980  -31.395  -17.427  54.738 0.0000000000
53989  -31.482  -18.131  54.208 0.0000000000
52911  -31.162  -18.335  53.034 0.0000000000
51843  -30.535  -19.420  51.275 0.0000000000
75860  -54.627  2.672  33.345 0.0000000000
71833  -48.685  -0.708  31.204 0.0000000000
72821  -48.143  -0.171  30.585 0.0000000000
144802  -47.490  0.034  30.307 0.0000000000
72838  -47.907  0.638  30.253 0.0000000000
74814  -48.771  2.235  30.144 0.0000000000
74805  -50.753  2.321  30.848 0.0000000000
74797  -51.255  1.890  31.511 0.0000000000
75864  -51.471  2.560  31.213 0.0000000000
70756  -42.584  -2.291  40.467 0.0000000000
134685  -42.963  -1.976  41.062 0.0000000000
70745  -42.605  -2.455  41.324 0.0000000000
70737  -43.186  -2.257  42.568 0.0000000000
66852  -36.495  -6.200  37.528 0.0000000000
66861  -36.666  -5.625  37.073 0.0000000000
67833  -38.736  -4.429  37.985 0.0000000000
67820  -39.629  -4.357  39.103 0.0000000000
68806  -40.156  -3.889  38.816 0.0000000000
47043  -6.559  -25.214  43.741 0.0000000000
128801  -8.086  -25.527  43.059 0.0000000000
45970  -9.391  -26.442  42.159 0.0000000000
45988  -9.399  -26.429  41.394 0.0000000000
47097  -9.117  -26.041  41.150 0.0000000000
46031  -9.334  -26.688  40.050 0.0000000000
43851  -9.247  -28.333  38.528 0.0000000000
42904  -8.610  -29.688  38.093 0.0000000000
41943  -7.971  -30.417  38.374 0.0000000000
130035  -8.307  -29.488  40.065 0.0000000000
41942  -7.097  -31.160  38.751 0.0000000000
42710  -9.983  -28.820  55.228 0.0000000000
42717  -9.554  -29.496  54.855 0.0000000000
41736  -9.214  -30.143  54.415 0.0000000000
40698  -8.867  -30.829  53.806 0.0000000000
132094  -9.164  -31.376  52.097 0.0000000000
40708  -8.305  -31.527  53.414 0.0000000000
39709  -7.811  -31.999  52.989 0.0000000000
62437  -38.103  -10.406  43.167 0.0000000000
63520  -38.338  -9.713  43.670 0.0000000000
62421  -38.277  -10.387  43.837 0.0000000000
60253  -30.625  -12.647  46.898 0.0000000000
60289  -31.441  -12.381  45.550 0.0000000000
129971  -32.239  -12.266  45.156 0.0000000000
60291  -33.326  -11.783  45.909 0.0000000000
60290  -32.954  -12.024  45.208 0.0000000000
60304  -32.543  -12.318  44.361 0.0000000000
59239  -33.097  -12.047  43.679 0.0000000000
59253  -33.116  -12.218  42.847 0.0000000000
59270  -33.738  -12.047  42.462 0.0000000000
59271  -34.666  -11.911  42.255 0.0000000000
59272  -35.684  -11.696  41.939 0.0000000000
59257  -36.498  -11.475  42.543 0.0000000000
60319  -35.539  -11.519  43.611 0.0000000000
131811  -37.114  -11.345  42.365 0.0000000000
144253  -37.382  -11.080  42.228 0.0000000000
139156  -24.601  -21.893  55.512 0.0000000000
51826  -26.667  -19.534  52.606 0.0000000000
51840  -25.807  -19.816  51.185 0.0000000000
51853  -25.339  -20.178  50.681 0.0000000000
136078  -24.692  -20.212  49.095 0.0000000000
51870  -25.030  -20.236  50.018 0.0000000000
50821  -24.095  -21.315  49.216 0.0000000000
50835  -23.555  -21.168  47.996 0.0000000000
49816  -23.012  -21.811  47.610 0.0000000000
80799  -51.552  7.803  28.716 0.0000000000
80789  -52.013  7.588  29.210 0.0000000000
81724  -51.711  8.557  28.356 0.0000000000
82622  -52.040  9.444  27.774 0.0000000000
82606  -54.290  9.569  29.893 0.0000000000
50811  -1.456  -21.563  48.872 0.0000000000
49807  -1.803  -22.010  48.024 0.0000000000
48915  -2.163  -22.682  47.733 0.0000000000
149237  -2.198  -23.251  48.207 0.0000000000
136344  -2.459  -23.752  48.329 0.0000000000
48011  -2.385  -24.058  49.009 0.0000000000
125880  -3.061  -24.569  48.374 0.0000000000
45884  -4.835  -25.932  48.946 0.0000000000
71778  -49.960  -1.909  36.812 0.0000000000
71756  -49.841  -1.475  37.416 0.0000000000
71790  -43.208  -0.517  35.155 0.0000000000
132022  -42.597  -0.807  34.449 0.0000000000
70854  -44.594  -2.951  33.237 0.0000000000
133276  -45.625  -2.561  33.787 0.0000000000
70839  -46.082  -2.303  34.147 0.0000000000
70820  -46.067  -1.719  34.661 0.0000000000
70821  -46.678  -2.024  34.637 0.0000000000
70808  -48.384  -2.046  35.776 0.0000000000
47930  -14.190  -24.796  55.403 0.0000000000
44720  -13.503  -26.276  54.797 0.0000000000
45790  -14.769  -25.821  54.715 0.0000000000
126893  -13.114  -26.704  54.113 0.0000000000
48041  -15.948  -24.507  44.005 0.0000000000
48033  -15.574  -24.654  44.817 0.0000000000
47011  -15.507  -24.830  45.756 0.0000000000
144541  -14.905  -24.869  45.315 0.0000000000
46995  -14.688  -25.030  46.022 0.0000000000
147677  -14.566  -25.284  46.737 0.0000000000
46978  -14.070  -25.579  47.293 0.0000000000
138134  -13.553  -25.838  48.030 0.0000000000
45903  -13.285  -26.124  47.139 0.0000000000
44845  -12.822  -26.921  46.659 0.0000000000
57257  -4.483  -15.023  47.939 0.0000000000
55161  -5.367  -17.939  45.599 0.0000000000
55162  -6.205  -17.569  45.282 0.0000000000
48106  -4.572  -24.976  40.038 0.0000000000
48090  -4.418  -24.268  40.000 0.0000000000
134018  -3.871  -24.256  39.335 0.0000000000
48994  -3.739  -23.482  39.056 0.0000000000
140050  -3.692  -25.215  38.533 0.0000000000
48116  -3.581  -24.111  38.827 0.0000000000
48993  -3.525  -23.284  38.541 0.0000000000
49952  -3.413  -22.432  38.183 0.0000000000
49969  -3.135  -22.355  37.466 0.0000000000
150641  -2.986  -22.099  36.971 0.0000000000
49726  -5.420  -22.592  53.283 0.0000000000
48813  -4.761  -23.795  55.062 0.0000000000
141380  -4.297  -24.224  55.244 0.0000000000
41723  -5.650  -30.404  56.049 0.0000000000
41722  -5.613  -29.522  56.279 0.0000000000
42708  -5.413  -29.869  55.604 0.0000000000
125508  -5.127  -30.784  54.386 0.0000000000
43710  -5.175  -28.896  53.906 0.0000000000
146154  -5.377  -28.307  52.781 0.0000000000
128105  -5.157  -29.789  50.792 0.0000000000
131982  -4.467  -30.575  51.033 0.0000000000
146140  -4.530  -30.383  50.275 0.0000000000
41805  -4.436  -30.646  48.437 0.0000000000
145574  -30.003  -15.104  45.893 0.0000000000
58228  -29.874  -14.225  46.949 0.0000000000
57261  -30.721  -16.258  47.682 0.0000000000
58189  -30.823  -14.922  49.653 0.0000000000
58204  -30.685  -15.262  48.877 0.0000000000
57248  -30.495  -15.399  48.104 0.0000000000
58217  -30.079  -14.371  47.765 0.0000000000
59209  -30.132  -13.363  47.385 0.0000000000
134834  -30.666  -12.610  47.837 0.0000000000
60241  -32.656  -11.587  48.038 0.0000000000
60224  -32.146  -11.683  49.074 0.0000000000
60225  -33.082  -11.211  48.883 0.0000000000
60242  -33.391  -11.145  47.959 0.0000000000
144178  -33.768  -10.916  48.009 0.0000000000
52859  -27.728  -17.940  57.249 0.0000000000
145903  -28.093  -18.690  55.548 0.0000000000
52894  -27.741  -18.986  54.719 0.0000000000
52868  -29.523  -17.725  55.849 0.0000000000
52882  -30.274  -18.102  54.704 0.0000000000
130094  -29.686  -18.085  55.244 0.0000000000
129219  -28.698  -18.814  54.279 0.0000000000
146100  -27.815  -19.104  53.981 0.0000000000
52923  -27.863  -19.267  52.350 0.0000000000
52966  -27.488  -19.547  49.721 0.0000000000
52967  -28.364  -19.910  49.976 0.0000000000
52981  -27.309  -19.570  48.853 0.0000000000
77762  -49.387  4.491  29.397 0.0000000000
78792  -51.538  6.122  29.795 0.0000000000
79837  -52.264  6.436  30.179 0.0000000000
79823  -53.584  6.382  31.185 0.0000000000
79824  -54.306  6.803  31.626 0.0000000000
79825  -55.072  7.268  32.133 0.0000000000
125112  -46.625  0.042  40.040 0.0000000000
71676  -44.398  -1.333  42.270 0.0000000000
72776  -42.726  -0.681  36.944 0.0000000000
71753  -42.746  -1.384  38.298 0.0000000000
72750  -43.069  -0.809  37.619 0.0000000000
72751  -43.904  -0.443  37.692 0.0000000000
125386  -45.326  -0.188  38.807 0.0000000000
44861  -21.553  -25.975  47.630 0.0000000000
44860  -21.257  -26.182  47.760 0.0000000000
45923  -21.291  -25.804  46.967 0.0000000000
45938  -20.297  -25.603  46.243 0.0000000000
47032  -20.262  -25.194  44.328 0.0000000000
47015  -19.886  -25.331  45.380 0.0000000000
47030  -18.413  -24.719  44.959 0.0000000000
48043  -17.656  -24.514  44.319 0.0000000000
48052  -16.849  -24.417  43.581 0.0000000000
57335  -6.629  -15.356  37.838 0.0000000000
51942  -3.514  -20.962  45.213 0.0000000000
51943  -4.165  -20.653  44.863 0.0000000000
48942  -4.423  -23.814  43.501 0.0000000000
49851  -4.634  -22.959  43.267 0.0000000000
48074  -4.770  -24.692  41.008 0.0000000000
144624  -6.099  -25.538  43.107 0.0000000000
137349  -6.134  -25.777  42.485 0.0000000000
141202  -5.467  -25.557  42.241 0.0000000000
47079  -5.700  -25.864  41.602 0.0000000000
47078  -5.072  -25.302  41.598 0.0000000000
46002  -4.845  -25.569  39.903 0.0000000000
46051  -4.910  -26.189  38.518 0.0000000000
141891  -5.659  -26.315  38.692 0.0000000000
148275  -4.768  -26.324  37.992 0.0000000000
46867  -8.235  -25.785  57.599 0.0000000000
45770  -7.689  -26.100  57.736 0.0000000000
44695  -9.069  -27.059  57.632 0.0000000000
44700  -8.153  -27.541  57.788 0.0000000000
44699  -7.489  -27.324  57.912 0.0000000000
43674  -7.072  -27.943  57.910 0.0000000000
143420  -6.750  -28.479  57.696 0.0000000000
41719  -6.509  -29.913  56.778 0.0000000000
41727  -8.636  -29.636  55.910 0.0000000000
41726  -7.895  -30.082  56.193 0.0000000000
40691  -7.533  -30.798  55.592 0.0000000000
41725  -7.393  -30.108  56.566 0.0000000000
41724  -6.788  -30.390  56.494 0.0000000000
144639  -5.945  -30.047  56.530 0.0000000000
40688  -5.377  -31.238  55.072 0.0000000000
40695  -5.181  -31.613  54.625 0.0000000000
39696  -4.959  -32.055  54.265 0.0000000000
142555  -4.726  -31.745  54.092 0.0000000000
39704  -4.099  -32.328  53.255 0.0000000000
67793  -39.176  -5.056  41.510 0.0000000000
67783  -39.373  -5.145  42.214 0.0000000000
130859  -38.959  -6.170  43.282 0.0000000000
59228  -30.210  -13.466  45.485 0.0000000000
59249  -30.266  -13.724  44.062 0.0000000000
59251  -30.971  -13.028  43.362 0.0000000000
62496  -36.666  -10.103  38.935 0.0000000000
63581  -36.768  -9.514  39.555 0.0000000000
64654  -36.832  -8.723  40.163 0.0000000000
63570  -37.233  -9.767  40.444 0.0000000000
64626  -37.051  -8.265  40.837 0.0000000000
65698  -36.897  -7.522  40.367 0.0000000000
46903  -24.005  -24.710  54.009 0.0000000000
45819  -23.799  -25.211  52.900 0.0000000000
45829  -23.629  -25.522  51.937 0.0000000000
45861  -22.913  -25.771  50.557 0.0000000000
45876  -22.690  -25.757  50.105 0.0000000000
133778  -22.019  -26.229  48.783 0.0000000000
52864  -26.239  -19.052  56.898 0.0000000000
51776  -25.417  -19.524  57.144 0.0000000000
51785  -25.094  -20.614  56.197 0.0000000000
50699  -24.846  -21.243  55.817 0.0000000000
147806  -26.080  -19.864  53.403 0.0000000000
50733  -25.259  -20.937  53.434 0.0000000000
50765  -24.816  -21.507  51.746 0.0000000000
50723  -25.223  -21.183  54.206 0.0000000000
125767  -24.804  -21.938  53.776 0.0000000000
50722  -24.964  -21.750  54.593 0.0000000000
49717  -24.611  -22.558  54.221 0.0000000000
48872  -24.583  -23.316  53.090 0.0000000000
47990  -24.368  -23.997  51.940 0.0000000000
48006  -23.923  -23.720  50.555 0.0000000000
47996  -23.681  -24.583  50.553 0.0000000000
46969  -22.886  -25.280  49.598 0.0000000000
46968  -22.418  -25.806  49.073 0.0000000000
133763  -21.799  -25.800  47.577 0.0000000000
45941  -21.467  -25.346  45.970 0.0000000000
145808  -21.228  -25.324  45.541 0.0000000000
47035  -21.406  -25.144  45.321 0.0000000000
82627  -52.617  10.142  27.518 0.0000000000
83482  -52.966  10.679  26.785 0.0000000000
84287  -53.591  11.362  26.220 0.0000000000
84295  -55.217  12.362  25.749 0.0000000000
56249  -3.722  -17.319  47.385 0.0000000000
54079  -3.736  -18.679  46.246 0.0000000000
55138  -2.381  -18.085  48.111 0.0000000000
54077  -2.239  -19.365  47.605 0.0000000000
54069  -2.305  -18.771  47.816 0.0000000000
54089  -3.036  -19.569  46.388 0.0000000000
53013  -3.168  -20.000  45.845 0.0000000000
136259  -3.381  -21.510  45.107 0.0000000000
49826  -2.815  -22.203  45.548 0.0000000000
49836  -3.214  -22.536  45.028 0.0000000000
48040  -3.895  -24.015  44.678 0.0000000000
47021  -4.398  -24.428  44.584 0.0000000000
147998  -5.311  -24.748  44.338 0.0000000000
48921  -2.460  -22.584  47.075 0.0000000000
48922  -2.780  -23.275  46.908 0.0000000000
48031  -3.270  -23.742  46.403 0.0000000000
48032  -3.841  -24.229  45.949 0.0000000000
47005  -4.371  -24.472  45.225 0.0000000000
47023  -5.929  -24.907  44.260 0.0000000000
47024  -7.218  -25.079  44.739 0.0000000000
47025  -8.034  -25.430  44.567 0.0000000000
47026  -8.364  -25.853  44.754 0.0000000000
45947  -8.635  -26.324  44.414 0.0000000000
43801  -8.491  -27.839  43.805 0.0000000000
43800  -7.932  -28.487  43.572 0.0000000000
72797  -52.828  -0.822  34.800 0.0000000000
72712  -47.637  0.277  39.784 0.0000000000
68853  -44.789  -3.554  32.851 0.0000000000
138640  -45.060  -4.071  32.372 0.0000000000
69902  -45.855  -3.036  33.532 0.0000000000
140134  -45.514  -3.908  32.491 0.0000000000
68871  -45.084  -4.370  31.950 0.0000000000
129567  -45.663  -4.213  31.836 0.0000000000
68888  -46.121  -3.906  31.732 0.0000000000
69915  -46.320  -3.358  31.356 0.0000000000
70863  -47.052  -3.016  31.786 0.0000000000
70864  -48.156  -2.338  32.416 0.0000000000
70859  -48.522  -2.451  33.329 0.0000000000
70860  -48.825  -1.776  32.648 0.0000000000
145629  -49.831  -1.524  33.656 0.0000000000
44705  -10.433  -27.324  56.955 0.0000000000
43684  -10.655  -27.437  56.461 0.0000000000
46881  -12.913  -25.767  55.688 0.0000000000
135838  -12.533  -25.837  55.863 0.0000000000
45779  -11.753  -26.467  55.932 0.0000000000
44718  -12.169  -27.121  54.876 0.0000000000
44711  -11.832  -26.726  55.586 0.0000000000
43693  -10.425  -28.127  55.616 0.0000000000
42718  -10.149  -29.127  54.421 0.0000000000
42730  -10.162  -29.530  53.499 0.0000000000
42740  -10.375  -29.639  52.494 0.0000000000
43719  -10.672  -28.931  52.928 0.0000000000
41755  -10.123  -30.317  52.031 0.0000000000
41767  -10.289  -30.353  51.197 0.0000000000
40749  -9.975  -31.057  50.065 0.0000000000
44848  -21.089  -26.502  48.543 0.0000000000
44835  -20.661  -26.631  49.024 0.0000000000
45906  -19.583  -26.211  47.579 0.0000000000
44846  -19.747  -26.467  48.257 0.0000000000
148160  -20.343  -26.607  49.285 0.0000000000
142516  -19.358  -26.673  50.067 0.0000000000
46982  -17.362  -25.470  47.225 0.0000000000
45904  -17.398  -25.935  48.085 0.0000000000
44807  -18.714  -26.754  50.182 0.0000000000
43748  -19.131  -26.854  50.670 0.0000000000
43736  -18.569  -26.972  51.334 0.0000000000
43721  -18.308  -26.992  51.916 0.0000000000
128753  -17.132  -26.530  52.860 0.0000000000
148400  -14.578  -26.517  51.886 0.0000000000
44786  -12.991  -26.704  52.370 0.0000000000
45887  -12.924  -26.250  48.832 0.0000000000
144246  -12.357  -26.788  49.424 0.0000000000
135750  -12.186  -26.996  50.189 0.0000000000
44803  -12.013  -27.230  51.011 0.0000000000
138378  -11.545  -27.806  51.079 0.0000000000
43747  -11.225  -28.417  50.659 0.0000000000
42768  -11.007  -29.234  50.284 0.0000000000
59236  -4.097  -13.100  44.499 0.0000000000
58224  -5.494  -14.705  46.351 0.0000000000
59227  -5.206  -13.882  45.456 0.0000000000
133799  -6.866  -15.437  44.853 0.0000000000
58234  -6.425  -14.978  45.183 0.0000000000
58265  -5.842  -13.978  42.770 0.0000000000
58272  -6.548  -14.360  41.580 0.0000000000
58273  -7.228  -14.764  41.136 0.0000000000
57314  -7.846  -15.407  41.519 0.0000000000
57322  -7.746  -15.321  40.642 0.0000000000
135933  -7.640  -15.329  39.872 0.0000000000
57329  -7.762  -15.782  39.222 0.0000000000
56338  -6.826  -16.249  37.944 0.0000000000
55259  -5.850  -16.878  37.607 0.0000000000
53032  -4.867  -20.339  44.599 0.0000000000
53033  -5.599  -20.068  44.216 0.0000000000
53040  -6.065  -20.485  43.381 0.0000000000
53034  -6.253  -19.745  43.694 0.0000000000
146382  -6.703  -19.388  43.220 0.0000000000
54113  -6.978  -19.225  42.342 0.0000000000
49903  -4.961  -22.615  40.424 0.0000000000
50940  -5.406  -21.388  40.425 0.0000000000
51985  -6.069  -20.340  40.545 0.0000000000
54122  -6.973  -19.359  41.325 0.0000000000
54123  -7.310  -18.738  41.523 0.0000000000
55234  -6.890  -17.981  39.198 0.0000000000
54137  -5.719  -18.973  38.971 0.0000000000
55233  -6.073  -18.248  38.795 0.0000000000
55247  -5.507  -17.789  38.223 0.0000000000
150567  -4.961  -17.474  37.758 0.0000000000
124863  -4.798  -16.898  37.324 0.0000000000
129690  -3.249  -17.581  36.871 0.0000000000
55258  -2.968  -18.006  36.706 0.0000000000
146637  -2.787  -18.836  36.961 0.0000000000
54162  -2.739  -18.498  36.590 0.0000000000
48866  -1.551  -23.317  52.651 0.0000000000
47913  -7.475  -24.727  56.758 0.0000000000
47912  -6.562  -24.783  56.550 0.0000000000
46873  -6.485  -25.496  57.307 0.0000000000
47903  -6.117  -25.195  56.910 0.0000000000
47911  -5.742  -24.837  56.249 0.0000000000
137978  -4.951  -24.852  55.864 0.0000000000
48794  -4.199  -24.849  55.544 0.0000000000
44715  -4.259  -26.847  55.560 0.0000000000
44708  -4.478  -26.343  56.032 0.0000000000
46878  -3.564  -25.026  55.235 0.0000000000
47927  -2.968  -24.663  54.622 0.0000000000
48810  -2.517  -24.283  54.084 0.0000000000
47941  -2.457  -24.527  53.738 0.0000000000
45797  -2.750  -25.510  53.485 0.0000000000
46909  -2.460  -25.136  53.202 0.0000000000
47954  -2.260  -24.573  53.258 0.0000000000
47971  -2.095  -24.455  52.804 0.0000000000
47970  -1.799  -24.035  52.487 0.0000000000
48878  -1.531  -23.507  51.912 0.0000000000
46946  -2.394  -24.742  50.723 0.0000000000
45853  -2.791  -25.682  51.326 0.0000000000
46948  -2.955  -25.392  50.018 0.0000000000
45885  -5.756  -26.161  48.907 0.0000000000
44760  -5.415  -27.951  52.140 0.0000000000
44783  -5.480  -27.609  51.425 0.0000000000
44801  -5.690  -27.383  50.749 0.0000000000
43746  -6.091  -27.901  50.575 0.0000000000
44814  -6.124  -27.121  49.977 0.0000000000
45869  -6.335  -26.618  49.157 0.0000000000
46964  -6.389  -26.098  48.375 0.0000000000
45900  -6.981  -26.254  47.996 0.0000000000
45901  -7.286  -26.723  47.728 0.0000000000
44854  -7.604  -27.095  46.897 0.0000000000
43780  -7.257  -27.939  46.706 0.0000000000
128182  -7.363  -28.457  45.131 0.0000000000
42834  -7.297  -28.785  43.974 0.0000000000
42843  -7.236  -29.048  43.352 0.0000000000
38660  -3.720  -33.860  51.472 0.0000000000
38678  -3.483  -33.667  50.676 0.0000000000
36623  -3.659  -35.682  49.572 0.0000000000
36615  -3.653  -35.218  49.770 0.0000000000
37604  -3.534  -34.314  50.133 0.0000000000
39741  -3.399  -33.122  49.980 0.0000000000
39748  -3.456  -32.667  49.075 0.0000000000
38699  -3.439  -33.364  48.497 0.0000000000
40790  -3.616  -31.886  48.443 0.0000000000
40809  -3.748  -31.871  47.535 0.0000000000
41816  -4.225  -31.394  47.086 0.0000000000
142606  -3.815  -34.091  45.793 0.0000000000
39781  -3.772  -32.740  46.184 0.0000000000
139939  -3.874  -32.147  46.330 0.0000000000
40823  -4.218  -31.603  46.225 0.0000000000
133931  -4.563  -31.068  46.648 0.0000000000
41830  -4.664  -31.047  45.856 0.0000000000
41845  -5.093  -30.691  45.191 0.0000000000
40858  -4.940  -31.546  44.161 0.0000000000
133680  -5.078  -31.012  44.526 0.0000000000
42832  -5.507  -30.398  44.558 0.0000000000
41861  -5.974  -30.062  43.880 0.0000000000
42842  -6.538  -29.751  43.256 0.0000000000
42852  -7.149  -29.441  42.652 0.0000000000
40696  -7.339  -31.365  55.026 0.0000000000
40905  -5.377  -31.877  42.769 0.0000000000
41933  -6.639  -31.411  40.246 0.0000000000
42697  -8.211  -28.785  57.404 0.0000000000
42700  -6.792  -29.160  57.372 0.0000000000
42702  -8.304  -29.041  57.115 0.0000000000
43682  -9.311  -28.274  57.109 0.0000000000
43864  -9.026  -28.258  37.630 0.0000000000
44693  -7.910  -26.793  57.816 0.0000000000
44694  -8.546  -26.989  57.724 0.0000000000
44696  -9.610  -26.750  57.492 0.0000000000
44697  -6.024  -27.190  57.497 0.0000000000
44703  -10.669  -26.810  57.087 0.0000000000
44849  -21.516  -26.306  48.352 0.0000000000
44858  -20.200  -26.302  47.683 0.0000000000
45766  -9.023  -26.532  57.648 0.0000000000
45777  -11.468  -26.364  56.450 0.0000000000
45837  -2.816  -25.788  52.123 0.0000000000
45894  -21.868  -26.407  49.000 0.0000000000
45933  -7.903  -25.882  46.094 0.0000000000
45959  -9.272  -26.489  42.800 0.0000000000
46007  -9.340  -26.414  40.735 0.0000000000
46054  -8.553  -26.836  38.572 0.0000000000
46864  -8.910  -25.976  57.648 0.0000000000
46865  -6.964  -25.822  57.643 0.0000000000
46868  -9.434  -25.627  57.538 0.0000000000
46915  -24.072  -24.835  53.333 0.0000000000
46926  -24.248  -24.600  52.311 0.0000000000
46949  -23.699  -24.957  51.028 0.0000000000
46957  -23.391  -24.916  50.058 0.0000000000
47062  -8.793  -25.755  42.474 0.0000000000
47082  -9.203  -26.011  41.927 0.0000000000
47897  -8.261  -25.279  57.388 0.0000000000
47898  -9.113  -25.180  57.380 0.0000000000
47953  -1.858  -23.945  53.047 0.0000000000
48018  -2.696  -24.280  48.633 0.0000000000
48035  -22.199  -24.492  46.211 0.0000000000
48847  -24.465  -23.292  53.807 0.0000000000
48884  -24.399  -23.158  51.919 0.0000000000
49904  -5.311  -22.092  40.686 0.0000000000
50700  -25.305  -20.755  55.490 0.0000000000
51780  -24.863  -20.333  56.787 0.0000000000
51828  -30.449  -19.169  51.955 0.0000000000
51829  -30.771  -18.901  51.852 0.0000000000
51841  -29.454  -19.932  51.081 0.0000000000
51844  -30.925  -19.158  51.223 0.0000000000
51845  -31.251  -18.895  51.205 0.0000000000
51893  -31.555  -19.425  48.715 0.0000000000
51909  -31.238  -19.995  47.776 0.0000000000
52012  -3.323  -20.922  38.022 0.0000000000
52867  -28.647  -17.960  56.283 0.0000000000
52874  -30.307  -17.721  55.238 0.0000000000
52875  -30.877  -17.712  54.921 0.0000000000
52881  -29.433  -18.433  54.998 0.0000000000
52883  -30.864  -18.125  54.267 0.0000000000
52910  -30.660  -18.567  53.195 0.0000000000
52936  -26.835  -19.421  51.251 0.0000000000
52941  -31.641  -18.373  51.140 0.0000000000
52980  -26.434  -19.334  48.668 0.0000000000
52982  -31.733  -18.951  48.313 0.0000000000
53041  -6.669  -19.919  42.846 0.0000000000
53966  -29.801  -17.187  56.284 0.0000000000
53979  -31.217  -17.887  54.625 0.0000000000
53990  -31.711  -17.935  53.896 0.0000000000
53991  -31.721  -17.423  53.849 0.0000000000
54012  -31.510  -18.030  52.832 0.0000000000
54037  -31.771  -18.099  50.594 0.0000000000
54130  -7.524  -18.347  40.871 0.0000000000
54142  -3.614  -18.756  37.713 0.0000000000
55064  -31.776  -17.061  55.082 0.0000000000
55087  -31.846  -16.924  53.600 0.0000000000
55096  -31.752  -17.233  52.782 0.0000000000
55123  -31.745  -17.816  50.061 0.0000000000
56208  -31.910  -16.921  51.485 0.0000000000
56317  -7.975  -17.264  40.127 0.0000000000
57169  -31.859  -15.579  55.207 0.0000000000
57216  -31.178  -14.212  51.494 0.0000000000
57227  -31.202  -15.487  50.256 0.0000000000
57260  -30.214  -15.315  47.346 0.0000000000
58110  -32.130  -14.762  55.265 0.0000000000
58203  -30.395  -14.337  49.098 0.0000000000
58282  -7.194  -14.771  40.256 0.0000000000
59113  -32.711  -13.243  54.880 0.0000000000
59235  -3.588  -12.760  44.689 0.0000000000
59238  -30.442  -13.383  44.638 0.0000000000
59240  -33.707  -11.768  43.872 0.0000000000
59250  -30.468  -13.385  43.610 0.0000000000
60210  -31.384  -12.584  50.962 0.0000000000
60273  -33.094  -11.726  46.636 0.0000000000
60328  -37.530  -11.128  42.773 0.0000000000
60336  -37.330  -11.064  41.844 0.0000000000
63571  -37.360  -10.214  40.777 0.0000000000
64639  -37.294  -9.243  40.917 0.0000000000
66782  -38.620  -6.310  42.732 0.0000000000
70757  -43.533  -1.648  41.204 0.0000000000
70836  -42.948  -1.658  33.619 0.0000000000
70840  -46.519  -2.373  34.254 0.0000000000
71776  -47.294  -1.141  35.995 0.0000000000
72754  -47.498  -0.422  37.270 0.0000000000
73791  -52.995  0.508  33.844 0.0000000000
79850  -51.276  6.746  29.241 0.0000000000
82619  -53.825  9.866  29.193 0.0000000000
124617  -34.480  -11.481  44.882 0.0000000000
124753  -46.241  -0.243  36.906 0.0000000000
124834  -32.032  -14.952  54.562 0.0000000000
125021  -25.136  -20.761  51.217 0.0000000000
125031  -31.387  -17.787  48.209 0.0000000000
125190  -48.014  0.336  40.329 0.0000000000
126903  -2.349  -20.916  46.964 0.0000000000
128604  -9.365  -27.733  39.064 0.0000000000
130379  -2.289  -24.048  49.439 0.0000000000
131772  -8.768  -27.594  57.645 0.0000000000
132590  -24.227  -23.001  50.800 0.0000000000
132665  -32.621  -13.386  55.623 0.0000000000
133469  -30.951  -19.810  49.878 0.0000000000
134881  -31.587  -17.038  49.317 0.0000000000
134886  -4.969  -27.953  56.189 0.0000000000
135831  -31.461  -17.692  54.418 0.0000000000
137890  -14.236  -26.130  54.644 0.0000000000
139051  -31.842  -16.222  53.912 0.0000000000
139808  -29.311  -19.109  52.920 0.0000000000
140449  -9.355  -30.634  53.124 0.0000000000
140794  -27.013  -19.280  54.547 0.0000000000
140994  -7.430  -29.103  57.445 0.0000000000
142792  -37.864  -10.387  42.564 0.0000000000
144151  -22.541  -25.793  49.702 0.0000000000
145752  -40.781  -2.657  37.845 0.0000000000
147710  -35.293  -11.708  42.497 0.0000000000
147941  -2.721  -24.011  48.104 0.0000000000
148005  -23.533  -22.716  49.069 0.0000000000
149065  -37.354  -10.328  40.946 0.0000000000
150470  -32.046  -11.907  47.726 0.0000000000
150621  -27.429  -18.260  57.006 0.0000000000
