#!ascii label  , from subject sub-LJ002 vox2ras=TkReg
2081
90895  -35.460  18.099  26.444 0.0000000000
92014  -53.457  20.097  9.325 0.0000000000
94562  -46.876  22.180  22.836 0.0000000000
88105  -48.024  15.761  18.601 0.0000000000
89891  -46.257  17.888  28.614 0.0000000000
94637  -42.545  22.514  11.845 0.0000000000
100186  -51.015  30.195  8.390 0.0000000000
100804  -46.739  30.273  17.195 0.0000000000
85049  -41.220  12.684  37.251 0.0000000000
88073  -40.760  14.923  19.945 0.0000000000
90997  -44.444  18.225  14.256 0.0000000000
92829  -39.401  20.552  17.469 0.0000000000
97893  -53.332  26.006  22.432 0.0000000000
125974  -50.865  27.429  16.145 0.0000000000
100118  -56.635  29.334  15.183 0.0000000000
125151  -49.474  30.607  13.417 0.0000000000
100028  -52.296  29.874  20.211 0.0000000000
91075  -50.235  18.671  6.597 0.0000000000
94443  -40.404  22.269  37.842 0.0000000000
93688  -39.592  21.498  24.507 0.0000000000
89956  -56.303  17.828  20.724 0.0000000000
86066  -48.133  13.788  23.158 0.0000000000
87996  -40.694  15.498  26.408 0.0000000000
87878  -41.737  15.539  34.534 0.0000000000
92026  -48.484  20.159  9.578 0.0000000000
95469  -46.588  23.257  6.420 0.0000000000
96230  -44.434  24.600  17.247 0.0000000000
150152  -45.093  28.162  10.929 0.0000000000
129498  -45.433  27.460  4.039 0.0000000000
100916  -43.677  31.026  7.082 0.0000000000
100867  -42.150  30.719  10.674 0.0000000000
88062  -37.498  15.493  21.909 0.0000000000
89969  -39.446  17.450  18.475 0.0000000000
90930  -36.924  18.545  21.373 0.0000000000
98614  -55.368  27.959  22.976 0.0000000000
97918  -56.157  27.175  18.864 0.0000000000
99358  -57.425  28.804  19.851 0.0000000000
100077  -53.599  28.997  17.816 0.0000000000
129433  -51.961  19.296  8.134 0.0000000000
96034  -38.959  24.423  40.639 0.0000000000
95244  -43.035  23.835  38.636 0.0000000000
88003  -46.989  15.891  26.050 0.0000000000
86977  -43.525  14.277  24.589 0.0000000000
88956  -43.605  16.408  27.873 0.0000000000
87835  -42.569  14.776  38.741 0.0000000000
88818  -38.513  16.463  39.048 0.0000000000
90760  -38.568  18.233  39.561 0.0000000000
90788  -35.730  18.336  36.769 0.0000000000
90018  -49.692  18.433  15.924 0.0000000000
91985  -42.767  19.498  12.930 0.0000000000
91042  -45.866  19.048  11.676 0.0000000000
145785  -44.708  20.423  9.330 0.0000000000
134729  -47.168  21.001  6.783 0.0000000000
95462  -44.603  23.292  8.637 0.0000000000
94548  -42.452  22.467  24.140 0.0000000000
94576  -42.146  22.212  20.316 0.0000000000
94589  -45.563  22.620  20.218 0.0000000000
129987  -51.724  28.590  11.488 0.0000000000
99405  -49.014  28.158  12.929 0.0000000000
100170  -48.817  29.413  9.217 0.0000000000
98754  -45.034  27.952  6.834 0.0000000000
100205  -46.707  30.699  6.269 0.0000000000
100218  -44.796  29.832  4.314 0.0000000000
147822  -47.430  31.504  7.135 0.0000000000
124987  -48.184  30.322  15.702 0.0000000000
142930  -45.606  30.537  12.013 0.0000000000
100825  -45.032  29.922  13.972 0.0000000000
100142  -42.207  30.031  13.294 0.0000000000
131937  -44.142  29.476  16.131 0.0000000000
88087  -44.213  15.066  19.031 0.0000000000
144604  -45.961  17.182  16.075 0.0000000000
89064  -42.796  16.707  17.676 0.0000000000
90979  -41.700  18.858  15.647 0.0000000000
93755  -41.238  21.509  14.449 0.0000000000
130261  -50.172  23.848  22.888 0.0000000000
96216  -49.520  24.181  19.954 0.0000000000
97087  -52.565  25.882  19.377 0.0000000000
98687  -54.769  27.816  15.178 0.0000000000
100153  -54.672  29.675  11.671 0.0000000000
100874  -50.540  30.627  10.262 0.0000000000
100131  -52.750  29.939  14.380 0.0000000000
100096  -50.488  29.689  16.422 0.0000000000
100792  -49.487  30.169  18.647 0.0000000000
91090  -48.068  18.714  5.318 0.0000000000
92700  -38.248  20.463  31.868 0.0000000000
92769  -36.712  20.346  25.716 0.0000000000
93626  -40.258  21.779  31.786 0.0000000000
94509  -42.185  23.224  30.494 0.0000000000
96170  -43.042  24.460  27.725 0.0000000000
98532  -46.209  27.154  31.754 0.0000000000
139820  -45.076  24.715  23.117 0.0000000000
89040  -52.635  16.132  19.506 0.0000000000
88058  -52.645  15.571  22.124 0.0000000000
87050  -48.465  14.568  20.402 0.0000000000
86085  -44.278  13.724  21.799 0.0000000000
87011  -40.212  14.095  23.115 0.0000000000
90834  -46.582  18.333  32.645 0.0000000000
86855  -45.612  15.169  39.786 0.0000000000
88859  -44.591  16.552  35.743 0.0000000000
88909  -44.177  16.715  31.069 0.0000000000
87942  -40.819  15.503  30.381 0.0000000000
89872  -36.599  17.426  30.842 0.0000000000
93792  -51.997  21.615  11.038 0.0000000000
126065  -47.016  18.504  13.651 0.0000000000
92002  -49.122  20.130  11.270 0.0000000000
92933  -51.250  21.346  8.711 0.0000000000
92958  -50.568  21.016  6.670 0.0000000000
92977  -48.965  21.315  4.973 0.0000000000
93858  -47.617  22.065  4.054 0.0000000000
142738  -39.213  20.562  20.892 0.0000000000
95397  -40.890  23.205  17.925 0.0000000000
96253  -43.189  24.596  14.417 0.0000000000
97101  -47.882  25.993  16.821 0.0000000000
97955  -45.934  26.500  14.276 0.0000000000
138928  -43.705  25.742  11.727 0.0000000000
97154  -44.659  25.552  8.308 0.0000000000
97172  -47.012  25.170  5.074 0.0000000000
94678  -46.303  22.827  4.501 0.0000000000
100887  -46.490  30.993  10.114 0.0000000000
101564  -42.854  30.885  9.497 0.0000000000
99458  -40.976  28.374  9.504 0.0000000000
100165  -39.968  29.811  11.181 0.0000000000
100152  -39.067  30.217  12.678 0.0000000000
89001  -35.788  16.705  23.792 0.0000000000
89019  -36.556  17.034  21.697 0.0000000000
89934  -35.786  17.544  23.332 0.0000000000
99353  -57.253  28.233  21.837 0.0000000000
100032  -56.921  29.410  20.547 0.0000000000
149172  -52.829  19.867  8.627 0.0000000000
88959  -46.318  16.870  27.352 0.0000000000
88966  -45.122  16.121  26.970 0.0000000000
88950  -45.034  17.003  28.172 0.0000000000
88831  -37.307  16.149  38.201 0.0000000000
88816  -37.168  17.010  38.324 0.0000000000
89069  -50.283  17.112  17.632 0.0000000000
89982  -49.012  17.266  17.130 0.0000000000
92895  -42.696  20.672  11.888 0.0000000000
92905  -43.234  20.226  11.361 0.0000000000
93791  -43.088  21.676  10.870 0.0000000000
93813  -44.129  21.672  9.388 0.0000000000
95455  -43.542  23.241  10.138 0.0000000000
94553  -43.842  22.526  23.437 0.0000000000
93712  -44.480  21.469  22.046 0.0000000000
94569  -46.304  21.859  21.533 0.0000000000
99453  -52.212  29.394  9.932 0.0000000000
99436  -50.445  28.730  10.746 0.0000000000
100185  -49.956  29.898  8.140 0.0000000000
100196  -48.345  30.417  7.283 0.0000000000
100908  -48.918  30.973  6.891 0.0000000000
100928  -47.558  31.240  6.498 0.0000000000
101579  -49.692  31.177  7.537 0.0000000000
100811  -47.366  30.238  16.326 0.0000000000
100826  -46.323  30.254  14.623 0.0000000000
100816  -45.957  30.013  15.569 0.0000000000
100112  -44.560  29.564  15.411 0.0000000000
100094  -45.566  29.862  16.350 0.0000000000
88085  -42.527  15.182  19.349 0.0000000000
89051  -43.278  16.174  18.178 0.0000000000
88099  -42.036  15.776  18.852 0.0000000000
90948  -39.165  18.783  18.105 0.0000000000
148414  -40.603  18.396  17.221 0.0000000000
91922  -40.462  19.805  16.461 0.0000000000
92851  -41.223  20.608  14.815 0.0000000000
93744  -40.504  21.445  15.819 0.0000000000
97061  -51.891  25.060  22.516 0.0000000000
96211  -51.865  24.054  21.292 0.0000000000
97074  -53.565  25.182  21.050 0.0000000000
98675  -57.445  28.189  16.597 0.0000000000
125537  -56.255  27.486  17.008 0.0000000000
98689  -56.612  28.421  14.825 0.0000000000
99411  -55.594  29.051  12.654 0.0000000000
100133  -55.813  29.427  13.467 0.0000000000
145745  -53.911  30.279  13.069 0.0000000000
100132  -55.132  29.691  14.329 0.0000000000
100040  -52.886  29.292  19.648 0.0000000000
100076  -52.480  29.210  17.620 0.0000000000
100056  -51.591  29.370  18.372 0.0000000000
100054  -50.009  29.714  18.068 0.0000000000
100770  -50.590  30.371  19.587 0.0000000000
91084  -48.789  18.593  5.547 0.0000000000
93599  -38.825  21.249  34.262 0.0000000000
93624  -38.898  20.917  31.544 0.0000000000
93608  -40.048  22.133  34.302 0.0000000000
96072  -44.010  24.764  37.915 0.0000000000
95296  -42.754  23.644  34.387 0.0000000000
95310  -43.314  23.838  33.114 0.0000000000
95323  -42.635  23.689  29.209 0.0000000000
96148  -44.806  25.002  31.957 0.0000000000
132435  -44.641  27.545  32.280 0.0000000000
97017  -45.099  26.281  27.230 0.0000000000
97049  -44.216  26.299  24.124 0.0000000000
97056  -47.177  25.297  22.318 0.0000000000
98620  -45.903  27.100  22.187 0.0000000000
89973  -54.590  17.270  18.332 0.0000000000
89043  -55.025  16.776  20.025 0.0000000000
88047  -52.602  15.532  23.562 0.0000000000
135231  -50.551  14.570  23.161 0.0000000000
87033  -50.347  14.904  21.401 0.0000000000
86089  -48.282  13.879  21.743 0.0000000000
86094  -45.742  13.712  20.975 0.0000000000
86076  -45.491  13.552  22.567 0.0000000000
88012  -41.883  15.119  25.685 0.0000000000
127981  -41.835  14.114  24.090 0.0000000000
86965  -39.945  14.964  25.185 0.0000000000
85943  -43.989  13.680  38.566 0.0000000000
87852  -43.750  15.840  36.944 0.0000000000
127284  -43.418  15.921  35.137 0.0000000000
88885  -44.436  16.736  33.442 0.0000000000
88893  -43.172  16.160  32.729 0.0000000000
87944  -42.251  15.923  30.573 0.0000000000
87904  -41.579  15.618  32.402 0.0000000000
91778  -37.394  19.114  33.439 0.0000000000
90803  -38.284  18.396  35.742 0.0000000000
93781  -53.318  21.898  11.541 0.0000000000
90013  -44.805  17.514  15.561 0.0000000000
142999  -46.769  17.892  14.984 0.0000000000
90998  -45.363  18.225  14.086 0.0000000000
92012  -46.827  19.516  10.305 0.0000000000
149442  -47.195  19.344  11.268 0.0000000000
92013  -48.558  20.021  10.498 0.0000000000
92918  -50.084  20.751  10.138 0.0000000000
92932  -50.193  20.880  8.999 0.0000000000
92946  -50.956  21.146  7.769 0.0000000000
92930  -48.483  20.420  7.911 0.0000000000
93835  -46.598  21.761  6.827 0.0000000000
125542  -48.670  21.468  5.327 0.0000000000
94671  -48.358  22.205  4.936 0.0000000000
93853  -48.482  21.662  4.390 0.0000000000
94680  -48.064  22.492  4.432 0.0000000000
93683  -38.410  21.397  25.521 0.0000000000
91884  -37.839  20.158  22.731 0.0000000000
130552  -39.322  20.725  23.069 0.0000000000
95387  -43.267  23.344  19.229 0.0000000000
94585  -41.673  22.833  19.451 0.0000000000
95408  -43.121  24.174  17.617 0.0000000000
95415  -42.223  23.919  15.645 0.0000000000
131789  -44.042  24.920  15.844 0.0000000000
97094  -50.337  26.219  18.122 0.0000000000
97083  -48.395  25.357  18.069 0.0000000000
97936  -49.527  26.782  16.678 0.0000000000
99417  -47.017  28.372  11.924 0.0000000000
142870  -46.960  27.254  13.824 0.0000000000
98720  -45.394  27.508  12.312 0.0000000000
97965  -44.709  26.427  13.032 0.0000000000
137372  -44.208  26.918  10.915 0.0000000000
97143  -43.961  26.007  9.798 0.0000000000
98742  -44.424  27.433  9.337 0.0000000000
98758  -45.569  27.967  5.300 0.0000000000
98007  -45.473  27.019  6.080 0.0000000000
145711  -46.296  25.977  3.951 0.0000000000
96319  -46.660  24.915  4.114 0.0000000000
96318  -46.048  24.994  3.767 0.0000000000
141183  -45.256  24.301  4.537 0.0000000000
97177  -45.391  26.360  3.873 0.0000000000
100924  -44.114  30.564  5.338 0.0000000000
98764  -43.832  27.612  4.725 0.0000000000
100858  -49.482  30.727  12.436 0.0000000000
141711  -48.201  30.910  10.399 0.0000000000
100872  -47.643  30.712  11.111 0.0000000000
100869  -44.016  30.607  11.310 0.0000000000
139476  -44.746  30.704  10.773 0.0000000000
100884  -42.835  30.824  10.129 0.0000000000
100896  -41.944  30.433  9.651 0.0000000000
100167  -41.358  30.358  10.288 0.0000000000
100180  -40.905  29.547  10.083 0.0000000000
100882  -40.967  30.461  10.910 0.0000000000
139477  -41.592  29.712  13.890 0.0000000000
100836  -40.347  30.399  12.564 0.0000000000
100141  -40.623  29.941  13.538 0.0000000000
100139  -38.712  29.993  13.413 0.0000000000
88064  -38.876  15.056  20.830 0.0000000000
89036  -40.348  16.062  19.040 0.0000000000
89028  -38.255  16.443  19.928 0.0000000000
89959  -37.694  17.901  19.907 0.0000000000
91908  -38.252  19.564  19.186 0.0000000000
97068  -54.298  25.867  21.084 0.0000000000
98640  -56.197  27.204  20.954 0.0000000000
133978  -57.950  27.963  18.949 0.0000000000
100079  -56.992  28.741  17.410 0.0000000000
99378  -54.896  29.185  17.022 0.0000000000
99362  -56.119  28.746  19.212 0.0000000000
100042  -55.205  28.969  19.983 0.0000000000
91076  -51.048  19.240  6.865 0.0000000000
134755  -41.260  21.682  41.209 0.0000000000
94444  -41.408  22.805  38.405 0.0000000000
95213  -42.422  23.575  41.493 0.0000000000
86981  -47.461  14.569  24.621 0.0000000000
86997  -45.520  13.848  23.848 0.0000000000
147035  -45.365  15.082  25.652 0.0000000000
88014  -43.739  15.194  25.988 0.0000000000
87986  -42.134  16.001  27.525 0.0000000000
85031  -41.444  13.091  39.121 0.0000000000
87819  -40.906  14.631  38.849 0.0000000000
89799  -39.478  17.045  37.656 0.0000000000
90776  -39.239  17.946  37.501 0.0000000000
89766  -38.906  17.597  39.256 0.0000000000
90766  -37.308  18.276  38.850 0.0000000000
91968  -43.294  18.829  13.240 0.0000000000
91012  -44.680  18.400  13.476 0.0000000000
91987  -44.244  18.947  12.082 0.0000000000
92010  -44.755  19.547  10.512 0.0000000000
92023  -46.053  19.658  9.495 0.0000000000
92033  -47.101  19.989  8.438 0.0000000000
145064  -45.960  20.463  8.202 0.0000000000
93825  -45.763  21.754  7.591 0.0000000000
133222  -45.786  23.138  7.214 0.0000000000
94546  -40.931  22.238  24.751 0.0000000000
92787  -41.144  20.895  22.551 0.0000000000
93710  -42.948  21.241  22.041 0.0000000000
94578  -44.080  22.044  20.657 0.0000000000
95401  -44.826  23.821  18.787 0.0000000000
98698  -52.323  28.066  13.963 0.0000000000
98697  -50.268  27.710  14.809 0.0000000000
99407  -50.586  28.178  13.052 0.0000000000
99435  -48.647  28.637  11.195 0.0000000000
99448  -46.802  28.953  10.242 0.0000000000
99460  -45.073  28.750  9.392 0.0000000000
100182  -45.972  29.447  8.604 0.0000000000
100194  -45.890  29.687  7.283 0.0000000000
128169  -45.469  29.815  5.127 0.0000000000
98773  -45.145  28.546  4.134 0.0000000000
100214  -45.284  30.203  4.773 0.0000000000
101604  -46.104  31.331  5.873 0.0000000000
101597  -45.784  31.541  6.733 0.0000000000
100828  -48.753  30.551  14.064 0.0000000000
125765  -47.180  30.606  12.488 0.0000000000
144841  -46.905  30.480  13.830 0.0000000000
100841  -45.601  30.305  13.299 0.0000000000
100839  -43.718  30.234  12.940 0.0000000000
100838  -42.757  30.315  12.654 0.0000000000
100144  -44.092  29.836  13.938 0.0000000000
100128  -43.360  29.569  14.538 0.0000000000
128091  -42.914  29.357  15.914 0.0000000000
88103  -46.282  15.489  18.424 0.0000000000
136150  -47.502  16.531  17.478 0.0000000000
88111  -44.928  15.938  17.957 0.0000000000
89075  -43.965  16.855  16.879 0.0000000000
90012  -43.839  17.662  15.651 0.0000000000
89971  -41.128  17.079  18.000 0.0000000000
89992  -41.856  17.836  16.745 0.0000000000
90980  -42.470  18.489  15.342 0.0000000000
91953  -42.208  19.333  14.217 0.0000000000
92879  -41.894  20.851  13.176 0.0000000000
94624  -42.085  22.559  13.012 0.0000000000
94558  -48.075  22.708  22.942 0.0000000000
94582  -48.697  22.650  21.225 0.0000000000
95383  -49.945  23.195  21.183 0.0000000000
97077  -50.754  25.107  19.561 0.0000000000
97924  -52.182  26.843  17.750 0.0000000000
145309  -54.481  26.451  19.718 0.0000000000
98657  -53.943  27.134  17.499 0.0000000000
98686  -53.356  27.745  15.287 0.0000000000
99397  -53.283  28.259  13.344 0.0000000000
99423  -53.813  28.868  11.404 0.0000000000
100893  -52.995  29.894  10.282 0.0000000000
100891  -51.308  30.377  9.223 0.0000000000
100876  -52.225  30.432  10.926 0.0000000000
100843  -51.103  30.568  13.061 0.0000000000
124969  -50.999  30.368  14.047 0.0000000000
125157  -53.483  29.382  16.738 0.0000000000
100097  -52.010  29.595  15.904 0.0000000000
100830  -50.280  30.277  14.629 0.0000000000
100812  -49.711  29.933  16.194 0.0000000000
100073  -49.071  29.935  16.902 0.0000000000
100806  -48.467  30.138  17.584 0.0000000000
91839  -36.495  19.411  28.699 0.0000000000
91861  -35.712  19.170  25.582 0.0000000000
92749  -37.482  20.536  28.759 0.0000000000
92750  -38.048  21.046  28.318 0.0000000000
93675  -39.136  21.768  27.844 0.0000000000
94478  -41.258  22.829  34.615 0.0000000000
94507  -40.850  22.312  30.413 0.0000000000
94532  -40.460  22.733  27.373 0.0000000000
94533  -41.104  23.303  27.008 0.0000000000
95353  -42.123  23.681  25.571 0.0000000000
95357  -43.220  23.842  24.352 0.0000000000
97748  -45.979  27.056  34.581 0.0000000000
96163  -44.841  25.312  29.142 0.0000000000
141480  -43.456  25.243  25.372 0.0000000000
95363  -45.620  23.243  23.226 0.0000000000
96197  -47.627  24.464  22.727 0.0000000000
97058  -49.383  24.818  22.759 0.0000000000
98622  -51.040  26.804  22.390 0.0000000000
89057  -52.348  16.595  18.371 0.0000000000
89038  -50.577  16.183  18.952 0.0000000000
89015  -54.826  16.636  22.386 0.0000000000
129921  -54.763  16.561  20.905 0.0000000000
88079  -53.199  15.922  20.772 0.0000000000
88076  -50.517  15.530  20.152 0.0000000000
88091  -48.483  15.438  19.231 0.0000000000
87064  -46.308  14.537  19.578 0.0000000000
143903  -44.509  14.372  20.054 0.0000000000
129349  -42.148  14.405  20.804 0.0000000000
86061  -43.565  13.651  23.067 0.0000000000
87013  -42.330  13.893  22.183 0.0000000000
87025  -40.001  14.441  21.472 0.0000000000
87009  -38.767  14.597  22.760 0.0000000000
88834  -46.689  16.896  39.232 0.0000000000
87821  -43.820  15.071  39.583 0.0000000000
88832  -44.923  16.311  38.459 0.0000000000
89800  -45.940  17.498  36.916 0.0000000000
134378  -45.388  17.340  34.531 0.0000000000
89843  -45.384  17.414  32.358 0.0000000000
89873  -44.725  17.223  29.814 0.0000000000
88939  -43.158  16.481  29.461 0.0000000000
88938  -41.887  16.086  29.144 0.0000000000
87975  -40.474  15.551  29.000 0.0000000000
129082  -36.193  17.764  29.199 0.0000000000
91799  -36.950  18.987  31.031 0.0000000000
92692  -37.969  20.233  34.070 0.0000000000
92652  -39.286  20.780  37.297 0.0000000000
92614  -40.293  20.665  40.799 0.0000000000
93795  -54.912  21.923  11.136 0.0000000000
93807  -54.534  21.807  10.557 0.0000000000
125957  -53.532  21.586  9.485 0.0000000000
89997  -47.658  17.565  16.051 0.0000000000
90982  -48.239  18.386  15.049 0.0000000000
91014  -46.473  18.565  13.093 0.0000000000
91969  -47.974  19.087  12.854 0.0000000000
92880  -50.278  20.433  12.502 0.0000000000
92908  -50.745  21.043  11.081 0.0000000000
93815  -51.579  21.498  9.620 0.0000000000
93828  -53.020  21.318  8.643 0.0000000000
92960  -52.166  21.086  7.273 0.0000000000
92050  -51.516  20.823  6.595 0.0000000000
92049  -50.929  20.545  5.958 0.0000000000
128083  -48.699  20.669  6.906 0.0000000000
92969  -50.146  20.864  5.689 0.0000000000
92059  -49.589  20.536  5.065 0.0000000000
92058  -48.878  20.303  4.708 0.0000000000
92064  -47.886  20.345  4.411 0.0000000000
92975  -46.623  20.509  4.984 0.0000000000
91873  -36.358  19.332  23.669 0.0000000000
91899  -38.011  19.751  21.060 0.0000000000
92818  -38.881  20.894  19.025 0.0000000000
93717  -40.654  21.445  20.632 0.0000000000
93728  -39.987  22.137  19.065 0.0000000000
94592  -39.802  22.145  17.724 0.0000000000
94598  -41.102  22.848  15.895 0.0000000000
95424  -41.699  23.069  14.503 0.0000000000
96267  -42.889  24.161  13.007 0.0000000000
95392  -48.087  23.643  19.782 0.0000000000
134496  -47.105  24.265  18.770 0.0000000000
97090  -46.431  25.128  17.296 0.0000000000
98682  -48.795  27.298  15.158 0.0000000000
142877  -46.831  26.276  15.565 0.0000000000
97098  -45.521  25.427  16.122 0.0000000000
125061  -44.820  25.779  14.400 0.0000000000
96268  -43.309  24.790  12.764 0.0000000000
145431  -43.255  24.199  11.240 0.0000000000
136246  -43.768  23.968  9.846 0.0000000000
96294  -45.696  24.351  7.197 0.0000000000
98753  -44.645  27.299  7.912 0.0000000000
97159  -45.795  25.527  6.558 0.0000000000
96307  -47.093  24.422  5.188 0.0000000000
95480  -47.206  23.987  4.469 0.0000000000
93857  -46.840  22.233  4.304 0.0000000000
98011  -44.300  26.948  4.369 0.0000000000
100899  -49.602  31.237  8.550 0.0000000000
101577  -47.132  31.554  7.991 0.0000000000
127973  -44.719  31.414  8.300 0.0000000000
149856  -46.114  30.738  10.655 0.0000000000
101566  -44.627  31.006  9.763 0.0000000000
101585  -43.558  31.144  7.991 0.0000000000
100193  -42.410  29.952  8.416 0.0000000000
99466  -41.649  28.760  8.844 0.0000000000
98741  -40.672  27.116  9.145 0.0000000000
100852  -41.125  30.595  11.902 0.0000000000
100158  -39.645  30.117  11.731 0.0000000000
101542  -47.309  31.104  18.758 0.0000000000
100788  -46.132  30.590  17.900 0.0000000000
100803  -45.270  30.385  17.727 0.0000000000
100071  -43.697  29.834  17.263 0.0000000000
100091  -42.552  29.468  16.575 0.0000000000
88979  -35.520  16.945  25.193 0.0000000000
89933  -35.576  17.329  24.077 0.0000000000
89928  -35.436  17.534  24.734 0.0000000000
89895  -47.118  18.116  28.354 0.0000000000
124761  -47.388  17.751  27.766 0.0000000000
89900  -46.678  17.524  27.884 0.0000000000
89894  -45.850  17.285  28.013 0.0000000000
136902  -45.513  17.515  28.682 0.0000000000
89056  -49.274  16.492  18.228 0.0000000000
89068  -49.589  16.963  17.672 0.0000000000
143008  -48.900  16.785  17.672 0.0000000000
93790  -42.607  21.655  11.659 0.0000000000
149961  -42.954  20.974  11.236 0.0000000000
94643  -43.298  22.488  10.496 0.0000000000
95450  -43.143  23.300  10.868 0.0000000000
94554  -44.616  22.171  23.094 0.0000000000
93702  -45.746  21.706  22.473 0.0000000000
93703  -46.454  21.813  22.305 0.0000000000
100172  -51.414  29.800  8.927 0.0000000000
100171  -50.797  29.801  8.527 0.0000000000
141262  -50.649  30.209  8.010 0.0000000000
100197  -49.417  30.522  7.438 0.0000000000
100198  -50.135  30.552  7.651 0.0000000000
100909  -49.530  30.906  7.190 0.0000000000
100910  -49.989  30.860  7.506 0.0000000000
124523  -46.799  30.270  15.502 0.0000000000
100095  -46.381  30.125  16.350 0.0000000000
147944  -41.435  14.777  19.994 0.0000000000
87059  -41.543  15.208  19.482 0.0000000000
91915  -39.247  19.615  17.756 0.0000000000
91916  -39.900  19.644  17.072 0.0000000000
92837  -40.325  20.680  16.202 0.0000000000
92836  -39.760  21.100  16.827 0.0000000000
97062  -52.707  25.308  22.320 0.0000000000
96205  -52.422  24.597  22.078 0.0000000000
97063  -53.423  25.372  21.977 0.0000000000
99385  -57.328  28.473  16.304 0.0000000000
98690  -57.229  28.347  15.988 0.0000000000
145686  -56.840  29.106  14.691 0.0000000000
100134  -56.288  29.047  13.926 0.0000000000
132312  -56.253  29.338  14.355 0.0000000000
100117  -55.423  29.550  15.272 0.0000000000
100039  -51.901  29.549  19.375 0.0000000000
100038  -51.025  29.767  19.124 0.0000000000
100771  -51.392  30.126  19.899 0.0000000000
90093  -50.532  18.468  7.374 0.0000000000
90092  -49.724  17.766  7.418 0.0000000000
90100  -49.256  18.115  6.425 0.0000000000
91085  -49.886  19.137  5.685 0.0000000000
94442  -39.845  22.140  37.026 0.0000000000
93600  -39.336  21.734  34.717 0.0000000000
94460  -39.785  22.212  36.190 0.0000000000
96085  -44.520  25.141  37.153 0.0000000000
96094  -44.201  24.749  35.274 0.0000000000
96109  -44.098  24.614  34.267 0.0000000000
96140  -43.888  24.293  32.446 0.0000000000
96128  -44.778  25.091  33.768 0.0000000000
97882  -44.465  26.807  23.602 0.0000000000
97883  -44.882  26.508  22.971 0.0000000000
89964  -56.299  17.810  19.841 0.0000000000
89963  -55.595  17.351  19.485 0.0000000000
143841  -55.777  17.357  20.189 0.0000000000
87015  -49.811  14.296  22.587 0.0000000000
86079  -48.476  13.823  22.448 0.0000000000
86077  -46.839  13.547  22.334 0.0000000000
86065  -47.114  13.682  23.280 0.0000000000
142571  -41.339  15.381  26.040 0.0000000000
141123  -41.257  15.041  25.474 0.0000000000
124546  -39.905  15.380  25.965 0.0000000000
125108  -39.069  15.416  26.322 0.0000000000
87995  -39.904  15.513  26.914 0.0000000000
85949  -42.601  13.166  37.823 0.0000000000
87880  -42.753  15.626  35.469 0.0000000000
137899  -42.687  15.739  34.568 0.0000000000
87893  -42.992  15.981  33.654 0.0000000000
87892  -42.230  15.713  33.800 0.0000000000
87905  -42.376  15.849  32.498 0.0000000000
127363  -41.896  15.673  33.132 0.0000000000
89820  -37.746  17.633  34.447 0.0000000000
90812  -37.678  18.313  34.555 0.0000000000
90813  -37.999  17.962  35.147 0.0000000000
92881  -50.911  20.625  12.905 0.0000000000
90025  -44.168  17.965  14.965 0.0000000000
90026  -45.083  17.877  14.813 0.0000000000
130527  -47.754  19.789  9.872 0.0000000000
92001  -47.732  19.622  10.692 0.0000000000
92917  -49.268  20.454  9.805 0.0000000000
92931  -49.067  20.476  8.683 0.0000000000
94663  -47.072  22.662  6.091 0.0000000000
93836  -47.542  21.984  5.905 0.0000000000
94670  -47.812  22.808  5.056 0.0000000000
93687  -38.852  21.391  24.780 0.0000000000
92778  -38.925  21.014  23.977 0.0000000000
93693  -39.934  21.159  23.656 0.0000000000
95400  -43.818  23.914  18.482 0.0000000000
95399  -42.771  23.717  18.465 0.0000000000
96220  -43.926  24.337  17.689 0.0000000000
130795  -43.693  24.498  16.989 0.0000000000
96236  -44.219  24.787  16.487 0.0000000000
97923  -50.746  26.759  17.490 0.0000000000
97922  -49.905  26.521  17.369 0.0000000000
97937  -50.351  27.021  16.797 0.0000000000
98730  -46.061  28.199  11.787 0.0000000000
98721  -46.389  27.869  12.578 0.0000000000
98729  -45.219  27.949  11.469 0.0000000000
98737  -44.673  27.698  10.860 0.0000000000
98736  -44.366  27.299  10.174 0.0000000000
136828  -44.622  27.822  10.321 0.0000000000
98765  -45.527  27.906  4.330 0.0000000000
98012  -45.945  26.974  4.741 0.0000000000
98018  -45.899  26.716  4.027 0.0000000000
134351  -45.983  26.252  3.832 0.0000000000
97178  -45.781  25.674  3.874 0.0000000000
98017  -45.528  26.901  3.926 0.0000000000
100923  -43.651  30.622  6.258 0.0000000000
100209  -43.620  30.023  5.564 0.0000000000
100208  -43.124  29.959  6.645 0.0000000000
100857  -48.657  30.737  12.168 0.0000000000
100868  -43.011  30.684  10.947 0.0000000000
100883  -42.227  30.747  10.056 0.0000000000
128694  -41.565  30.583  10.615 0.0000000000
131638  -41.526  30.645  11.140 0.0000000000
127967  -41.895  29.425  14.852 0.0000000000
88072  -38.337  15.713  20.512 0.0000000000
88071  -37.572  15.903  21.129 0.0000000000
89949  -36.852  17.679  21.141 0.0000000000
89954  -37.336  17.373  20.498 0.0000000000
129638  -38.120  18.144  19.309 0.0000000000
90940  -37.641  18.726  20.056 0.0000000000
97895  -55.295  27.019  22.074 0.0000000000
98627  -55.759  27.587  22.407 0.0000000000
98641  -57.723  28.339  20.538 0.0000000000
98644  -57.761  27.978  19.915 0.0000000000
147284  -57.880  28.106  19.109 0.0000000000
99370  -57.737  28.244  17.917 0.0000000000
99364  -57.721  28.341  18.946 0.0000000000
99369  -57.092  28.618  18.509 0.0000000000
99363  -57.119  28.709  19.253 0.0000000000
100023  -56.251  29.897  21.189 0.0000000000
100031  -55.681  29.423  20.664 0.0000000000
100030  -54.457  29.463  20.688 0.0000000000
130190  -51.977  18.980  9.050 0.0000000000
91068  -51.791  19.725  7.243 0.0000000000
95218  -39.307  23.444  40.936 0.0000000000
95211  -40.843  23.017  41.599 0.0000000000
96035  -39.752  24.326  41.148 0.0000000000
88981  -48.154  16.097  25.858 0.0000000000
88018  -47.567  15.634  25.617 0.0000000000
88029  -46.686  14.688  24.824 0.0000000000
88016  -45.917  15.326  25.746 0.0000000000
87988  -43.777  16.054  27.240 0.0000000000
88000  -44.373  15.725  26.673 0.0000000000
87999  -43.360  15.662  26.686 0.0000000000
87998  -42.453  15.710  26.786 0.0000000000
87987  -43.019  16.046  27.371 0.0000000000
141133  -39.621  16.217  38.271 0.0000000000
88843  -39.123  16.853  36.508 0.0000000000
134327  -39.414  16.971  38.642 0.0000000000
89775  -39.323  17.563  38.976 0.0000000000
88806  -39.060  16.983  39.057 0.0000000000
89773  -37.101  17.687  38.421 0.0000000000
90774  -36.286  18.471  37.564 0.0000000000
91027  -44.036  18.632  12.903 0.0000000000
91986  -43.437  19.146  12.444 0.0000000000
92916  -44.231  20.237  9.974 0.0000000000
92009  -43.889  19.818  10.823 0.0000000000
92011  -45.711  19.468  10.375 0.0000000000
92022  -45.097  19.801  9.687 0.0000000000
92032  -46.357  19.952  8.674 0.0000000000
92941  -45.419  20.269  8.861 0.0000000000
94649  -44.318  22.553  9.073 0.0000000000
93824  -45.109  21.816  8.257 0.0000000000
94656  -44.832  22.554  8.391 0.0000000000
94657  -45.429  22.487  7.734 0.0000000000
95463  -45.181  23.188  7.925 0.0000000000
94547  -41.676  22.380  24.484 0.0000000000
129568  -41.859  21.532  23.427 0.0000000000
93695  -42.536  21.802  23.449 0.0000000000
94579  -45.058  21.988  20.847 0.0000000000
93721  -44.353  21.637  21.393 0.0000000000
94588  -44.644  22.600  20.068 0.0000000000
95389  -45.174  23.221  19.521 0.0000000000
125048  -52.222  28.391  12.715 0.0000000000
99408  -51.516  28.163  13.451 0.0000000000
129094  -51.512  28.400  12.438 0.0000000000
129675  -49.634  28.875  10.363 0.0000000000
127345  -49.369  28.600  11.322 0.0000000000
99450  -48.767  28.968  10.233 0.0000000000
99434  -47.750  28.676  11.063 0.0000000000
99449  -47.862  29.040  10.172 0.0000000000
100168  -46.641  29.333  9.332 0.0000000000
100169  -47.671  29.410  9.287 0.0000000000
100195  -47.034  30.148  7.217 0.0000000000
100204  -45.793  29.943  6.101 0.0000000000
100210  -46.029  30.877  5.589 0.0000000000
101599  -48.185  31.249  6.697 0.0000000000
100927  -46.660  31.187  6.143 0.0000000000
101605  -46.820  31.348  6.310 0.0000000000
101588  -46.660  31.552  7.224 0.0000000000
124947  -48.082  30.463  14.761 0.0000000000
125103  -47.850  30.558  13.757 0.0000000000
125811  -45.720  30.161  14.102 0.0000000000
142648  -46.212  30.359  13.775 0.0000000000
100840  -44.673  30.215  13.142 0.0000000000
125615  -44.050  29.554  14.798 0.0000000000
100111  -43.608  29.422  15.504 0.0000000000
100110  -42.750  29.391  15.137 0.0000000000
88102  -45.407  15.445  18.443 0.0000000000
88112  -45.770  15.902  17.869 0.0000000000
139838  -44.570  15.503  18.504 0.0000000000
89065  -43.618  16.550  17.551 0.0000000000
134310  -44.354  17.203  16.222 0.0000000000
89994  -43.494  17.389  16.365 0.0000000000
89047  -39.896  16.720  18.688 0.0000000000
89048  -40.736  16.567  18.524 0.0000000000
89970  -40.270  17.283  18.216 0.0000000000
90963  -41.427  18.526  16.378 0.0000000000
90956  -41.132  18.168  17.037 0.0000000000
90964  -42.183  18.197  16.066 0.0000000000
90995  -42.736  18.699  14.502 0.0000000000
91938  -41.968  19.113  14.891 0.0000000000
92878  -41.568  20.675  13.992 0.0000000000
93767  -41.578  21.521  13.674 0.0000000000
93768  -41.909  21.726  12.986 0.0000000000
94614  -41.474  22.315  14.129 0.0000000000
95367  -49.196  23.228  23.064 0.0000000000
94565  -49.493  22.704  22.332 0.0000000000
95375  -50.895  23.335  21.987 0.0000000000
97079  -52.584  25.171  20.117 0.0000000000
97078  -51.691  24.809  20.153 0.0000000000
97086  -51.701  25.671  19.292 0.0000000000
97914  -52.276  26.336  18.616 0.0000000000
97906  -55.399  26.749  20.598 0.0000000000
97905  -54.497  26.244  20.399 0.0000000000
97917  -55.043  26.762  18.924 0.0000000000
129415  -54.981  27.616  15.903 0.0000000000
98658  -55.160  27.312  17.262 0.0000000000
98672  -53.873  27.503  16.191 0.0000000000
98699  -53.350  28.020  14.180 0.0000000000
98700  -54.615  28.048  14.211 0.0000000000
100154  -55.209  29.453  12.139 0.0000000000
99424  -54.754  29.060  11.704 0.0000000000
100161  -54.041  29.567  11.186 0.0000000000
100160  -53.042  29.661  10.287 0.0000000000
100878  -53.491  29.944  10.783 0.0000000000
100877  -53.027  30.182  10.636 0.0000000000
149539  -53.407  30.156  10.992 0.0000000000
124534  -52.751  30.296  13.524 0.0000000000
100844  -52.229  30.486  12.755 0.0000000000
148248  -51.744  30.382  13.579 0.0000000000
100831  -51.818  30.132  14.255 0.0000000000
125260  -54.653  29.489  16.161 0.0000000000
100075  -51.557  29.389  17.447 0.0000000000
125704  -52.254  29.437  16.741 0.0000000000
100113  -51.152  29.710  15.723 0.0000000000
100820  -50.355  29.954  15.502 0.0000000000
100819  -49.612  30.211  15.274 0.0000000000
100807  -49.237  29.913  17.825 0.0000000000
100791  -48.718  30.371  18.441 0.0000000000
90099  -48.351  17.595  6.239 0.0000000000
91083  -47.513  18.096  5.843 0.0000000000
91828  -37.147  19.792  30.005 0.0000000000
92730  -36.999  19.957  29.166 0.0000000000
92731  -37.595  20.409  29.635 0.0000000000
93625  -39.591  21.361  31.184 0.0000000000
92732  -38.145  20.977  29.227 0.0000000000
93644  -38.876  21.283  29.737 0.0000000000
93674  -38.531  21.401  27.924 0.0000000000
93645  -39.603  21.717  29.366 0.0000000000
139312  -42.169  23.409  38.206 0.0000000000
95266  -41.174  23.106  36.669 0.0000000000
95267  -41.961  23.491  36.583 0.0000000000
135544  -42.534  23.340  32.877 0.0000000000
94488  -41.771  22.827  33.057 0.0000000000
94508  -41.479  22.644  30.879 0.0000000000
94513  -40.849  22.457  29.573 0.0000000000
125736  -40.889  22.632  28.759 0.0000000000
94537  -40.513  22.754  26.494 0.0000000000
134895  -41.414  23.065  28.508 0.0000000000
95324  -43.304  24.185  28.975 0.0000000000
95341  -42.305  24.043  27.432 0.0000000000
95350  -42.129  24.032  26.558 0.0000000000
95356  -42.558  23.330  24.653 0.0000000000
96182  -42.607  24.396  25.988 0.0000000000
98543  -45.704  27.463  31.780 0.0000000000
98493  -45.648  27.409  34.759 0.0000000000
97776  -46.256  27.125  32.822 0.0000000000
96965  -45.654  25.707  31.496 0.0000000000
96988  -45.751  25.965  29.640 0.0000000000
97048  -43.815  25.628  24.680 0.0000000000
97033  -44.353  25.750  26.669 0.0000000000
96190  -44.242  24.765  23.648 0.0000000000
96186  -43.668  24.733  24.197 0.0000000000
147240  -45.368  23.955  23.133 0.0000000000
96192  -47.080  23.895  22.962 0.0000000000
96196  -46.644  24.682  22.675 0.0000000000
97888  -47.764  25.917  21.992 0.0000000000
97057  -48.238  25.047  22.475 0.0000000000
97889  -48.730  25.756  22.181 0.0000000000
97059  -50.188  25.298  22.643 0.0000000000
97890  -49.967  26.218  22.308 0.0000000000
89989  -55.179  17.711  17.933 0.0000000000
89058  -53.907  16.738  18.773 0.0000000000
147736  -53.402  16.797  18.366 0.0000000000
124907  -52.986  16.468  18.736 0.0000000000
126641  -51.651  16.534  18.417 0.0000000000
89039  -51.358  16.205  18.998 0.0000000000
130406  -52.796  15.625  22.846 0.0000000000
88048  -53.339  15.871  23.270 0.0000000000
89021  -54.016  16.175  22.043 0.0000000000
89022  -54.576  16.465  21.614 0.0000000000
126835  -53.968  16.157  21.189 0.0000000000
88067  -52.494  15.638  21.268 0.0000000000
87032  -49.616  14.627  21.251 0.0000000000
88065  -50.832  15.330  20.857 0.0000000000
87051  -49.288  14.839  20.542 0.0000000000
88075  -49.710  15.382  20.037 0.0000000000
87066  -48.065  14.887  19.734 0.0000000000
87065  -47.201  14.678  19.619 0.0000000000
87049  -47.616  14.336  20.271 0.0000000000
87029  -45.007  13.712  21.303 0.0000000000
87046  -45.132  14.015  20.494 0.0000000000
136631  -44.366  14.053  20.869 0.0000000000
87044  -42.875  14.401  20.593 0.0000000000
87027  -42.663  14.165  21.393 0.0000000000
86978  -44.427  14.267  24.558 0.0000000000
86996  -44.758  13.864  23.898 0.0000000000
86995  -43.924  13.858  23.855 0.0000000000
86993  -41.046  13.979  23.575 0.0000000000
124872  -41.911  13.788  23.070 0.0000000000
149984  -41.016  13.862  22.830 0.0000000000
87012  -41.411  13.979  22.177 0.0000000000
146340  -40.505  14.120  22.218 0.0000000000
87010  -39.529  14.392  22.312 0.0000000000
149140  -39.411  14.398  23.126 0.0000000000
90846  -46.519  18.293  31.661 0.0000000000
86867  -45.589  14.573  38.782 0.0000000000
87824  -46.601  15.808  39.406 0.0000000000
88820  -46.947  16.492  39.290 0.0000000000
88819  -46.075  16.036  39.681 0.0000000000
86852  -42.503  14.064  39.651 0.0000000000
85933  -42.976  13.799  39.606 0.0000000000
87820  -43.239  14.621  39.428 0.0000000000
88858  -43.974  16.110  35.876 0.0000000000
87853  -44.223  15.906  37.896 0.0000000000
88845  -44.572  16.385  36.906 0.0000000000
88846  -45.451  16.883  37.660 0.0000000000
88860  -45.206  16.937  36.235 0.0000000000
89811  -45.671  17.502  35.517 0.0000000000
88874  -44.982  16.908  35.141 0.0000000000
88894  -44.055  16.567  32.658 0.0000000000
89829  -44.737  16.970  32.760 0.0000000000
89842  -44.589  16.905  31.829 0.0000000000
89857  -44.809  17.148  30.778 0.0000000000
88940  -43.997  16.824  29.356 0.0000000000
88923  -43.592  16.481  30.746 0.0000000000
87943  -41.399  15.623  30.871 0.0000000000
87961  -42.385  16.171  29.687 0.0000000000
87960  -41.526  15.768  29.893 0.0000000000
87976  -41.200  15.811  28.966 0.0000000000
87959  -40.650  15.521  29.680 0.0000000000
88905  -36.809  16.737  30.969 0.0000000000
88937  -36.732  16.263  29.633 0.0000000000
140357  -36.292  16.984  29.436 0.0000000000
89893  -36.080  17.194  28.626 0.0000000000
89888  -36.332  17.714  30.016 0.0000000000
145834  -36.461  18.527  29.891 0.0000000000
90855  -36.620  18.315  30.741 0.0000000000
91763  -37.787  19.581  34.623 0.0000000000
138901  -37.640  19.602  33.897 0.0000000000
128785  -39.391  18.053  38.863 0.0000000000
90777  -39.443  18.375  38.287 0.0000000000
139271  -39.439  18.663  39.133 0.0000000000
92626  -39.694  20.062  40.435 0.0000000000
92613  -39.807  20.501  40.930 0.0000000000
93525  -39.245  21.160  40.944 0.0000000000
93796  -55.201  21.777  11.675 0.0000000000
93782  -54.318  21.949  11.634 0.0000000000
93780  -52.478  21.705  11.479 0.0000000000
93794  -54.122  22.024  10.855 0.0000000000
93793  -53.077  21.927  10.654 0.0000000000
93806  -53.943  21.855  10.042 0.0000000000
93805  -53.145  21.772  9.730 0.0000000000
89078  -46.606  16.693  16.868 0.0000000000
89079  -47.540  17.059  16.728 0.0000000000
89996  -46.880  17.301  16.117 0.0000000000
90028  -46.850  18.224  14.402 0.0000000000
90029  -47.399  18.121  14.936 0.0000000000
91029  -45.929  18.747  12.394 0.0000000000
91013  -45.612  18.434  13.257 0.0000000000
136910  -48.214  19.636  11.451 0.0000000000
91988  -47.499  19.163  12.154 0.0000000000
137310  -48.915  19.813  11.887 0.0000000000
91990  -49.046  19.756  12.404 0.0000000000
92003  -49.616  20.225  11.983 0.0000000000
92897  -50.459  20.761  11.713 0.0000000000
92907  -50.009  20.677  11.072 0.0000000000
139402  -50.760  21.171  9.618 0.0000000000
92919  -50.753  21.115  10.403 0.0000000000
93816  -52.525  21.632  9.245 0.0000000000
93826  -52.082  21.500  8.589 0.0000000000
92947  -52.638  21.116  8.107 0.0000000000
93837  -51.843  21.282  7.757 0.0000000000
92959  -51.541  21.086  6.832 0.0000000000
92970  -50.937  20.835  6.132 0.0000000000
91077  -51.461  20.244  6.473 0.0000000000
92942  -46.686  20.343  7.845 0.0000000000
92943  -47.681  20.390  7.583 0.0000000000
92956  -48.171  20.888  6.359 0.0000000000
92968  -49.212  21.095  5.226 0.0000000000
92978  -49.409  20.842  5.195 0.0000000000
91092  -49.433  19.715  5.075 0.0000000000
92067  -48.962  20.923  4.806 0.0000000000
93859  -48.221  21.827  4.079 0.0000000000
92065  -48.379  20.633  4.413 0.0000000000
92982  -47.836  20.952  4.073 0.0000000000
92976  -47.413  20.730  4.420 0.0000000000
140070  -47.689  21.437  4.101 0.0000000000
91868  -36.190  19.786  25.257 0.0000000000
137525  -36.316  19.618  24.462 0.0000000000
91869  -36.894  20.044  23.955 0.0000000000
92793  -38.672  20.389  22.460 0.0000000000
91892  -38.020  19.937  21.930 0.0000000000
92810  -38.562  20.235  20.549 0.0000000000
92811  -39.098  20.904  20.058 0.0000000000
93709  -41.947  21.219  21.598 0.0000000000
92796  -41.260  20.866  21.888 0.0000000000
93718  -41.633  21.623  20.837 0.0000000000
94593  -40.977  23.029  18.730 0.0000000000
94584  -40.687  22.501  19.294 0.0000000000
131907  -40.252  22.563  18.381 0.0000000000
93727  -39.579  21.811  18.443 0.0000000000
94595  -40.332  22.612  17.354 0.0000000000
94597  -40.476  22.290  16.373 0.0000000000
136195  -41.068  23.208  16.899 0.0000000000
96241  -42.808  24.329  15.159 0.0000000000
134988  -42.209  23.710  14.866 0.0000000000
96252  -42.641  24.088  14.471 0.0000000000
95431  -42.257  23.560  14.100 0.0000000000
96259  -42.765  24.108  13.804 0.0000000000
95382  -49.149  23.044  20.850 0.0000000000
95381  -48.228  23.002  20.533 0.0000000000
96215  -48.645  24.190  19.540 0.0000000000
97092  -48.568  25.939  17.315 0.0000000000
96224  -47.719  24.781  18.429 0.0000000000
97082  -47.617  25.201  17.793 0.0000000000
96233  -46.907  24.803  17.928 0.0000000000
97091  -47.176  25.463  17.158 0.0000000000
98710  -49.524  27.915  13.653 0.0000000000
98696  -49.590  27.657  14.565 0.0000000000
126175  -48.859  27.578  14.372 0.0000000000
97967  -46.293  26.989  13.744 0.0000000000
97957  -47.504  26.933  14.832 0.0000000000
97945  -46.279  26.283  15.052 0.0000000000
97110  -46.302  25.877  15.832 0.0000000000
97109  -45.488  26.030  14.756 0.0000000000
97108  -44.937  25.538  15.249 0.0000000000
148490  -45.289  26.213  14.143 0.0000000000
97132  -44.117  26.170  12.425 0.0000000000
97125  -44.195  25.836  13.162 0.0000000000
97131  -43.683  25.483  12.559 0.0000000000
96273  -43.365  24.948  11.906 0.0000000000
131670  -43.529  25.154  11.039 0.0000000000
138369  -43.434  23.858  10.510 0.0000000000
136033  -44.329  26.084  8.913 0.0000000000
97149  -44.235  25.211  9.127 0.0000000000
96293  -44.932  24.798  8.049 0.0000000000
96300  -45.580  25.005  7.191 0.0000000000
99468  -44.685  28.262  8.040 0.0000000000
98747  -44.517  27.603  8.626 0.0000000000
135547  -45.962  26.202  5.680 0.0000000000
98002  -45.362  26.209  6.854 0.0000000000
97165  -46.423  25.468  5.581 0.0000000000
96301  -46.160  24.928  6.441 0.0000000000
96312  -47.013  24.717  4.348 0.0000000000
95485  -46.605  23.743  4.306 0.0000000000
94677  -45.352  22.545  5.156 0.0000000000
99494  -44.917  29.373  4.194 0.0000000000
99493  -44.818  28.547  4.056 0.0000000000
98771  -44.596  27.741  4.043 0.0000000000
98010  -43.558  26.760  5.260 0.0000000000
100890  -50.396  30.829  9.045 0.0000000000
139365  -49.651  30.783  10.337 0.0000000000
100888  -47.415  30.932  10.322 0.0000000000
100898  -48.317  31.230  9.384 0.0000000000
101568  -46.728  31.336  9.146 0.0000000000
128090  -46.113  31.487  8.515 0.0000000000
101567  -45.744  31.215  9.519 0.0000000000
100855  -46.378  30.578  12.043 0.0000000000
127380  -47.139  30.642  11.785 0.0000000000
101565  -43.535  31.015  9.574 0.0000000000
101575  -44.188  31.284  8.918 0.0000000000
101573  -43.044  30.998  8.892 0.0000000000
125943  -42.770  30.526  8.294 0.0000000000
100906  -42.742  30.755  8.824 0.0000000000
141680  -41.422  29.320  9.460 0.0000000000
98746  -41.411  27.725  8.646 0.0000000000
144063  -40.334  29.440  10.648 0.0000000000
99445  -40.373  28.588  10.261 0.0000000000
99444  -39.808  28.813  10.871 0.0000000000
145920  -41.908  30.400  12.451 0.0000000000
100835  -39.682  30.361  12.365 0.0000000000
100850  -39.649  30.354  12.058 0.0000000000
130323  -39.118  30.004  12.173 0.0000000000
147150  -46.015  30.993  18.310 0.0000000000
144419  -45.504  30.940  18.269 0.0000000000
100802  -44.337  30.199  17.625 0.0000000000
100070  -42.979  29.808  17.275 0.0000000000
88055  -36.688  15.793  23.068 0.0000000000
89013  -36.939  16.169  21.689 0.0000000000
89002  -36.059  16.608  23.043 0.0000000000
89944  -36.151  17.298  22.445 0.0000000000
90929  -36.481  17.971  21.878 0.0000000000
98615  -56.203  28.164  22.863 0.0000000000
100026  -57.649  29.090  21.570 0.0000000000
100024  -57.182  29.720  21.162 0.0000000000
100751  -56.752  30.440  21.596 0.0000000000
92034  -52.414  20.202  7.717 0.0000000000
96844  -37.938  25.210  39.909 0.0000000000
96834  -39.377  25.618  40.950 0.0000000000
89910  -47.895  16.965  26.734 0.0000000000
88968  -46.809  16.433  26.643 0.0000000000
88002  -46.284  15.780  26.197 0.0000000000
88967  -45.888  16.261  26.805 0.0000000000
88958  -45.451  16.656  27.483 0.0000000000
88957  -44.508  16.407  27.546 0.0000000000
88804  -38.097  17.012  39.153 0.0000000000
88817  -37.745  16.624  38.802 0.0000000000
89070  -51.073  16.904  17.869 0.0000000000
89984  -50.733  17.509  17.213 0.0000000000
89983  -49.866  17.562  17.063 0.0000000000
89998  -49.151  17.894  16.401 0.0000000000
92896  -42.979  19.845  12.121 0.0000000000
92915  -43.482  20.774  10.572 0.0000000000
92928  -43.840  21.032  9.856 0.0000000000
92929  -44.304  20.878  9.458 0.0000000000
93802  -43.543  21.687  10.123 0.0000000000
94648  -43.739  22.494  9.741 0.0000000000
95456  -44.046  23.289  9.420 0.0000000000
94552  -43.188  22.162  23.479 0.0000000000
124647  -43.161  21.570  22.877 0.0000000000
93701  -44.553  21.719  22.631 0.0000000000
94568  -45.635  21.790  21.346 0.0000000000
130368  -45.981  22.140  20.864 0.0000000000
99438  -52.438  28.876  10.646 0.0000000000
99452  -51.488  29.277  9.697 0.0000000000
99451  -50.705  29.291  9.490 0.0000000000
134001  -49.847  29.362  9.284 0.0000000000
100184  -48.673  29.861  8.185 0.0000000000
100206  -47.939  30.890  6.583 0.0000000000
100917  -47.288  31.193  6.405 0.0000000000
100918  -48.317  31.208  6.742 0.0000000000
100919  -48.742  31.132  6.821 0.0000000000
101590  -49.065  31.219  7.149 0.0000000000
100817  -47.541  30.367  15.403 0.0000000000
100827  -47.257  30.439  14.642 0.0000000000
100130  -45.385  29.835  14.840 0.0000000000
100129  -44.627  29.682  14.593 0.0000000000
130357  -45.263  29.724  15.693 0.0000000000
100093  -44.808  29.626  16.259 0.0000000000
88086  -43.420  15.138  19.193 0.0000000000
88101  -43.758  15.590  18.614 0.0000000000
88100  -42.915  15.705  18.750 0.0000000000
89050  -42.441  16.290  18.297 0.0000000000
90949  -39.719  18.001  17.972 0.0000000000
89978  -40.612  17.851  17.588 0.0000000000
90955  -39.967  18.719  17.469 0.0000000000
90962  -40.640  18.903  16.790 0.0000000000
91923  -41.085  19.301  16.096 0.0000000000
91937  -41.323  19.737  15.333 0.0000000000
91936  -40.827  20.012  15.927 0.0000000000
92850  -40.819  20.617  15.521 0.0000000000
93745  -40.866  21.459  15.163 0.0000000000
96200  -50.851  24.066  22.663 0.0000000000
95369  -51.245  23.732  22.227 0.0000000000
96204  -51.885  24.044  21.893 0.0000000000
97073  -52.947  24.787  20.915 0.0000000000
97080  -53.388  25.316  20.489 0.0000000000
98647  -57.085  27.540  17.993 0.0000000000
98646  -55.904  27.215  17.900 0.0000000000
98674  -57.102  27.914  16.500 0.0000000000
126172  -56.771  28.171  15.642 0.0000000000
98701  -55.823  28.219  14.343 0.0000000000
99399  -55.603  28.648  13.317 0.0000000000
99400  -56.297  28.754  14.005 0.0000000000
100147  -55.823  29.230  13.111 0.0000000000
100846  -54.744  30.063  12.246 0.0000000000
100845  -53.430  30.368  12.430 0.0000000000
100145  -54.839  30.013  13.331 0.0000000000
100832  -53.627  30.138  13.767 0.0000000000
125646  -53.852  29.843  14.430 0.0000000000
100058  -53.725  28.842  18.881 0.0000000000
100057  -52.626  29.093  18.634 0.0000000000
147309  -51.124  29.413  17.904 0.0000000000
137067  -50.706  29.526  17.426 0.0000000000
100055  -50.749  29.576  18.323 0.0000000000
100793  -50.234  29.950  18.891 0.0000000000
130104  -48.737  17.220  7.053 0.0000000000
93606  -38.826  21.119  33.404 0.0000000000
92709  -38.289  20.584  31.011 0.0000000000
138050  -39.285  21.341  32.862 0.0000000000
93616  -39.443  21.339  32.087 0.0000000000
141399  -40.328  22.085  33.411 0.0000000000
96071  -43.357  24.228  37.906 0.0000000000
95268  -42.835  23.943  36.413 0.0000000000
95279  -43.075  23.988  35.386 0.0000000000
149575  -42.843  23.584  33.600 0.0000000000
141424  -43.130  23.700  32.443 0.0000000000
95320  -42.624  23.558  29.887 0.0000000000
95313  -43.307  23.845  31.783 0.0000000000
149345  -44.001  24.425  31.002 0.0000000000
96157  -43.995  24.624  29.492 0.0000000000
97802  -46.348  27.192  29.886 0.0000000000
128156  -45.605  26.139  28.652 0.0000000000
97018  -45.502  26.665  27.868 0.0000000000
97046  -44.451  26.707  25.056 0.0000000000
97052  -44.548  25.750  23.468 0.0000000000
96195  -45.811  24.927  22.803 0.0000000000
97053  -45.259  25.646  22.861 0.0000000000
97887  -46.694  26.360  21.962 0.0000000000
89974  -55.387  17.507  18.647 0.0000000000
89962  -54.801  16.973  19.104 0.0000000000
89041  -53.468  16.355  19.466 0.0000000000
87002  -51.354  14.915  23.251 0.0000000000
87017  -51.255  14.954  22.464 0.0000000000
133963  -51.862  15.341  21.871 0.0000000000
87016  -50.518  14.682  22.165 0.0000000000
136984  -49.908  14.506  21.864 0.0000000000
129237  -48.810  14.342  21.135 0.0000000000
86096  -47.126  13.852  20.836 0.0000000000
86088  -47.415  13.678  21.613 0.0000000000
86086  -45.623  13.583  21.753 0.0000000000
130099  -45.006  13.576  21.987 0.0000000000
141432  -42.379  14.806  25.370 0.0000000000
86976  -42.569  14.396  24.700 0.0000000000
86967  -41.654  14.640  24.970 0.0000000000
86975  -40.966  14.359  24.348 0.0000000000
86974  -40.149  14.553  24.471 0.0000000000
140490  -39.698  14.409  23.802 0.0000000000
88010  -39.102  15.181  25.460 0.0000000000
87851  -42.676  15.251  37.661 0.0000000000
87836  -43.464  15.360  38.337 0.0000000000
147147  -43.104  15.515  37.034 0.0000000000
87867  -43.243  15.693  36.079 0.0000000000
88873  -44.196  16.428  34.884 0.0000000000
88872  -43.545  16.110  34.265 0.0000000000
88884  -43.723  16.332  33.458 0.0000000000
88908  -43.638  16.410  31.729 0.0000000000
88907  -42.928  16.128  31.139 0.0000000000
143627  -42.860  16.049  31.939 0.0000000000
87925  -42.099  15.779  31.591 0.0000000000
87924  -41.102  15.514  31.721 0.0000000000
88906  -37.256  16.313  31.558 0.0000000000
89856  -37.122  16.912  32.420 0.0000000000
89840  -36.833  17.871  32.218 0.0000000000
90833  -37.138  18.475  32.911 0.0000000000
90822  -37.382  18.212  33.814 0.0000000000
90802  -37.887  18.801  35.080 0.0000000000
149520  -38.162  18.918  35.632 0.0000000000
93769  -53.454  21.683  12.371 0.0000000000
92898  -51.746  21.337  11.826 0.0000000000
148204  -45.392  17.348  15.801 0.0000000000
90014  -45.618  17.573  15.400 0.0000000000
90027  -46.049  17.957  14.716 0.0000000000
90999  -46.226  18.316  13.879 0.0000000000
92000  -46.262  19.264  11.111 0.0000000000
91043  -46.598  19.050  11.840 0.0000000000
92906  -49.397  20.420  10.605 0.0000000000
92945  -50.023  20.877  7.927 0.0000000000
92944  -49.391  20.719  7.384 0.0000000000
92967  -48.007  21.492  5.841 0.0000000000
93844  -48.603  21.979  4.886 0.0000000000
92984  -48.647  21.292  4.558 0.0000000000
93852  -48.346  22.127  4.325 0.0000000000
94684  -47.963  22.421  4.210 0.0000000000
93682  -37.512  20.850  25.326 0.0000000000
92777  -37.520  20.579  24.362 0.0000000000
139836  -38.123  20.763  23.941 0.0000000000
92785  -38.413  20.585  23.277 0.0000000000
92794  -39.601  20.557  22.256 0.0000000000
94586  -42.708  22.774  19.783 0.0000000000
95386  -42.413  23.282  19.121 0.0000000000
95398  -41.756  23.426  18.476 0.0000000000
95407  -42.262  23.824  17.727 0.0000000000
134971  -41.871  23.742  16.986 0.0000000000
146514  -42.508  24.042  17.095 0.0000000000
96234  -42.810  24.340  15.935 0.0000000000
96242  -43.585  24.821  15.230 0.0000000000
129880  -50.026  25.556  18.769 0.0000000000
96226  -49.114  24.660  19.299 0.0000000000
97093  -49.362  25.894  17.928 0.0000000000
97921  -49.192  26.340  17.173 0.0000000000
97935  -48.644  26.478  16.567 0.0000000000
98723  -48.154  28.023  13.045 0.0000000000
98709  -48.364  27.707  13.781 0.0000000000
98708  -47.515  27.627  13.482 0.0000000000
130579  -46.731  27.513  13.269 0.0000000000
98707  -45.880  27.274  13.106 0.0000000000
97966  -45.446  26.632  13.564 0.0000000000
97973  -45.209  26.926  12.888 0.0000000000
97972  -44.651  26.823  12.351 0.0000000000
97980  -44.103  26.524  11.660 0.0000000000
97979  -43.807  26.060  10.797 0.0000000000
145259  -44.076  26.594  10.264 0.0000000000
97991  -44.221  26.699  9.552 0.0000000000
97171  -46.396  26.033  4.497 0.0000000000
97180  -46.610  25.377  4.156 0.0000000000
95484  -45.976  24.370  4.259 0.0000000000
95479  -45.523  23.516  4.691 0.0000000000
96317  -45.498  24.961  4.202 0.0000000000
100213  -44.305  30.068  4.694 0.0000000000
136048  -44.159  28.487  4.388 0.0000000000
99486  -43.810  29.276  4.933 0.0000000000
99485  -43.464  28.367  5.331 0.0000000000
100859  -50.485  30.689  11.555 0.0000000000
134505  -49.537  30.741  11.331 0.0000000000
100873  -48.641  30.763  11.063 0.0000000000
130808  -44.928  30.558  11.677 0.0000000000
100885  -43.753  30.792  10.382 0.0000000000
100897  -42.449  30.705  9.489 0.0000000000
100166  -40.636  30.136  10.785 0.0000000000
100837  -41.287  30.255  12.933 0.0000000000
100140  -39.572  30.192  13.205 0.0000000000
100125  -40.049  29.696  14.220 0.0000000000
131482  -39.981  14.996  20.227 0.0000000000
127822  -40.759  15.501  19.392 0.0000000000
130661  -39.238  15.381  20.204 0.0000000000
88083  -39.265  15.869  19.661 0.0000000000
89961  -39.088  16.907  18.933 0.0000000000
89027  -37.674  16.500  20.466 0.0000000000
89955  -37.786  17.063  19.985 0.0000000000
89968  -38.708  17.731  18.820 0.0000000000
137800  -39.063  18.113  18.369 0.0000000000
90947  -38.494  18.684  18.762 0.0000000000
91909  -38.675  19.562  18.463 0.0000000000
97900  -54.151  25.884  21.742 0.0000000000
130656  -54.613  26.498  22.143 0.0000000000
97901  -55.104  26.666  21.471 0.0000000000
147122  -56.225  27.191  20.430 0.0000000000
98635  -57.228  27.811  21.120 0.0000000000
97907  -56.952  27.521  20.301 0.0000000000
98642  -57.267  27.581  18.868 0.0000000000
98648  -57.901  27.973  18.088 0.0000000000
99379  -57.569  28.360  17.054 0.0000000000
100080  -57.284  28.827  16.351 0.0000000000
100099  -55.841  29.424  16.036 0.0000000000
144731  -56.417  29.165  16.686 0.0000000000
100078  -55.818  28.950  17.505 0.0000000000
99367  -54.758  28.838  18.122 0.0000000000
99357  -56.483  29.020  19.953 0.0000000000
99361  -54.894  28.747  19.109 0.0000000000
100041  -54.008  29.023  19.866 0.0000000000
100029  -53.318  29.635  20.505 0.0000000000
100757  -52.843  30.363  20.899 0.0000000000
94416  -41.333  21.605  40.242 0.0000000000
94417  -41.932  22.206  40.661 0.0000000000
95229  -42.566  22.905  40.263 0.0000000000
144918  -43.054  23.445  40.533 0.0000000000
130992  -41.013  24.947  41.614 0.0000000000
148157  -42.201  24.411  41.609 0.0000000000
96045  -43.624  24.208  40.253 0.0000000000
86983  -49.201  14.484  24.351 0.0000000000
86999  -47.759  14.039  23.961 0.0000000000
86998  -46.243  13.790  23.671 0.0000000000
86980  -46.069  14.254  24.362 0.0000000000
86979  -45.268  14.279  24.501 0.0000000000
86969  -44.093  14.656  25.299 0.0000000000
88001  -45.384  15.601  26.297 0.0000000000
88015  -44.663  15.127  25.868 0.0000000000
86968  -43.160  14.724  25.363 0.0000000000
88013  -42.707  15.267  26.012 0.0000000000
147521  -41.984  15.458  26.267 0.0000000000
129439  -40.767  15.660  27.101 0.0000000000
148540  -41.673  12.964  38.778 0.0000000000
85932  -41.886  13.677  39.402 0.0000000000
86851  -41.386  13.936  39.470 0.0000000000
86850  -40.545  14.032  39.291 0.0000000000
87834  -41.691  14.583  38.889 0.0000000000
144746  -41.946  15.100  37.757 0.0000000000
89798  -39.010  17.515  36.817 0.0000000000
89810  -38.566  17.540  35.899 0.0000000000
89785  -39.447  17.636  38.403 0.0000000000
137097  -37.863  17.996  39.350 0.0000000000
89774  -37.619  17.438  38.940 0.0000000000
89765  -38.267  17.534  39.342 0.0000000000
91011  -43.842  18.470  13.692 0.0000000000
91028  -44.942  18.612  12.639 0.0000000000
91041  -45.141  18.924  11.854 0.0000000000
91997  -43.660  19.497  11.651 0.0000000000
91998  -44.463  19.277  11.316 0.0000000000
91999  -45.365  19.210  11.131 0.0000000000
92024  -46.997  19.734  9.265 0.0000000000
92025  -47.904  20.068  8.789 0.0000000000
92940  -44.710  21.104  8.801 0.0000000000
139144  -45.469  21.055  8.198 0.0000000000
92955  -46.208  21.031  7.572 0.0000000000
94662  -46.157  22.493  6.997 0.0000000000
93685  -40.107  22.004  25.070 0.0000000000
93694  -40.987  21.251  23.385 0.0000000000
93699  -41.938  21.048  22.317 0.0000000000
93719  -42.575  21.598  21.090 0.0000000000
93711  -43.847  21.413  21.850 0.0000000000
93720  -43.512  21.606  21.281 0.0000000000
94577  -43.128  22.138  20.521 0.0000000000
94587  -43.690  22.669  19.923 0.0000000000
96221  -44.595  24.333  18.040 0.0000000000
142079  -51.338  27.662  15.424 0.0000000000
98684  -50.515  27.577  15.457 0.0000000000
98712  -51.207  27.837  14.581 0.0000000000
98711  -50.453  27.925  13.990 0.0000000000
99406  -49.889  28.237  12.744 0.0000000000
99421  -50.729  28.475  11.912 0.0000000000
99420  -49.647  28.434  12.008 0.0000000000
99419  -48.578  28.357  12.183 0.0000000000
99418  -47.885  28.443  11.844 0.0000000000
99433  -46.792  28.585  11.135 0.0000000000
99432  -45.783  28.491  10.880 0.0000000000
99447  -45.013  28.317  10.344 0.0000000000
99461  -45.820  28.946  9.869 0.0000000000
99469  -45.073  29.045  8.341 0.0000000000
100183  -47.348  29.744  8.305 0.0000000000
99475  -45.188  29.055  7.194 0.0000000000
99480  -45.425  28.995  5.909 0.0000000000
127925  -45.488  28.814  4.828 0.0000000000
99487  -45.277  29.191  4.472 0.0000000000
99495  -45.060  29.674  4.313 0.0000000000
100935  -45.110  30.286  4.585 0.0000000000
150278  -45.974  31.113  5.617 0.0000000000
100934  -45.095  30.748  4.894 0.0000000000
143107  -44.611  30.598  4.921 0.0000000000
100925  -44.528  31.063  5.743 0.0000000000
101596  -44.853  31.484  7.027 0.0000000000
100842  -48.684  30.655  13.116 0.0000000000
150398  -47.280  30.566  13.174 0.0000000000
127162  -46.490  30.486  13.030 0.0000000000
149993  -45.854  30.472  12.584 0.0000000000
128018  -45.172  30.428  12.496 0.0000000000
100854  -44.317  30.446  12.251 0.0000000000
100853  -43.340  30.493  11.935 0.0000000000
133566  -42.216  30.592  11.613 0.0000000000
100143  -43.118  29.930  13.605 0.0000000000
100127  -42.499  29.624  14.228 0.0000000000
88104  -47.165  15.614  18.509 0.0000000000
89054  -47.553  16.075  18.092 0.0000000000
89053  -46.703  16.080  17.799 0.0000000000
125938  -46.005  16.311  17.314 0.0000000000
89077  -45.640  16.670  16.725 0.0000000000
145386  -44.099  16.060  18.060 0.0000000000
89052  -44.433  16.414  17.444 0.0000000000
89076  -44.788  16.718  16.779 0.0000000000
89037  -41.166  15.903  18.918 0.0000000000
89049  -41.587  16.419  18.402 0.0000000000
89063  -41.963  16.858  17.814 0.0000000000
89979  -41.513  17.507  17.403 0.0000000000
89980  -42.335  17.299  17.230 0.0000000000
89993  -42.654  17.605  16.540 0.0000000000
90011  -42.989  17.912  15.837 0.0000000000
90981  -43.294  18.180  15.122 0.0000000000
91967  -42.666  19.109  13.703 0.0000000000
92863  -42.116  19.918  13.565 0.0000000000
91952  -41.700  19.878  14.451 0.0000000000
139684  -42.416  20.307  12.666 0.0000000000
139200  -42.258  21.197  12.432 0.0000000000
93779  -42.259  22.094  12.362 0.0000000000
94631  -42.425  22.936  12.418 0.0000000000
94563  -47.685  22.317  22.718 0.0000000000
93704  -47.209  22.067  22.381 0.0000000000
94571  -48.697  22.431  21.876 0.0000000000
94572  -49.419  22.732  21.576 0.0000000000
96209  -50.359  23.825  20.640 0.0000000000
96210  -51.233  23.842  21.016 0.0000000000
96217  -51.015  24.360  20.346 0.0000000000
139026  -50.294  24.473  19.980 0.0000000000
97085  -50.819  25.807  18.794 0.0000000000
97913  -51.328  26.433  18.256 0.0000000000
98655  -52.122  27.254  16.924 0.0000000000
97910  -53.876  25.958  20.105 0.0000000000
97916  -53.954  26.431  19.163 0.0000000000
97927  -54.590  26.930  18.187 0.0000000000
97926  -53.690  26.713  18.342 0.0000000000
98656  -53.084  27.237  17.094 0.0000000000
98671  -52.863  27.467  16.302 0.0000000000
98670  -51.997  27.548  15.983 0.0000000000
98685  -52.252  27.822  14.904 0.0000000000
99409  -53.234  28.461  12.466 0.0000000000
99410  -55.045  28.798  12.433 0.0000000000
132698  -54.274  28.710  12.082 0.0000000000
99422  -52.582  28.587  11.690 0.0000000000
99454  -52.873  29.441  10.306 0.0000000000
100173  -52.414  29.865  9.791 0.0000000000
100187  -51.583  30.067  9.019 0.0000000000
100901  -50.895  30.463  8.448 0.0000000000
100892  -51.985  30.134  9.514 0.0000000000
100875  -51.566  30.445  10.292 0.0000000000
131911  -51.347  30.593  11.409 0.0000000000
100860  -51.725  30.581  12.023 0.0000000000
143825  -50.918  30.650  12.211 0.0000000000
126268  -50.244  30.675  12.772 0.0000000000
125150  -50.244  30.503  13.725 0.0000000000
100116  -53.971  29.631  15.497 0.0000000000
100115  -52.832  29.687  15.220 0.0000000000
100098  -52.860  29.552  16.061 0.0000000000
100114  -51.895  29.807  15.042 0.0000000000
100821  -51.058  30.029  14.853 0.0000000000
100829  -49.534  30.444  14.353 0.0000000000
100818  -48.861  30.380  15.018 0.0000000000
124904  -48.960  30.173  15.962 0.0000000000
100074  -49.845  29.721  17.146 0.0000000000
126243  -48.285  30.159  16.652 0.0000000000
100805  -47.632  30.273  17.353 0.0000000000
150185  -35.633  18.420  27.036 0.0000000000
90903  -35.463  18.508  25.821 0.0000000000
91846  -36.333  19.573  27.843 0.0000000000
91855  -36.189  19.680  26.976 0.0000000000
92764  -36.654  20.311  26.588 0.0000000000
92717  -38.242  20.778  30.131 0.0000000000
137896  -37.356  20.658  27.885 0.0000000000
92758  -37.256  20.731  27.035 0.0000000000
150216  -37.726  21.090  26.643 0.0000000000
93679  -38.399  21.455  26.551 0.0000000000
129196  -39.009  21.768  26.064 0.0000000000
95256  -40.940  22.877  37.404 0.0000000000
94477  -40.554  22.526  34.863 0.0000000000
94491  -40.619  22.126  32.581 0.0000000000
95295  -41.944  23.213  34.447 0.0000000000
94492  -41.281  22.497  32.453 0.0000000000
93635  -40.266  21.808  30.802 0.0000000000
93646  -40.235  21.998  29.921 0.0000000000
94531  -39.783  22.271  27.642 0.0000000000
131375  -39.794  22.216  26.049 0.0000000000
94541  -40.620  22.552  25.597 0.0000000000
94542  -41.304  22.775  25.208 0.0000000000
95340  -41.729  23.494  27.873 0.0000000000
95349  -41.602  23.563  26.302 0.0000000000
94543  -41.920  23.006  24.889 0.0000000000
94549  -43.179  22.861  24.017 0.0000000000
95362  -44.555  22.982  23.434 0.0000000000
96939  -45.548  25.733  33.360 0.0000000000
96155  -44.744  24.920  31.002 0.0000000000
96162  -43.987  24.774  28.726 0.0000000000
97016  -44.483  25.544  27.556 0.0000000000
96180  -43.558  25.071  27.183 0.0000000000
145988  -42.995  24.737  25.521 0.0000000000
95358  -43.933  23.919  23.758 0.0000000000
94556  -46.368  22.550  23.098 0.0000000000
95364  -46.678  23.249  23.159 0.0000000000
96193  -47.933  23.761  23.065 0.0000000000
96199  -49.428  23.862  23.077 0.0000000000
96198  -48.575  24.252  22.943 0.0000000000
149178  -49.859  24.247  22.973 0.0000000000
97060  -51.041  24.853  22.699 0.0000000000
148383  -51.369  25.366  22.613 0.0000000000
147707  -52.208  25.579  22.510 0.0000000000
98633  -50.429  27.691  22.102 0.0000000000
127884  -53.802  17.146  18.015 0.0000000000
89972  -52.941  16.932  17.941 0.0000000000
89071  -52.022  16.916  17.832 0.0000000000
126496  -50.205  16.625  18.269 0.0000000000
88106  -48.877  15.965  18.716 0.0000000000
89030  -53.967  16.316  20.272 0.0000000000
89029  -53.112  16.088  20.057 0.0000000000
88066  -51.654  15.488  21.023 0.0000000000
88077  -51.364  15.658  20.235 0.0000000000
88095  -51.806  15.962  19.581 0.0000000000
88094  -50.978  15.864  19.554 0.0000000000
88092  -49.326  15.640  19.360 0.0000000000
88090  -47.624  15.245  19.119 0.0000000000
88089  -46.743  15.079  19.029 0.0000000000
87063  -45.325  14.483  19.645 0.0000000000
87047  -45.938  14.091  20.247 0.0000000000
147355  -44.592  14.702  19.441 0.0000000000
87061  -43.114  14.712  19.836 0.0000000000
87060  -42.133  14.685  20.057 0.0000000000
87043  -41.361  14.545  20.604 0.0000000000
86064  -45.707  13.628  23.271 0.0000000000
86062  -44.350  13.642  23.211 0.0000000000
139814  -44.043  13.623  22.556 0.0000000000
86994  -42.886  13.848  23.759 0.0000000000
86073  -42.815  13.713  22.851 0.0000000000
86074  -43.326  13.789  22.155 0.0000000000
87026  -41.803  14.234  21.435 0.0000000000
136328  -40.919  14.322  21.440 0.0000000000
87042  -40.421  14.632  20.724 0.0000000000
87024  -39.146  14.695  21.457 0.0000000000
87023  -38.741  14.691  22.051 0.0000000000
88057  -38.086  14.906  22.331 0.0000000000
138967  -37.430  15.296  22.725 0.0000000000
88043  -36.689  15.596  23.977 0.0000000000
89909  -35.521  17.228  26.505 0.0000000000
90871  -46.161  18.165  29.414 0.0000000000
88835  -47.816  16.724  38.593 0.0000000000
89788  -47.765  17.756  38.560 0.0000000000
89801  -46.818  18.070  37.620 0.0000000000
85942  -43.162  13.424  38.761 0.0000000000
85934  -43.767  14.024  39.723 0.0000000000
87804  -44.668  15.344  39.957 0.0000000000
87837  -44.381  15.692  39.108 0.0000000000
87822  -45.219  15.944  39.614 0.0000000000
88833  -45.835  16.603  39.075 0.0000000000
89786  -46.328  17.337  38.366 0.0000000000
89812  -46.404  18.037  36.233 0.0000000000
131580  -46.224  18.005  35.131 0.0000000000
131592  -45.979  17.845  34.163 0.0000000000
89831  -45.996  17.815  33.092 0.0000000000
88886  -44.725  16.863  34.239 0.0000000000
89830  -45.233  17.276  33.505 0.0000000000
89844  -46.095  17.866  32.266 0.0000000000
89859  -45.826  17.745  31.574 0.0000000000
90856  -45.790  17.947  30.140 0.0000000000
89890  -45.437  17.641  29.436 0.0000000000
89889  -44.780  17.231  28.957 0.0000000000
88949  -44.209  16.771  28.416 0.0000000000
88948  -43.382  16.550  28.661 0.0000000000
88922  -42.995  16.296  30.265 0.0000000000
88947  -42.553  16.330  28.881 0.0000000000
88955  -42.745  16.305  28.095 0.0000000000
87977  -41.859  16.086  28.366 0.0000000000
87985  -41.255  15.809  27.736 0.0000000000
87984  -40.375  15.592  27.716 0.0000000000
126270  -41.120  15.517  33.090 0.0000000000
87903  -40.847  15.464  32.418 0.0000000000
125478  -40.545  15.403  31.101 0.0000000000
146399  -39.821  15.274  31.225 0.0000000000
125167  -39.999  15.294  30.392 0.0000000000
124980  -39.871  15.370  29.455 0.0000000000
125123  -39.882  15.467  28.520 0.0000000000
143164  -39.599  15.488  27.732 0.0000000000
88953  -35.741  16.910  27.262 0.0000000000
89899  -35.576  17.717  27.150 0.0000000000
90870  -36.272  18.568  29.088 0.0000000000
91811  -36.814  19.104  30.348 0.0000000000
91812  -37.277  19.600  30.814 0.0000000000
91788  -37.364  19.274  32.589 0.0000000000
92699  -37.741  19.909  33.151 0.0000000000
144977  -38.125  20.377  32.598 0.0000000000
93584  -38.738  21.232  35.216 0.0000000000
93556  -39.751  21.557  37.622 0.0000000000
90789  -38.721  18.212  36.559 0.0000000000
137958  -39.042  18.891  37.219 0.0000000000
92641  -39.633  19.994  38.505 0.0000000000
135150  -39.786  20.838  38.242 0.0000000000
140918  -40.705  21.046  39.752 0.0000000000
93527  -40.849  21.169  41.060 0.0000000000
94406  -39.900  21.814  41.293 0.0000000000
95228  -38.545  23.483  40.449 0.0000000000
94414  -37.555  22.600  39.866 0.0000000000
95227  -37.858  23.481  39.936 0.0000000000
96043  -37.561  24.366  39.614 0.0000000000
92921  -54.832  21.508  10.730 0.0000000000
92920  -54.412  21.429  10.138 0.0000000000
92934  -53.856  21.318  9.555 0.0000000000
93818  -53.383  21.301  9.039 0.0000000000
89067  -48.271  16.902  17.277 0.0000000000
89080  -48.325  17.437  16.582 0.0000000000
125951  -48.336  17.957  15.878 0.0000000000
135741  -47.144  17.698  15.487 0.0000000000
90016  -47.749  17.944  15.481 0.0000000000
90017  -48.974  18.404  15.610 0.0000000000
91970  -48.688  19.446  12.939 0.0000000000
91971  -49.498  19.868  12.947 0.0000000000
92909  -51.199  21.185  11.424 0.0000000000
93803  -51.403  21.395  10.640 0.0000000000
93804  -52.297  21.715  10.137 0.0000000000
93817  -53.095  21.526  9.095 0.0000000000
92027  -53.438  20.747  8.970 0.0000000000
92035  -52.822  20.687  8.233 0.0000000000
92041  -52.414  20.834  7.612 0.0000000000
92040  -52.060  20.623  7.019 0.0000000000
91086  -50.782  19.712  5.982 0.0000000000
92957  -49.649  20.941  6.186 0.0000000000
92060  -50.240  20.663  5.599 0.0000000000
92048  -50.277  20.144  5.391 0.0000000000
91091  -48.654  19.375  4.967 0.0000000000
92066  -48.664  20.841  4.564 0.0000000000
92057  -48.101  19.669  4.732 0.0000000000
91089  -47.442  18.937  5.434 0.0000000000
90910  -35.828  18.899  24.231 0.0000000000
90914  -35.933  18.532  23.470 0.0000000000
90924  -36.701  18.978  22.189 0.0000000000
91883  -37.009  19.682  23.034 0.0000000000
136349  -37.387  19.632  22.272 0.0000000000
91898  -37.519  19.114  20.714 0.0000000000
91904  -37.984  19.551  20.084 0.0000000000
92823  -38.528  20.194  18.901 0.0000000000
92824  -38.855  20.379  18.272 0.0000000000
92786  -40.279  20.800  22.827 0.0000000000
92795  -40.488  20.663  22.082 0.0000000000
92812  -39.845  20.971  20.805 0.0000000000
94575  -41.172  22.131  20.089 0.0000000000
93725  -40.267  21.914  19.786 0.0000000000
93716  -39.815  21.420  20.152 0.0000000000
93724  -39.505  21.532  19.329 0.0000000000
146336  -39.255  21.359  18.762 0.0000000000
93730  -39.508  21.491  17.594 0.0000000000
93731  -39.884  21.910  16.983 0.0000000000
94604  -40.765  22.122  15.622 0.0000000000
94605  -41.177  22.417  14.994 0.0000000000
95410  -41.665  23.554  16.188 0.0000000000
95414  -41.631  23.292  15.334 0.0000000000
94615  -41.875  22.904  13.719 0.0000000000
138907  -42.408  23.439  13.231 0.0000000000
95437  -42.689  23.634  12.489 0.0000000000
94581  -47.846  22.390  21.299 0.0000000000
95380  -47.308  22.757  20.495 0.0000000000
95391  -46.879  23.215  19.856 0.0000000000
96225  -48.476  24.758  18.867 0.0000000000
95404  -47.341  23.718  19.447 0.0000000000
95403  -46.562  23.734  19.195 0.0000000000
96223  -46.278  24.284  18.490 0.0000000000
96232  -45.992  24.720  17.753 0.0000000000
96231  -45.193  24.661  17.509 0.0000000000
98683  -49.681  27.451  15.391 0.0000000000
97948  -49.141  27.044  15.982 0.0000000000
97947  -48.338  26.799  15.781 0.0000000000
98695  -48.154  27.323  14.605 0.0000000000
97946  -47.533  26.572  15.555 0.0000000000
97100  -47.128  26.021  16.257 0.0000000000
97099  -46.382  25.492  16.611 0.0000000000
96237  -44.964  24.938  16.721 0.0000000000
97097  -44.650  25.154  15.975 0.0000000000
96243  -44.254  25.185  15.406 0.0000000000
147781  -43.634  24.977  14.613 0.0000000000
97118  -44.777  26.085  13.705 0.0000000000
97117  -44.228  25.558  13.891 0.0000000000
96260  -43.248  24.673  13.569 0.0000000000
95438  -43.011  24.199  12.168 0.0000000000
95444  -42.787  23.350  11.720 0.0000000000
97142  -43.732  25.299  10.142 0.0000000000
145512  -45.556  23.678  7.456 0.0000000000
95468  -46.148  23.786  6.774 0.0000000000
99446  -44.624  27.987  9.790 0.0000000000
97996  -44.420  26.874  8.726 0.0000000000
98001  -44.753  26.301  7.923 0.0000000000
141323  -44.967  26.911  7.139 0.0000000000
97158  -45.181  25.525  7.506 0.0000000000
96306  -46.501  24.397  6.241 0.0000000000
95475  -46.828  23.916  5.976 0.0000000000
133098  -47.348  23.545  5.258 0.0000000000
94679  -47.483  23.043  4.510 0.0000000000
138703  -46.918  24.384  4.184 0.0000000000
94683  -47.282  22.907  4.368 0.0000000000
93851  -46.852  21.387  4.430 0.0000000000
98772  -45.159  27.691  3.903 0.0000000000
98016  -45.028  27.044  3.850 0.0000000000
97169  -44.011  26.128  4.840 0.0000000000
100900  -50.398  30.954  7.977 0.0000000000
101578  -48.864  31.452  7.991 0.0000000000
100889  -49.149  30.982  9.817 0.0000000000
101569  -47.738  31.428  8.593 0.0000000000
101587  -45.531  31.520  7.911 0.0000000000
101595  -44.292  31.344  6.944 0.0000000000
100856  -47.850  30.704  11.961 0.0000000000
100871  -46.698  30.672  11.025 0.0000000000
100870  -45.706  30.623  11.217 0.0000000000
100886  -45.558  30.836  10.322 0.0000000000
101576  -45.113  31.350  8.886 0.0000000000
101586  -44.200  31.357  7.956 0.0000000000
100915  -43.182  30.552  7.390 0.0000000000
100203  -42.718  29.948  7.667 0.0000000000
99467  -42.245  29.180  8.090 0.0000000000
100905  -42.396  30.459  9.007 0.0000000000
99473  -41.916  28.222  8.141 0.0000000000
136883  -41.304  26.758  8.317 0.0000000000
97986  -39.950  26.949  9.817 0.0000000000
100866  -40.922  30.538  11.289 0.0000000000
100159  -40.303  30.358  11.467 0.0000000000
100851  -40.246  30.511  11.875 0.0000000000
100151  -38.585  29.814  12.679 0.0000000000
101511  -52.535  31.319  21.082 0.0000000000
100769  -49.829  30.584  19.314 0.0000000000
100768  -49.061  30.761  19.120 0.0000000000
100790  -47.890  30.500  18.232 0.0000000000
100789  -47.037  30.565  18.017 0.0000000000
100810  -45.865  30.137  17.111 0.0000000000
100072  -45.043  29.846  17.029 0.0000000000
100787  -44.710  30.827  18.223 0.0000000000
139590  -44.256  29.663  16.832 0.0000000000
100092  -43.454  29.503  16.531 0.0000000000
85038  -40.696  12.887  38.779 0.0000000000
85040  -41.831  12.892  38.077 0.0000000000
85922  -44.412  14.524  39.844 0.0000000000
85941  -42.189  13.215  39.026 0.0000000000
86063  -45.088  13.632  23.248 0.0000000000
86075  -44.704  13.573  22.559 0.0000000000
86078  -47.716  13.643  22.443 0.0000000000
86087  -46.461  13.613  21.481 0.0000000000
86095  -46.404  13.835  20.723 0.0000000000
86853  -43.638  14.337  39.737 0.0000000000
86966  -40.763  14.781  25.022 0.0000000000
86970  -44.954  14.650  25.200 0.0000000000
86971  -45.853  14.791  25.119 0.0000000000
86973  -39.155  14.748  24.524 0.0000000000
86982  -48.297  14.505  24.492 0.0000000000
86992  -40.403  14.231  23.884 0.0000000000
87028  -43.551  14.109  21.202 0.0000000000
87030  -47.984  14.011  20.960 0.0000000000
87031  -49.157  14.150  21.982 0.0000000000
87034  -51.076  15.135  21.621 0.0000000000
87041  -39.583  14.800  20.787 0.0000000000
87045  -43.731  14.389  20.352 0.0000000000
87048  -46.769  14.191  20.188 0.0000000000
87052  -50.060  15.115  20.704 0.0000000000
87062  -43.932  14.700  19.629 0.0000000000
87805  -44.923  14.981  40.145 0.0000000000
87823  -45.282  15.451  39.933 0.0000000000
87891  -41.421  15.548  33.799 0.0000000000
87997  -41.522  15.687  26.832 0.0000000000
88011  -40.651  15.223  25.674 0.0000000000
88017  -46.651  15.318  25.521 0.0000000000
88019  -48.417  15.589  25.472 0.0000000000
88030  -47.950  15.049  25.080 0.0000000000
88044  -37.390  15.210  23.586 0.0000000000
88056  -36.940  15.776  22.310 0.0000000000
88059  -53.371  15.858  22.469 0.0000000000
88068  -53.283  15.838  21.623 0.0000000000
88074  -48.905  15.132  19.880 0.0000000000
88078  -52.329  15.807  20.329 0.0000000000
88082  -38.758  15.924  19.913 0.0000000000
88084  -39.976  15.526  19.634 0.0000000000
88088  -45.845  14.956  18.975 0.0000000000
88093  -50.159  15.794  19.481 0.0000000000
88107  -49.739  16.137  18.852 0.0000000000
88805  -38.593  17.105  39.217 0.0000000000
88821  -47.471  16.770  38.963 0.0000000000
88924  -44.156  16.816  30.287 0.0000000000
88946  -35.780  17.448  27.884 0.0000000000
88960  -47.225  17.127  27.210 0.0000000000
88964  -35.652  16.732  25.865 0.0000000000
88994  -35.648  16.776  24.541 0.0000000000
88995  -36.108  16.106  24.324 0.0000000000
89012  -36.485  16.421  22.337 0.0000000000
89014  -54.042  16.219  22.877 0.0000000000
89020  -37.087  16.754  21.057 0.0000000000
89034  -38.854  16.403  19.478 0.0000000000
89035  -39.569  16.235  19.220 0.0000000000
89042  -54.240  16.586  19.510 0.0000000000
89055  -48.345  16.365  18.025 0.0000000000
89066  -45.249  16.334  17.361 0.0000000000
89776  -47.333  17.126  38.989 0.0000000000
89777  -47.855  17.233  38.647 0.0000000000
89787  -47.108  17.640  38.693 0.0000000000
89828  -37.544  17.377  33.803 0.0000000000
89855  -36.784  17.154  31.603 0.0000000000
89858  -45.505  17.628  30.831 0.0000000000
89874  -45.255  17.514  30.189 0.0000000000
89920  -35.386  17.631  25.645 0.0000000000
89960  -38.307  17.207  19.426 0.0000000000
89981  -43.152  17.099  17.065 0.0000000000
89995  -45.166  17.100  16.181 0.0000000000
90015  -46.404  17.591  15.460 0.0000000000
90761  -39.181  18.146  39.269 0.0000000000
90843  -36.857  18.515  31.556 0.0000000000
90844  -37.049  18.706  32.198 0.0000000000
90876  -35.925  18.011  28.476 0.0000000000
90884  -35.719  18.243  27.711 0.0000000000
90885  -36.040  18.812  28.216 0.0000000000
90909  -35.495  18.465  24.975 0.0000000000
90913  -35.576  18.068  24.103 0.0000000000
90923  -36.162  18.238  22.681 0.0000000000
90935  -37.261  18.334  20.654 0.0000000000
90941  -37.961  18.874  19.466 0.0000000000
90996  -43.596  18.353  14.418 0.0000000000
91010  -43.201  18.648  13.903 0.0000000000
91030  -46.784  18.825  12.467 0.0000000000
91747  -38.121  19.516  35.522 0.0000000000
91800  -37.276  19.317  31.673 0.0000000000
91827  -36.661  19.253  29.541 0.0000000000
91845  -35.865  18.979  27.388 0.0000000000
91854  -35.673  19.000  26.482 0.0000000000
91862  -36.088  19.790  26.100 0.0000000000
91882  -36.368  18.999  22.979 0.0000000000
91891  -37.344  19.291  21.494 0.0000000000
91989  -48.395  19.484  12.287 0.0000000000
92612  -39.154  20.217  40.688 0.0000000000
92634  -40.316  20.399  40.208 0.0000000000
92693  -38.285  20.577  33.275 0.0000000000
92708  -37.721  20.067  31.350 0.0000000000
92716  -37.687  20.240  30.497 0.0000000000
92748  -36.826  20.132  28.315 0.0000000000
92757  -36.711  20.241  27.453 0.0000000000
92765  -37.254  20.792  26.222 0.0000000000
92770  -38.190  21.077  24.627 0.0000000000
92776  -36.826  20.254  24.834 0.0000000000
92784  -37.616  20.354  23.533 0.0000000000
92802  -38.819  20.316  21.543 0.0000000000
92803  -39.776  20.633  21.523 0.0000000000
92804  -40.571  20.896  21.393 0.0000000000
92817  -38.506  20.262  19.628 0.0000000000
92830  -39.925  20.364  16.770 0.0000000000
92948  -53.104  21.093  8.560 0.0000000000
92983  -48.443  21.311  4.359 0.0000000000
93526  -40.225  21.005  41.193 0.0000000000
93528  -41.362  21.564  40.915 0.0000000000
93539  -40.836  21.011  40.615 0.0000000000
93551  -40.099  20.503  39.255 0.0000000000
93557  -40.260  21.378  38.632 0.0000000000
93567  -38.846  21.081  36.226 0.0000000000
93568  -39.396  21.608  36.690 0.0000000000
93585  -39.266  21.717  35.710 0.0000000000
93607  -39.516  21.619  33.660 0.0000000000
93615  -38.738  20.884  32.507 0.0000000000
93617  -39.931  21.690  32.723 0.0000000000
93633  -38.928  21.058  30.651 0.0000000000
93634  -39.602  21.504  30.278 0.0000000000
93662  -38.845  21.476  28.711 0.0000000000
93663  -39.666  21.985  28.487 0.0000000000
93664  -40.265  22.196  29.064 0.0000000000
93673  -37.984  21.147  27.388 0.0000000000
93678  -37.820  21.188  26.042 0.0000000000
93680  -39.252  21.937  26.912 0.0000000000
93684  -39.282  21.717  25.337 0.0000000000
93689  -41.355  21.820  24.046 0.0000000000
93690  -42.004  21.975  23.918 0.0000000000
93696  -43.876  21.927  22.977 0.0000000000
93700  -43.827  21.505  22.412 0.0000000000
93708  -41.229  21.184  21.286 0.0000000000
93713  -45.739  21.614  21.928 0.0000000000
93722  -45.074  21.622  21.637 0.0000000000
93733  -40.121  21.503  16.362 0.0000000000
93814  -44.577  21.933  8.752 0.0000000000
93827  -52.329  21.231  8.003 0.0000000000
94398  -40.439  22.418  41.459 0.0000000000
94399  -41.331  22.311  41.482 0.0000000000
94400  -42.037  22.722  41.441 0.0000000000
94405  -38.972  22.455  40.817 0.0000000000
94407  -40.737  21.631  41.343 0.0000000000
94408  -41.765  22.183  41.140 0.0000000000
94431  -40.902  21.985  39.127 0.0000000000
94432  -41.773  22.427  39.685 0.0000000000
94448  -40.411  22.642  36.712 0.0000000000
94461  -40.383  22.603  35.719 0.0000000000
94462  -41.039  22.868  35.376 0.0000000000
94476  -39.854  22.202  35.233 0.0000000000
94486  -40.788  22.476  34.032 0.0000000000
94487  -41.510  22.821  33.843 0.0000000000
94493  -41.970  22.869  32.248 0.0000000000
94499  -40.875  22.242  31.944 0.0000000000
94500  -41.419  22.557  31.692 0.0000000000
94501  -42.076  22.987  31.416 0.0000000000
94514  -41.447  22.906  29.200 0.0000000000
94520  -40.335  22.470  28.231 0.0000000000
94521  -41.005  22.945  27.956 0.0000000000
94536  -39.957  22.447  26.896 0.0000000000
94538  -41.063  23.141  26.013 0.0000000000
94555  -45.446  22.381  23.128 0.0000000000
94557  -47.333  22.727  23.064 0.0000000000
94560  -45.283  21.877  22.811 0.0000000000
94561  -46.048  22.007  22.865 0.0000000000
94564  -48.568  22.503  22.600 0.0000000000
94570  -47.106  22.019  21.791 0.0000000000
94580  -46.441  22.681  20.354 0.0000000000
94623  -41.729  22.230  13.489 0.0000000000
94638  -42.845  22.511  11.207 0.0000000000
95212  -41.573  23.234  41.650 0.0000000000
95219  -40.092  23.309  41.369 0.0000000000
95220  -42.513  22.898  41.005 0.0000000000
95221  -43.182  23.756  40.997 0.0000000000
95226  -37.151  23.422  39.468 0.0000000000
95230  -43.151  23.597  39.763 0.0000000000
95243  -42.337  23.187  39.186 0.0000000000
95257  -41.651  23.299  37.430 0.0000000000
95258  -42.614  23.801  37.449 0.0000000000
95277  -41.475  23.190  35.920 0.0000000000
95278  -41.699  23.196  35.168 0.0000000000
95280  -43.482  24.189  34.645 0.0000000000
95297  -43.413  24.010  33.905 0.0000000000
95309  -42.209  23.238  33.702 0.0000000000
95312  -42.620  23.355  31.994 0.0000000000
95315  -42.766  23.513  31.202 0.0000000000
95316  -43.468  24.048  31.063 0.0000000000
95319  -42.023  23.286  29.597 0.0000000000
95321  -43.248  23.987  29.722 0.0000000000
95328  -41.968  23.398  28.783 0.0000000000
95329  -42.616  23.924  28.346 0.0000000000
95352  -41.588  23.254  25.578 0.0000000000
95354  -42.718  24.127  25.147 0.0000000000
95361  -43.706  23.191  23.788 0.0000000000
95365  -48.052  23.131  23.115 0.0000000000
95366  -48.665  22.941  23.044 0.0000000000
95368  -49.802  23.165  22.846 0.0000000000
95374  -50.247  22.961  21.953 0.0000000000
95376  -51.362  23.691  21.689 0.0000000000
95384  -50.730  23.417  21.444 0.0000000000
95388  -44.237  23.303  19.366 0.0000000000
95390  -46.057  23.207  19.692 0.0000000000
95393  -48.865  23.597  20.197 0.0000000000
95394  -49.574  23.556  20.562 0.0000000000
95402  -45.717  23.756  18.983 0.0000000000
95406  -41.545  23.538  17.621 0.0000000000
95411  -42.318  24.026  16.421 0.0000000000
95486  -47.044  23.822  4.318 0.0000000000
96025  -40.723  24.026  41.562 0.0000000000
96026  -41.637  24.223  41.681 0.0000000000
96027  -42.792  24.713  41.386 0.0000000000
96044  -38.236  24.376  40.116 0.0000000000
96055  -43.703  24.307  39.279 0.0000000000
96084  -43.492  24.403  37.160 0.0000000000
96086  -44.793  25.281  36.253 0.0000000000
96093  -43.798  24.564  36.269 0.0000000000
96110  -44.917  25.264  34.607 0.0000000000
96127  -44.016  24.453  33.399 0.0000000000
96141  -44.784  25.025  32.889 0.0000000000
96147  -44.009  24.404  31.540 0.0000000000
96154  -43.870  24.416  30.396 0.0000000000
96158  -44.834  25.165  30.043 0.0000000000
96161  -43.340  24.418  28.371 0.0000000000
96171  -43.821  24.925  28.008 0.0000000000
96179  -42.746  24.554  26.857 0.0000000000
96183  -43.346  25.122  26.177 0.0000000000
96185  -43.257  24.716  24.881 0.0000000000
96191  -46.042  24.057  22.958 0.0000000000
96194  -48.670  23.529  23.126 0.0000000000
96212  -52.438  24.417  21.439 0.0000000000
96214  -47.878  24.246  19.148 0.0000000000
96218  -51.655  24.257  20.725 0.0000000000
96222  -45.419  24.317  18.286 0.0000000000
96229  -42.981  24.322  16.697 0.0000000000
96235  -43.506  24.611  16.116 0.0000000000
96254  -44.144  25.312  14.700 0.0000000000
96279  -43.566  24.538  10.422 0.0000000000
96286  -43.892  24.647  9.685 0.0000000000
96833  -38.564  25.415  40.394 0.0000000000
96940  -45.944  26.462  33.923 0.0000000000
96954  -45.719  25.825  32.394 0.0000000000
96955  -46.136  26.580  33.054 0.0000000000
96966  -46.263  26.598  31.245 0.0000000000
96977  -45.740  25.811  30.603 0.0000000000
96978  -46.297  26.648  30.220 0.0000000000
96989  -46.153  26.729  29.325 0.0000000000
97001  -44.686  25.412  28.333 0.0000000000
97002  -45.877  26.832  28.628 0.0000000000
97034  -45.025  26.626  26.426 0.0000000000
97045  -44.262  26.033  25.668 0.0000000000
97055  -46.158  25.538  22.472 0.0000000000
97066  -53.040  24.901  21.558 0.0000000000
97067  -53.655  25.357  21.470 0.0000000000
97072  -52.256  24.491  20.776 0.0000000000
97076  -49.801  24.902  19.412 0.0000000000
97084  -49.179  25.219  18.732 0.0000000000
97089  -45.742  25.074  17.006 0.0000000000
97116  -43.677  25.089  14.091 0.0000000000
97124  -43.694  25.268  13.342 0.0000000000
97179  -46.332  25.587  3.949 0.0000000000
97762  -46.206  27.120  33.669 0.0000000000
97792  -46.376  27.124  30.703 0.0000000000
97832  -45.356  26.847  27.038 0.0000000000
97879  -44.345  27.123  24.510 0.0000000000
97886  -45.626  26.377  22.492 0.0000000000
97891  -50.819  25.885  22.517 0.0000000000
97892  -51.667  25.949  22.558 0.0000000000
97909  -53.226  25.830  19.745 0.0000000000
97911  -55.293  26.760  19.745 0.0000000000
97915  -53.089  26.325  18.888 0.0000000000
97925  -53.013  26.779  18.030 0.0000000000
97934  -47.900  26.384  16.199 0.0000000000
97956  -46.790  26.818  14.413 0.0000000000
97958  -48.041  27.024  15.205 0.0000000000
98492  -45.263  27.559  35.480 0.0000000000
98508  -45.383  27.685  34.534 0.0000000000
98509  -45.919  27.440  34.121 0.0000000000
98544  -46.148  27.337  30.998 0.0000000000
98553  -46.189  27.326  30.388 0.0000000000
98621  -50.384  26.759  22.255 0.0000000000
98628  -56.672  27.877  22.131 0.0000000000
98634  -56.048  27.377  21.691 0.0000000000
98643  -57.399  27.683  19.552 0.0000000000
98649  -57.892  28.046  18.382 0.0000000000
98654  -51.224  27.214  16.828 0.0000000000
98659  -56.926  27.623  17.260 0.0000000000
98660  -57.668  27.971  17.203 0.0000000000
98661  -57.757  28.098  17.604 0.0000000000
98669  -49.980  27.263  16.125 0.0000000000
98673  -55.872  27.656  16.282 0.0000000000
98676  -57.574  28.183  16.971 0.0000000000
98688  -55.924  27.935  15.273 0.0000000000
98694  -47.526  27.296  14.171 0.0000000000
98719  -44.631  27.264  11.628 0.0000000000
98722  -47.443  28.081  12.678 0.0000000000
99347  -57.436  28.697  22.055 0.0000000000
99354  -57.606  28.495  21.288 0.0000000000
99359  -57.659  28.463  19.878 0.0000000000
99368  -55.960  28.762  18.347 0.0000000000
99390  -56.942  28.854  14.800 0.0000000000
99391  -57.201  28.632  15.561 0.0000000000
99398  -54.386  28.314  13.329 0.0000000000
99412  -55.917  29.039  13.186 0.0000000000
99425  -55.256  29.179  12.174 0.0000000000
99426  -55.589  29.209  12.630 0.0000000000
99437  -51.540  28.778  10.648 0.0000000000
99439  -53.571  29.375  10.750 0.0000000000
99440  -54.295  29.259  11.283 0.0000000000
99441  -54.795  29.330  11.673 0.0000000000
99459  -44.640  28.214  8.960 0.0000000000
100034  -57.687  28.827  20.774 0.0000000000
100100  -56.913  29.229  15.857 0.0000000000
100119  -57.243  28.957  15.440 0.0000000000
100146  -55.488  29.542  12.728 0.0000000000
100174  -53.390  29.685  10.619 0.0000000000
100199  -50.558  30.530  7.962 0.0000000000
100219  -44.945  29.920  4.301 0.0000000000
100861  -52.879  30.404  11.562 0.0000000000
100862  -53.938  30.074  11.424 0.0000000000
100907  -43.113  30.895  8.123 0.0000000000
100926  -45.447  30.728  5.137 0.0000000000
100933  -44.876  30.272  4.515 0.0000000000
101541  -46.515  31.023  18.412 0.0000000000
101574  -43.465  31.145  8.822 0.0000000000
101589  -48.170  31.404  7.179 0.0000000000
101591  -49.358  31.025  7.073 0.0000000000
101598  -47.563  31.348  6.610 0.0000000000
101603  -45.228  31.426  6.133 0.0000000000
124490  -40.490  21.663  24.229 0.0000000000
124522  -42.396  21.321  22.842 0.0000000000
124566  -46.843  22.246  21.036 0.0000000000
125522  -47.878  22.200  22.132 0.0000000000
126473  -47.920  30.663  12.795 0.0000000000
126777  -44.138  16.472  34.043 0.0000000000
126806  -40.752  15.668  28.375 0.0000000000
126912  -56.388  27.253  19.784 0.0000000000
126983  -49.507  25.692  22.381 0.0000000000
127168  -50.527  23.388  22.482 0.0000000000
127233  -36.565  16.842  30.255 0.0000000000
127282  -52.663  21.380  8.575 0.0000000000
127320  -49.202  22.824  22.861 0.0000000000
127486  -53.168  28.973  10.770 0.0000000000
127504  -48.992  30.958  6.850 0.0000000000
127667  -45.152  21.584  22.282 0.0000000000
128581  -54.562  27.422  16.671 0.0000000000
128706  -51.335  29.531  16.613 0.0000000000
128904  -52.486  30.110  10.072 0.0000000000
129130  -52.450  26.226  22.553 0.0000000000
129679  -40.259  25.214  41.366 0.0000000000
130499  -41.472  22.769  30.028 0.0000000000
130632  -45.408  25.696  34.078 0.0000000000
131003  -37.552  18.956  34.247 0.0000000000
131408  -43.587  16.585  30.013 0.0000000000
131574  -46.242  26.703  32.169 0.0000000000
132025  -41.056  22.451  33.224 0.0000000000
132311  -38.443  18.947  36.185 0.0000000000
132539  -51.917  29.762  9.354 0.0000000000
132581  -52.133  16.279  18.932 0.0000000000
133115  -42.542  15.882  33.163 0.0000000000
133463  -44.724  26.414  4.153 0.0000000000
133492  -45.226  17.354  31.472 0.0000000000
133797  -54.079  28.474  12.714 0.0000000000
134255  -40.861  22.205  31.248 0.0000000000
134885  -41.734  23.738  27.048 0.0000000000
135324  -45.522  31.150  5.403 0.0000000000
135359  -44.523  29.308  4.317 0.0000000000
135676  -51.590  24.320  22.391 0.0000000000
135773  -36.808  18.166  38.183 0.0000000000
136080  -45.212  25.973  27.903 0.0000000000
136385  -37.728  19.924  32.204 0.0000000000
136657  -47.438  23.334  23.141 0.0000000000
136973  -46.119  13.543  22.216 0.0000000000
137596  -43.685  24.395  38.488 0.0000000000
138028  -47.927  25.584  17.417 0.0000000000
138139  -42.320  23.518  35.013 0.0000000000
138653  -46.688  24.446  4.155 0.0000000000
139064  -39.148  21.141  18.248 0.0000000000
140411  -42.216  23.536  35.738 0.0000000000
140424  -44.033  25.430  23.990 0.0000000000
140511  -47.563  23.263  20.019 0.0000000000
141009  -43.031  23.742  30.453 0.0000000000
141042  -36.676  17.850  31.410 0.0000000000
141091  -36.223  16.111  23.631 0.0000000000
141103  -38.658  21.546  27.330 0.0000000000
141221  -46.244  13.553  22.908 0.0000000000
141459  -46.880  14.121  24.157 0.0000000000
141461  -44.990  14.971  18.960 0.0000000000
141660  -47.305  31.221  9.592 0.0000000000
141994  -50.291  24.488  22.850 0.0000000000
142354  -52.911  24.962  21.988 0.0000000000
143588  -44.732  23.925  23.351 0.0000000000
144027  -39.710  22.679  41.229 0.0000000000
144101  -41.708  21.152  22.917 0.0000000000
144152  -45.704  25.824  15.401 0.0000000000
144330  -46.709  24.891  5.647 0.0000000000
144860  -44.957  31.491  7.595 0.0000000000
144962  -41.902  30.639  10.051 0.0000000000
145034  -36.088  16.670  27.973 0.0000000000
145584  -52.066  15.282  22.839 0.0000000000
146345  -40.870  22.911  36.063 0.0000000000
146461  -51.507  26.936  17.462 0.0000000000
146463  -37.829  18.426  19.674 0.0000000000
146562  -48.978  20.987  5.925 0.0000000000
146763  -47.307  28.788  10.684 0.0000000000
147060  -57.060  28.504  15.352 0.0000000000
147378  -44.330  14.867  39.964 0.0000000000
147435  -36.294  18.146  29.556 0.0000000000
147448  -50.067  22.997  22.431 0.0000000000
147524  -46.997  26.563  15.072 0.0000000000
147875  -46.065  26.269  31.814 0.0000000000
148161  -43.617  13.740  39.416 0.0000000000
148543  -37.236  18.841  21.053 0.0000000000
148620  -53.818  27.333  16.875 0.0000000000
148821  -48.024  17.963  5.738 0.0000000000
148956  -41.275  15.842  28.348 0.0000000000
149035  -35.843  19.220  24.890 0.0000000000
149229  -45.806  17.870  29.006 0.0000000000
149296  -47.254  15.047  25.147 0.0000000000
149516  -50.974  16.477  18.508 0.0000000000
149665  -52.480  28.280  13.236 0.0000000000
149912  -45.803  17.664  34.799 0.0000000000
150153  -53.934  25.598  20.688 0.0000000000
150198  -43.174  24.530  15.601 0.0000000000
150624  -47.381  16.718  26.704 0.0000000000
