#!ascii label  , from subject sub-LJ002 vox2ras=TkReg
1595
55160  -45.974  -18.303  46.009 0.0000000000
39757  -40.882  -32.163  49.340 0.0000000000
60451  -54.231  -12.180  32.179 0.0000000000
54198  -42.892  -18.624  34.439 0.0000000000
59300  -50.461  -13.637  40.623 0.0000000000
47985  -43.824  -23.813  51.830 0.0000000000
40932  -37.622  -31.229  39.450 0.0000000000
47142  -41.375  -26.120  38.954 0.0000000000
37686  -34.901  -34.847  44.964 0.0000000000
66878  -61.023  -6.744  33.779 0.0000000000
37747  -35.440  -34.710  40.285 0.0000000000
52006  -46.493  -20.171  39.951 0.0000000000
55265  -47.650  -17.572  37.500 0.0000000000
56311  -50.071  -17.328  42.722 0.0000000000
51859  -46.657  -20.193  50.059 0.0000000000
49833  -40.627  -22.215  45.385 0.0000000000
128786  -44.539  -22.426  42.313 0.0000000000
50995  -40.635  -21.768  36.997 0.0000000000
67911  -63.505  -5.924  30.481 0.0000000000
39800  -38.533  -32.470  45.327 0.0000000000
32769  -39.295  -40.122  43.703 0.0000000000
35743  -42.110  -36.804  42.177 0.0000000000
127961  -52.834  -12.596  36.083 0.0000000000
43745  -41.895  -28.069  51.083 0.0000000000
40919  -41.699  -32.055  43.252 0.0000000000
44870  -39.792  -27.654  45.684 0.0000000000
44915  -38.748  -27.094  39.916 0.0000000000
34632  -33.778  -37.754  48.968 0.0000000000
61367  -54.912  -11.392  42.449 0.0000000000
148610  -57.370  -12.346  37.920 0.0000000000
65751  -58.842  -6.653  37.251 0.0000000000
62586  -59.614  -10.991  33.659 0.0000000000
64766  -61.908  -9.095  30.126 0.0000000000
32730  -34.651  -39.870  45.533 0.0000000000
36778  -38.321  -35.567  37.324 0.0000000000
132593  -48.253  -20.928  42.663 0.0000000000
148266  -49.285  -19.586  41.181 0.0000000000
56297  -46.711  -16.394  43.407 0.0000000000
54076  -47.272  -19.313  47.992 0.0000000000
50864  -46.466  -21.931  46.075 0.0000000000
50900  -47.843  -22.058  44.656 0.0000000000
50935  -46.310  -21.810  41.635 0.0000000000
60492  -54.098  -11.751  29.586 0.0000000000
135742  -55.846  -11.332  30.263 0.0000000000
39777  -39.172  -32.309  47.225 0.0000000000
37705  -41.050  -35.085  44.820 0.0000000000
37689  -43.244  -34.750  45.503 0.0000000000
55301  -43.772  -17.553  33.647 0.0000000000
57341  -48.468  -15.922  38.470 0.0000000000
58313  -47.649  -15.084  36.261 0.0000000000
59341  -49.206  -13.669  37.388 0.0000000000
59369  -50.131  -12.950  35.516 0.0000000000
60382  -51.311  -12.741  38.169 0.0000000000
45836  -42.512  -25.963  51.525 0.0000000000
141019  -41.224  -28.029  47.912 0.0000000000
46973  -41.441  -25.614  49.099 0.0000000000
147750  -40.471  -23.072  41.367 0.0000000000
136263  -38.278  -24.704  41.928 0.0000000000
46043  -41.219  -26.984  39.397 0.0000000000
52069  -41.634  -20.025  35.733 0.0000000000
146625  -56.392  -11.791  40.186 0.0000000000
62532  -59.895  -10.997  36.104 0.0000000000
62589  -61.655  -10.265  33.691 0.0000000000
63684  -60.051  -9.644  31.729 0.0000000000
140122  -62.996  -9.944  32.596 0.0000000000
64767  -64.721  -8.853  29.441 0.0000000000
35669  -34.648  -36.313  46.955 0.0000000000
31689  -36.122  -40.132  48.764 0.0000000000
33693  -37.630  -38.758  47.256 0.0000000000
34745  -37.231  -37.625  41.778 0.0000000000
147612  -35.668  -37.475  43.157 0.0000000000
36722  -33.739  -35.271  41.710 0.0000000000
40925  -39.340  -31.997  41.544 0.0000000000
38812  -40.575  -33.602  39.886 0.0000000000
38827  -39.073  -33.014  38.089 0.0000000000
53089  -44.737  -19.120  37.344 0.0000000000
54184  -45.197  -18.171  35.645 0.0000000000
54150  -47.767  -18.649  38.451 0.0000000000
134057  -50.041  -17.875  40.537 0.0000000000
57320  -50.848  -16.264  41.764 0.0000000000
49780  -45.119  -22.049  51.567 0.0000000000
48913  -42.216  -22.700  49.107 0.0000000000
50845  -43.473  -20.929  47.499 0.0000000000
50913  -42.694  -21.653  43.250 0.0000000000
48976  -42.222  -23.198  40.640 0.0000000000
49017  -40.153  -23.717  37.523 0.0000000000
50963  -42.705  -21.918  39.521 0.0000000000
52018  -43.600  -20.500  38.760 0.0000000000
65797  -62.802  -7.212  31.904 0.0000000000
68892  -61.806  -4.444  31.155 0.0000000000
39835  -36.452  -32.495  43.707 0.0000000000
34679  -38.022  -37.679  45.214 0.0000000000
36696  -39.149  -36.132  43.790 0.0000000000
33761  -40.660  -39.425  42.816 0.0000000000
34758  -38.628  -38.005  40.352 0.0000000000
56408  -45.562  -16.523  34.720 0.0000000000
143852  -51.183  -12.579  33.588 0.0000000000
125195  -53.535  -12.512  34.484 0.0000000000
41789  -41.165  -30.507  50.242 0.0000000000
133465  -43.172  -32.877  46.421 0.0000000000
41828  -41.814  -30.555  47.165 0.0000000000
42841  -40.467  -29.866  44.974 0.0000000000
42860  -38.246  -29.868  42.843 0.0000000000
48029  -39.673  -24.932  46.063 0.0000000000
45968  -37.905  -26.962  42.909 0.0000000000
43835  -37.462  -29.073  40.857 0.0000000000
58222  -45.897  -13.906  47.614 0.0000000000
41763  -39.054  -30.166  51.860 0.0000000000
47981  -39.985  -24.547  52.242 0.0000000000
48862  -41.175  -23.110  52.994 0.0000000000
58240  -48.410  -13.846  45.363 0.0000000000
58243  -51.160  -14.181  44.864 0.0000000000
59260  -52.499  -13.890  44.012 0.0000000000
62427  -53.200  -11.274  43.555 0.0000000000
59290  -53.472  -12.604  42.005 0.0000000000
125422  -54.326  -12.513  38.973 0.0000000000
125200  -55.274  -12.631  37.303 0.0000000000
60427  -56.154  -12.261  34.936 0.0000000000
63603  -58.400  -9.909  37.793 0.0000000000
60416  -58.877  -11.993  35.925 0.0000000000
61496  -56.468  -11.379  32.626 0.0000000000
62622  -58.028  -10.217  31.251 0.0000000000
63704  -63.854  -9.453  30.853 0.0000000000
31687  -34.045  -40.911  48.818 0.0000000000
33737  -31.750  -38.317  43.664 0.0000000000
32753  -37.629  -40.282  45.205 0.0000000000
34701  -32.991  -37.569  43.370 0.0000000000
38793  -42.600  -33.985  42.160 0.0000000000
35770  -40.097  -36.044  40.062 0.0000000000
35774  -36.693  -36.391  38.098 0.0000000000
37804  -35.689  -35.643  36.218 0.0000000000
53030  -46.787  -19.532  44.334 0.0000000000
54117  -47.318  -19.420  42.836 0.0000000000
128391  -46.196  -17.827  43.762 0.0000000000
137765  -46.390  -18.618  46.959 0.0000000000
51940  -48.080  -21.352  46.068 0.0000000000
53031  -47.587  -20.593  44.662 0.0000000000
51963  -48.014  -21.339  43.406 0.0000000000
128450  -53.445  -12.282  31.696 0.0000000000
60481  -54.225  -11.822  30.561 0.0000000000
61533  -54.995  -11.601  30.159 0.0000000000
61523  -54.762  -11.768  30.960 0.0000000000
39766  -40.321  -32.541  48.592 0.0000000000
38727  -41.472  -33.853  46.940 0.0000000000
38718  -42.095  -33.511  47.515 0.0000000000
54208  -41.882  -18.600  33.441 0.0000000000
54210  -43.561  -18.133  34.193 0.0000000000
58295  -49.304  -14.796  39.753 0.0000000000
58300  -48.485  -14.978  38.275 0.0000000000
59324  -49.586  -13.874  39.330 0.0000000000
131652  -50.580  -13.011  38.121 0.0000000000
60360  -50.676  -12.994  39.380 0.0000000000
141829  -43.141  -25.152  51.223 0.0000000000
46952  -42.541  -25.800  50.554 0.0000000000
48001  -42.790  -25.048  50.519 0.0000000000
47109  -41.192  -25.505  39.955 0.0000000000
47108  -40.796  -25.757  40.137 0.0000000000
46044  -41.548  -26.758  39.129 0.0000000000
44959  -41.731  -27.364  37.099 0.0000000000
53123  -42.273  -19.602  35.711 0.0000000000
53135  -40.922  -19.666  34.327 0.0000000000
53148  -41.416  -19.146  33.845 0.0000000000
64709  -60.794  -8.871  34.504 0.0000000000
64719  -61.480  -8.987  33.887 0.0000000000
62608  -62.367  -10.111  33.174 0.0000000000
64720  -62.201  -9.072  33.335 0.0000000000
36655  -34.935  -35.904  46.224 0.0000000000
34665  -36.033  -37.332  47.190 0.0000000000
35671  -36.266  -36.925  46.304 0.0000000000
36725  -36.345  -36.086  41.036 0.0000000000
35739  -35.921  -36.283  41.844 0.0000000000
37729  -35.115  -34.935  41.066 0.0000000000
37744  -32.899  -34.179  40.696 0.0000000000
38799  -34.200  -33.622  39.789 0.0000000000
40929  -38.346  -31.769  40.590 0.0000000000
142438  -39.540  -32.782  39.440 0.0000000000
39872  -38.759  -32.471  38.302 0.0000000000
53066  -46.011  -19.678  39.229 0.0000000000
53091  -46.323  -19.027  37.845 0.0000000000
53067  -47.023  -19.502  39.294 0.0000000000
54120  -49.920  -18.310  41.952 0.0000000000
54135  -49.833  -18.655  40.685 0.0000000000
54121  -50.428  -17.977  41.880 0.0000000000
55232  -50.524  -17.485  41.261 0.0000000000
56312  -51.198  -16.902  42.758 0.0000000000
124712  -45.826  -21.076  50.442 0.0000000000
50806  -44.287  -21.406  49.377 0.0000000000
50830  -45.930  -20.904  48.758 0.0000000000
49847  -45.430  -22.329  44.264 0.0000000000
50898  -43.919  -21.506  44.600 0.0000000000
49861  -43.678  -22.099  42.898 0.0000000000
127708  -42.413  -22.545  41.736 0.0000000000
49896  -43.102  -22.546  41.552 0.0000000000
127903  -42.503  -22.909  40.401 0.0000000000
49913  -43.475  -22.452  41.044 0.0000000000
145375  -46.442  -21.268  41.014 0.0000000000
50965  -44.214  -21.311  40.126 0.0000000000
52005  -45.529  -20.331  39.800 0.0000000000
53077  -43.782  -19.940  38.214 0.0000000000
39820  -37.295  -32.391  44.060 0.0000000000
37719  -37.914  -34.781  43.589 0.0000000000
38765  -38.408  -33.509  44.134 0.0000000000
35702  -42.551  -37.440  43.684 0.0000000000
35701  -41.975  -37.772  44.175 0.0000000000
34708  -42.224  -38.044  43.104 0.0000000000
34748  -39.388  -38.444  41.082 0.0000000000
34760  -39.911  -37.910  40.826 0.0000000000
144577  -46.501  -17.746  36.385 0.0000000000
55280  -45.584  -17.633  35.423 0.0000000000
56389  -46.415  -16.771  35.752 0.0000000000
58322  -47.970  -14.282  35.515 0.0000000000
57377  -46.780  -15.335  35.155 0.0000000000
58346  -47.167  -14.114  33.490 0.0000000000
60409  -50.991  -12.695  35.939 0.0000000000
145863  -50.995  -12.682  34.938 0.0000000000
60422  -51.948  -12.565  34.786 0.0000000000
60438  -52.792  -12.511  33.940 0.0000000000
60411  -53.219  -12.562  35.287 0.0000000000
42775  -41.316  -29.625  50.462 0.0000000000
41815  -41.742  -30.799  48.478 0.0000000000
42787  -41.710  -29.431  49.448 0.0000000000
44852  -40.574  -27.476  46.990 0.0000000000
42818  -40.965  -29.201  46.284 0.0000000000
43799  -40.015  -29.087  45.244 0.0000000000
42850  -39.318  -29.925  43.928 0.0000000000
43798  -38.771  -28.466  44.195 0.0000000000
49811  -40.888  -22.846  47.191 0.0000000000
48919  -40.703  -23.743  47.678 0.0000000000
48934  -40.146  -23.478  46.035 0.0000000000
45998  -38.036  -25.983  40.949 0.0000000000
45981  -37.989  -26.160  42.890 0.0000000000
45997  -37.725  -26.668  41.277 0.0000000000
43822  -37.470  -28.198  41.245 0.0000000000
49962  -40.306  -22.708  37.304 0.0000000000
47966  -40.883  -23.828  52.738 0.0000000000
52916  -43.353  -19.801  52.241 0.0000000000
58231  -47.063  -13.713  46.392 0.0000000000
60279  -49.839  -12.532  45.794 0.0000000000
132559  -50.394  -12.468  45.192 0.0000000000
58244  -51.724  -14.100  44.594 0.0000000000
60313  -51.733  -12.439  44.270 0.0000000000
62443  -54.237  -10.789  43.131 0.0000000000
137103  -53.855  -12.425  43.107 0.0000000000
60332  -54.517  -11.992  42.610 0.0000000000
60350  -53.582  -12.409  40.942 0.0000000000
60351  -54.745  -12.341  40.830 0.0000000000
60366  -57.045  -12.160  38.897 0.0000000000
60374  -55.957  -12.533  38.624 0.0000000000
60385  -56.052  -12.616  37.868 0.0000000000
125197  -55.377  -12.608  36.496 0.0000000000
60400  -57.001  -12.457  36.703 0.0000000000
139637  -58.651  -8.833  37.612 0.0000000000
61467  -60.194  -11.364  34.999 0.0000000000
61449  -59.814  -11.432  35.758 0.0000000000
61466  -59.520  -11.582  34.847 0.0000000000
61464  -57.714  -11.849  34.540 0.0000000000
149496  -58.046  -11.189  33.418 0.0000000000
61512  -57.199  -10.969  32.345 0.0000000000
62603  -57.936  -10.506  32.134 0.0000000000
63685  -61.083  -9.629  31.589 0.0000000000
63699  -58.767  -9.395  30.301 0.0000000000
63722  -60.241  -8.783  30.072 0.0000000000
66903  -62.948  -6.482  31.483 0.0000000000
64742  -63.644  -8.736  31.501 0.0000000000
65810  -63.991  -8.026  30.856 0.0000000000
31709  -36.111  -40.638  47.382 0.0000000000
125035  -34.101  -40.735  46.704 0.0000000000
130507  -34.136  -40.275  45.929 0.0000000000
32748  -31.775  -39.449  44.759 0.0000000000
32750  -33.550  -39.116  44.765 0.0000000000
34685  -39.627  -38.772  44.950 0.0000000000
32733  -39.129  -40.098  45.895 0.0000000000
124461  -38.703  -40.265  44.594 0.0000000000
34703  -34.829  -37.463  43.385 0.0000000000
36720  -30.011  -35.658  41.374 0.0000000000
148264  -42.828  -32.189  45.058 0.0000000000
39838  -43.469  -33.408  44.242 0.0000000000
39844  -42.748  -32.970  42.992 0.0000000000
37780  -39.301  -34.464  38.226 0.0000000000
141081  -40.202  -35.054  39.590 0.0000000000
36769  -38.541  -36.143  37.977 0.0000000000
127902  -38.042  -36.886  38.392 0.0000000000
35783  -37.765  -36.418  37.593 0.0000000000
37790  -35.327  -34.685  37.509 0.0000000000
51982  -48.241  -20.956  41.628 0.0000000000
51996  -48.619  -20.352  41.202 0.0000000000
53045  -48.607  -20.393  42.059 0.0000000000
55204  -48.314  -18.036  42.308 0.0000000000
56299  -48.416  -16.462  42.825 0.0000000000
52986  -47.396  -19.829  48.705 0.0000000000
127619  -46.508  -21.020  47.912 0.0000000000
50866  -47.712  -21.182  47.124 0.0000000000
49835  -46.938  -22.423  45.223 0.0000000000
49863  -45.834  -22.543  43.641 0.0000000000
49898  -44.785  -22.351  41.869 0.0000000000
49883  -47.162  -22.402  43.212 0.0000000000
50936  -47.219  -21.838  42.075 0.0000000000
134344  -56.066  -11.206  29.036 0.0000000000
39789  -38.838  -32.376  46.253 0.0000000000
38766  -39.780  -33.805  45.105 0.0000000000
38767  -40.814  -34.209  45.743 0.0000000000
37706  -42.279  -35.552  45.136 0.0000000000
36699  -43.577  -36.106  43.834 0.0000000000
132384  -48.213  -16.452  37.981 0.0000000000
129956  -47.402  -16.243  36.593 0.0000000000
57349  -48.122  -15.630  37.591 0.0000000000
58314  -48.243  -14.384  36.418 0.0000000000
59368  -48.674  -13.735  35.840 0.0000000000
129474  -49.286  -13.334  35.270 0.0000000000
143180  -49.571  -13.376  36.739 0.0000000000
144387  -50.902  -12.778  36.718 0.0000000000
127962  -52.184  -12.602  37.326 0.0000000000
44800  -42.256  -27.219  51.092 0.0000000000
43764  -41.873  -28.489  49.758 0.0000000000
45883  -42.217  -26.672  50.153 0.0000000000
150140  -41.393  -26.749  48.746 0.0000000000
47004  -40.293  -25.970  47.162 0.0000000000
49876  -39.889  -22.445  42.549 0.0000000000
129942  -39.256  -23.489  43.975 0.0000000000
48959  -38.989  -23.674  41.577 0.0000000000
48097  -39.183  -25.035  40.692 0.0000000000
44916  -39.606  -27.063  39.587 0.0000000000
44956  -39.083  -27.374  38.278 0.0000000000
44942  -41.242  -27.503  38.333 0.0000000000
51012  -41.102  -20.976  36.608 0.0000000000
52077  -40.455  -20.293  34.842 0.0000000000
63553  -55.418  -9.860  42.023 0.0000000000
61374  -55.725  -11.493  41.344 0.0000000000
62469  -56.154  -10.693  41.153 0.0000000000
62480  -56.566  -10.668  40.502 0.0000000000
62494  -57.407  -10.648  39.169 0.0000000000
65756  -59.366  -6.776  36.395 0.0000000000
64692  -59.188  -8.828  36.821 0.0000000000
64701  -60.027  -8.980  35.546 0.0000000000
63645  -60.772  -10.548  34.848 0.0000000000
62587  -60.535  -10.872  33.799 0.0000000000
62605  -60.121  -10.529  33.096 0.0000000000
62606  -61.110  -10.550  33.228 0.0000000000
148227  -61.508  -10.111  32.188 0.0000000000
125738  -62.070  -9.604  31.061 0.0000000000
67912  -63.887  -6.220  30.016 0.0000000000
65811  -64.312  -7.849  30.231 0.0000000000
65823  -64.810  -7.941  29.067 0.0000000000
34649  -34.087  -37.179  48.366 0.0000000000
33657  -35.123  -38.550  49.279 0.0000000000
34634  -35.505  -38.117  48.705 0.0000000000
32708  -37.198  -39.754  48.144 0.0000000000
31730  -37.044  -40.608  46.861 0.0000000000
33758  -38.179  -39.088  42.745 0.0000000000
33757  -37.315  -38.533  42.989 0.0000000000
35719  -36.220  -37.131  42.425 0.0000000000
36706  -34.160  -35.815  42.170 0.0000000000
36721  -32.852  -35.316  41.660 0.0000000000
136339  -31.687  -34.826  41.153 0.0000000000
37726  -32.447  -34.763  41.206 0.0000000000
40918  -41.007  -31.983  42.788 0.0000000000
39849  -41.135  -32.991  41.032 0.0000000000
128199  -40.596  -32.932  40.491 0.0000000000
38828  -39.608  -33.571  38.669 0.0000000000
37793  -38.797  -34.542  37.627 0.0000000000
53125  -43.639  -18.876  35.941 0.0000000000
54183  -44.337  -18.538  35.736 0.0000000000
53104  -45.241  -18.743  36.889 0.0000000000
54159  -46.810  -18.596  37.503 0.0000000000
54161  -47.775  -18.210  37.988 0.0000000000
133478  -48.369  -19.233  39.665 0.0000000000
54151  -48.274  -18.400  38.724 0.0000000000
55257  -48.670  -17.519  38.777 0.0000000000
56337  -49.484  -17.041  39.847 0.0000000000
57327  -50.204  -16.124  40.953 0.0000000000
58278  -50.852  -15.113  41.842 0.0000000000
48888  -44.326  -23.294  51.644 0.0000000000
147483  -43.028  -23.579  50.196 0.0000000000
49791  -44.204  -22.633  50.579 0.0000000000
49806  -42.706  -21.954  48.867 0.0000000000
50843  -41.846  -21.520  47.051 0.0000000000
50863  -44.313  -20.918  46.404 0.0000000000
130152  -43.538  -20.875  45.991 0.0000000000
50878  -40.896  -21.741  44.709 0.0000000000
50924  -41.409  -21.855  42.494 0.0000000000
132264  -41.471  -23.351  41.010 0.0000000000
134902  -41.704  -24.238  40.012 0.0000000000
48137  -40.327  -24.748  37.596 0.0000000000
49002  -41.160  -23.674  38.983 0.0000000000
49945  -41.387  -22.694  38.662 0.0000000000
50980  -41.652  -21.796  38.296 0.0000000000
50947  -43.817  -21.973  40.583 0.0000000000
50982  -43.086  -21.109  38.981 0.0000000000
50997  -42.057  -21.069  37.887 0.0000000000
52030  -42.587  -20.455  37.628 0.0000000000
148904  -43.481  -19.462  36.995 0.0000000000
65783  -61.573  -7.070  33.051 0.0000000000
132124  -61.419  -5.447  32.810 0.0000000000
67890  -61.943  -4.865  31.556 0.0000000000
68893  -62.673  -4.760  30.969 0.0000000000
68894  -63.235  -5.027  30.626 0.0000000000
68941  -63.617  -4.180  29.823 0.0000000000
37716  -35.857  -33.855  43.697 0.0000000000
35692  -36.951  -36.229  44.563 0.0000000000
36694  -37.299  -35.109  43.682 0.0000000000
35698  -38.448  -36.390  43.913 0.0000000000
34686  -40.618  -39.004  44.420 0.0000000000
141174  -39.940  -35.979  43.923 0.0000000000
34706  -41.265  -38.395  44.125 0.0000000000
32780  -40.254  -39.839  43.269 0.0000000000
33770  -39.297  -39.045  41.813 0.0000000000
35741  -37.502  -37.513  40.852 0.0000000000
36747  -36.600  -36.050  40.105 0.0000000000
55294  -44.399  -17.556  34.281 0.0000000000
143877  -44.685  -16.931  34.027 0.0000000000
57362  -46.670  -16.099  35.664 0.0000000000
125194  -52.795  -12.503  33.108 0.0000000000
60439  -54.323  -12.272  33.190 0.0000000000
40787  -40.959  -31.759  49.685 0.0000000000
140760  -42.337  -32.955  47.717 0.0000000000
40808  -41.984  -31.603  48.324 0.0000000000
41843  -42.325  -31.527  47.008 0.0000000000
41858  -41.908  -30.848  45.660 0.0000000000
43779  -41.290  -28.745  47.676 0.0000000000
42831  -41.403  -30.059  45.991 0.0000000000
40879  -41.402  -31.189  44.254 0.0000000000
41884  -39.717  -30.643  43.603 0.0000000000
41902  -38.524  -30.617  42.534 0.0000000000
41916  -37.720  -30.394  41.383 0.0000000000
145342  -41.587  -23.895  49.180 0.0000000000
48023  -40.512  -24.685  47.662 0.0000000000
47003  -39.825  -25.837  46.416 0.0000000000
48048  -39.144  -24.420  44.507 0.0000000000
146797  -38.804  -25.919  44.485 0.0000000000
44878  -38.589  -27.592  44.141 0.0000000000
43805  -37.777  -28.239  42.804 0.0000000000
42870  -37.564  -29.537  41.659 0.0000000000
48136  -39.804  -24.217  36.870 0.0000000000
55159  -45.418  -17.276  46.963 0.0000000000
57280  -45.689  -15.615  46.254 0.0000000000
35667  -33.101  -36.145  47.053 0.0000000000
38763  -34.585  -33.348  44.002 0.0000000000
40900  -35.172  -31.873  43.754 0.0000000000
40877  -36.260  -31.176  44.421 0.0000000000
40819  -38.169  -31.091  48.154 0.0000000000
40805  -38.883  -31.603  48.662 0.0000000000
142712  -39.591  -31.638  49.855 0.0000000000
40765  -39.804  -31.393  50.331 0.0000000000
41776  -40.163  -30.416  50.991 0.0000000000
42750  -40.049  -29.162  51.436 0.0000000000
44779  -40.218  -27.656  51.448 0.0000000000
46943  -39.381  -26.125  51.521 0.0000000000
45834  -40.843  -26.821  51.561 0.0000000000
46933  -41.874  -25.383  52.162 0.0000000000
47983  -42.269  -24.666  52.320 0.0000000000
47969  -43.234  -23.970  52.311 0.0000000000
48865  -44.109  -22.917  52.315 0.0000000000
50752  -44.830  -21.464  52.102 0.0000000000
51834  -45.096  -20.724  51.673 0.0000000000
55136  -46.027  -18.281  48.203 0.0000000000
56278  -46.246  -15.558  44.910 0.0000000000
58251  -47.759  -14.424  44.749 0.0000000000
57294  -49.487  -15.152  44.207 0.0000000000
144208  -48.968  -12.328  46.787 0.0000000000
58241  -49.461  -13.871  45.298 0.0000000000
57295  -50.634  -15.506  44.264 0.0000000000
57308  -51.640  -15.766  43.675 0.0000000000
143105  -51.752  -15.378  42.978 0.0000000000
59276  -51.843  -13.762  42.350 0.0000000000
60315  -53.049  -12.655  43.752 0.0000000000
59278  -53.341  -13.015  42.973 0.0000000000
138593  -51.839  -13.024  41.382 0.0000000000
60349  -52.520  -12.536  40.602 0.0000000000
60373  -52.675  -12.554  38.486 0.0000000000
125204  -53.637  -12.548  38.203 0.0000000000
60352  -55.576  -12.256  40.324 0.0000000000
125203  -54.477  -12.554  38.176 0.0000000000
125199  -53.653  -12.610  36.803 0.0000000000
125196  -54.662  -12.576  35.731 0.0000000000
60425  -54.473  -12.495  34.753 0.0000000000
124886  -55.082  -12.067  33.354 0.0000000000
63592  -57.879  -9.957  38.509 0.0000000000
61404  -57.893  -11.776  38.086 0.0000000000
62519  -59.285  -10.896  36.783 0.0000000000
61431  -58.807  -11.754  36.774 0.0000000000
60388  -58.310  -12.087  37.090 0.0000000000
60428  -57.128  -12.200  35.146 0.0000000000
61463  -56.758  -11.921  34.318 0.0000000000
61495  -55.707  -11.705  33.015 0.0000000000
147373  -55.962  -11.348  31.411 0.0000000000
62642  -56.742  -10.903  30.347 0.0000000000
62661  -56.912  -10.725  29.728 0.0000000000
63683  -58.990  -9.699  31.316 0.0000000000
62663  -57.982  -9.875  29.787 0.0000000000
62675  -57.261  -10.308  28.465 0.0000000000
64732  -62.795  -9.110  32.719 0.0000000000
149697  -63.362  -9.881  31.981 0.0000000000
63702  -62.871  -9.586  30.499 0.0000000000
63705  -64.312  -9.191  30.183 0.0000000000
63724  -63.517  -9.499  29.909 0.0000000000
64784  -61.700  -8.758  29.195 0.0000000000
31688  -34.795  -40.429  49.201 0.0000000000
34667  -37.815  -38.316  46.294 0.0000000000
32716  -38.473  -40.006  46.727 0.0000000000
125948  -36.403  -39.941  45.213 0.0000000000
33742  -36.831  -38.897  43.846 0.0000000000
33719  -35.997  -39.089  44.533 0.0000000000
33717  -33.966  -38.598  44.392 0.0000000000
33738  -32.607  -38.190  43.779 0.0000000000
38744  -43.387  -34.013  45.822 0.0000000000
37722  -43.674  -34.726  44.024 0.0000000000
36708  -42.656  -36.145  42.452 0.0000000000
38801  -41.538  -33.852  40.958 0.0000000000
36749  -41.484  -34.796  41.026 0.0000000000
35758  -40.443  -36.944  40.828 0.0000000000
34766  -39.004  -37.457  39.658 0.0000000000
133727  -37.690  -37.137  39.262 0.0000000000
36760  -36.698  -36.174  39.090 0.0000000000
38860  -38.357  -33.736  36.934 0.0000000000
36791  -37.260  -35.562  36.266 0.0000000000
135290  -36.828  -36.152  36.703 0.0000000000
128701  -36.224  -35.955  37.476 0.0000000000
37779  -35.480  -34.558  38.466 0.0000000000
38810  -34.947  -33.877  39.180 0.0000000000
54099  -46.349  -18.890  45.166 0.0000000000
54106  -46.261  -18.616  44.034 0.0000000000
55170  -45.860  -17.760  44.780 0.0000000000
54087  -46.735  -19.162  46.279 0.0000000000
148784  -53.707  -12.054  30.972 0.0000000000
60466  -54.224  -12.022  31.340 0.0000000000
60467  -54.877  -11.834  31.683 0.0000000000
39756  -40.497  -32.285  49.171 0.0000000000
39779  -40.932  -33.047  48.129 0.0000000000
39767  -41.113  -32.609  48.779 0.0000000000
54209  -42.681  -18.375  33.742 0.0000000000
59312  -49.822  -14.160  40.247 0.0000000000
59325  -50.241  -13.256  38.922 0.0000000000
59313  -50.202  -13.433  39.776 0.0000000000
47993  -43.321  -24.588  51.553 0.0000000000
46953  -43.067  -25.184  50.912 0.0000000000
46945  -43.435  -24.583  51.115 0.0000000000
47123  -41.267  -26.023  39.474 0.0000000000
53137  -42.493  -19.125  34.996 0.0000000000
53136  -41.670  -19.400  34.588 0.0000000000
53149  -42.162  -18.877  34.164 0.0000000000
65767  -60.783  -7.720  34.200 0.0000000000
65773  -61.459  -7.991  33.471 0.0000000000
35681  -35.729  -36.210  45.848 0.0000000000
36669  -35.293  -35.523  45.413 0.0000000000
36746  -35.908  -35.372  40.642 0.0000000000
148077  -34.730  -34.463  40.686 0.0000000000
37746  -34.886  -34.094  40.040 0.0000000000
40928  -37.746  -31.247  40.290 0.0000000000
40933  -38.181  -31.894  39.727 0.0000000000
40941  -38.112  -31.876  38.808 0.0000000000
52007  -47.457  -20.066  40.172 0.0000000000
55206  -50.409  -17.710  42.294 0.0000000000
55207  -50.823  -17.451  42.294 0.0000000000
55191  -50.795  -17.188  42.700 0.0000000000
50789  -46.417  -20.603  49.911 0.0000000000
50808  -45.987  -20.889  49.638 0.0000000000
149017  -46.426  -20.785  49.037 0.0000000000
49862  -44.949  -22.402  43.497 0.0000000000
146430  -44.258  -22.142  43.364 0.0000000000
135245  -44.408  -22.375  42.842 0.0000000000
49879  -43.003  -22.286  42.300 0.0000000000
49880  -43.780  -22.409  42.229 0.0000000000
49897  -43.949  -22.423  41.676 0.0000000000
51994  -46.954  -20.726  40.661 0.0000000000
51993  -45.993  -20.826  40.473 0.0000000000
52020  -45.088  -19.862  39.074 0.0000000000
39799  -37.812  -32.016  44.882 0.0000000000
39821  -38.160  -32.727  44.485 0.0000000000
35720  -42.616  -37.305  42.944 0.0000000000
34732  -41.820  -37.628  42.332 0.0000000000
34749  -40.882  -37.781  41.532 0.0000000000
55274  -47.006  -17.702  36.838 0.0000000000
55281  -46.190  -17.438  35.879 0.0000000000
55273  -46.720  -17.245  36.322 0.0000000000
58331  -47.409  -14.510  34.822 0.0000000000
60410  -51.872  -12.594  35.590 0.0000000000
143423  -52.522  -12.559  35.272 0.0000000000
42764  -41.649  -28.786  50.792 0.0000000000
42776  -41.690  -29.066  50.199 0.0000000000
44864  -40.197  -27.560  46.289 0.0000000000
44871  -40.329  -28.499  45.861 0.0000000000
43790  -39.608  -28.233  45.254 0.0000000000
147540  -39.352  -28.755  44.715 0.0000000000
138979  -39.095  -28.062  44.695 0.0000000000
49823  -40.577  -22.721  46.217 0.0000000000
48940  -40.042  -22.987  45.269 0.0000000000
46019  -38.367  -26.575  40.443 0.0000000000
44904  -37.828  -27.412  40.641 0.0000000000
44926  -38.162  -27.788  39.840 0.0000000000
49985  -39.938  -22.246  36.532 0.0000000000
60297  -51.324  -12.991  44.755 0.0000000000
62451  -54.688  -10.721  42.742 0.0000000000
63532  -54.422  -9.890  42.910 0.0000000000
61360  -54.433  -11.430  42.953 0.0000000000
60339  -54.729  -12.149  41.792 0.0000000000
61373  -55.136  -11.812  41.907 0.0000000000
60375  -56.788  -12.433  38.371 0.0000000000
60386  -56.868  -12.500  37.592 0.0000000000
66855  -58.358  -6.069  37.566 0.0000000000
65750  -58.429  -6.718  37.927 0.0000000000
64683  -58.411  -7.707  38.160 0.0000000000
64684  -58.784  -7.670  37.466 0.0000000000
61481  -60.033  -11.256  34.330 0.0000000000
61480  -59.145  -11.374  34.165 0.0000000000
61479  -58.143  -11.444  33.915 0.0000000000
61498  -58.654  -11.095  33.511 0.0000000000
145465  -57.995  -10.901  32.944 0.0000000000
62604  -58.928  -10.586  32.833 0.0000000000
63701  -61.026  -9.032  30.626 0.0000000000
64765  -60.950  -8.690  29.679 0.0000000000
66904  -63.473  -6.775  30.938 0.0000000000
65798  -63.362  -7.607  31.479 0.0000000000
33655  -33.457  -38.473  49.567 0.0000000000
31729  -35.957  -40.521  46.586 0.0000000000
31728  -34.916  -40.382  46.281 0.0000000000
32729  -33.662  -39.719  45.376 0.0000000000
126178  -39.536  -40.236  44.514 0.0000000000
32734  -39.616  -40.089  45.106 0.0000000000
35736  -30.622  -36.208  41.786 0.0000000000
40881  -42.564  -32.116  44.398 0.0000000000
39836  -42.362  -32.383  43.465 0.0000000000
36779  -38.881  -35.238  37.897 0.0000000000
36770  -39.244  -35.445  38.450 0.0000000000
51972  -48.341  -20.994  42.246 0.0000000000
51983  -48.597  -20.535  41.750 0.0000000000
53044  -48.314  -20.121  42.433 0.0000000000
55189  -46.697  -17.450  43.115 0.0000000000
55203  -47.276  -18.362  42.649 0.0000000000
55190  -47.475  -17.543  42.647 0.0000000000
56298  -47.416  -16.735  42.842 0.0000000000
150203  -47.278  -19.422  48.479 0.0000000000
51914  -47.522  -20.319  48.174 0.0000000000
52998  -47.685  -20.312  47.545 0.0000000000
130540  -47.977  -21.426  45.261 0.0000000000
126941  -47.865  -21.828  45.594 0.0000000000
49849  -47.306  -22.505  44.541 0.0000000000
49848  -46.408  -22.535  44.430 0.0000000000
49864  -46.799  -22.605  43.789 0.0000000000
49882  -46.104  -22.507  42.962 0.0000000000
49865  -47.607  -22.357  43.901 0.0000000000
130939  -48.013  -21.569  42.968 0.0000000000
50937  -47.890  -21.492  42.204 0.0000000000
60480  -53.498  -11.922  30.281 0.0000000000
61534  -55.618  -11.383  29.504 0.0000000000
38741  -39.803  -33.445  45.778 0.0000000000
39790  -39.705  -32.997  46.681 0.0000000000
38742  -42.050  -34.454  46.290 0.0000000000
37687  -41.775  -34.897  45.590 0.0000000000
37688  -42.617  -34.946  45.683 0.0000000000
36686  -43.469  -35.988  44.459 0.0000000000
37707  -43.099  -35.522  45.069 0.0000000000
55300  -43.118  -17.814  33.352 0.0000000000
143883  -48.860  -14.189  38.032 0.0000000000
58308  -48.458  -14.497  37.329 0.0000000000
59355  -48.851  -13.764  36.643 0.0000000000
59356  -49.426  -13.347  36.056 0.0000000000
59342  -50.187  -13.131  37.284 0.0000000000
60396  -51.290  -12.733  37.440 0.0000000000
60383  -52.026  -12.627  37.942 0.0000000000
45851  -42.451  -26.437  51.219 0.0000000000
125886  -42.257  -27.222  50.594 0.0000000000
45865  -42.470  -26.544  50.847 0.0000000000
46960  -42.041  -25.928  49.769 0.0000000000
45882  -41.606  -26.327  49.223 0.0000000000
46988  -41.136  -26.141  48.586 0.0000000000
45915  -40.600  -26.737  47.421 0.0000000000
46987  -40.692  -26.064  47.880 0.0000000000
49893  -40.164  -22.705  41.781 0.0000000000
48951  -39.302  -22.969  42.192 0.0000000000
48960  -39.903  -23.383  41.271 0.0000000000
47107  -39.968  -25.858  40.335 0.0000000000
46021  -40.629  -26.481  39.868 0.0000000000
46020  -39.581  -26.571  39.996 0.0000000000
46042  -40.452  -27.023  39.546 0.0000000000
44929  -40.959  -27.378  39.072 0.0000000000
147554  -41.521  -20.427  36.275 0.0000000000
142612  -40.877  -20.559  35.742 0.0000000000
139884  -55.201  -8.927  42.255 0.0000000000
140456  -56.689  -8.690  40.517 0.0000000000
63565  -56.401  -9.700  40.868 0.0000000000
63566  -56.790  -9.805  40.216 0.0000000000
62481  -56.942  -10.683  39.867 0.0000000000
131701  -57.130  -9.937  39.675 0.0000000000
145099  -59.759  -6.333  35.566 0.0000000000
67850  -59.522  -5.596  35.310 0.0000000000
64700  -59.537  -8.184  36.189 0.0000000000
138220  -59.898  -7.664  35.471 0.0000000000
63646  -61.320  -9.939  34.270 0.0000000000
64708  -60.623  -9.658  34.974 0.0000000000
62569  -61.083  -10.612  34.273 0.0000000000
61482  -60.680  -10.992  34.341 0.0000000000
62588  -61.187  -10.637  33.782 0.0000000000
62625  -62.467  -10.196  32.682 0.0000000000
62624  -61.743  -10.333  32.673 0.0000000000
63686  -62.238  -10.135  31.978 0.0000000000
67935  -64.142  -6.037  29.493 0.0000000000
138853  -64.338  -7.174  29.730 0.0000000000
35653  -34.380  -36.726  47.672 0.0000000000
128975  -34.917  -37.374  48.232 0.0000000000
34651  -36.747  -38.206  47.688 0.0000000000
33678  -36.418  -38.540  48.390 0.0000000000
33679  -37.380  -39.163  47.981 0.0000000000
31698  -37.447  -40.204  47.696 0.0000000000
32709  -37.847  -39.892  47.547 0.0000000000
34730  -37.749  -38.351  42.174 0.0000000000
34729  -36.984  -37.894  42.503 0.0000000000
36723  -34.629  -35.335  41.655 0.0000000000
36707  -35.046  -35.923  42.072 0.0000000000
37727  -33.355  -34.693  41.233 0.0000000000
38798  -33.331  -33.634  40.113 0.0000000000
38797  -32.439  -33.686  40.181 0.0000000000
40917  -39.948  -31.816  42.302 0.0000000000
39841  -40.105  -32.320  41.532 0.0000000000
39848  -39.826  -32.506  40.780 0.0000000000
39873  -39.373  -32.908  38.813 0.0000000000
38844  -39.060  -33.691  37.917 0.0000000000
140494  -38.675  -33.898  37.404 0.0000000000
53103  -44.218  -18.955  36.639 0.0000000000
54149  -47.116  -18.979  38.294 0.0000000000
54158  -46.080  -18.659  37.134 0.0000000000
54160  -47.219  -18.166  37.371 0.0000000000
142281  -47.362  -18.518  37.867 0.0000000000
53058  -49.064  -19.799  40.923 0.0000000000
53057  -48.385  -19.892  40.402 0.0000000000
53069  -48.970  -19.334  40.291 0.0000000000
54141  -49.396  -18.381  39.966 0.0000000000
53070  -49.367  -18.917  40.284 0.0000000000
55244  -48.797  -18.139  39.130 0.0000000000
55245  -49.255  -17.733  39.566 0.0000000000
56325  -50.583  -16.867  41.298 0.0000000000
56324  -50.107  -16.951  40.634 0.0000000000
57328  -50.390  -15.433  41.283 0.0000000000
48889  -44.745  -22.595  51.296 0.0000000000
49792  -44.858  -22.027  50.716 0.0000000000
50828  -43.604  -21.370  48.845 0.0000000000
50827  -42.995  -21.274  48.154 0.0000000000
49813  -42.180  -21.663  47.957 0.0000000000
50844  -42.668  -21.137  47.319 0.0000000000
50847  -46.488  -21.380  47.108 0.0000000000
126788  -45.585  -20.890  47.748 0.0000000000
124793  -45.445  -21.216  46.728 0.0000000000
50897  -42.903  -21.292  44.355 0.0000000000
50880  -43.209  -21.056  45.295 0.0000000000
139452  -42.158  -21.183  45.277 0.0000000000
50896  -41.722  -21.340  44.264 0.0000000000
50911  -40.907  -21.677  42.989 0.0000000000
50912  -41.605  -21.555  43.174 0.0000000000
48963  -42.410  -22.901  41.155 0.0000000000
49895  -41.893  -22.958  41.335 0.0000000000
48962  -41.865  -23.364  40.812 0.0000000000
48975  -41.748  -23.789  40.329 0.0000000000
48988  -41.552  -24.085  39.672 0.0000000000
48989  -42.064  -23.496  40.076 0.0000000000
49928  -42.388  -22.712  39.861 0.0000000000
49946  -42.039  -22.282  39.117 0.0000000000
50934  -45.181  -21.996  41.452 0.0000000000
49914  -44.266  -22.214  41.240 0.0000000000
50948  -44.652  -21.694  40.791 0.0000000000
52003  -43.827  -20.856  39.426 0.0000000000
146635  -42.611  -20.900  38.280 0.0000000000
52017  -43.148  -20.457  38.246 0.0000000000
53078  -44.690  -19.513  38.165 0.0000000000
53088  -44.009  -19.446  37.493 0.0000000000
53102  -43.272  -19.308  36.399 0.0000000000
68877  -61.355  -4.720  31.805 0.0000000000
67891  -62.463  -5.552  31.533 0.0000000000
150065  -62.225  -4.484  31.047 0.0000000000
68913  -62.506  -4.149  30.676 0.0000000000
69926  -62.903  -3.680  30.340 0.0000000000
68914  -63.162  -4.215  30.440 0.0000000000
38781  -36.175  -33.187  43.542 0.0000000000
37717  -36.383  -34.616  43.793 0.0000000000
134469  -36.607  -33.844  43.547 0.0000000000
37720  -38.845  -35.305  43.737 0.0000000000
36695  -38.167  -35.575  43.695 0.0000000000
35699  -39.366  -36.884  44.027 0.0000000000
34705  -40.079  -37.894  44.291 0.0000000000
149085  -40.117  -34.340  44.795 0.0000000000
37704  -39.760  -34.929  44.130 0.0000000000
36683  -40.736  -35.763  44.240 0.0000000000
34707  -41.708  -38.362  43.650 0.0000000000
136283  -41.248  -39.113  43.390 0.0000000000
33745  -40.798  -39.560  43.592 0.0000000000
33760  -39.865  -39.570  42.549 0.0000000000
34747  -38.697  -38.418  41.081 0.0000000000
34757  -38.149  -37.918  40.459 0.0000000000
130525  -37.015  -36.800  40.487 0.0000000000
35756  -37.642  -37.382  39.986 0.0000000000
54200  -44.379  -18.165  34.946 0.0000000000
54201  -44.988  -17.789  34.967 0.0000000000
56388  -45.821  -16.969  35.294 0.0000000000
55295  -45.176  -17.161  34.681 0.0000000000
150356  -47.477  -15.693  36.419 0.0000000000
57363  -47.185  -15.717  35.974 0.0000000000
58330  -46.758  -14.702  34.199 0.0000000000
59381  -49.942  -12.979  34.643 0.0000000000
124583  -51.477  -12.592  34.183 0.0000000000
60437  -51.978  -12.538  33.534 0.0000000000
125193  -53.524  -12.458  33.573 0.0000000000
60450  -53.512  -12.388  32.648 0.0000000000
141990  -54.134  -12.423  33.987 0.0000000000
40767  -41.078  -31.238  50.030 0.0000000000
40788  -41.352  -31.578  49.407 0.0000000000
41802  -41.437  -30.912  49.702 0.0000000000
42809  -41.687  -30.242  47.925 0.0000000000
41829  -41.976  -31.159  47.753 0.0000000000
41859  -42.545  -31.510  46.107 0.0000000000
41842  -41.938  -30.737  46.416 0.0000000000
44843  -41.786  -27.991  49.185 0.0000000000
43770  -41.499  -28.408  48.412 0.0000000000
42830  -40.736  -29.515  45.641 0.0000000000
41857  -41.187  -30.309  45.322 0.0000000000
41872  -40.933  -30.561  44.627 0.0000000000
41885  -40.586  -30.908  43.928 0.0000000000
41871  -40.113  -30.244  44.288 0.0000000000
42849  -38.627  -29.546  43.519 0.0000000000
41883  -38.913  -30.295  43.248 0.0000000000
41917  -38.179  -30.894  41.807 0.0000000000
41901  -37.902  -30.165  42.152 0.0000000000
48903  -42.235  -23.550  49.583 0.0000000000
48912  -41.663  -23.173  48.852 0.0000000000
48039  -40.009  -24.178  46.420 0.0000000000
48030  -40.120  -25.024  46.936 0.0000000000
47020  -39.456  -25.672  45.591 0.0000000000
48059  -38.625  -24.063  42.979 0.0000000000
48060  -38.916  -24.020  43.686 0.0000000000
48047  -38.663  -24.642  43.602 0.0000000000
138360  -38.445  -26.032  43.843 0.0000000000
45969  -38.238  -26.829  43.621 0.0000000000
45956  -38.709  -26.654  44.401 0.0000000000
44885  -38.041  -27.567  43.280 0.0000000000
150241  -37.483  -28.762  41.635 0.0000000000
126226  -37.479  -30.001  40.807 0.0000000000
42886  -37.467  -29.732  40.066 0.0000000000
49001  -40.589  -24.256  38.353 0.0000000000
40833  -37.976  -31.154  47.225 0.0000000000
41775  -39.467  -30.572  51.298 0.0000000000
40746  -39.980  -31.018  50.763 0.0000000000
43732  -40.564  -28.319  51.371 0.0000000000
47980  -39.016  -24.362  52.522 0.0000000000
141213  -38.529  -25.108  52.084 0.0000000000
46931  -39.512  -25.238  51.809 0.0000000000
45849  -40.302  -26.007  51.610 0.0000000000
129177  -41.376  -26.062  51.813 0.0000000000
46932  -40.757  -25.144  52.028 0.0000000000
47982  -41.410  -24.562  52.389 0.0000000000
47967  -41.776  -23.887  52.594 0.0000000000
47968  -42.635  -23.940  52.462 0.0000000000
48863  -42.112  -23.078  52.718 0.0000000000
49743  -43.510  -22.187  52.508 0.0000000000
49744  -44.473  -22.188  52.290 0.0000000000
136250  -43.866  -21.227  52.392 0.0000000000
52930  -44.110  -19.940  51.922 0.0000000000
52931  -44.764  -20.131  51.710 0.0000000000
52944  -45.407  -19.943  51.265 0.0000000000
55146  -45.334  -17.500  47.778 0.0000000000
57281  -45.931  -14.944  46.474 0.0000000000
56277  -45.713  -16.052  45.686 0.0000000000
57287  -46.119  -15.181  45.717 0.0000000000
59229  -47.955  -13.431  46.079 0.0000000000
58239  -47.371  -14.016  45.554 0.0000000000
57293  -48.252  -14.962  43.997 0.0000000000
58252  -48.934  -14.414  44.730 0.0000000000
59232  -50.139  -13.204  45.490 0.0000000000
59224  -49.496  -12.714  46.102 0.0000000000
58242  -50.376  -13.943  45.156 0.0000000000
58253  -50.086  -14.629  44.838 0.0000000000
58254  -50.982  -14.797  44.781 0.0000000000
57307  -51.242  -16.067  43.740 0.0000000000
57296  -51.431  -15.391  44.243 0.0000000000
59244  -52.249  -13.783  44.330 0.0000000000
145971  -52.157  -14.664  43.987 0.0000000000
58264  -52.308  -14.316  43.687 0.0000000000
58270  -51.990  -14.541  43.108 0.0000000000
62441  -53.079  -10.197  43.441 0.0000000000
61348  -52.648  -12.062  43.857 0.0000000000
59289  -52.620  -13.148  42.264 0.0000000000
60338  -52.777  -12.673  41.463 0.0000000000
60348  -51.596  -12.714  40.321 0.0000000000
127550  -54.070  -12.439  39.936 0.0000000000
125889  -53.168  -12.439  40.014 0.0000000000
125205  -53.375  -12.498  39.155 0.0000000000
60384  -52.835  -12.582  37.707 0.0000000000
61380  -55.953  -11.920  40.633 0.0000000000
125421  -55.229  -12.598  38.035 0.0000000000
127624  -55.173  -12.508  38.817 0.0000000000
125201  -54.385  -12.601  37.464 0.0000000000
125198  -54.513  -12.622  36.668 0.0000000000
60412  -53.801  -12.584  35.998 0.0000000000
60413  -55.574  -12.515  35.638 0.0000000000
148155  -54.978  -12.510  35.203 0.0000000000
60426  -55.276  -12.388  34.739 0.0000000000
125126  -54.829  -12.324  33.983 0.0000000000
138624  -55.739  -12.034  33.974 0.0000000000
146950  -58.183  -8.826  38.281 0.0000000000
148914  -57.785  -8.776  38.843 0.0000000000
62505  -57.863  -11.095  38.387 0.0000000000
62506  -58.234  -10.707  37.953 0.0000000000
63617  -59.567  -10.130  36.423 0.0000000000
60403  -59.238  -11.736  36.178 0.0000000000
60402  -58.733  -11.974  36.535 0.0000000000
60401  -58.103  -12.266  36.465 0.0000000000
60429  -58.187  -12.113  35.406 0.0000000000
142467  -57.308  -11.626  33.890 0.0000000000
61478  -56.540  -11.640  33.502 0.0000000000
125990  -55.680  -11.540  32.010 0.0000000000
61511  -56.442  -11.191  31.738 0.0000000000
62621  -57.133  -10.762  31.266 0.0000000000
62643  -57.453  -10.393  30.309 0.0000000000
62623  -59.579  -10.061  32.278 0.0000000000
65784  -62.312  -7.357  32.468 0.0000000000
147837  -62.562  -8.261  32.535 0.0000000000
65785  -63.014  -8.292  32.101 0.0000000000
63688  -63.593  -9.481  31.458 0.0000000000
63687  -63.437  -9.766  31.467 0.0000000000
124832  -62.982  -9.945  31.349 0.0000000000
63703  -63.521  -9.599  30.774 0.0000000000
65822  -64.558  -8.177  29.761 0.0000000000
139715  -64.391  -8.634  30.247 0.0000000000
63744  -64.097  -9.426  29.247 0.0000000000
63723  -62.656  -9.252  29.566 0.0000000000
32694  -35.965  -39.640  49.134 0.0000000000
32693  -35.441  -39.997  49.236 0.0000000000
124664  -35.494  -40.487  48.687 0.0000000000
31694  -34.396  -41.067  47.757 0.0000000000
32727  -32.140  -39.960  45.406 0.0000000000
33714  -31.337  -38.931  44.135 0.0000000000
33736  -30.860  -38.425  43.463 0.0000000000
35683  -37.245  -36.880  45.039 0.0000000000
34678  -37.100  -37.326  45.821 0.0000000000
148425  -38.461  -40.407  45.513 0.0000000000
31732  -38.588  -40.332  46.130 0.0000000000
31731  -37.831  -40.526  46.126 0.0000000000
34704  -36.443  -37.954  43.154 0.0000000000
34702  -33.883  -37.478  43.427 0.0000000000
33740  -34.441  -38.040  43.915 0.0000000000
33718  -34.942  -38.697  44.472 0.0000000000
33739  -33.484  -38.076  43.869 0.0000000000
36745  -31.042  -34.447  40.690 0.0000000000
36744  -30.182  -34.907  40.934 0.0000000000
39792  -42.846  -32.981  47.034 0.0000000000
38719  -42.580  -33.375  47.135 0.0000000000
39802  -43.398  -33.173  45.809 0.0000000000
38788  -42.968  -33.686  42.806 0.0000000000
38785  -43.568  -33.965  43.888 0.0000000000
37724  -43.172  -34.591  42.835 0.0000000000
135935  -43.315  -35.700  43.060 0.0000000000
36727  -42.691  -34.955  42.286 0.0000000000
38800  -41.029  -33.410  40.493 0.0000000000
38791  -41.459  -33.386  41.124 0.0000000000
36761  -39.626  -35.722  39.174 0.0000000000
135267  -40.729  -34.935  40.245 0.0000000000
36748  -40.967  -35.871  40.892 0.0000000000
35757  -39.596  -37.217  40.158 0.0000000000
35769  -39.294  -36.740  39.438 0.0000000000
140416  -37.670  -36.902  38.687 0.0000000000
35766  -37.233  -36.728  38.719 0.0000000000
37805  -37.290  -34.553  35.860 0.0000000000
37806  -37.880  -34.552  36.514 0.0000000000
36805  -36.776  -35.396  35.705 0.0000000000
36789  -35.833  -35.667  35.688 0.0000000000
36790  -36.453  -35.812  36.033 0.0000000000
36776  -36.222  -35.928  36.580 0.0000000000
37791  -35.749  -35.561  36.929 0.0000000000
38842  -34.743  -33.967  37.179 0.0000000000
38826  -34.856  -33.806  38.244 0.0000000000
53038  -47.258  -20.052  43.597 0.0000000000
141393  -46.707  -19.212  43.481 0.0000000000
54112  -46.620  -18.478  43.213 0.0000000000
55178  -46.074  -16.982  43.929 0.0000000000
54088  -47.137  -19.398  47.210 0.0000000000
53012  -47.653  -20.129  46.919 0.0000000000
53011  -47.402  -19.822  46.435 0.0000000000
53023  -47.909  -20.636  46.008 0.0000000000
50916  -47.987  -21.927  43.767 0.0000000000
128324  -47.766  -20.875  43.779 0.0000000000
133703  -53.044  -12.195  30.936 0.0000000000
61524  -55.479  -11.508  31.048 0.0000000000
39778  -40.047  -32.767  47.722 0.0000000000
39791  -40.678  -33.361  47.344 0.0000000000
38728  -42.432  -33.894  46.860 0.0000000000
57342  -48.815  -15.388  39.146 0.0000000000
58301  -49.002  -14.417  38.824 0.0000000000
125966  -49.612  -13.583  38.272 0.0000000000
60371  -50.950  -12.810  38.763 0.0000000000
46944  -42.889  -25.332  51.533 0.0000000000
45852  -42.794  -25.823  51.139 0.0000000000
48009  -42.330  -25.191  50.049 0.0000000000
138071  -41.820  -25.209  49.534 0.0000000000
48099  -41.021  -24.901  40.334 0.0000000000
48086  -40.488  -24.143  40.698 0.0000000000
47122  -41.148  -26.309  39.653 0.0000000000
46066  -41.582  -27.231  38.742 0.0000000000
137852  -41.779  -27.023  38.384 0.0000000000
46081  -41.861  -27.153  37.356 0.0000000000
52078  -41.215  -19.891  35.095 0.0000000000
141923  -41.848  -19.601  35.235 0.0000000000
65766  -60.208  -6.963  34.875 0.0000000000
147234  -60.313  -8.654  35.033 0.0000000000
146588  -60.336  -7.979  34.772 0.0000000000
63663  -62.028  -9.786  33.555 0.0000000000
63664  -62.577  -9.728  33.100 0.0000000000
35654  -35.192  -36.953  47.499 0.0000000000
35670  -35.439  -36.571  46.710 0.0000000000
34666  -36.908  -37.799  46.783 0.0000000000
35740  -36.732  -36.866  41.431 0.0000000000
36724  -35.535  -35.596  41.424 0.0000000000
37728  -34.252  -34.736  41.227 0.0000000000
37745  -33.953  -34.118  40.607 0.0000000000
39847  -38.962  -32.151  40.913 0.0000000000
39853  -39.082  -32.423  40.074 0.0000000000
39862  -38.910  -32.401  39.119 0.0000000000
53079  -45.673  -19.386  38.413 0.0000000000
53090  -45.494  -19.062  37.591 0.0000000000
128608  -46.443  -19.301  38.598 0.0000000000
53080  -47.752  -19.085  39.049 0.0000000000
143075  -49.464  -18.867  41.711 0.0000000000
53059  -49.506  -19.271  40.856 0.0000000000
54127  -49.928  -18.557  41.552 0.0000000000
54128  -50.253  -18.230  41.280 0.0000000000
150648  -50.447  -17.877  41.246 0.0000000000
55208  -51.014  -17.212  42.240 0.0000000000
56316  -51.176  -16.707  42.415 0.0000000000
50768  -45.603  -21.334  51.075 0.0000000000
50788  -45.357  -21.451  50.262 0.0000000000
50807  -45.139  -21.162  49.499 0.0000000000
50829  -44.632  -20.954  48.592 0.0000000000
50899  -45.922  -22.239  45.113 0.0000000000
50882  -45.221  -21.554  45.747 0.0000000000
127637  -44.891  -21.825  44.853 0.0000000000
50914  -43.670  -21.739  43.716 0.0000000000
50925  -42.160  -21.990  42.400 0.0000000000
49912  -42.804  -22.786  40.893 0.0000000000
49929  -43.018  -22.365  40.338 0.0000000000
50949  -45.587  -21.468  40.950 0.0000000000
51992  -45.056  -21.015  40.346 0.0000000000
52004  -44.632  -20.581  39.638 0.0000000000
52019  -44.244  -20.184  38.893 0.0000000000
38782  -37.004  -33.238  43.604 0.0000000000
38764  -37.700  -33.135  43.907 0.0000000000
37703  -38.601  -34.393  43.838 0.0000000000
36684  -41.887  -36.156  44.611 0.0000000000
36697  -41.297  -36.719  44.260 0.0000000000
36698  -42.533  -37.014  44.288 0.0000000000
34731  -41.255  -38.622  42.522 0.0000000000
33771  -40.133  -39.055  41.974 0.0000000000
129308  -40.308  -38.459  41.514 0.0000000000
34759  -39.130  -37.900  40.216 0.0000000000
55272  -46.008  -17.970  36.071 0.0000000000
58321  -47.358  -14.957  35.562 0.0000000000
125110  -52.168  -12.543  34.213 0.0000000000
60423  -52.699  -12.535  34.654 0.0000000000
41790  -41.501  -30.009  49.910 0.0000000000
42797  -41.674  -29.876  48.684 0.0000000000
44853  -40.940  -27.432  47.697 0.0000000000
43778  -40.925  -28.162  47.310 0.0000000000
43784  -40.668  -28.308  46.611 0.0000000000
42840  -39.710  -29.512  44.569 0.0000000000
42839  -38.997  -29.203  44.170 0.0000000000
146353  -38.504  -28.909  43.720 0.0000000000
49805  -41.865  -22.386  48.435 0.0000000000
48920  -41.241  -22.978  48.067 0.0000000000
48926  -40.416  -23.503  46.778 0.0000000000
48038  -39.675  -24.054  45.495 0.0000000000
47090  -38.309  -25.266  41.276 0.0000000000
47073  -38.066  -25.321  42.342 0.0000000000
47072  -37.799  -25.973  41.799 0.0000000000
45980  -37.672  -26.759  42.176 0.0000000000
44884  -37.665  -27.511  42.494 0.0000000000
44893  -37.526  -27.442  41.670 0.0000000000
144322  -37.642  -28.283  40.484 0.0000000000
49944  -40.695  -23.182  38.146 0.0000000000
147551  -38.778  -29.897  52.102 0.0000000000
43729  -37.843  -28.371  52.465 0.0000000000
47965  -39.911  -23.856  52.801 0.0000000000
141413  -40.620  -24.375  52.429 0.0000000000
51818  -42.969  -20.392  52.571 0.0000000000
59197  -46.255  -13.245  48.124 0.0000000000
58230  -46.289  -14.154  46.809 0.0000000000
59223  -46.836  -13.336  47.333 0.0000000000
147657  -47.599  -13.207  46.776 0.0000000000
143261  -48.393  -12.865  46.685 0.0000000000
60296  -50.623  -13.119  45.195 0.0000000000
59233  -51.247  -13.636  44.841 0.0000000000
59234  -51.804  -13.564  44.568 0.0000000000
60314  -52.320  -13.060  44.298 0.0000000000
63523  -54.083  -8.910  43.008 0.0000000000
137763  -53.896  -9.990  43.261 0.0000000000
62442  -53.759  -10.975  43.384 0.0000000000
61349  -53.589  -11.857  43.531 0.0000000000
61359  -54.055  -11.442  43.284 0.0000000000
60324  -54.091  -11.958  43.240 0.0000000000
60331  -54.077  -12.411  42.408 0.0000000000
126114  -54.176  -12.347  41.645 0.0000000000
61391  -56.793  -11.883  39.542 0.0000000000
60353  -56.221  -12.144  39.916 0.0000000000
60365  -56.479  -12.290  39.150 0.0000000000
60399  -56.128  -12.587  37.093 0.0000000000
125420  -56.118  -12.553  36.388 0.0000000000
60414  -56.553  -12.446  35.809 0.0000000000
65742  -58.108  -6.792  38.566 0.0000000000
62550  -60.359  -11.043  35.355 0.0000000000
61448  -59.524  -11.671  35.516 0.0000000000
143363  -59.029  -11.837  35.283 0.0000000000
61465  -58.666  -11.717  34.688 0.0000000000
61497  -57.381  -11.302  33.240 0.0000000000
63700  -59.903  -9.133  30.851 0.0000000000
63721  -59.379  -8.905  29.797 0.0000000000
64749  -64.093  -9.044  30.904 0.0000000000
64785  -64.931  -9.074  28.647 0.0000000000
63726  -64.473  -9.217  29.372 0.0000000000
31681  -34.053  -40.363  49.789 0.0000000000
31696  -36.156  -40.461  48.125 0.0000000000
127426  -35.373  -40.747  47.947 0.0000000000
31708  -35.140  -40.703  47.135 0.0000000000
31727  -33.406  -40.406  45.974 0.0000000000
32728  -32.894  -39.990  45.534 0.0000000000
32749  -32.746  -39.396  44.917 0.0000000000
33715  -32.213  -38.801  44.265 0.0000000000
147269  -38.828  -38.188  45.076 0.0000000000
33703  -38.811  -38.937  45.796 0.0000000000
33704  -39.434  -39.747  45.512 0.0000000000
31747  -39.098  -40.287  45.337 0.0000000000
32768  -37.755  -39.829  44.196 0.0000000000
34727  -34.243  -36.908  42.985 0.0000000000
34726  -33.371  -36.981  42.946 0.0000000000
35713  -31.140  -36.735  42.313 0.0000000000
36743  -29.394  -35.211  40.925 0.0000000000
133979  -43.035  -32.295  45.743 0.0000000000
39822  -43.225  -32.747  44.872 0.0000000000
39837  -43.027  -32.784  43.849 0.0000000000
38811  -40.145  -33.765  39.332 0.0000000000
37765  -40.488  -34.228  39.682 0.0000000000
37764  -39.844  -34.554  38.991 0.0000000000
35776  -38.893  -36.449  38.707 0.0000000000
35775  -37.284  -36.657  37.973 0.0000000000
37803  -35.245  -35.012  36.415 0.0000000000
51995  -47.925  -20.640  40.883 0.0000000000
53052  -48.961  -19.925  41.511 0.0000000000
54118  -48.161  -19.119  42.321 0.0000000000
137860  -48.973  -19.583  41.908 0.0000000000
54119  -49.130  -18.743  42.044 0.0000000000
55205  -49.599  -17.945  42.277 0.0000000000
134889  -49.716  -16.576  43.142 0.0000000000
51860  -47.092  -19.851  49.431 0.0000000000
50809  -46.681  -20.619  49.180 0.0000000000
50832  -47.176  -20.493  48.631 0.0000000000
50848  -47.205  -21.243  47.530 0.0000000000
50865  -47.349  -21.666  46.689 0.0000000000
51928  -47.996  -20.924  46.830 0.0000000000
50883  -47.490  -22.096  45.882 0.0000000000
49881  -45.183  -22.512  42.943 0.0000000000
146669  -45.255  -22.437  42.449 0.0000000000
49899  -45.713  -22.288  42.144 0.0000000000
49900  -46.705  -22.209  42.457 0.0000000000
49884  -47.783  -22.118  43.356 0.0000000000
50926  -47.553  -22.002  42.727 0.0000000000
50950  -47.346  -21.309  41.434 0.0000000000
60502  -54.338  -11.789  28.766 0.0000000000
40854  -38.136  -31.858  45.794 0.0000000000
38740  -39.033  -33.192  44.961 0.0000000000
39801  -39.151  -32.894  45.797 0.0000000000
38726  -40.474  -33.620  46.528 0.0000000000
36685  -42.907  -36.272  44.641 0.0000000000
35694  -43.195  -36.706  44.116 0.0000000000
35721  -43.178  -36.707  43.421 0.0000000000
56364  -48.202  -17.180  38.039 0.0000000000
136000  -47.282  -17.030  36.775 0.0000000000
56363  -47.792  -16.584  37.326 0.0000000000
142428  -47.729  -15.735  36.860 0.0000000000
57355  -47.998  -15.066  36.904 0.0000000000
131296  -48.589  -13.671  35.124 0.0000000000
59357  -50.199  -12.991  36.363 0.0000000000
60397  -51.852  -12.616  36.583 0.0000000000
60398  -52.838  -12.599  36.995 0.0000000000
44799  -41.869  -27.403  51.347 0.0000000000
43754  -42.070  -28.089  50.603 0.0000000000
44828  -42.088  -27.603  49.987 0.0000000000
44827  -41.785  -27.045  49.374 0.0000000000
44842  -41.398  -27.481  48.487 0.0000000000
45916  -41.006  -26.763  48.134 0.0000000000
45932  -40.178  -26.720  46.695 0.0000000000
49846  -40.342  -22.232  44.522 0.0000000000
49845  -39.724  -22.822  44.255 0.0000000000
49859  -39.464  -22.809  43.282 0.0000000000
48950  -38.785  -23.596  42.386 0.0000000000
48070  -38.483  -24.118  42.124 0.0000000000
48085  -39.494  -24.197  40.891 0.0000000000
48084  -38.708  -24.432  41.339 0.0000000000
47106  -38.833  -25.829  40.494 0.0000000000
44940  -39.242  -27.558  38.962 0.0000000000
44928  -39.989  -27.332  39.209 0.0000000000
44941  -40.252  -27.448  38.695 0.0000000000
44957  -40.397  -27.455  37.845 0.0000000000
44958  -41.399  -27.545  37.392 0.0000000000
126930  -40.344  -21.365  36.209 0.0000000000
51036  -39.896  -21.093  35.362 0.0000000000
52076  -39.653  -20.663  34.461 0.0000000000
63533  -54.921  -9.861  42.504 0.0000000000
62452  -55.189  -10.696  42.288 0.0000000000
61368  -55.347  -11.299  41.970 0.0000000000
62468  -55.641  -10.693  41.729 0.0000000000
61375  -56.275  -11.399  40.682 0.0000000000
61381  -56.676  -11.353  40.063 0.0000000000
61382  -57.066  -11.317  39.524 0.0000000000
61392  -57.385  -11.655  38.872 0.0000000000
140257  -59.154  -7.572  36.851 0.0000000000
64693  -59.694  -9.310  36.097 0.0000000000
63618  -60.210  -10.222  35.627 0.0000000000
134957  -60.677  -10.986  34.751 0.0000000000
63673  -60.762  -10.134  32.429 0.0000000000
62607  -61.828  -10.401  33.241 0.0000000000
66918  -63.918  -7.008  30.374 0.0000000000
34633  -34.624  -37.837  48.887 0.0000000000
33658  -36.051  -38.933  49.044 0.0000000000
34650  -35.794  -37.723  47.990 0.0000000000
32695  -36.533  -39.659  48.692 0.0000000000
31697  -36.789  -40.148  48.215 0.0000000000
32731  -35.664  -40.135  45.769 0.0000000000
33744  -38.476  -39.795  43.523 0.0000000000
35718  -35.397  -36.497  42.383 0.0000000000
35717  -34.604  -36.391  42.534 0.0000000000
130974  -31.977  -35.375  41.570 0.0000000000
37743  -32.003  -34.279  40.689 0.0000000000
39843  -41.916  -32.585  42.559 0.0000000000
39842  -40.949  -32.511  41.844 0.0000000000
133092  -40.553  -32.678  41.103 0.0000000000
39855  -40.480  -33.209  40.058 0.0000000000
39854  -40.007  -32.849  39.987 0.0000000000
39863  -39.981  -33.232  39.467 0.0000000000
54199  -43.469  -18.632  35.141 0.0000000000
54168  -45.730  -18.366  36.442 0.0000000000
54169  -46.520  -18.188  36.799 0.0000000000
53068  -47.832  -19.546  39.712 0.0000000000
54140  -48.803  -18.757  39.572 0.0000000000
55266  -48.250  -17.878  38.310 0.0000000000
56348  -48.574  -16.797  38.580 0.0000000000
56349  -48.923  -16.381  39.220 0.0000000000
57334  -49.421  -15.967  40.080 0.0000000000
58286  -49.800  -15.128  40.627 0.0000000000
58287  -50.322  -14.510  41.061 0.0000000000
142356  -43.686  -23.950  50.998 0.0000000000
48898  -44.153  -23.373  51.111 0.0000000000
127753  -43.474  -22.878  50.187 0.0000000000
49799  -42.841  -22.725  49.641 0.0000000000
49800  -43.616  -22.044  49.704 0.0000000000
49812  -41.469  -22.190  47.602 0.0000000000
49824  -41.181  -22.116  46.724 0.0000000000
49834  -40.975  -22.015  46.002 0.0000000000
50846  -44.422  -20.829  47.448 0.0000000000
50881  -44.195  -21.232  45.447 0.0000000000
50862  -43.398  -20.849  46.727 0.0000000000
50861  -42.555  -21.017  46.269 0.0000000000
50879  -41.260  -21.632  45.337 0.0000000000
49860  -40.173  -22.123  43.407 0.0000000000
49877  -40.712  -22.117  42.250 0.0000000000
49878  -41.666  -22.364  41.869 0.0000000000
49894  -41.046  -22.826  41.450 0.0000000000
48961  -40.823  -23.464  41.025 0.0000000000
48974  -41.312  -23.957  40.570 0.0000000000
48112  -41.259  -25.060  39.710 0.0000000000
48122  -41.037  -24.800  39.156 0.0000000000
47141  -40.877  -25.414  38.329 0.0000000000
49927  -41.780  -23.155  39.450 0.0000000000
49963  -40.977  -22.212  37.810 0.0000000000
50996  -41.374  -21.365  37.421 0.0000000000
50964  -43.437  -21.612  39.850 0.0000000000
50981  -42.351  -21.506  38.701 0.0000000000
52029  -41.893  -20.554  37.012 0.0000000000
52049  -42.099  -20.013  36.309 0.0000000000
52031  -43.239  -19.915  37.565 0.0000000000
52050  -42.701  -19.873  36.881 0.0000000000
53101  -42.640  -19.604  36.214 0.0000000000
53124  -42.965  -19.174  35.737 0.0000000000
66884  -61.241  -5.911  33.354 0.0000000000
66890  -61.788  -6.231  32.679 0.0000000000
67877  -61.860  -5.522  32.159 0.0000000000
66891  -62.376  -6.351  32.064 0.0000000000
67892  -63.075  -5.669  31.014 0.0000000000
68912  -62.074  -4.102  30.702 0.0000000000
67934  -63.638  -5.150  30.050 0.0000000000
138740  -64.059  -5.035  29.364 0.0000000000
37702  -35.435  -34.415  44.168 0.0000000000
36680  -35.777  -35.136  44.499 0.0000000000
36681  -36.664  -35.483  44.133 0.0000000000
35693  -37.800  -36.731  44.431 0.0000000000
37718  -37.149  -34.352  43.564 0.0000000000
36682  -37.520  -35.911  43.943 0.0000000000
147963  -38.858  -37.459  44.453 0.0000000000
33720  -40.055  -39.633  44.794 0.0000000000
32754  -40.098  -40.069  44.406 0.0000000000
126991  -39.286  -33.952  44.428 0.0000000000
35700  -40.443  -37.077  44.091 0.0000000000
32771  -40.605  -39.587  44.233 0.0000000000
32779  -39.698  -39.908  43.178 0.0000000000
33759  -39.082  -39.577  42.697 0.0000000000
33769  -38.579  -38.804  41.897 0.0000000000
34746  -38.034  -38.167  41.284 0.0000000000
40940  -37.583  -31.188  38.504 0.0000000000
55302  -44.200  -17.058  33.514 0.0000000000
56390  -46.945  -16.550  36.197 0.0000000000
57376  -46.109  -16.123  35.116 0.0000000000
137100  -46.236  -15.426  34.546 0.0000000000
57375  -45.650  -15.857  34.345 0.0000000000
59393  -50.619  -12.715  34.040 0.0000000000
60448  -52.106  -12.485  32.641 0.0000000000
60449  -52.776  -12.434  32.268 0.0000000000
39768  -41.772  -32.523  48.441 0.0000000000
39758  -41.332  -32.108  49.106 0.0000000000
39769  -42.209  -32.291  48.101 0.0000000000
40821  -42.539  -32.400  47.383 0.0000000000
40789  -41.625  -31.264  49.007 0.0000000000
141536  -42.316  -31.861  47.732 0.0000000000
40835  -42.826  -32.317  46.639 0.0000000000
40855  -42.423  -31.599  45.203 0.0000000000
40880  -42.016  -31.498  44.530 0.0000000000
42796  -41.538  -29.303  48.184 0.0000000000
42808  -41.484  -29.619  47.401 0.0000000000
43785  -41.144  -28.971  46.966 0.0000000000
42819  -41.477  -29.851  46.683 0.0000000000
41873  -41.680  -30.959  44.922 0.0000000000
40903  -41.165  -31.532  43.556 0.0000000000
40902  -40.252  -31.341  43.198 0.0000000000
41903  -39.335  -31.036  42.865 0.0000000000
40916  -38.918  -31.365  42.125 0.0000000000
40924  -38.558  -31.575  41.373 0.0000000000
40923  -37.943  -31.112  41.050 0.0000000000
48010  -42.604  -24.414  50.161 0.0000000000
48008  -41.967  -24.510  49.624 0.0000000000
48016  -41.322  -24.695  48.996 0.0000000000
48911  -41.169  -23.787  48.537 0.0000000000
48015  -40.851  -24.436  48.262 0.0000000000
46972  -40.863  -25.309  48.331 0.0000000000
45931  -39.676  -26.717  45.836 0.0000000000
48939  -39.562  -23.555  44.724 0.0000000000
128983  -39.390  -24.888  45.311 0.0000000000
47057  -38.342  -25.350  43.306 0.0000000000
47039  -38.721  -25.287  44.137 0.0000000000
47040  -39.105  -25.398  44.862 0.0000000000
45957  -39.153  -26.274  45.059 0.0000000000
44879  -39.211  -27.310  45.042 0.0000000000
43806  -38.259  -28.296  43.546 0.0000000000
42848  -38.030  -29.039  43.058 0.0000000000
138442  -37.459  -28.162  42.053 0.0000000000
43812  -37.635  -28.862  42.280 0.0000000000
42859  -37.825  -29.496  42.413 0.0000000000
133722  -37.626  -30.660  40.731 0.0000000000
41928  -37.476  -30.560  40.097 0.0000000000
51027  -39.712  -21.838  35.894 0.0000000000
141181  -45.717  -17.938  46.680 0.0000000000
55169  -45.626  -17.166  45.935 0.0000000000
56264  -45.438  -16.385  46.539 0.0000000000
132033  -45.395  -15.637  46.918 0.0000000000
57266  -45.585  -14.785  47.249 0.0000000000
35651  -32.725  -36.722  47.587 0.0000000000
35652  -33.570  -36.657  47.692 0.0000000000
35668  -33.903  -36.141  47.088 0.0000000000
36653  -33.476  -35.597  46.540 0.0000000000
36654  -34.203  -35.676  46.477 0.0000000000
36668  -34.505  -35.249  45.792 0.0000000000
133292  -34.637  -34.144  44.532 0.0000000000
146765  -35.170  -33.804  43.945 0.0000000000
39834  -35.693  -32.517  43.654 0.0000000000
40901  -35.946  -31.816  43.827 0.0000000000
39819  -36.623  -31.861  44.027 0.0000000000
40878  -37.080  -31.599  44.577 0.0000000000
40853  -37.446  -31.401  45.374 0.0000000000
129529  -37.716  -31.265  46.289 0.0000000000
40834  -38.414  -31.772  46.750 0.0000000000
135074  -38.678  -31.695  47.712 0.0000000000
40820  -39.465  -32.175  48.195 0.0000000000
40806  -39.709  -32.019  49.161 0.0000000000
40786  -40.296  -31.843  49.713 0.0000000000
40766  -40.479  -31.389  50.206 0.0000000000
41788  -40.634  -30.846  50.522 0.0000000000
42749  -39.177  -29.482  51.883 0.0000000000
42761  -39.741  -29.980  51.510 0.0000000000
41777  -40.817  -30.076  50.688 0.0000000000
42763  -41.166  -29.289  50.905 0.0000000000
43744  -40.889  -28.868  51.210 0.0000000000
43733  -41.385  -28.151  51.266 0.0000000000
45833  -39.793  -26.847  51.438 0.0000000000
44780  -41.178  -27.525  51.435 0.0000000000
133881  -41.714  -26.784  51.605 0.0000000000
45850  -42.190  -26.649  51.433 0.0000000000
45835  -42.156  -26.087  51.822 0.0000000000
46934  -42.561  -25.323  51.942 0.0000000000
125067  -42.892  -24.560  52.171 0.0000000000
47984  -43.359  -24.268  52.013 0.0000000000
49741  -41.418  -22.160  53.168 0.0000000000
48864  -43.180  -23.182  52.512 0.0000000000
48876  -43.757  -23.612  52.192 0.0000000000
48877  -44.362  -23.219  52.031 0.0000000000
49779  -44.790  -22.710  51.889 0.0000000000
49765  -45.044  -22.210  52.027 0.0000000000
51819  -43.771  -20.368  52.260 0.0000000000
50753  -45.258  -21.470  51.624 0.0000000000
51847  -45.698  -20.739  51.194 0.0000000000
50769  -46.090  -20.671  50.564 0.0000000000
52945  -46.139  -20.106  50.673 0.0000000000
54028  -45.044  -19.176  50.919 0.0000000000
52957  -45.929  -19.422  50.610 0.0000000000
52958  -46.578  -19.648  50.101 0.0000000000
52972  -46.781  -19.357  49.602 0.0000000000
54054  -46.543  -18.912  49.313 0.0000000000
54075  -46.673  -18.769  47.780 0.0000000000
55147  -45.857  -18.138  47.434 0.0000000000
55177  -45.885  -16.582  44.881 0.0000000000
56287  -46.375  -16.008  44.105 0.0000000000
58238  -46.555  -14.406  45.969 0.0000000000
58250  -46.791  -14.690  45.101 0.0000000000
149075  -46.849  -15.748  43.673 0.0000000000
57304  -47.588  -15.752  43.326 0.0000000000
57305  -48.900  -15.711  43.457 0.0000000000
59213  -48.426  -12.391  47.192 0.0000000000
147848  -48.728  -12.566  46.790 0.0000000000
60278  -49.315  -12.256  46.443 0.0000000000
127750  -49.079  -12.808  46.380 0.0000000000
141381  -49.915  -15.870  43.776 0.0000000000
57306  -50.605  -16.307  43.579 0.0000000000
56300  -51.063  -16.693  43.202 0.0000000000
56301  -51.402  -16.367  43.280 0.0000000000
57313  -51.559  -16.133  43.065 0.0000000000
57297  -51.858  -15.096  44.077 0.0000000000
58263  -51.921  -15.204  43.585 0.0000000000
57321  -51.334  -15.816  42.476 0.0000000000
58279  -51.476  -14.721  42.432 0.0000000000
59288  -51.030  -13.907  41.557 0.0000000000
61347  -51.488  -11.601  43.927 0.0000000000
59245  -52.690  -13.318  44.028 0.0000000000
146503  -53.595  -12.369  43.450 0.0000000000
59261  -53.108  -12.990  43.588 0.0000000000
131026  -52.708  -13.533  43.592 0.0000000000
59277  -52.481  -13.706  43.117 0.0000000000
59301  -51.063  -13.162  40.832 0.0000000000
60347  -50.803  -13.002  40.093 0.0000000000
60361  -51.324  -12.708  39.445 0.0000000000
60372  -51.762  -12.628  38.689 0.0000000000
60362  -52.330  -12.519  39.506 0.0000000000
60340  -55.362  -12.065  41.164 0.0000000000
60363  -55.022  -12.455  39.733 0.0000000000
60364  -55.800  -12.398  39.450 0.0000000000
144489  -54.025  -12.562  37.792 0.0000000000
125202  -53.572  -12.581  37.472 0.0000000000
60424  -53.942  -12.561  35.240 0.0000000000
60452  -54.959  -11.925  32.587 0.0000000000
63604  -58.936  -9.963  37.111 0.0000000000
62518  -58.698  -10.804  37.412 0.0000000000
61432  -59.334  -11.430  36.429 0.0000000000
61415  -58.341  -11.800  37.403 0.0000000000
127696  -57.642  -12.320  37.316 0.0000000000
60415  -57.422  -12.369  35.910 0.0000000000
61525  -56.275  -11.170  30.893 0.0000000000
147451  -56.320  -11.145  30.292 0.0000000000
61535  -56.337  -11.107  29.721 0.0000000000
141078  -58.667  -10.160  31.984 0.0000000000
62644  -58.205  -9.912  30.574 0.0000000000
62662  -57.348  -10.351  29.356 0.0000000000
65774  -62.090  -8.181  32.869 0.0000000000
64733  -63.322  -9.398  32.089 0.0000000000
143135  -63.062  -10.098  32.057 0.0000000000
63725  -64.027  -9.428  30.110 0.0000000000
33633  -34.728  -38.972  49.692 0.0000000000
32673  -34.608  -39.699  49.725 0.0000000000
31695  -34.848  -40.808  48.490 0.0000000000
32747  -30.417  -39.817  44.856 0.0000000000
139388  -31.028  -39.475  44.632 0.0000000000
35682  -36.539  -36.554  45.395 0.0000000000
33695  -38.968  -39.835  46.226 0.0000000000
33694  -38.352  -39.402  46.699 0.0000000000
33680  -37.997  -39.574  47.327 0.0000000000
31711  -37.898  -40.329  46.958 0.0000000000
32732  -36.810  -40.423  45.983 0.0000000000
33743  -37.716  -39.273  43.433 0.0000000000
128695  -36.915  -39.701  44.597 0.0000000000
33741  -35.606  -38.167  43.816 0.0000000000
32752  -35.318  -39.486  45.055 0.0000000000
32751  -34.337  -39.231  44.914 0.0000000000
33716  -33.087  -38.670  44.333 0.0000000000
34699  -31.338  -37.850  43.151 0.0000000000
147233  -30.838  -37.960  43.051 0.0000000000
127883  -31.002  -35.344  41.378 0.0000000000
39780  -41.691  -33.091  48.116 0.0000000000
38743  -42.901  -34.339  46.238 0.0000000000
39803  -43.576  -33.639  45.102 0.0000000000
38768  -43.637  -34.194  44.522 0.0000000000
37708  -43.533  -35.072  44.707 0.0000000000
36687  -43.654  -35.504  44.125 0.0000000000
39850  -41.694  -33.057  41.681 0.0000000000
38792  -41.948  -33.605  41.605 0.0000000000
37730  -42.081  -34.312  41.589 0.0000000000
37748  -41.077  -34.036  40.284 0.0000000000
150269  -42.150  -35.191  41.758 0.0000000000
36726  -41.831  -35.939  41.599 0.0000000000
35742  -41.386  -36.842  41.514 0.0000000000
34765  -38.518  -37.594  39.728 0.0000000000
35768  -38.569  -37.147  39.165 0.0000000000
35767  -38.059  -37.259  39.159 0.0000000000
34764  -38.114  -37.609  39.780 0.0000000000
35755  -37.188  -36.769  39.552 0.0000000000
36759  -36.149  -35.300  39.701 0.0000000000
131792  -38.528  -32.597  37.575 0.0000000000
39884  -38.281  -32.932  36.918 0.0000000000
38843  -38.700  -33.226  37.463 0.0000000000
37792  -38.378  -34.597  37.053 0.0000000000
36792  -37.911  -35.323  36.760 0.0000000000
36777  -37.529  -36.049  36.917 0.0000000000
142878  -37.161  -36.403  37.272 0.0000000000
133936  -36.720  -36.314  37.315 0.0000000000
145353  -35.780  -35.310  37.775 0.0000000000
36768  -36.129  -35.478  38.552 0.0000000000
37763  -35.568  -34.582  39.392 0.0000000000
31710  -36.887  -40.467  47.621 0.0000000000
32674  -35.354  -39.296  49.435 0.0000000000
32770  -39.941  -40.153  43.818 0.0000000000
33656  -34.312  -38.407  49.451 0.0000000000
33659  -36.784  -39.198  48.531 0.0000000000
34687  -41.165  -39.053  43.996 0.0000000000
34728  -35.162  -36.928  42.858 0.0000000000
36670  -36.139  -35.847  44.948 0.0000000000
37721  -43.566  -35.187  43.545 0.0000000000
38717  -41.441  -33.405  47.679 0.0000000000
38729  -43.054  -33.563  46.562 0.0000000000
38745  -43.536  -34.355  45.164 0.0000000000
38783  -37.668  -33.893  43.660 0.0000000000
38784  -43.251  -33.451  43.470 0.0000000000
38787  -42.364  -33.279  42.259 0.0000000000
38789  -43.438  -34.231  43.392 0.0000000000
40807  -41.731  -31.950  48.766 0.0000000000
40904  -41.904  -31.760  43.894 0.0000000000
41803  -41.627  -30.397  49.221 0.0000000000
42762  -40.467  -29.649  51.129 0.0000000000
43771  -41.803  -28.911  48.956 0.0000000000
44927  -38.993  -27.398  39.388 0.0000000000
44943  -41.707  -27.328  37.893 0.0000000000
48002  -43.240  -24.375  50.705 0.0000000000
48098  -40.187  -24.992  40.478 0.0000000000
48100  -41.415  -24.595  40.148 0.0000000000
48897  -43.682  -23.502  50.661 0.0000000000
48946  -38.978  -23.436  43.120 0.0000000000
49793  -45.297  -21.747  50.986 0.0000000000
49801  -44.607  -21.793  50.061 0.0000000000
50810  -46.975  -20.295  49.372 0.0000000000
50831  -46.891  -20.857  48.417 0.0000000000
50849  -47.398  -20.889  47.925 0.0000000000
50860  -41.588  -21.533  46.148 0.0000000000
50884  -47.881  -21.535  46.357 0.0000000000
50895  -40.881  -21.639  43.841 0.0000000000
50915  -44.532  -22.008  44.042 0.0000000000
51833  -44.470  -20.617  52.072 0.0000000000
51895  -47.325  -20.141  48.873 0.0000000000
51913  -43.886  -20.800  47.009 0.0000000000
51953  -47.903  -21.500  44.257 0.0000000000
52943  -44.550  -19.524  51.478 0.0000000000
53022  -47.189  -19.784  45.504 0.0000000000
53039  -47.874  -20.518  43.055 0.0000000000
53046  -49.434  -19.239  41.398 0.0000000000
53081  -48.209  -18.800  39.067 0.0000000000
54055  -47.083  -19.354  49.040 0.0000000000
54167  -44.994  -18.554  36.245 0.0000000000
55219  -50.667  -17.660  41.772 0.0000000000
56309  -48.063  -17.187  42.574 0.0000000000
56310  -49.023  -17.259  42.563 0.0000000000
56315  -50.926  -17.148  41.816 0.0000000000
57292  -47.032  -15.133  44.127 0.0000000000
58255  -51.594  -14.721  44.509 0.0000000000
58256  -52.056  -14.437  44.273 0.0000000000
59230  -48.918  -13.315  45.944 0.0000000000
59231  -49.633  -13.283  45.708 0.0000000000
60376  -57.448  -12.149  38.353 0.0000000000
60387  -57.874  -12.124  37.735 0.0000000000
61416  -58.811  -11.407  37.066 0.0000000000
125612  -38.362  -24.685  42.738 0.0000000000
127021  -61.568  -4.344  30.934 0.0000000000
131633  -43.771  -23.928  51.383 0.0000000000
133394  -47.526  -19.815  48.105 0.0000000000
135224  -58.313  -11.345  37.704 0.0000000000
137438  -47.719  -20.756  47.488 0.0000000000
137766  -50.734  -13.632  45.083 0.0000000000
139807  -40.473  -25.415  47.593 0.0000000000
140543  -49.871  -18.842  41.162 0.0000000000
141225  -40.313  -24.201  47.105 0.0000000000
141980  -42.968  -24.871  51.872 0.0000000000
143304  -43.766  -21.008  48.143 0.0000000000
143434  -47.512  -19.773  47.610 0.0000000000
144006  -48.989  -17.127  39.182 0.0000000000
144156  -40.382  -39.947  43.849 0.0000000000
144554  -50.556  -16.888  43.100 0.0000000000
144951  -44.664  -22.694  52.131 0.0000000000
145000  -33.620  -33.306  39.507 0.0000000000
147814  -47.575  -22.251  45.184 0.0000000000
148320  -41.499  -28.652  51.083 0.0000000000
149757  -41.939  -26.499  49.654 0.0000000000
150715  -37.397  -40.446  47.311 0.0000000000
150727  -37.108  -33.819  43.538 0.0000000000
