#!ascii label  , from subject sub-LJ002 vox2ras=TkReg
360
81382  -27.798  7.536  -29.654 0.0000000000
77443  -25.103  3.240  -28.488 0.0000000000
78428  -31.165  4.502  -29.052 0.0000000000
73495  -29.072  -0.575  -28.537 0.0000000000
91466  -24.008  18.761  -30.036 0.0000000000
88585  -26.927  14.074  -28.913 0.0000000000
83956  -22.826  10.879  -27.705 0.0000000000
70525  -28.347  -3.957  -26.963 0.0000000000
75458  -27.723  1.255  -29.190 0.0000000000
136093  -26.403  -0.972  -27.847 0.0000000000
89530  -25.607  15.840  -29.806 0.0000000000
142153  -23.572  14.538  -29.965 0.0000000000
80427  -23.932  7.064  -28.324 0.0000000000
82260  -21.889  8.288  -26.284 0.0000000000
83129  -25.928  9.383  -29.515 0.0000000000
83977  -26.809  11.682  -29.624 0.0000000000
83985  -29.060  10.399  -29.652 0.0000000000
145572  -30.712  8.253  -30.025 0.0000000000
78407  -23.187  4.708  -27.540 0.0000000000
79416  -26.673  5.372  -29.519 0.0000000000
79428  -29.150  5.818  -29.646 0.0000000000
126431  -28.559  3.896  -29.841 0.0000000000
75473  -30.502  1.872  -29.495 0.0000000000
74454  -32.421  0.231  -28.079 0.0000000000
85643  -21.151  12.269  -26.325 0.0000000000
85680  -25.143  13.516  -29.344 0.0000000000
86585  -29.335  13.163  -29.475 0.0000000000
150604  -25.691  -2.678  -26.550 0.0000000000
71497  -29.440  -2.636  -27.693 0.0000000000
74451  -25.127  0.110  -27.629 0.0000000000
73457  -24.408  -0.845  -26.595 0.0000000000
88581  -22.484  14.844  -30.270 0.0000000000
87537  -22.458  14.663  -28.204 0.0000000000
81373  -25.256  7.170  -28.981 0.0000000000
138027  -24.589  7.926  -28.743 0.0000000000
82279  -26.100  8.497  -29.449 0.0000000000
83130  -26.782  9.913  -29.637 0.0000000000
82285  -28.767  8.622  -29.669 0.0000000000
83141  -29.919  9.659  -29.720 0.0000000000
81390  -29.211  7.879  -29.884 0.0000000000
130257  -23.751  4.121  -27.794 0.0000000000
79405  -24.344  5.466  -28.482 0.0000000000
130977  -25.204  4.057  -28.876 0.0000000000
78424  -27.157  4.754  -29.663 0.0000000000
77450  -26.717  3.236  -29.359 0.0000000000
74471  -27.916  0.533  -28.893 0.0000000000
141066  -29.093  1.742  -29.565 0.0000000000
74485  -30.354  1.096  -29.328 0.0000000000
75461  -31.651  1.223  -29.175 0.0000000000
129658  -31.140  0.100  -28.679 0.0000000000
91464  -21.672  19.223  -29.904 0.0000000000
93275  -21.456  20.522  -29.023 0.0000000000
92369  -24.303  20.002  -29.666 0.0000000000
134514  -25.679  20.139  -29.424 0.0000000000
91469  -27.494  18.414  -28.914 0.0000000000
89517  -27.005  15.085  -28.689 0.0000000000
83121  -22.855  9.825  -27.623 0.0000000000
133801  -21.584  10.229  -26.419 0.0000000000
83955  -22.194  11.045  -27.114 0.0000000000
85672  -23.644  12.919  -28.780 0.0000000000
129582  -24.192  12.568  -29.062 0.0000000000
84808  -28.898  12.043  -29.553 0.0000000000
85682  -28.284  12.671  -29.456 0.0000000000
85684  -30.027  12.790  -29.649 0.0000000000
78435  -30.317  4.909  -29.282 0.0000000000
80445  -30.682  7.012  -29.426 0.0000000000
69576  -26.865  -4.364  -26.416 0.0000000000
71481  -27.141  -3.084  -27.123 0.0000000000
71495  -27.642  -2.493  -27.502 0.0000000000
70545  -28.891  -3.278  -27.370 0.0000000000
76480  -24.698  2.396  -27.929 0.0000000000
76486  -26.252  2.317  -29.028 0.0000000000
75444  -25.115  1.539  -28.087 0.0000000000
74452  -26.460  0.263  -28.388 0.0000000000
146617  -27.462  -0.578  -28.319 0.0000000000
90552  -21.699  16.988  -30.613 0.0000000000
90530  -24.900  17.044  -30.497 0.0000000000
89554  -23.331  15.632  -30.969 0.0000000000
137595  -24.780  14.985  -30.476 0.0000000000
126113  -25.264  14.479  -29.464 0.0000000000
80418  -22.410  7.033  -26.795 0.0000000000
81367  -22.425  7.783  -26.832 0.0000000000
82271  -23.435  8.652  -28.098 0.0000000000
146460  -24.412  10.526  -28.847 0.0000000000
84804  -25.461  12.060  -29.510 0.0000000000
146096  -26.793  10.853  -29.640 0.0000000000
84820  -28.383  10.951  -29.657 0.0000000000
84822  -30.019  11.502  -29.668 0.0000000000
144806  -30.656  10.291  -29.720 0.0000000000
68573  -30.042  -4.943  -25.977 0.0000000000
70527  -30.058  -3.804  -26.916 0.0000000000
133877  -22.971  5.944  -27.539 0.0000000000
80428  -24.719  6.300  -28.695 0.0000000000
80435  -27.211  6.821  -29.625 0.0000000000
134772  -28.829  7.120  -29.829 0.0000000000
79423  -28.410  5.562  -29.776 0.0000000000
78426  -28.863  4.850  -29.765 0.0000000000
77471  -29.871  4.000  -29.540 0.0000000000
75470  -27.762  2.063  -29.401 0.0000000000
76495  -29.473  2.551  -29.637 0.0000000000
136312  -30.670  3.079  -29.339 0.0000000000
75475  -31.670  2.070  -29.405 0.0000000000
143734  -32.904  1.676  -28.441 0.0000000000
90533  -27.529  17.125  -28.499 0.0000000000
86556  -22.786  14.075  -28.317 0.0000000000
86572  -23.989  14.559  -28.972 0.0000000000
87575  -26.626  13.792  -29.136 0.0000000000
134712  -25.699  12.855  -29.425 0.0000000000
86583  -26.830  13.393  -29.268 0.0000000000
140618  -28.217  13.826  -29.168 0.0000000000
80444  -30.165  7.202  -29.884 0.0000000000
126604  -31.220  7.737  -29.529 0.0000000000
72440  -24.453  -1.632  -26.197 0.0000000000
72456  -26.529  -1.621  -27.575 0.0000000000
72457  -27.942  -1.799  -27.871 0.0000000000
72482  -29.634  -1.356  -28.293 0.0000000000
70547  -30.337  -3.210  -27.261 0.0000000000
72460  -30.810  -1.898  -27.844 0.0000000000
148311  -30.425  -1.222  -28.318 0.0000000000
87518  -21.977  14.528  -27.213 0.0000000000
81381  -26.981  7.439  -29.578 0.0000000000
81380  -26.212  7.698  -29.394 0.0000000000
144608  -27.110  8.282  -29.585 0.0000000000
82280  -28.038  8.493  -29.618 0.0000000000
81389  -28.537  7.798  -29.725 0.0000000000
77442  -24.166  3.319  -27.621 0.0000000000
77449  -24.515  4.014  -28.302 0.0000000000
128220  -25.859  3.705  -29.127 0.0000000000
144674  -25.824  2.930  -28.979 0.0000000000
74472  -28.835  0.383  -28.940 0.0000000000
138003  -29.743  0.337  -28.916 0.0000000000
74473  -30.521  0.282  -28.840 0.0000000000
73496  -30.047  -0.522  -28.610 0.0000000000
91465  -22.796  19.058  -29.949 0.0000000000
149543  -25.195  19.734  -29.618 0.0000000000
91468  -26.694  18.755  -29.243 0.0000000000
129809  -26.142  18.218  -29.600 0.0000000000
88570  -26.331  14.636  -28.785 0.0000000000
89518  -27.879  15.294  -28.696 0.0000000000
145429  -28.274  14.645  -28.826 0.0000000000
83948  -22.119  10.055  -26.888 0.0000000000
83947  -21.588  10.645  -26.468 0.0000000000
84789  -23.584  11.793  -28.494 0.0000000000
85698  -30.056  12.235  -29.668 0.0000000000
78436  -30.958  5.597  -28.930 0.0000000000
139643  -31.632  5.499  -28.907 0.0000000000
69578  -28.756  -4.768  -26.613 0.0000000000
69577  -27.775  -4.649  -26.662 0.0000000000
70524  -27.458  -3.855  -26.916 0.0000000000
70544  -28.038  -3.206  -27.250 0.0000000000
70526  -29.213  -3.918  -26.932 0.0000000000
75443  -24.358  1.611  -27.487 0.0000000000
74450  -24.746  0.801  -27.611 0.0000000000
73473  -25.839  -0.338  -27.929 0.0000000000
74453  -27.281  0.054  -28.493 0.0000000000
73474  -26.737  -0.484  -28.215 0.0000000000
89552  -20.872  16.153  -30.484 0.0000000000
90553  -22.943  16.607  -30.831 0.0000000000
88605  -21.554  15.231  -30.418 0.0000000000
88569  -22.333  14.972  -29.484 0.0000000000
88582  -23.925  14.700  -30.423 0.0000000000
137030  -24.999  14.956  -30.207 0.0000000000
124556  -24.741  14.542  -29.791 0.0000000000
80419  -23.016  6.628  -27.536 0.0000000000
81368  -23.018  7.431  -27.573 0.0000000000
82278  -25.168  8.700  -29.169 0.0000000000
82272  -24.222  8.749  -28.618 0.0000000000
83122  -23.705  9.561  -28.382 0.0000000000
83128  -24.935  9.751  -29.119 0.0000000000
140024  -25.983  10.401  -29.566 0.0000000000
83984  -28.283  10.339  -29.627 0.0000000000
83138  -27.526  10.340  -29.631 0.0000000000
84821  -29.039  11.188  -29.634 0.0000000000
83986  -29.966  10.683  -29.645 0.0000000000
82287  -30.304  8.632  -29.913 0.0000000000
132765  -30.816  9.582  -29.742 0.0000000000
82289  -31.529  9.004  -29.649 0.0000000000
147210  -29.744  -5.502  -25.737 0.0000000000
145193  -30.344  -5.327  -25.241 0.0000000000
79396  -22.685  5.407  -27.159 0.0000000000
79415  -25.534  5.595  -29.071 0.0000000000
80434  -26.496  6.205  -29.449 0.0000000000
130988  -27.391  6.118  -29.654 0.0000000000
79422  -27.627  5.453  -29.725 0.0000000000
77461  -27.472  3.968  -29.785 0.0000000000
78425  -28.019  4.757  -29.846 0.0000000000
78427  -29.289  4.190  -29.697 0.0000000000
77462  -29.403  3.459  -29.663 0.0000000000
136665  -26.838  1.589  -29.057 0.0000000000
76487  -27.044  2.433  -29.348 0.0000000000
75472  -29.873  1.772  -29.536 0.0000000000
134247  -30.117  2.360  -29.523 0.0000000000
77463  -30.080  3.082  -29.461 0.0000000000
76496  -30.579  2.521  -29.439 0.0000000000
76497  -31.157  2.702  -29.418 0.0000000000
149105  -30.997  2.122  -29.469 0.0000000000
74475  -32.110  0.777  -28.721 0.0000000000
75462  -32.389  1.605  -29.003 0.0000000000
75463  -32.693  1.019  -28.352 0.0000000000
75446  -33.057  1.379  -27.754 0.0000000000
90531  -25.842  17.155  -29.702 0.0000000000
90517  -26.766  16.415  -28.701 0.0000000000
81357  -21.323  7.800  -26.020 0.0000000000
144796  -21.867  12.859  -27.029 0.0000000000
86555  -22.219  13.773  -27.555 0.0000000000
85679  -24.422  13.564  -29.168 0.0000000000
137411  -23.859  13.926  -28.873 0.0000000000
86580  -24.470  13.874  -29.252 0.0000000000
86581  -25.142  13.832  -29.349 0.0000000000
144036  -26.133  12.201  -29.591 0.0000000000
86584  -28.332  13.117  -29.381 0.0000000000
131703  -27.470  12.978  -29.366 0.0000000000
128243  -27.494  13.457  -29.265 0.0000000000
87576  -28.455  13.539  -29.296 0.0000000000
87577  -29.617  13.522  -29.486 0.0000000000
80443  -29.190  6.643  -29.776 0.0000000000
128148  -29.604  7.316  -29.967 0.0000000000
146126  -29.648  6.596  -29.670 0.0000000000
71479  -25.138  -2.201  -26.386 0.0000000000
72441  -25.087  -1.453  -26.891 0.0000000000
72442  -25.862  -2.079  -27.066 0.0000000000
71496  -28.607  -2.467  -27.707 0.0000000000
148715  -27.217  -1.909  -27.666 0.0000000000
72458  -28.794  -1.580  -28.140 0.0000000000
72459  -29.317  -2.038  -27.978 0.0000000000
74438  -24.325  0.034  -27.113 0.0000000000
73458  -25.037  -0.645  -27.367 0.0000000000
88580  -21.050  15.017  -30.109 0.0000000000
88557  -21.896  15.414  -28.882 0.0000000000
132021  -22.420  15.295  -28.755 0.0000000000
87557  -23.015  15.074  -28.830 0.0000000000
81379  -25.420  7.982  -29.197 0.0000000000
136096  -26.721  9.077  -29.586 0.0000000000
83131  -27.447  9.276  -29.601 0.0000000000
83139  -28.196  9.453  -29.597 0.0000000000
83140  -28.957  9.526  -29.647 0.0000000000
82286  -29.515  8.676  -29.792 0.0000000000
127775  -29.803  7.999  -30.067 0.0000000000
77441  -23.199  3.915  -27.029 0.0000000000
78408  -23.995  4.728  -28.157 0.0000000000
78417  -24.883  4.739  -28.743 0.0000000000
78418  -25.895  4.638  -29.221 0.0000000000
150075  -26.585  4.752  -29.499 0.0000000000
77460  -26.607  4.190  -29.495 0.0000000000
75459  -28.578  1.095  -29.281 0.0000000000
75460  -29.450  1.082  -29.331 0.0000000000
75474  -31.053  1.502  -29.412 0.0000000000
74486  -31.055  0.822  -29.133 0.0000000000
74474  -31.527  0.631  -28.853 0.0000000000
73498  -31.783  0.013  -28.459 0.0000000000
91451  -20.484  19.364  -28.849 0.0000000000
92368  -23.172  20.189  -29.463 0.0000000000
92372  -28.323  19.342  -29.268 0.0000000000
129521  -25.731  15.188  -28.963 0.0000000000
90518  -27.347  15.966  -28.640 0.0000000000
89516  -26.449  15.466  -28.768 0.0000000000
83937  -21.031  9.830  -25.967 0.0000000000
83946  -20.830  10.614  -26.226 0.0000000000
84765  -21.210  11.178  -26.183 0.0000000000
84776  -21.890  11.834  -26.903 0.0000000000
142218  -22.447  13.004  -27.722 0.0000000000
84777  -22.824  12.119  -27.872 0.0000000000
84803  -24.927  12.790  -29.347 0.0000000000
84807  -28.113  11.640  -29.585 0.0000000000
84806  -27.213  12.106  -29.577 0.0000000000
85683  -29.157  12.690  -29.506 0.0000000000
79429  -29.793  5.817  -29.315 0.0000000000
131820  -30.096  6.577  -29.463 0.0000000000
79430  -30.377  6.083  -29.041 0.0000000000
78437  -31.340  6.255  -28.805 0.0000000000
70523  -26.599  -3.564  -26.664 0.0000000000
71480  -26.310  -2.852  -26.911 0.0000000000
71494  -26.779  -2.351  -27.324 0.0000000000
76479  -23.983  2.419  -27.206 0.0000000000
76485  -25.489  2.317  -28.499 0.0000000000
75457  -25.949  1.560  -28.543 0.0000000000
146849  -26.388  0.980  -28.543 0.0000000000
75445  -25.639  0.687  -28.139 0.0000000000
74470  -27.071  0.758  -28.786 0.0000000000
73494  -28.108  -0.204  -28.555 0.0000000000
90514  -20.086  18.112  -29.036 0.0000000000
91488  -20.737  18.227  -30.038 0.0000000000
90528  -22.349  17.957  -30.363 0.0000000000
90529  -23.595  17.582  -30.534 0.0000000000
90554  -24.094  16.152  -30.935 0.0000000000
89529  -24.925  15.549  -30.556 0.0000000000
88606  -22.940  15.147  -30.696 0.0000000000
88607  -24.096  15.157  -30.850 0.0000000000
88583  -25.339  15.149  -29.753 0.0000000000
88584  -25.710  14.645  -28.969 0.0000000000
125070  -26.166  14.192  -28.962 0.0000000000
137688  -23.644  7.980  -28.187 0.0000000000
82266  -22.933  8.178  -27.572 0.0000000000
82265  -22.472  8.438  -26.972 0.0000000000
83116  -22.908  8.930  -27.593 0.0000000000
83967  -23.604  10.677  -28.388 0.0000000000
84790  -24.476  11.645  -29.098 0.0000000000
83975  -25.229  10.982  -29.373 0.0000000000
83976  -26.116  11.426  -29.605 0.0000000000
149775  -27.231  11.059  -29.642 0.0000000000
83978  -27.643  11.183  -29.637 0.0000000000
83987  -30.977  11.063  -29.825 0.0000000000
142837  -31.674  3.905  -29.066 0.0000000000
68572  -29.369  -5.226  -26.189 0.0000000000
69579  -29.664  -4.504  -26.515 0.0000000000
80411  -22.309  6.196  -26.755 0.0000000000
80420  -23.671  6.118  -28.132 0.0000000000
79404  -23.402  5.379  -27.912 0.0000000000
80429  -25.674  6.424  -29.142 0.0000000000
135624  -26.320  6.938  -29.399 0.0000000000
148799  -28.345  7.275  -29.737 0.0000000000
80436  -28.071  6.742  -29.740 0.0000000000
80442  -28.633  6.323  -29.776 0.0000000000
78434  -29.567  4.895  -29.583 0.0000000000
77472  -30.510  3.790  -29.275 0.0000000000
76493  -27.871  3.005  -29.682 0.0000000000
142786  -28.367  1.698  -29.435 0.0000000000
75471  -28.605  2.362  -29.622 0.0000000000
76494  -28.845  3.080  -29.761 0.0000000000
77464  -31.153  3.475  -29.217 0.0000000000
76498  -31.854  3.075  -29.331 0.0000000000
90532  -26.574  17.456  -28.924 0.0000000000
86537  -21.527  13.512  -26.775 0.0000000000
148648  -23.018  14.766  -28.619 0.0000000000
85671  -23.175  13.486  -28.481 0.0000000000
86571  -23.494  14.647  -28.781 0.0000000000
87559  -23.973  14.561  -29.342 0.0000000000
87572  -24.527  14.360  -29.511 0.0000000000
87574  -25.754  14.162  -29.152 0.0000000000
131802  -25.874  13.326  -29.333 0.0000000000
84805  -26.409  12.580  -29.486 0.0000000000
85681  -26.759  12.961  -29.361 0.0000000000
86582  -26.025  13.673  -29.262 0.0000000000
88586  -28.017  14.064  -28.995 0.0000000000
81391  -30.237  7.816  -30.090 0.0000000000
81392  -30.717  7.733  -29.917 0.0000000000
145185  -31.182  8.334  -29.793 0.0000000000
72455  -25.770  -1.189  -27.469 0.0000000000
73475  -27.180  -1.223  -28.015 0.0000000000
73476  -28.091  -1.018  -28.270 0.0000000000
70546  -29.674  -3.271  -27.346 0.0000000000
70548  -30.871  -2.718  -27.357 0.0000000000
71509  -29.968  -1.999  -28.006 0.0000000000
73497  -30.695  -0.463  -28.571 0.0000000000
71498  -30.169  -2.641  -27.619 0.0000000000
87558  -23.505  14.835  -29.221 0.0000000000
87573  -25.224  14.234  -29.345 0.0000000000
88571  -27.323  14.529  -28.758 0.0000000000
89531  -26.100  16.159  -29.058 0.0000000000
89553  -22.211  15.814  -30.817 0.0000000000
90550  -20.444  17.646  -29.985 0.0000000000
91450  -20.473  18.519  -29.456 0.0000000000
91463  -20.915  19.096  -29.763 0.0000000000
91489  -21.293  18.206  -30.258 0.0000000000
92353  -20.709  19.586  -29.184 0.0000000000
92354  -21.473  20.491  -28.832 0.0000000000
132853  -27.736  12.414  -29.489 0.0000000000
135430  -27.571  13.771  -29.138 0.0000000000
137711  -28.047  6.056  -29.754 0.0000000000
141674  -30.924  6.424  -28.952 0.0000000000
