#!ascii label  , from subject sub-LJ002 vox2ras=TkReg
943
72456  -26.529  -1.621  -27.575 0.5555555820
136093  -26.403  -0.972  -27.847 0.6666666865
74453  -27.281  0.054  -28.493 0.7777777910
73494  -28.108  -0.204  -28.555 0.7777777910
75458  -27.723  1.255  -29.190 0.8888888955
75472  -29.873  1.772  -29.536 0.8888888955
71479  -25.138  -2.201  -26.386 0.5555555820
72441  -25.087  -1.453  -26.891 0.5555555820
73473  -25.839  -0.338  -27.929 0.6666666865
74451  -25.127  0.110  -27.629 0.8888888955
74471  -27.916  0.533  -28.893 0.8888888955
75471  -28.605  2.362  -29.622 1.0000000000
134247  -30.117  2.360  -29.523 0.8888888955
77462  -29.403  3.459  -29.663 1.0000000000
74438  -24.325  0.034  -27.113 0.7777777910
75444  -25.115  1.539  -28.087 1.0000000000
76480  -24.698  2.396  -27.929 1.0000000000
76486  -26.252  2.317  -29.028 1.0000000000
77450  -26.717  3.236  -29.359 1.0000000000
76485  -25.489  2.317  -28.499 1.0000000000
77461  -27.472  3.968  -29.785 1.0000000000
128220  -25.859  3.705  -29.127 1.0000000000
78427  -29.289  4.190  -29.697 1.0000000000
78424  -27.157  4.754  -29.663 1.0000000000
78425  -28.019  4.757  -29.846 1.0000000000
78434  -29.567  4.895  -29.583 1.0000000000
79428  -29.150  5.818  -29.646 1.0000000000
77442  -24.166  3.319  -27.621 0.8888888955
77443  -25.103  3.240  -28.488 1.0000000000
77460  -26.607  4.190  -29.495 1.0000000000
77449  -24.515  4.014  -28.302 1.0000000000
78418  -25.895  4.638  -29.221 1.0000000000
79422  -27.627  5.453  -29.725 1.0000000000
79423  -28.410  5.562  -29.776 1.0000000000
80442  -28.633  6.323  -29.776 1.0000000000
80443  -29.190  6.643  -29.776 1.0000000000
146126  -29.648  6.596  -29.670 0.8888888955
128148  -29.604  7.316  -29.967 1.0000000000
80444  -30.165  7.202  -29.884 0.7777777910
81392  -30.717  7.733  -29.917 0.7777777910
78407  -23.187  4.708  -27.540 0.5555555820
80420  -23.671  6.118  -28.132 0.7777777910
79404  -23.402  5.379  -27.912 0.8888888955
79415  -25.534  5.595  -29.071 1.0000000000
79416  -26.673  5.372  -29.519 1.0000000000
80428  -24.719  6.300  -28.695 0.8888888955
80434  -26.496  6.205  -29.449 1.0000000000
80435  -27.211  6.821  -29.625 1.0000000000
148799  -28.345  7.275  -29.737 1.0000000000
134772  -28.829  7.120  -29.829 0.8888888955
81389  -28.537  7.798  -29.725 1.0000000000
81390  -29.211  7.879  -29.884 0.8888888955
82287  -30.304  8.632  -29.913 0.7777777910
82289  -31.529  9.004  -29.649 0.6666666865
82288  -30.883  8.973  -29.764 0.6666666865
147830  -21.807  6.745  -26.241 0.4444444478
80411  -22.309  6.196  -26.755 0.7777777910
80418  -22.410  7.033  -26.795 0.6666666865
80427  -23.932  7.064  -28.324 0.7777777910
81373  -25.256  7.170  -28.981 0.8888888955
81380  -26.212  7.698  -29.394 1.0000000000
144608  -27.110  8.282  -29.585 1.0000000000
82280  -28.038  8.493  -29.618 1.0000000000
82285  -28.767  8.622  -29.669 0.8888888955
82286  -29.515  8.676  -29.792 0.7777777910
83141  -29.919  9.659  -29.720 0.7777777910
83144  -31.861  9.708  -29.632 0.5555555820
83142  -31.313  10.383  -29.768 0.6666666865
81367  -22.425  7.783  -26.832 0.6666666865
81358  -21.850  7.423  -26.218 0.6666666865
137688  -23.644  7.980  -28.187 0.7777777910
82266  -22.933  8.178  -27.572 0.7777777910
138027  -24.589  7.926  -28.743 0.8888888955
81379  -25.420  7.982  -29.197 0.8888888955
82278  -25.168  8.700  -29.169 1.0000000000
136096  -26.721  9.077  -29.586 1.0000000000
83131  -27.447  9.276  -29.601 1.0000000000
83984  -28.283  10.339  -29.627 0.8888888955
83985  -29.060  10.399  -29.652 0.8888888955
83138  -27.526  10.340  -29.631 0.8888888955
83986  -29.966  10.683  -29.645 0.7777777910
144806  -30.656  10.291  -29.720 0.7777777910
132550  -31.702  10.989  -30.082 0.6666666865
82260  -21.889  8.288  -26.284 0.6666666865
81357  -21.323  7.800  -26.020 0.5555555820
82265  -22.472  8.438  -26.972 0.7777777910
82271  -23.435  8.652  -28.098 0.8888888955
82272  -24.222  8.749  -28.618 0.8888888955
83128  -24.935  9.751  -29.119 1.0000000000
83129  -25.928  9.383  -29.515 1.0000000000
83130  -26.782  9.913  -29.637 1.0000000000
84821  -29.039  11.188  -29.634 0.7777777910
84822  -30.019  11.502  -29.668 0.7777777910
83987  -30.977  11.063  -29.825 0.6666666865
84823  -31.574  11.483  -30.185 0.5555555820
84824  -31.952  11.439  -30.333 0.5555555820
83115  -22.313  9.075  -26.842 0.7777777910
83106  -22.028  8.993  -26.455 0.6666666865
83116  -22.908  8.930  -27.593 0.8888888955
146460  -24.412  10.526  -28.847 1.0000000000
140024  -25.983  10.401  -29.566 1.0000000000
83976  -26.116  11.426  -29.605 0.8888888955
149775  -27.231  11.059  -29.642 0.8888888955
83977  -26.809  11.682  -29.624 0.8888888955
84820  -28.383  10.951  -29.657 0.8888888955
84808  -28.898  12.043  -29.553 0.7777777910
85698  -30.056  12.235  -29.668 0.7777777910
137718  -30.970  11.817  -29.984 0.5555555820
85682  -28.284  12.671  -29.456 0.7777777910
85699  -30.979  12.579  -29.997 0.5555555820
146934  -31.694  12.038  -30.354 0.5555555820
85684  -30.027  12.790  -29.649 0.6666666865
83936  -21.130  10.129  -25.814 0.4444444478
133801  -21.584  10.229  -26.419 0.5555555820
83956  -22.826  10.879  -27.705 0.7777777910
83967  -23.604  10.677  -28.388 1.0000000000
83121  -22.855  9.825  -27.623 0.8888888955
84790  -24.476  11.645  -29.098 1.0000000000
84804  -25.461  12.060  -29.510 0.8888888955
144036  -26.133  12.201  -29.591 0.8888888955
84806  -27.213  12.106  -29.577 0.8888888955
85683  -29.157  12.690  -29.506 0.6666666865
85643  -21.151  12.269  -26.325 0.6666666865
84765  -21.210  11.178  -26.183 0.6666666865
84777  -22.824  12.119  -27.872 0.7777777910
129582  -24.192  12.568  -29.062 0.8888888955
85672  -23.644  12.919  -28.780 0.7777777910
84803  -24.927  12.790  -29.347 0.7777777910
85680  -25.143  13.516  -29.344 0.7777777910
134712  -25.699  12.855  -29.425 0.8888888955
131802  -25.874  13.326  -29.333 0.7777777910
85681  -26.759  12.961  -29.361 0.7777777910
131703  -27.470  12.978  -29.366 0.6666666865
87575  -26.626  13.792  -29.136 0.6666666865
128243  -27.494  13.457  -29.265 0.6666666865
86584  -28.332  13.117  -29.381 0.5555555820
88586  -28.017  14.064  -28.995 0.6666666865
140618  -28.217  13.826  -29.168 0.5555555820
87577  -29.617  13.522  -29.486 0.5555555820
86586  -30.383  13.158  -29.751 0.4444444478
126394  -28.891  13.833  -29.222 0.5555555820
87504  -20.595  14.227  -25.846 0.3333333433
86536  -20.752  13.307  -26.098 0.3333333433
86555  -22.219  13.773  -27.555 0.5555555820
144796  -21.867  12.859  -27.029 0.6666666865
148648  -23.018  14.766  -28.619 0.5555555820
85671  -23.175  13.486  -28.481 0.7777777910
137411  -23.859  13.926  -28.873 0.7777777910
87559  -23.973  14.561  -29.342 0.6666666865
86580  -24.470  13.874  -29.252 0.6666666865
86572  -23.989  14.559  -28.972 0.6666666865
86581  -25.142  13.832  -29.349 0.6666666865
87574  -25.754  14.162  -29.152 0.6666666865
125070  -26.166  14.192  -28.962 0.6666666865
88585  -26.927  14.074  -28.913 0.6666666865
88587  -29.275  14.463  -29.098 0.5555555820
145429  -28.274  14.645  -28.826 0.6666666865
147790  -21.704  14.937  -26.685 0.4444444478
88538  -21.135  15.206  -26.149 0.4444444478
87518  -21.977  14.528  -27.213 0.4444444478
130710  -22.158  15.156  -28.026 0.5555555820
87537  -22.458  14.663  -28.204 0.5555555820
87557  -23.015  15.074  -28.830 0.6666666865
142153  -23.572  14.538  -29.965 0.6666666865
87572  -24.527  14.360  -29.511 0.6666666865
126113  -25.264  14.479  -29.464 0.6666666865
88584  -25.710  14.645  -28.969 0.6666666865
89518  -27.879  15.294  -28.696 0.6666666865
89532  -28.992  15.375  -28.807 0.5555555820
88540  -22.304  15.877  -28.043 0.4444444478
88581  -22.484  14.844  -30.270 0.6666666865
88569  -22.333  14.972  -29.484 0.6666666865
88582  -23.925  14.700  -30.423 0.6666666865
124556  -24.741  14.542  -29.791 0.6666666865
89517  -27.005  15.085  -28.689 0.6666666865
74470  -27.071  0.758  -28.786 0.8888888955
75445  -25.639  0.687  -28.139 1.0000000000
75457  -25.949  1.560  -28.543 1.0000000000
76487  -27.044  2.433  -29.348 1.0000000000
76494  -28.845  3.080  -29.761 1.0000000000
83139  -28.196  9.453  -29.597 0.8888888955
82259  -21.289  8.552  -25.922 0.5555555820
150380  -21.233  10.279  -26.148 0.5555555820
84807  -28.113  11.640  -29.585 0.8888888955
83077  -21.045  10.081  -25.453 0.2222222239
86585  -29.335  13.163  -29.475 0.6666666865
85679  -24.422  13.564  -29.168 0.7777777910
132021  -22.420  15.295  -28.755 0.6666666865
88580  -21.050  15.017  -30.109 0.6666666865
89533  -30.026  15.400  -29.464 0.5555555820
88608  -30.435  14.611  -29.801 0.5555555820
88539  -21.970  15.426  -27.005 0.3333333433
71480  -26.310  -2.852  -26.911 0.5555555820
71495  -27.642  -2.493  -27.502 0.5555555820
73475  -27.180  -1.223  -28.015 0.5555555820
73476  -28.091  -1.018  -28.270 0.5555555820
74485  -30.354  1.096  -29.328 0.7777777910
150604  -25.691  -2.678  -26.550 0.5555555820
73495  -29.072  -0.575  -28.537 0.6666666865
74472  -28.835  0.383  -28.940 0.6666666865
75473  -30.502  1.872  -29.495 0.7777777910
76496  -30.579  2.521  -29.439 0.7777777910
77472  -30.510  3.790  -29.275 0.8888888955
71478  -24.511  -2.339  -25.817 0.4444444478
73457  -24.408  -0.845  -26.595 0.5555555820
77471  -29.871  4.000  -29.540 1.0000000000
74437  -23.030  0.270  -26.109 0.2222222239
137123  -23.937  0.888  -27.140 0.6666666865
78435  -30.317  4.909  -29.282 0.8888888955
79430  -30.377  6.083  -29.041 0.6666666865
80445  -30.682  7.012  -29.426 0.7777777910
126604  -31.220  7.737  -29.529 0.6666666865
76471  -23.245  2.430  -26.556 0.5555555820
130609  -22.427  4.092  -26.395 0.4444444478
81393  -31.548  8.346  -29.549 0.5555555820
83145  -32.145  9.668  -29.548 0.5555555820
79384  -21.265  5.222  -25.875 0.2222222239
139060  -32.106  10.331  -29.707 0.5555555820
81345  -21.259  7.001  -25.949 0.4444444478
83988  -32.051  10.917  -30.092 0.5555555820
82227  -21.315  8.292  -25.929 0.3333333433
84825  -32.165  11.316  -30.239 0.5555555820
83098  -21.091  9.580  -25.893 0.4444444478
85701  -32.168  12.394  -30.415 0.4444444478
83076  -19.130  9.671  -24.154 0.3333333433
136170  -31.708  12.726  -30.431 0.5555555820
86600  -31.339  13.246  -30.362 0.4444444478
86524  -20.189  13.278  -25.566 0.3333333433
85629  -20.430  12.131  -25.615 0.4444444478
87578  -30.654  13.584  -29.896 0.4444444478
88609  -31.038  14.679  -30.819 0.4444444478
89555  -30.622  15.317  -30.324 0.2222222239
132484  -20.843  15.228  -29.551 0.6666666865
88606  -22.940  15.147  -30.696 0.6666666865
137595  -24.780  14.985  -30.476 0.6666666865
89530  -25.607  15.840  -29.806 0.6666666865
90518  -27.347  15.966  -28.640 0.6666666865
89516  -26.449  15.466  -28.768 0.6666666865
90535  -29.717  16.377  -29.123 0.4444444478
145043  -30.416  16.385  -30.289 0.3333333433
88579  -20.563  15.458  -30.201 0.5555555820
72455  -25.770  -1.189  -27.469 0.6666666865
72442  -25.862  -2.079  -27.066 0.5555555820
71494  -26.779  -2.351  -27.324 0.6666666865
72457  -27.942  -1.799  -27.871 0.6666666865
73474  -26.737  -0.484  -28.215 0.7777777910
146617  -27.462  -0.578  -28.319 0.7777777910
74452  -26.460  0.263  -28.388 0.8888888955
75470  -27.762  2.063  -29.401 1.0000000000
136665  -26.838  1.589  -29.057 1.0000000000
146849  -26.388  0.980  -28.543 1.0000000000
76495  -29.473  2.551  -29.637 1.0000000000
141066  -29.093  1.742  -29.565 0.8888888955
75460  -29.450  1.082  -29.331 0.8888888955
72432  -24.053  -1.779  -25.698 0.4444444478
72440  -24.453  -1.632  -26.197 0.5555555820
73458  -25.037  -0.645  -27.367 0.6666666865
75459  -28.578  1.095  -29.281 0.8888888955
142786  -28.367  1.698  -29.435 1.0000000000
76493  -27.871  3.005  -29.682 1.0000000000
77463  -30.080  3.082  -29.461 1.0000000000
143331  -23.684  0.374  -26.583 0.5555555820
74450  -24.746  0.801  -27.611 0.8888888955
73456  -23.703  -0.287  -26.303 0.6666666865
75443  -24.358  1.611  -27.487 0.8888888955
76479  -23.983  2.419  -27.206 0.8888888955
144674  -25.824  2.930  -28.979 1.0000000000
126431  -28.559  3.896  -29.841 1.0000000000
130977  -25.204  4.057  -28.876 1.0000000000
78426  -28.863  4.850  -29.765 1.0000000000
150075  -26.585  4.752  -29.499 1.0000000000
79429  -29.793  5.817  -29.315 0.8888888955
131820  -30.096  6.577  -29.463 0.7777777910
130257  -23.751  4.121  -27.794 1.0000000000
77441  -23.199  3.915  -27.029 0.5555555820
77433  -23.479  3.069  -26.947 0.6666666865
78417  -24.883  4.739  -28.743 1.0000000000
78408  -23.995  4.728  -28.157 0.8888888955
130988  -27.391  6.118  -29.654 1.0000000000
80436  -28.071  6.742  -29.740 1.0000000000
81391  -30.237  7.816  -30.090 0.7777777910
145185  -31.182  8.334  -29.793 0.6666666865
78400  -22.516  4.716  -26.761 0.5555555820
79396  -22.685  5.407  -27.159 0.6666666865
133877  -22.971  5.944  -27.539 0.7777777910
80419  -23.016  6.628  -27.536 0.6666666865
79405  -24.344  5.466  -28.482 0.8888888955
80429  -25.674  6.424  -29.142 0.8888888955
135624  -26.320  6.938  -29.399 1.0000000000
81382  -27.798  7.536  -29.654 1.0000000000
127775  -29.803  7.999  -30.067 0.7777777910
145572  -30.712  8.253  -30.025 0.7777777910
132765  -30.816  9.582  -29.742 0.6666666865
82290  -31.825  8.979  -29.588 0.5555555820
132764  -31.440  9.686  -29.696 0.6666666865
80401  -21.307  6.107  -25.958 0.3333333433
81368  -23.018  7.431  -27.573 0.7777777910
81381  -26.981  7.439  -29.578 1.0000000000
82279  -26.100  8.497  -29.449 1.0000000000
83140  -28.957  9.526  -29.647 0.7777777910
83143  -31.795  10.404  -29.781 0.5555555820
83122  -23.705  9.561  -28.382 0.8888888955
146096  -26.793  10.853  -29.640 0.8888888955
85700  -31.990  11.918  -30.450 0.5555555820
83105  -21.206  9.262  -25.938 0.5555555820
83948  -22.119  10.055  -26.888 0.6666666865
83975  -25.229  10.982  -29.373 1.0000000000
83978  -27.643  11.183  -29.637 0.8888888955
84805  -26.409  12.580  -29.486 0.8888888955
83937  -21.031  9.830  -25.967 0.5555555820
83947  -21.588  10.645  -26.468 0.7777777910
84789  -23.584  11.793  -28.494 0.7777777910
86601  -31.922  13.201  -30.887 0.5555555820
84764  -20.781  11.171  -25.790 0.5555555820
84776  -21.890  11.834  -26.903 0.6666666865
142218  -22.447  13.004  -27.722 0.6666666865
83955  -22.194  11.045  -27.114 0.7777777910
83946  -20.830  10.614  -26.226 0.7777777910
133221  -20.913  10.557  -25.725 0.6666666865
86583  -26.830  13.393  -29.268 0.6666666865
86582  -26.025  13.673  -29.262 0.6666666865
87576  -28.455  13.539  -29.296 0.5555555820
87596  -29.997  13.941  -29.519 0.4444444478
86537  -21.527  13.512  -26.775 0.5555555820
86556  -22.786  14.075  -28.317 0.6666666865
86571  -23.494  14.647  -28.781 0.7777777910
88570  -26.331  14.636  -28.785 0.6666666865
88557  -21.896  15.414  -28.882 0.6666666865
137030  -24.999  14.956  -30.207 0.6666666865
88583  -25.339  15.149  -29.753 0.6666666865
129521  -25.731  15.188  -28.963 0.6666666865
82246  -21.239  8.800  -25.813 0.4444444478
83915  -20.713  10.676  -25.585 0.3333333433
141616  -21.237  7.554  -25.969 0.4444444478
133803  -21.231  8.138  -25.907 0.4444444478
74486  -31.055  0.822  -29.133 0.6666666865
71471  -25.183  -3.026  -26.001 0.4444444478
70522  -25.949  -3.195  -26.413 0.5555555820
136779  -24.518  -2.957  -25.359 0.3333333433
139576  -23.681  -1.105  -25.907 0.4444444478
75427  -23.666  1.669  -26.831 0.7777777910
79395  -21.934  5.395  -26.427 0.3333333433
79383  -21.147  5.688  -25.968 0.1111111119
82245  -21.375  9.228  -25.962 0.3333333433
90534  -28.557  16.488  -28.578 0.6666666865
71499  -31.398  -2.213  -27.422 0.4444444478
71472  -32.936  -2.336  -25.419 0.2222222239
70544  -28.038  -3.206  -27.250 0.4444444478
70545  -28.891  -3.278  -27.370 0.4444444478
71496  -28.607  -2.467  -27.707 0.4444444478
71497  -29.440  -2.636  -27.693 0.4444444478
72460  -30.810  -1.898  -27.844 0.4444444478
72461  -31.670  -1.559  -27.674 0.4444444478
73459  -32.774  -0.982  -27.010 0.2222222239
72482  -29.634  -1.356  -28.293 0.4444444478
148311  -30.425  -1.222  -28.318 0.4444444478
73460  -33.271  -0.493  -26.543 0.1111111119
145879  -33.610  -0.011  -26.134 0.1111111119
73497  -30.695  -0.463  -28.571 0.4444444478
73498  -31.783  0.013  -28.459 0.3333333433
73496  -30.047  -0.522  -28.610 0.4444444478
74454  -32.421  0.231  -28.079 0.3333333433
140451  -33.229  0.283  -26.750 0.2222222239
129658  -31.140  0.100  -28.679 0.4444444478
143734  -32.904  1.676  -28.441 0.2222222239
129446  -33.281  2.186  -27.926 0.1111111119
77444  -33.517  3.026  -27.562 0.1111111119
75462  -32.389  1.605  -29.003 0.3333333433
149105  -30.997  2.122  -29.469 0.4444444478
76497  -31.157  2.702  -29.418 0.5555555820
77464  -31.153  3.475  -29.217 0.6666666865
77452  -33.046  3.977  -28.900 0.4444444478
78419  -33.085  4.887  -28.921 0.3333333433
78428  -31.165  4.502  -29.052 0.6666666865
78429  -32.213  5.473  -28.946 0.5555555820
139643  -31.632  5.499  -28.907 0.5555555820
79425  -32.345  6.080  -28.739 0.5555555820
78430  -32.677  5.326  -28.978 0.4444444478
80438  -32.140  6.959  -28.759 0.3333333433
78436  -30.958  5.597  -28.930 0.5555555820
80437  -31.967  7.658  -29.064 0.4444444478
81394  -31.844  8.133  -29.352 0.5555555820
82291  -32.131  9.150  -29.507 0.4444444478
88607  -24.096  15.157  -30.850 0.5555555820
89554  -23.331  15.632  -30.969 0.5555555820
89529  -24.925  15.549  -30.556 0.5555555820
90517  -26.766  16.415  -28.701 0.5555555820
90533  -27.529  17.125  -28.499 0.5555555820
70547  -30.337  -3.210  -27.261 0.4444444478
142507  -32.997  -1.896  -26.064 0.2222222239
148715  -27.217  -1.909  -27.666 0.4444444478
73478  -32.795  -0.185  -27.291 0.2222222239
75446  -33.057  1.379  -27.754 0.2222222239
75428  -33.316  1.722  -27.145 0.1111111119
76488  -32.301  2.431  -29.231 0.4444444478
130263  -33.180  3.035  -28.462 0.3333333433
75475  -31.670  2.070  -29.405 0.4444444478
142837  -31.674  3.905  -29.066 0.6666666865
77465  -32.288  3.918  -29.096 0.4444444478
81384  -32.344  7.687  -28.904 0.3333333433
81383  -32.159  8.446  -29.296 0.4444444478
139794  -32.365  10.206  -29.552 0.4444444478
90530  -24.900  17.044  -30.497 0.5555555820
90529  -23.595  17.582  -30.534 0.5555555820
72458  -28.794  -1.580  -28.140 0.4444444478
78409  -33.451  4.405  -28.298 0.2222222239
69579  -29.664  -4.504  -26.515 0.4444444478
70527  -30.058  -3.804  -26.916 0.4444444478
135060  -31.102  -3.770  -26.123 0.4444444478
70513  -32.208  -3.084  -25.302 0.2222222239
71461  -33.475  -2.133  -24.725 0.1111111119
70524  -27.458  -3.855  -26.916 0.4444444478
70525  -28.347  -3.957  -26.963 0.4444444478
72443  -33.236  -1.259  -26.285 0.1111111119
73446  -33.740  -0.675  -25.708 0.1111111119
72425  -33.861  -1.594  -24.692 0.1111111119
74425  -34.043  0.180  -25.469 0.1111111119
74439  -33.217  1.068  -26.896 0.1111111119
76463  -33.690  2.368  -26.035 0.1111111119
77434  -33.766  3.170  -26.433 0.1111111119
78401  -33.668  3.845  -27.373 0.1111111119
79417  -32.872  5.662  -28.765 0.1111111119
136653  -32.878  7.193  -28.488 0.2222222239
81374  -32.893  8.138  -28.695 0.2222222239
129778  -32.508  8.510  -29.131 0.3333333433
83132  -32.430  9.616  -29.408 0.4444444478
139472  -32.677  10.130  -29.332 0.3333333433
136132  -33.007  10.746  -29.333 0.3333333433
83989  -32.297  10.810  -29.893 0.4444444478
83979  -32.611  10.630  -29.586 0.3333333433
84755  -20.526  11.102  -25.528 0.4444444478
138702  -32.024  12.568  -30.520 0.4444444478
144333  -31.260  13.702  -30.609 0.3333333433
91471  -29.477  17.364  -28.982 0.5555555820
89552  -20.872  16.153  -30.484 0.5555555820
90552  -21.699  16.988  -30.613 0.5555555820
90531  -25.842  17.155  -29.702 0.5555555820
90532  -26.574  17.456  -28.924 0.5555555820
90528  -22.349  17.957  -30.363 0.5555555820
71481  -27.141  -3.084  -27.123 0.4444444478
138003  -29.743  0.337  -28.916 0.5555555820
74473  -30.521  0.282  -28.840 0.5555555820
75474  -31.053  1.502  -29.412 0.6666666865
136312  -30.670  3.079  -29.339 0.6666666865
78437  -31.340  6.255  -28.805 0.5555555820
80446  -31.264  7.034  -29.003 0.5555555820
126529  -31.623  7.681  -29.195 0.4444444478
84826  -32.377  11.202  -30.017 0.4444444478
87597  -30.900  14.050  -30.246 0.3333333433
75461  -31.651  1.223  -29.175 0.3333333433
74474  -31.527  0.631  -28.853 0.3333333433
70548  -30.871  -2.718  -27.357 0.4444444478
71500  -32.031  -2.058  -27.100 0.4444444478
71482  -31.542  -2.706  -26.899 0.3333333433
142297  -32.321  -2.455  -26.271 0.3333333433
70526  -29.213  -3.918  -26.932 0.4444444478
70546  -29.674  -3.271  -27.346 0.4444444478
72459  -29.317  -2.038  -27.978 0.4444444478
71509  -29.968  -1.999  -28.006 0.4444444478
72462  -32.275  -1.421  -27.278 0.4444444478
72483  -31.269  -0.872  -28.283 0.4444444478
128524  -32.632  -1.690  -26.680 0.2222222239
73477  -32.159  -0.722  -27.795 0.4444444478
74424  -33.581  0.700  -26.140 0.1111111119
75463  -32.693  1.019  -28.352 0.3333333433
74475  -32.110  0.777  -28.721 0.3333333433
74455  -32.880  0.634  -27.522 0.2222222239
76489  -32.826  2.327  -28.769 0.2222222239
76472  -33.513  2.348  -26.887 0.1111111119
76498  -31.854  3.075  -29.331 0.4444444478
77451  -32.580  3.136  -29.023 0.4444444478
137144  -33.435  3.647  -28.181 0.3333333433
79406  -33.377  5.265  -28.376 0.1111111119
77466  -32.611  4.727  -29.120 0.4444444478
143739  -31.968  4.672  -29.117 0.5555555820
79424  -31.809  6.626  -28.794 0.5555555820
80430  -32.540  6.613  -28.656 0.3333333433
82281  -32.559  9.092  -29.297 0.4444444478
90554  -24.094  16.152  -30.935 0.5555555820
90553  -22.943  16.607  -30.831 0.5555555820
70528  -30.907  -3.453  -26.818 0.4444444478
75409  -33.543  1.606  -26.245 0.1111111119
91465  -22.796  19.058  -29.949 0.5555555820
69580  -30.480  -4.214  -26.266 0.4444444478
70512  -31.487  -3.679  -25.513 0.4444444478
70529  -31.614  -3.208  -26.181 0.4444444478
69576  -26.865  -4.364  -26.416 0.4444444478
72433  -33.502  -1.579  -25.424 0.1111111119
75410  -33.966  1.063  -25.475 0.1111111119
64359  -31.197  -9.054  -22.045 0.1111111119
64387  -28.581  -8.455  -24.309 0.3333333433
65398  -30.736  -8.701  -22.556 0.2222222239
65383  -31.989  -8.784  -21.762 0.1111111119
65399  -31.438  -8.295  -22.381 0.1111111119
139143  -26.565  -6.974  -25.048 0.3333333433
145721  -27.160  -8.063  -24.716 0.3333333433
65418  -27.740  -8.448  -24.584 0.3333333433
66516  -29.341  -7.659  -24.352 0.3333333433
66530  -30.014  -6.935  -24.293 0.3333333433
65409  -30.662  -8.037  -22.975 0.2222222239
67552  -30.652  -6.676  -23.740 0.2222222239
147388  -31.264  -7.787  -22.728 0.2222222239
66502  -31.780  -7.583  -22.488 0.1111111119
66518  -31.158  -7.259  -23.086 0.2222222239
68542  -25.380  -5.423  -24.783 0.2222222239
68543  -25.906  -5.882  -25.057 0.2222222239
67563  -25.996  -6.594  -24.793 0.2222222239
66540  -27.237  -6.931  -25.395 0.3333333433
66528  -27.577  -7.658  -25.017 0.3333333433
66529  -28.373  -7.790  -24.847 0.3333333433
69554  -25.100  -4.623  -24.851 0.2222222239
69565  -26.258  -4.827  -25.942 0.3333333433
68555  -26.479  -5.602  -25.641 0.3333333433
68556  -27.197  -5.276  -26.164 0.3333333433
67575  -27.191  -6.096  -25.734 0.3333333433
68557  -28.419  -5.977  -25.980 0.3333333433
67578  -29.821  -5.953  -25.318 0.3333333433
68558  -29.201  -5.965  -25.800 0.3333333433
68544  -30.304  -6.124  -24.525 0.3333333433
145193  -30.344  -5.327  -25.241 0.3333333433
68545  -31.006  -5.264  -24.278 0.3333333433
68531  -30.939  -5.988  -23.793 0.1111111119
68532  -31.552  -5.575  -23.397 0.2222222239
70510  -24.951  -3.781  -25.368 0.2222222239
69564  -25.574  -4.462  -25.562 0.2222222239
70511  -25.876  -3.921  -26.084 0.3333333433
69577  -27.775  -4.649  -26.662 0.3333333433
68570  -28.111  -5.371  -26.350 0.3333333433
68572  -29.369  -5.226  -26.189 0.3333333433
147210  -29.744  -5.502  -25.737 0.3333333433
68573  -30.042  -4.943  -25.977 0.3333333433
69545  -31.700  -4.730  -23.644 0.1111111119
70502  -24.457  -3.464  -24.911 0.3333333433
70523  -26.599  -3.564  -26.664 0.3333333433
69578  -28.756  -4.768  -26.613 0.3333333433
69566  -30.539  -4.675  -25.642 0.3333333433
69567  -30.995  -4.218  -25.643 0.3333333433
82273  -32.975  8.976  -29.026 0.2222222239
83123  -32.865  9.610  -29.144 0.2222222239
83124  -33.261  9.448  -28.741 0.2222222239
85685  -32.409  11.749  -30.100 0.3333333433
145709  -29.886  -8.088  -23.537 0.3333333433
68554  -25.789  -5.123  -25.332 0.3333333433
67574  -26.561  -6.368  -25.317 0.3333333433
129497  -28.679  -6.612  -25.568 0.3333333433
143118  -29.482  -6.689  -25.073 0.3333333433
140978  -31.309  -4.142  -25.084 0.3333333433
64338  -30.858  -9.732  -21.715 0.1111111119
64339  -31.685  -9.505  -21.494 0.1111111119
65417  -26.966  -8.659  -24.482 0.3333333433
64386  -28.091  -9.141  -24.133 0.3333333433
134970  -28.705  -9.034  -23.871 0.3333333433
64374  -29.970  -8.813  -23.048 0.3333333433
63256  -32.174  -9.990  -20.994 0.1111111119
65384  -32.820  -8.600  -21.560 0.1111111119
66526  -26.129  -7.367  -24.597 0.3333333433
65400  -32.310  -8.047  -21.986 0.1111111119
67562  -25.313  -6.111  -24.419 0.2222222239
66503  -32.558  -7.293  -22.185 0.1111111119
69544  -24.522  -4.533  -24.171 0.2222222239
68517  -32.097  -6.026  -22.749 0.1111111119
68533  -32.314  -5.099  -22.876 0.1111111119
134441  -24.586  -3.965  -24.733 0.2222222239
69556  -31.413  -4.410  -24.439 0.1111111119
70503  -31.742  -3.738  -24.740 0.1111111119
71459  -24.153  -2.848  -24.789 0.1111111119
128678  -33.006  10.157  -29.107 0.2222222239
86587  -32.525  12.733  -30.176 0.2222222239
84793  -33.209  11.384  -28.991 0.2222222239
64340  -32.504  -9.303  -21.315 0.1111111119
64358  -30.410  -9.322  -22.355 0.1111111119
65408  -29.267  -8.561  -23.757 0.3333333433
66527  -26.871  -7.527  -24.944 0.3333333433
138076  -25.526  -6.872  -24.357 0.2222222239
132164  -26.565  -8.036  -24.538 0.3333333433
67577  -28.826  -7.218  -25.110 0.3333333433
66517  -30.288  -7.447  -23.670 0.2222222239
66541  -28.096  -7.140  -25.345 0.3333333433
67540  -31.934  -6.840  -22.636 0.1111111119
67553  -31.395  -6.397  -23.229 0.1111111119
135992  -27.762  -5.851  -26.016 0.3333333433
67576  -27.890  -6.455  -25.718 0.3333333433
68571  -28.787  -5.498  -26.243 0.3333333433
69555  -30.930  -4.682  -25.060 0.3333333433
63278  -30.044  -10.022  -22.025 0.1111111119
64385  -27.383  -9.239  -24.201 0.3333333433
64384  -26.676  -9.289  -24.108 0.2222222239
63298  -27.726  -9.866  -23.802 0.3333333433
64372  -28.437  -9.653  -23.648 0.3333333433
64373  -29.167  -9.318  -23.402 0.3333333433
66515  -25.483  -7.498  -24.044 0.2222222239
83969  -33.559  10.086  -28.354 0.1111111119
83959  -33.755  10.712  -27.719 0.1111111119
84782  -33.566  11.348  -28.061 0.1111111119
85649  -33.559  12.038  -27.454 0.1111111119
84809  -32.777  11.130  -29.626 0.1111111119
150163  -33.149  12.190  -28.838 0.1111111119
85665  -33.375  12.023  -28.210 0.1111111119
85675  -32.809  11.956  -29.547 0.1111111119
86620  -32.087  13.727  -31.604 0.1111111119
86619  -31.693  13.643  -31.275 0.2222222239
138882  -31.377  14.075  -31.270 0.1111111119
87612  -32.235  14.474  -32.035 0.1111111119
88605  -21.554  15.231  -30.418 0.4444444478
145466  -31.453  14.747  -31.795 0.1111111119
90514  -20.086  18.112  -29.036 0.4444444478
90551  -20.800  17.356  -30.355 0.4444444478
144285  -29.967  17.262  -29.729 0.3333333433
90569  -30.731  16.925  -31.690 0.1111111119
88626  -31.412  15.357  -32.420 0.1111111119
89573  -31.305  15.894  -33.125 0.1111111119
91466  -24.008  18.761  -30.036 0.4444444478
149543  -25.195  19.734  -29.618 0.4444444478
129809  -26.142  18.218  -29.600 0.4444444478
91468  -26.694  18.755  -29.243 0.4444444478
91469  -27.494  18.414  -28.914 0.4444444478
91470  -29.121  19.190  -29.596 0.4444444478
91490  -29.667  18.331  -29.868 0.2222222239
131682  -30.009  18.763  -31.050 0.2222222239
149002  -30.394  18.062  -31.610 0.2222222239
91507  -30.653  17.869  -32.556 0.2222222239
94244  -27.823  21.104  -36.449 0.1111111119
92436  -29.040  19.177  -34.964 0.1111111119
91524  -30.890  17.561  -33.574 0.1111111119
91452  -20.891  19.994  -28.680 0.4444444478
93275  -21.456  20.522  -29.023 0.4444444478
92366  -21.178  19.994  -29.323 0.4444444478
92368  -23.172  20.189  -29.463 0.3333333433
92369  -24.303  20.002  -29.666 0.4444444478
148724  -26.514  19.720  -29.415 0.4444444478
92384  -27.984  20.221  -29.591 0.4444444478
92370  -27.373  19.494  -29.237 0.4444444478
92372  -28.323  19.342  -29.268 0.4444444478
92371  -27.043  20.343  -29.532 0.3333333433
92402  -28.990  20.248  -31.048 0.3333333433
92403  -29.309  19.461  -31.688 0.1111111119
92419  -29.158  19.359  -32.907 0.1111111119
91506  -29.967  18.767  -32.190 0.2222222239
91519  -30.090  18.655  -33.412 0.1111111119
92429  -28.960  19.151  -34.021 0.1111111119
91453  -21.781  20.288  -28.434 0.2222222239
132144  -24.774  20.622  -29.324 0.3333333433
147329  -28.284  20.869  -31.073 0.2222222239
93301  -28.325  20.626  -30.479 0.2222222239
92418  -28.421  19.962  -32.413 0.2222222239
92428  -28.261  19.707  -33.666 0.1111111119
94191  -28.140  21.121  -31.783 0.1111111119
93315  -28.399  20.552  -31.546 0.1111111119
141497  -28.120  20.502  -32.471 0.1111111119
94200  -27.817  21.027  -33.077 0.1111111119
93333  -27.894  20.250  -33.388 0.1111111119
93276  -22.622  20.604  -28.896 0.3333333433
93288  -23.889  20.774  -29.062 0.3333333433
93277  -24.335  20.925  -28.245 0.3333333433
93278  -24.822  21.129  -28.688 0.3333333433
138523  -26.156  20.682  -29.318 0.3333333433
93291  -27.564  21.085  -29.886 0.2222222239
94180  -28.115  21.271  -30.713 0.2222222239
94216  -27.266  21.893  -34.004 0.1111111119
94234  -27.632  21.030  -35.390 0.1111111119
135517  -27.032  22.832  -36.681 0.1111111119
94157  -24.576  21.847  -26.811 0.1111111119
94158  -24.701  22.326  -27.009 0.1111111119
94163  -25.034  21.877  -27.671 0.2222222239
144935  -25.706  22.292  -28.081 0.2222222239
94170  -25.703  21.567  -28.640 0.3333333433
94171  -26.368  22.239  -28.739 0.2222222239
93290  -26.702  21.309  -29.184 0.3333333433
94172  -27.167  22.063  -29.469 0.2222222239
94992  -27.923  22.713  -30.831 0.1111111119
95000  -27.707  22.924  -32.166 0.1111111119
95013  -26.490  22.877  -35.138 0.1111111119
94217  -27.649  20.998  -34.237 0.1111111119
94245  -28.353  21.229  -37.089 0.1111111119
94972  -25.238  22.273  -26.350 0.1111111119
146780  -25.884  22.496  -26.116 0.1111111119
147270  -25.032  22.453  -27.157 0.1111111119
94976  -25.754  23.046  -27.102 0.1111111119
95761  -26.725  23.076  -28.213 0.1111111119
94980  -27.095  23.112  -29.021 0.1111111119
94985  -26.840  22.821  -29.026 0.2222222239
95766  -28.104  23.219  -29.891 0.1111111119
94986  -27.665  22.706  -29.806 0.1111111119
95781  -27.956  24.021  -31.479 0.1111111119
95780  -27.455  23.870  -32.196 0.1111111119
95800  -26.691  24.436  -32.964 0.1111111119
95008  -26.959  22.821  -33.597 0.1111111119
95751  -26.243  23.016  -26.155 0.1111111119
128264  -26.439  23.282  -26.834 0.1111111119
124464  -27.699  23.311  -28.948 0.1111111119
96568  -28.819  23.836  -30.088 0.1111111119
96592  -28.113  24.973  -31.546 0.1111111119
126202  -27.268  23.370  -27.087 0.1111111119
95759  -28.512  23.376  -27.474 0.1111111119
95758  -28.017  23.395  -28.187 0.1111111119
83960  -34.019  10.058  -27.224 0.1111111119
83968  -33.398  10.708  -28.681 0.1111111119
84768  -33.736  11.438  -27.065 0.1111111119
126004  -32.897  13.679  -29.796 0.1111111119
86574  -33.048  12.860  -29.239 0.1111111119
87611  -31.893  14.266  -32.020 0.1111111119
91488  -20.737  18.227  -30.038 0.4444444478
129264  -28.656  18.109  -28.864 0.4444444478
90568  -30.261  17.666  -30.693 0.2222222239
90577  -30.921  16.719  -32.938 0.1111111119
91467  -25.252  18.595  -29.939 0.4444444478
91529  -29.928  18.851  -35.301 0.1111111119
134514  -25.679  20.139  -29.424 0.3333333433
93349  -27.775  20.109  -34.469 0.1111111119
95757  -26.967  23.224  -27.735 0.1111111119
95770  -28.397  23.989  -30.817 0.1111111119
96591  -27.455  24.734  -32.177 0.1111111119
95767  -29.289  24.050  -29.668 0.1111111119
95763  -29.311  23.720  -28.743 0.1111111119
140172  -34.459  11.727  -25.497 0.1111111119
83949  -34.010  10.866  -26.630 0.1111111119
146826  -32.249  13.178  -30.760 0.2222222239
88620  -31.806  14.892  -32.437 0.1111111119
89514  -20.173  16.720  -29.565 0.4444444478
91464  -21.672  19.223  -29.904 0.4444444478
132258  -25.943  19.185  -29.511 0.4444444478
92385  -28.884  20.058  -29.937 0.4444444478
94973  -25.939  22.858  -26.391 0.1111111119
95734  -26.250  22.596  -25.106 0.1111111119
95752  -26.709  23.240  -26.162 0.1111111119
95762  -28.678  23.554  -29.199 0.1111111119
130984  -34.464  11.080  -25.715 0.1111111119
83117  -33.736  9.591  -28.034 0.1111111119
85618  -34.668  12.175  -24.920 0.1111111119
85632  -34.257  12.415  -25.690 0.1111111119
86543  -33.542  12.854  -27.192 0.1111111119
129212  -33.625  13.654  -26.774 0.1111111119
86562  -33.334  12.850  -28.191 0.1111111119
87560  -33.184  13.886  -28.605 0.1111111119
87579  -32.941  14.416  -30.402 0.1111111119
88610  -32.961  15.114  -30.835 0.1111111119
88622  -32.576  15.149  -31.865 0.1111111119
89527  -20.179  16.190  -30.084 0.4444444478
88621  -32.301  15.211  -32.637 0.1111111119
87620  -32.073  14.966  -32.585 0.1111111119
89579  -31.298  16.588  -33.658 0.1111111119
89581  -32.098  16.122  -33.628 0.1111111119
134937  -20.415  18.941  -28.758 0.4444444478
91451  -20.484  19.364  -28.849 0.4444444478
90592  -31.742  17.455  -34.337 0.1111111119
91530  -30.642  18.302  -34.891 0.1111111119
91441  -22.433  20.167  -28.382 0.2222222239
93269  -23.664  20.437  -28.342 0.2222222239
147917  -30.095  19.037  -35.886 0.1111111119
93265  -24.588  21.029  -26.506 0.1111111119
94162  -24.595  21.647  -27.332 0.2222222239
93363  -28.510  20.220  -36.541 0.1111111119
93372  -29.195  20.729  -37.360 0.1111111119
94149  -24.376  21.714  -25.219 0.1111111119
94969  -25.901  22.409  -25.460 0.1111111119
125565  -25.885  22.509  -24.960 0.1111111119
95048  -27.771  22.178  -36.930 0.1111111119
145622  -26.190  22.531  -24.609 0.1111111119
95735  -26.542  22.703  -24.876 0.1111111119
96605  -26.139  24.957  -33.665 0.1111111119
95817  -25.544  24.287  -34.875 0.1111111119
95027  -26.616  23.349  -35.906 0.1111111119
95028  -26.998  23.170  -36.436 0.1111111119
95745  -27.151  23.106  -25.522 0.1111111119
95753  -27.654  23.371  -26.371 0.1111111119
96579  -28.759  25.236  -30.960 0.1111111119
144405  -27.695  26.674  -31.951 0.1111111119
86602  -32.129  13.224  -30.874 0.1111111119
89556  -30.927  15.576  -31.437 0.1111111119
85650  -33.782  12.221  -26.592 0.1111111119
87598  -32.325  13.722  -31.450 0.1111111119
87599  -32.620  14.323  -31.447 0.1111111119
88627  -31.779  15.351  -32.994 0.1111111119
89567  -31.001  16.027  -32.407 0.1111111119
89580  -31.749  15.960  -33.495 0.1111111119
92386  -29.438  19.464  -30.492 0.2222222239
93356  -27.907  20.128  -35.554 0.1111111119
92435  -28.246  19.576  -34.689 0.1111111119
93357  -28.499  19.642  -35.545 0.1111111119
92443  -29.379  19.428  -35.958 0.1111111119
91531  -31.322  18.023  -35.051 0.1111111119
90591  -31.234  17.487  -34.250 0.1111111119
139795  -30.580  18.187  -34.158 0.2222222239
91523  -29.852  18.733  -34.448 0.2222222239
93289  -25.372  20.930  -29.122 0.3333333433
94190  -28.071  21.988  -31.319 0.1111111119
94199  -27.680  21.913  -32.637 0.1111111119
149141  -27.106  21.913  -35.309 0.1111111119
149495  -26.728  22.604  -36.122 0.1111111119
145762  -27.196  22.003  -36.368 0.1111111119
94153  -24.686  21.514  -25.794 0.1111111119
94154  -25.212  21.764  -25.958 0.1111111119
94164  -25.453  22.633  -27.419 0.1111111119
94179  -27.834  21.970  -30.239 0.1111111119
132403  -27.885  23.372  -31.413 0.1111111119
95818  -26.165  23.684  -34.422 0.1111111119
94975  -25.382  22.678  -26.786 0.1111111119
135946  -25.672  22.235  -25.855 0.1111111119
95756  -26.019  23.168  -26.721 0.1111111119
140311  -26.222  23.204  -27.407 0.1111111119
94979  -26.174  22.933  -28.123 0.1111111119
95769  -28.115  23.257  -30.653 0.1111111119
137665  -26.702  23.647  -33.149 0.1111111119
95799  -25.989  24.309  -33.987 0.1111111119
95743  -26.225  22.665  -25.759 0.1111111119
84769  -34.117  11.610  -26.169 0.1111111119
86603  -32.577  13.630  -30.824 0.1111111119
92437  -30.733  18.626  -35.737 0.1111111119
96606  -26.801  25.348  -32.920 0.1111111119
96569  -29.337  25.018  -30.315 0.1111111119
95744  -26.541  22.820  -25.422 0.1111111119
143817  -32.893  15.768  -31.024 0.1111111119
142285  -31.485  18.402  -35.690 0.1111111119
92444  -30.300  19.206  -36.638 0.1111111119
93270  -24.511  20.927  -27.420 0.1111111119
139182  -24.098  20.424  -26.568 0.1111111119
142229  -29.435  19.830  -36.912 0.1111111119
94150  -24.819  22.117  -25.216 0.1111111119
96621  -25.556  24.987  -34.604 0.1111111119
95012  -25.860  23.890  -35.353 0.1111111119
97461  -28.207  26.056  -31.491 0.1111111119
138591  -28.294  27.011  -31.364 0.1111111119
97460  -27.550  25.720  -32.126 0.1111111119
76470  -22.391  2.367  -26.141 0.2222222239
77431  -21.863  3.810  -26.053 0.2222222239
75426  -22.975  1.722  -26.236 0.3333333433
77432  -22.635  3.236  -26.375 0.4444444478
89506  -21.538  16.301  -28.721 0.3333333433
89491  -22.488  16.714  -27.888 0.2222222239
90506  -22.829  18.627  -28.238 0.1111111119
91440  -22.738  19.530  -28.219 0.1111111119
90516  -21.623  18.938  -28.321 0.2222222239
85628  -20.018  12.526  -25.359 0.2222222239
84754  -20.253  11.474  -25.335 0.1111111119
140757  -18.474  11.843  -24.310 0.1111111119
133745  -20.663  14.865  -25.722 0.1111111119
88528  -21.144  15.526  -25.977 0.1111111119
89490  -22.532  16.560  -27.137 0.1111111119
90496  -22.660  18.601  -27.550 0.1111111119
91439  -23.581  19.028  -28.105 0.1111111119
88529  -21.436  16.067  -26.122 0.1111111119
131283  -23.164  -0.463  -25.840 0.2222222239
75408  -22.789  1.145  -25.839 0.2222222239
138095  -23.342  0.995  -26.428 0.3333333433
80400  -21.125  6.699  -25.962 0.2222222239
128634  -22.289  16.174  -27.108 0.1111111119
81326  -21.198  7.498  -25.948 0.3333333433
90515  -20.513  17.559  -28.836 0.3333333433
90505  -22.266  17.703  -28.257 0.3333333433
141836  -22.405  1.833  -25.918 0.2222222239
90495  -23.096  17.432  -27.613 0.1111111119
89476  -21.790  16.050  -26.531 0.1111111119
90477  -22.726  16.636  -27.036 0.1111111119
63288  -28.126  -10.454  -23.483 0.1111111119
63289  -28.861  -10.056  -23.124 0.1111111119
63277  -29.271  -10.391  -22.424 0.1111111119
63285  -26.089  -10.569  -23.302 0.1111111119
64371  -26.387  -9.901  -23.683 0.1111111119
65416  -26.242  -8.628  -24.227 0.1111111119
140588  -25.949  -8.012  -24.296 0.1111111119
73436  -23.490  -0.993  -25.430 0.1111111119
77423  -21.756  3.664  -25.659 0.1111111119
77424  -21.829  2.910  -26.068 0.1111111119
82226  -20.524  8.620  -24.118 0.2222222239
83097  -20.972  9.989  -25.587 0.2222222239
82225  -19.628  9.000  -23.727 0.2222222239
143914  -19.449  9.039  -23.038 0.2222222239
63287  -27.367  -10.744  -23.601 0.1111111119
63276  -28.539  -10.807  -22.876 0.1111111119
148764  -25.561  -10.299  -23.098 0.1111111119
64369  -25.195  -9.228  -23.307 0.1111111119
65407  -25.486  -8.389  -23.757 0.1111111119
67551  -24.952  -6.721  -23.790 0.1111111119
68541  -24.893  -5.333  -24.289 0.1111111119
72424  -23.758  -1.835  -24.822 0.1111111119
145917  -23.140  -0.350  -25.709 0.1111111119
76461  -21.860  2.638  -25.651 0.1111111119
82208  -20.326  8.563  -23.313 0.2222222239
124426  -18.637  9.768  -23.059 0.2222222239
83075  -18.218  10.106  -23.622 0.1111111119
64357  -29.625  -9.652  -22.739 0.1111111119
62151  -27.835  -11.215  -23.243 0.1111111119
127163  -18.789  10.335  -24.315 0.1111111119
81312  -21.138  7.867  -23.837 0.2222222239
78399  -21.842  4.626  -26.179 0.1111111119
147235  -23.460  -0.992  -25.569 0.1111111119
67561  -24.788  -5.919  -23.881 0.1111111119
72431  -23.713  -1.547  -25.284 0.1111111119
63297  -27.081  -9.956  -23.885 0.1111111119
76462  -22.019  2.265  -25.883 0.1111111119
75407  -22.316  1.802  -25.673 0.1111111119
63286  -26.771  -10.510  -23.632 0.1111111119
62149  -26.692  -11.181  -23.373 0.1111111119
130993  -25.680  -9.869  -23.352 0.1111111119
64370  -25.913  -9.231  -23.793 0.1111111119
73419  -23.467  -0.714  -23.745 0.1111111119
66501  -24.371  -7.772  -22.736 0.1111111119
124279  -18.601  10.405  -22.648 0.1111111119
141571  -17.770  10.923  -22.337 0.1111111119
86513  -19.958  13.295  -25.374 0.1111111119
85617  -18.457  12.751  -24.258 0.1111111119
87492  -19.096  14.449  -24.283 0.1111111119
87503  -20.218  13.991  -25.513 0.1111111119
63284  -25.078  -10.034  -22.878 0.1111111119
71498  -30.169  -2.641  -27.619 0.4444444478
83054  -18.978  9.501  -23.522 0.2222222239
84736  -18.533  10.974  -24.378 0.1111111119
85616  -17.613  12.176  -23.796 0.1111111119
87517  -21.227  14.324  -26.449 0.3333333433
87558  -23.505  14.835  -29.221 0.6666666865
87573  -25.224  14.234  -29.345 0.6666666865
88517  -20.530  15.660  -24.461 0.1111111119
88571  -27.323  14.529  -28.758 0.6666666865
88628  -32.078  15.539  -33.150 0.1111111119
89515  -20.392  16.112  -29.401 0.3333333433
89526  -20.336  16.870  -30.196 0.4444444478
89528  -20.275  15.563  -29.936 0.5555555820
89531  -26.100  16.159  -29.058 0.5555555820
89553  -22.211  15.814  -30.817 0.4444444478
90527  -20.192  17.293  -29.702 0.4444444478
90550  -20.444  17.646  -29.985 0.4444444478
91450  -20.473  18.519  -29.456 0.4444444478
91463  -20.915  19.096  -29.763 0.4444444478
91489  -21.293  18.206  -30.258 0.5555555820
92353  -20.709  19.586  -29.184 0.4444444478
92354  -21.473  20.491  -28.832 0.4444444478
92355  -22.310  20.260  -28.472 0.3333333433
92367  -22.005  20.202  -29.395 0.4444444478
93274  -20.951  20.196  -28.930 0.4444444478
124370  -17.047  11.135  -22.572 0.1111111119
124418  -19.401  9.765  -22.835 0.2222222239
124432  -17.764  10.423  -22.865 0.1111111119
127594  -20.060  9.402  -24.507 0.2222222239
128492  -31.941  8.564  -29.456 0.4444444478
132853  -27.736  12.414  -29.489 0.7777777910
133123  -32.196  11.647  -30.279 0.5555555820
135430  -27.571  13.771  -29.138 0.5555555820
137477  -17.743  12.914  -23.736 0.1111111119
137711  -28.047  6.056  -29.754 1.0000000000
140763  -33.617  9.115  -28.136 0.1111111119
141577  -19.662  10.631  -22.801 0.1111111119
141674  -30.924  6.424  -28.952 0.5555555820
148131  -33.460  12.445  -27.749 0.1111111119
