#!ascii label  , from subject sub-LJ002 vox2ras=TkReg
922
138723  -44.535  -43.019  -24.439 0.5000000000
28826  -44.745  -44.502  -25.288 0.8000000119
127040  -45.987  -45.703  -27.327 0.8000000119
27979  -45.553  -45.032  -26.637 0.8000000119
28827  -45.238  -44.420  -26.069 0.8000000119
30581  -44.750  -42.785  -23.010 0.5000000000
29680  -44.607  -43.735  -24.830 0.5000000000
29681  -45.027  -43.717  -25.610 0.6000000238
27098  -46.978  -46.901  -28.966 0.6999999881
27989  -46.678  -45.113  -27.853 0.6999999881
29690  -46.006  -43.567  -26.800 0.8000000119
30622  -45.771  -42.473  -26.328 0.6999999881
30582  -45.303  -42.678  -22.572 0.6000000238
30592  -44.583  -42.226  -23.407 0.5000000000
31538  -44.753  -41.411  -24.654 0.6000000238
26193  -47.239  -47.109  -30.589 0.6999999881
30604  -44.783  -42.146  -25.049 0.6000000238
31548  -45.185  -41.503  -25.464 0.6000000238
27108  -47.684  -46.569  -30.265 0.6999999881
26183  -46.574  -47.525  -29.144 0.6999999881
28840  -46.676  -44.272  -27.640 0.6999999881
30614  -45.269  -42.290  -25.693 0.6000000238
32559  -45.627  -40.840  -25.958 0.6000000238
29695  -46.521  -43.528  -27.355 0.8000000119
30623  -46.266  -42.807  -26.946 0.8000000119
31555  -45.705  -41.682  -26.166 0.6999999881
31525  -44.729  -41.020  -22.988 0.4000000060
31537  -44.594  -41.375  -23.652 0.6000000238
27119  -47.458  -46.335  -31.173 0.6999999881
32552  -45.565  -40.034  -25.618 0.6000000238
27109  -48.039  -46.035  -30.727 0.6999999881
27099  -47.475  -46.401  -29.384 0.6999999881
147092  -47.122  -45.314  -28.380 0.6999999881
29696  -47.156  -43.648  -28.001 0.6999999881
30628  -46.881  -42.862  -27.632 0.6000000238
31556  -46.259  -41.945  -26.776 0.6999999881
33547  -47.297  -40.100  -27.580 0.5000000000
29701  -47.930  -43.769  -28.835 0.6000000238
30629  -47.554  -42.896  -28.309 0.6000000238
137736  -47.247  -42.147  -27.817 0.6000000238
32568  -47.785  -40.577  -28.181 0.6000000238
137286  -47.950  -42.121  -28.492 0.6000000238
131961  -48.610  -40.413  -28.771 0.5000000000
32510  -44.873  -40.488  -22.801 0.4000000060
32526  -44.686  -40.370  -23.369 0.5000000000
28013  -46.611  -46.331  -31.076 0.6999999881
33529  -44.754  -39.746  -24.010 0.6000000238
127432  -45.104  -39.929  -24.819 0.6000000238
28004  -48.376  -45.339  -30.501 0.6999999881
135162  -46.217  -40.118  -26.433 0.6000000238
28851  -48.265  -45.215  -29.794 0.6999999881
33541  -46.622  -39.212  -26.637 0.5000000000
137945  -47.264  -39.274  -27.346 0.6000000238
29702  -48.635  -43.632  -29.609 0.6999999881
30633  -48.349  -42.910  -29.037 0.6000000238
33548  -47.970  -39.595  -28.173 0.5000000000
34552  -47.838  -38.634  -27.690 0.5000000000
144266  -48.942  -41.603  -29.312 0.5000000000
28849  -44.323  -44.988  -29.607 0.6000000238
29706  -44.756  -44.081  -29.322 0.6000000238
32511  -45.372  -40.209  -22.369 0.5000000000
34510  -44.808  -38.978  -22.894 0.5000000000
28854  -46.389  -44.835  -30.502 0.6999999881
28009  -45.782  -46.095  -30.565 0.6999999881
33522  -44.730  -39.574  -23.313 0.5000000000
140907  -45.154  -39.150  -24.545 0.5000000000
34533  -45.164  -38.328  -24.246 0.4000000060
28857  -47.777  -45.011  -31.380 0.6999999881
34541  -45.666  -38.563  -25.215 0.5000000000
28016  -48.199  -44.847  -31.297 0.6999999881
28856  -48.627  -44.694  -30.960 0.6999999881
29714  -49.044  -43.875  -30.827 0.6999999881
30634  -49.159  -42.866  -29.947 0.6000000238
34548  -47.159  -38.347  -26.875 0.5000000000
31566  -48.720  -42.128  -29.234 0.6000000238
31572  -49.582  -41.917  -29.870 0.5000000000
32570  -49.571  -40.377  -29.395 0.5000000000
34561  -48.589  -38.797  -28.356 0.5000000000
33555  -49.011  -39.608  -28.837 0.5000000000
35560  -49.129  -38.085  -28.457 0.3000000119
35499  -45.493  -37.492  -22.338 0.3000000119
29705  -43.438  -43.479  -29.378 0.6000000238
140116  -45.223  -38.295  -22.385 0.4000000060
35513  -45.250  -37.202  -23.009 0.4000000060
29708  -46.641  -43.310  -30.374 0.6000000238
35533  -45.578  -37.798  -24.745 0.5000000000
28855  -47.244  -44.726  -31.169 0.6999999881
29715  -48.018  -44.166  -31.394 0.6999999881
35545  -46.797  -37.757  -26.239 0.5000000000
29717  -49.220  -43.197  -31.021 0.5000000000
35546  -47.373  -37.359  -26.678 0.5000000000
29710  -49.315  -43.073  -30.710 0.5000000000
35551  -47.851  -37.777  -27.397 0.4000000060
34553  -48.379  -38.130  -27.926 0.3000000119
35552  -48.572  -37.437  -27.844 0.4000000060
33559  -49.990  -39.692  -29.484 0.5000000000
34562  -49.525  -38.911  -28.971 0.4000000060
135238  -43.029  -42.521  -29.300 0.6000000238
30637  -44.405  -42.994  -28.883 0.6000000238
30638  -45.595  -42.424  -29.039 0.6000000238
132292  -45.745  -43.268  -29.436 0.6000000238
30639  -46.378  -42.464  -29.921 0.6000000238
36544  -46.420  -36.693  -25.230 0.3000000119
35534  -46.204  -37.616  -25.475 0.4000000060
150169  -47.263  -43.021  -30.851 0.6000000238
36545  -46.973  -36.314  -25.629 0.3000000119
29713  -47.817  -43.190  -31.244 0.6000000238
29716  -48.757  -43.959  -31.231 0.6999999881
36556  -47.515  -36.347  -26.330 0.3000000119
35535  -46.880  -37.019  -25.959 0.3000000119
130806  -48.507  -43.321  -31.320 0.6000000238
36557  -48.222  -35.939  -26.933 0.3000000119
36564  -48.016  -36.876  -27.201 0.3000000119
139095  -49.094  -42.138  -31.289 0.5000000000
30646  -49.447  -42.534  -31.119 0.5000000000
30643  -49.606  -42.585  -30.976 0.5000000000
136928  -49.492  -35.750  -28.003 0.3000000119
36565  -48.861  -36.489  -27.745 0.3000000119
31573  -50.087  -41.663  -30.595 0.5000000000
135165  -50.184  -41.088  -30.117 0.5000000000
36571  -49.764  -36.667  -28.560 0.3000000119
31577  -50.517  -41.098  -31.119 0.5000000000
133403  -50.003  -38.286  -29.189 0.4000000060
35561  -50.206  -37.552  -29.152 0.3000000119
31562  -43.496  -41.388  -28.558 0.5000000000
30631  -43.806  -42.163  -28.638 0.6000000238
30632  -44.762  -42.214  -28.592 0.5000000000
30641  -46.929  -42.541  -30.575 0.6000000238
31571  -46.897  -41.717  -30.438 0.5000000000
37524  -48.932  -34.581  -26.701 0.3000000119
31575  -47.690  -41.603  -30.880 0.6000000238
38596  -49.955  -34.140  -27.637 0.3000000119
37533  -48.845  -35.445  -27.272 0.3000000119
31578  -48.503  -41.526  -31.175 0.6000000238
144428  -49.740  -41.891  -31.208 0.5000000000
33567  -51.144  -39.808  -31.178 0.5000000000
34565  -50.545  -39.087  -29.668 0.4000000060
34567  -51.578  -38.530  -30.748 0.4000000060
32566  -44.426  -40.787  -28.188 0.5000000000
33554  -45.457  -40.141  -28.546 0.5000000000
32574  -45.961  -40.848  -29.127 0.5000000000
33557  -46.280  -39.786  -29.539 0.5000000000
39629  -50.492  -33.455  -25.632 0.3000000119
38595  -49.485  -33.921  -26.898 0.3000000119
32577  -47.219  -40.803  -30.539 0.6000000238
32578  -47.940  -40.789  -30.829 0.6000000238
32580  -48.785  -40.717  -31.200 0.5000000000
31581  -50.625  -40.637  -31.234 0.5000000000
35562  -51.189  -37.638  -29.699 0.4000000060
35567  -51.850  -37.881  -30.972 0.4000000060
33553  -44.424  -39.795  -27.992 0.5000000000
149365  -45.234  -39.510  -28.312 0.5000000000
138956  -46.216  -38.790  -29.425 0.5000000000
39618  -50.961  -33.731  -25.061 0.4000000060
39630  -51.515  -33.446  -25.682 0.4000000060
32575  -46.573  -40.770  -30.000 0.5000000000
134492  -46.900  -39.919  -30.287 0.5000000000
39645  -50.870  -33.097  -26.503 0.4000000060
39656  -50.189  -33.451  -27.082 0.3000000119
34568  -46.893  -38.195  -30.172 0.4000000060
38603  -50.610  -34.365  -28.325 0.3000000119
125583  -47.456  -40.126  -30.608 0.5000000000
33564  -48.111  -39.960  -30.879 0.4000000060
33565  -49.118  -39.904  -31.276 0.4000000060
144603  -51.658  -38.389  -30.990 0.4000000060
138093  -44.778  -37.977  -27.974 0.5000000000
34560  -45.074  -38.907  -28.154 0.5000000000
34563  -45.712  -38.133  -28.828 0.5000000000
38577  -52.623  -34.152  -25.480 0.4000000060
33558  -46.693  -38.962  -30.009 0.5000000000
34564  -46.398  -38.040  -29.688 0.4000000060
38587  -52.436  -33.310  -26.143 0.4000000060
39646  -51.687  -32.740  -27.189 0.4000000060
35564  -46.532  -37.239  -29.866 0.4000000060
33561  -47.366  -39.206  -30.499 0.4000000060
39658  -51.515  -32.863  -27.876 0.4000000060
33562  -48.324  -39.098  -30.882 0.4000000060
34570  -48.625  -38.233  -30.774 0.4000000060
34574  -49.876  -38.257  -31.098 0.4000000060
125994  -50.830  -39.069  -31.355 0.4000000060
35575  -50.914  -38.139  -31.286 0.4000000060
34572  -51.947  -37.736  -31.032 0.4000000060
36582  -52.856  -36.580  -31.273 0.4000000060
35573  -52.357  -37.288  -31.092 0.4000000060
35558  -44.359  -37.052  -27.865 0.5000000000
36569  -44.900  -36.230  -28.371 0.4000000060
38578  -53.705  -35.010  -25.611 0.4000000060
38588  -53.438  -34.066  -26.163 0.4000000060
35559  -45.301  -37.108  -28.513 0.5000000000
35563  -46.036  -37.171  -29.319 0.4000000060
138550  -46.991  -37.603  -30.228 0.4000000060
40656  -52.416  -32.584  -27.501 0.4000000060
35569  -47.655  -37.348  -30.428 0.4000000060
37548  -52.674  -35.852  -30.294 0.3000000119
149745  -51.578  -37.852  -31.147 0.4000000060
37539  -44.593  -35.492  -28.262 0.4000000060
36570  -45.698  -36.372  -29.052 0.4000000060
39648  -53.221  -33.038  -26.769 0.4000000060
146881  -45.939  -36.034  -29.337 0.4000000060
36574  -46.464  -36.440  -29.718 0.4000000060
35568  -46.818  -37.012  -30.106 0.4000000060
36577  -47.124  -36.483  -30.119 0.4000000060
36578  -48.100  -36.504  -30.429 0.4000000060
35570  -48.928  -37.384  -30.681 0.4000000060
35571  -50.131  -37.436  -30.909 0.4000000060
35576  -51.957  -37.295  -31.283 0.4000000060
35574  -52.508  -37.014  -31.214 0.4000000060
37540  -45.070  -35.253  -28.622 0.4000000060
37544  -45.711  -35.580  -29.045 0.4000000060
142301  -46.108  -35.450  -29.217 0.4000000060
37549  -53.289  -36.106  -31.076 0.4000000060
37552  -48.503  -35.764  -30.371 0.4000000060
36580  -50.352  -36.637  -30.915 0.4000000060
37553  -49.533  -35.813  -30.615 0.4000000060
37554  -50.570  -35.847  -31.022 0.4000000060
37557  -51.651  -35.884  -31.492 0.4000000060
39663  -44.983  -34.554  -28.333 0.4000000060
133683  -45.572  -35.041  -28.823 0.4000000060
38602  -46.220  -34.631  -28.851 0.4000000060
39672  -46.896  -34.351  -29.085 0.4000000060
37546  -46.836  -35.436  -29.570 0.4000000060
137419  -47.417  -34.699  -29.501 0.4000000060
38606  -47.598  -35.183  -29.815 0.4000000060
38610  -48.098  -35.267  -30.085 0.4000000060
38611  -48.913  -35.042  -30.297 0.4000000060
37559  -53.477  -35.562  -31.753 0.3000000119
38613  -50.847  -34.958  -31.111 0.4000000060
37558  -52.751  -35.847  -31.662 0.4000000060
39643  -45.167  -33.629  -27.430 0.4000000060
39655  -45.920  -33.567  -27.978 0.4000000060
40654  -45.882  -32.891  -26.870 0.4000000060
39665  -46.439  -33.998  -28.624 0.4000000060
39666  -47.193  -33.674  -28.792 0.4000000060
39674  -48.325  -34.061  -29.594 0.4000000060
39679  -48.931  -34.291  -30.044 0.4000000060
38615  -54.185  -34.615  -31.624 0.4000000060
37556  -53.903  -35.224  -31.788 0.3000000119
38612  -49.742  -34.499  -30.473 0.4000000060
38616  -52.029  -35.211  -31.636 0.5000000000
38617  -53.071  -34.999  -32.070 0.4000000060
39681  -50.593  -33.962  -30.758 0.5000000000
41687  -46.718  -32.320  -26.785 0.4000000060
40655  -46.485  -32.944  -27.526 0.4000000060
41694  -47.139  -32.600  -27.592 0.4000000060
40661  -46.764  -33.283  -28.206 0.4000000060
39680  -49.663  -33.738  -30.234 0.4000000060
138179  -51.864  -34.312  -31.537 0.5000000000
41674  -45.883  -31.419  -25.262 0.4000000060
41686  -46.220  -32.118  -26.079 0.4000000060
41688  -47.473  -31.791  -26.851 0.4000000060
40676  -50.389  -33.155  -30.443 0.4000000060
39682  -51.335  -33.310  -31.028 0.5000000000
42659  -45.552  -30.455  -24.701 0.4000000060
42660  -46.344  -30.356  -25.168 0.4000000060
41675  -46.888  -31.354  -25.903 0.4000000060
40677  -51.050  -32.643  -30.637 0.5000000000
44663  -44.804  -27.910  -26.152 0.4000000060
43620  -45.059  -29.825  -24.490 0.4000000060
44645  -45.533  -28.530  -25.322 0.4000000060
43634  -45.689  -29.509  -24.801 0.4000000060
44646  -46.406  -28.456  -25.771 0.4000000060
43650  -47.241  -28.949  -25.956 0.5000000000
43633  -44.836  -29.070  -24.641 0.4000000060
32579  -50.929  -40.568  -31.071 0.5000000000
34571  -51.450  -39.104  -31.003 0.5000000000
35566  -51.670  -37.893  -30.418 0.4000000060
138750  -44.510  -42.924  -23.648 0.5000000000
131190  -45.368  -45.779  -26.584 0.8000000119
27088  -46.107  -46.581  -27.670 0.8000000119
26182  -46.073  -47.582  -28.360 0.6999999881
138597  -45.979  -43.042  -22.367 0.5000000000
25318  -46.183  -48.043  -29.830 0.6999999881
135998  -46.744  -42.924  -22.539 0.5000000000
25330  -46.287  -48.073  -31.040 0.6999999881
134527  -45.707  -40.933  -22.307 0.4000000060
31513  -45.529  -41.681  -22.430 0.4000000060
27118  -46.923  -46.758  -31.138 0.6999999881
28850  -45.460  -44.948  -29.766 0.6999999881
32512  -46.236  -40.393  -22.063 0.4000000060
33510  -45.972  -39.562  -21.900 0.4000000060
28848  -43.195  -44.886  -29.849 0.6000000238
35484  -45.889  -37.856  -21.839 0.4000000060
31569  -42.695  -41.748  -29.350 0.6000000238
31561  -42.446  -41.019  -29.401 0.5000000000
32565  -43.279  -40.512  -28.463 0.5000000000
34559  -44.069  -38.841  -27.726 0.5000000000
136294  -43.734  -37.931  -27.665 0.4000000060
36568  -43.857  -36.140  -27.782 0.4000000060
37532  -43.410  -35.243  -27.524 0.4000000060
37538  -43.853  -35.355  -27.815 0.4000000060
38593  -43.772  -34.866  -27.683 0.4000000060
39642  -44.481  -33.886  -26.893 0.4000000060
40653  -45.075  -33.223  -26.331 0.4000000060
40644  -45.521  -32.390  -25.775 0.4000000060
41673  -45.108  -31.845  -24.889 0.4000000060
41665  -44.610  -31.272  -24.293 0.4000000060
124814  -43.834  -28.109  -26.253 0.4000000060
27970  -44.940  -45.335  -25.873 0.8000000119
27980  -46.117  -44.727  -27.226 0.8000000119
31512  -44.824  -41.819  -22.878 0.5000000000
132938  -46.808  -46.077  -28.347 0.6999999881
28844  -48.071  -44.619  -29.267 0.6999999881
32551  -45.121  -40.704  -25.153 0.6000000238
132736  -46.234  -41.092  -26.633 0.6999999881
137737  -46.663  -42.222  -27.321 0.6999999881
33534  -45.487  -39.387  -25.240 0.6000000238
32561  -46.731  -40.555  -27.144 0.6000000238
138181  -46.810  -41.435  -27.355 0.6000000238
29711  -46.779  -44.162  -30.634 0.6999999881
33535  -45.971  -39.286  -25.899 0.5000000000
29707  -46.069  -44.172  -29.841 0.6000000238
33509  -45.259  -39.256  -22.321 0.5000000000
34522  -44.871  -38.095  -23.218 0.5000000000
35524  -45.312  -37.504  -23.940 0.3000000119
146640  -50.372  -40.351  -29.960 0.5000000000
31570  -46.217  -41.649  -29.530 0.6000000238
32581  -49.803  -40.698  -31.409 0.5000000000
33560  -50.815  -39.830  -30.264 0.5000000000
34575  -51.480  -38.552  -31.072 0.4000000060
33566  -50.293  -39.911  -31.420 0.4000000060
36575  -51.740  -37.165  -29.954 0.4000000060
35572  -51.105  -37.380  -31.297 0.4000000060
36579  -49.235  -36.568  -30.629 0.4000000060
38594  -44.344  -34.652  -28.011 0.4000000060
146191  -49.875  -35.196  -30.653 0.4000000060
43635  -46.467  -29.224  -25.310 0.4000000060
129000  -39.038  -57.541  -25.546 0.4000000060
127408  -40.108  -56.685  -24.975 0.4000000060
17428  -40.868  -56.165  -24.860 0.4000000060
18456  -41.368  -55.511  -24.350 0.4000000060
18454  -39.712  -55.695  -23.783 0.4000000060
18455  -40.544  -55.614  -24.064 0.4000000060
19444  -41.840  -54.989  -23.815 0.4000000060
19430  -41.402  -54.532  -23.437 0.4000000060
20365  -43.681  -53.747  -22.909 0.5000000000
18438  -39.243  -55.029  -23.322 0.4000000060
18439  -40.147  -55.014  -23.507 0.4000000060
132604  -41.311  -53.927  -23.103 0.5000000000
134336  -41.999  -53.528  -22.893 0.5000000000
22298  -43.000  -51.800  -22.606 0.6000000238
18437  -38.351  -55.112  -23.272 0.4000000060
136689  -39.739  -54.299  -23.285 0.4000000060
20362  -40.380  -53.517  -23.239 0.4000000060
20349  -43.318  -53.102  -22.587 0.5000000000
133355  -46.479  -41.305  -22.268 0.3000000119
31514  -47.557  -41.188  -22.512 0.4000000060
33511  -46.866  -39.756  -21.846 0.3000000119
22300  -44.440  -51.632  -22.248 0.5000000000
28785  -46.735  -44.443  -22.573 0.5000000000
29651  -47.219  -43.658  -22.748 0.4000000060
21352  -38.699  -52.625  -24.809 0.4000000060
20363  -41.270  -53.150  -23.049 0.5000000000
21331  -42.265  -52.241  -22.858 0.5000000000
20371  -38.059  -53.169  -24.243 0.4000000060
20361  -39.330  -53.503  -23.402 0.4000000060
22299  -43.689  -51.348  -22.389 0.6000000238
126021  -44.984  -50.997  -22.021 0.6000000238
147763  -44.973  -49.707  -22.010 0.6999999881
28784  -45.900  -44.343  -22.403 0.5000000000
23319  -45.483  -50.189  -21.998 0.6999999881
26117  -46.100  -47.435  -22.341 0.6999999881
27936  -46.157  -45.180  -22.410 0.6999999881
138816  -45.731  -47.970  -22.298 0.6999999881
26116  -45.230  -47.275  -22.388 0.6999999881
21329  -40.651  -52.585  -23.420 0.5000000000
22311  -41.744  -51.671  -23.466 0.6000000238
22313  -43.048  -50.997  -22.868 0.6000000238
24322  -43.456  -49.667  -23.189 0.6000000238
21338  -39.446  -52.313  -24.363 0.4000000060
21339  -40.200  -52.061  -24.042 0.5000000000
22323  -42.031  -51.123  -23.726 0.6000000238
23317  -43.690  -50.430  -22.566 0.6000000238
24323  -43.814  -49.034  -22.944 0.6000000238
25253  -44.256  -48.357  -22.769 0.6000000238
33494  -46.644  -38.946  -21.681 0.3000000119
23318  -44.553  -50.172  -22.133 0.6000000238
25254  -44.981  -48.317  -22.308 0.6999999881
28783  -45.184  -44.270  -22.620 0.6000000238
29648  -44.938  -43.532  -22.797 0.5000000000
21369  -39.258  -51.945  -26.420 0.6000000238
22348  -40.782  -50.787  -26.067 0.6000000238
23361  -41.549  -50.507  -25.707 0.6999999881
23347  -42.089  -50.672  -24.300 0.6000000238
23348  -42.650  -50.178  -24.255 0.6000000238
25270  -43.876  -48.430  -23.535 0.6000000238
21353  -39.280  -52.108  -25.330 0.5000000000
22322  -41.434  -51.167  -24.234 0.6000000238
26127  -44.191  -47.608  -23.261 0.6000000238
132515  -44.636  -46.747  -22.862 0.6999999881
27944  -44.603  -45.118  -23.174 0.6999999881
27032  -44.811  -45.751  -22.824 0.6999999881
28782  -44.716  -44.286  -23.018 0.6000000238
27934  -44.934  -44.966  -22.744 0.6999999881
23374  -40.569  -50.695  -27.075 0.6000000238
23375  -41.345  -50.351  -26.653 0.6999999881
24365  -42.842  -49.727  -25.859 0.6999999881
23362  -42.283  -50.228  -25.192 0.6999999881
25282  -43.837  -48.602  -24.688 0.6000000238
29669  -44.432  -43.748  -23.911 0.5000000000
128883  -44.282  -46.772  -23.681 0.6999999881
28797  -44.457  -44.489  -23.599 0.6000000238
24367  -44.229  -48.875  -26.672 0.6999999881
26154  -44.747  -47.072  -25.972 0.6999999881
24373  -42.735  -49.600  -26.861 0.6999999881
25289  -44.227  -48.572  -25.722 0.6000000238
147821  -43.338  -49.431  -25.531 0.6999999881
137787  -43.811  -49.063  -25.635 0.6000000238
138400  -44.331  -46.906  -24.759 0.6999999881
28812  -44.439  -44.502  -24.390 0.5000000000
142880  -43.993  -47.970  -24.118 0.6000000238
27057  -44.316  -46.047  -24.270 0.6999999881
27957  -44.338  -45.231  -23.874 0.6000000238
25300  -45.276  -47.987  -27.372 0.6999999881
27077  -45.461  -46.621  -26.874 0.6999999881
132083  -45.652  -47.877  -28.048 0.6999999881
27969  -44.501  -45.296  -24.841 0.6000000238
27067  -44.952  -46.195  -26.164 0.6999999881
29650  -46.348  -43.675  -22.461 0.5000000000
27066  -44.584  -46.146  -25.334 0.6000000238
130555  -40.126  -56.151  -24.377 0.4000000060
19431  -42.192  -54.307  -23.258 0.4000000060
20359  -37.900  -53.832  -23.608 0.4000000060
21328  -39.775  -52.737  -23.630 0.4000000060
21327  -38.918  -52.867  -23.895 0.4000000060
27034  -46.112  -46.602  -22.381 0.6999999881
27935  -45.390  -45.500  -22.524 0.6999999881
23336  -42.516  -50.743  -23.567 0.6000000238
25269  -43.560  -49.102  -23.895 0.6000000238
21354  -39.918  -51.761  -24.864 0.6999999881
22338  -41.071  -50.977  -25.151 0.6000000238
24353  -42.951  -49.736  -24.976 0.6000000238
24366  -43.487  -49.343  -26.330 0.6999999881
134709  -44.299  -47.856  -25.129 0.6000000238
142184  -44.728  -48.112  -26.430 0.6000000238
23389  -41.912  -49.926  -27.259 0.5000000000
21382  -38.685  -52.558  -27.122 0.4000000060
22362  -39.477  -51.667  -27.282 0.5000000000
138478  -42.493  -49.565  -27.988 0.6000000238
142360  -38.250  -53.237  -27.522 0.4000000060
21396  -38.654  -53.057  -28.233 0.5000000000
21383  -39.169  -52.279  -27.994 0.5000000000
141537  -40.016  -51.195  -28.185 0.5000000000
23396  -41.122  -50.391  -28.553 0.5000000000
23409  -41.757  -50.462  -29.420 0.5000000000
23388  -41.114  -50.235  -27.653 0.5000000000
24374  -43.530  -49.189  -27.606 0.6000000238
24375  -44.455  -48.760  -27.897 0.5000000000
24386  -43.012  -49.391  -29.083 0.5000000000
24387  -43.881  -48.908  -28.923 0.6999999881
24401  -43.768  -49.506  -29.916 0.6000000238
129481  -44.339  -49.110  -29.817 0.6000000238
20410  -38.035  -53.659  -28.394 0.5000000000
21397  -39.194  -52.875  -29.082 0.5000000000
21398  -40.102  -52.103  -29.616 0.5000000000
22384  -41.492  -51.319  -30.349 0.5000000000
22375  -40.882  -50.952  -29.238 0.5000000000
25299  -45.211  -48.310  -28.235 0.6000000238
149548  -43.253  -49.901  -30.151 0.6000000238
24402  -44.191  -49.425  -30.618 0.5000000000
25317  -45.765  -48.423  -30.487 0.6000000238
20441  -39.264  -53.337  -30.198 0.5000000000
21418  -39.916  -53.001  -30.714 0.5000000000
21419  -40.523  -52.713  -31.009 0.5000000000
22397  -41.168  -52.179  -30.897 0.5000000000
23424  -42.391  -50.929  -30.693 0.5000000000
25310  -45.864  -47.945  -28.833 0.6000000238
136644  -43.637  -49.993  -30.834 0.5000000000
25323  -45.367  -48.664  -30.973 0.6000000238
20439  -37.873  -53.989  -30.349 0.5000000000
20456  -39.429  -53.414  -31.001 0.5000000000
136589  -39.665  -53.031  -31.328 0.5000000000
136335  -40.045  -51.843  -31.701 0.5000000000
138546  -41.356  -50.140  -31.993 0.6000000238
22408  -41.596  -51.487  -31.651 0.4000000060
25325  -40.859  -49.267  -31.643 0.4000000060
23430  -41.996  -50.841  -32.010 0.5000000000
23431  -42.789  -50.409  -31.850 0.5000000000
22398  -41.900  -51.487  -31.297 0.4000000060
26197  -41.617  -47.613  -30.939 0.4000000060
25322  -42.119  -48.323  -31.461 0.5000000000
150098  -42.594  -49.644  -32.034 0.5000000000
27111  -41.709  -46.612  -30.772 0.4000000060
24413  -43.893  -49.198  -31.430 0.6000000238
129151  -44.892  -48.710  -31.262 0.6000000238
134849  -46.037  -47.961  -31.176 0.6000000238
25326  -42.021  -49.064  -31.901 0.5000000000
27112  -42.528  -46.587  -30.737 0.5000000000
26199  -43.443  -47.067  -30.765 0.5000000000
26202  -42.819  -48.323  -31.461 0.5000000000
28005  -41.814  -45.684  -30.689 0.4000000060
28006  -42.386  -45.640  -30.597 0.5000000000
27113  -44.304  -46.992  -30.710 0.6000000238
25328  -43.618  -48.464  -31.407 0.6000000238
27114  -45.446  -46.835  -30.789 0.6000000238
28001  -43.728  -45.694  -29.973 0.5000000000
139227  -42.338  -41.973  -29.674 0.3000000119
29704  -42.383  -42.874  -29.692 0.4000000060
28852  -41.999  -44.948  -30.550 0.4000000060
28853  -42.365  -44.645  -30.232 0.5000000000
28002  -44.983  -45.699  -29.956 0.5000000000
28008  -44.567  -46.328  -30.360 0.6000000238
35557  -43.257  -37.144  -27.642 0.3000000119
34558  -42.891  -38.696  -28.047 0.3000000119
33552  -43.095  -39.593  -28.282 0.4000000060
32564  -42.285  -40.224  -29.255 0.4000000060
37531  -42.589  -35.600  -27.255 0.3000000119
39641  -43.823  -34.167  -26.262 0.3000000119
38592  -43.159  -35.046  -27.292 0.3000000119
39627  -44.378  -33.505  -25.729 0.3000000119
40643  -44.803  -32.695  -25.257 0.3000000119
40634  -44.405  -32.120  -24.370 0.3000000119
41664  -43.851  -31.440  -23.871 0.3000000119
43619  -44.341  -29.740  -24.267 0.3000000119
133297  -42.715  -44.023  -29.814 0.5000000000
36567  -42.671  -36.597  -27.545 0.3000000119
125303  -39.683  -52.200  -28.912 0.5000000000
23426  -43.283  -50.305  -31.436 0.5000000000
143521  -44.390  -48.552  -31.311 0.6000000238
28798  -47.581  -44.456  -22.968 0.3000000119
27035  -46.910  -47.196  -22.601 0.6000000238
142858  -46.476  -45.860  -22.486 0.6000000238
141505  -49.797  -40.946  -23.967 0.3000000119
30595  -49.240  -41.884  -23.790 0.3000000119
134464  -48.614  -42.807  -23.504 0.3000000119
30585  -47.862  -41.815  -22.790 0.3000000119
29663  -49.344  -42.840  -24.104 0.3000000119
30593  -47.740  -42.716  -22.908 0.3000000119
30584  -47.088  -42.058  -22.493 0.3000000119
129698  -47.075  -46.283  -22.677 0.6000000238
27937  -47.129  -45.317  -22.722 0.5000000000
31527  -50.577  -40.926  -24.363 0.3000000119
31526  -49.091  -41.065  -23.435 0.3000000119
31515  -48.385  -41.117  -22.942 0.3000000119
134122  -48.789  -43.711  -23.784 0.3000000119
29662  -48.055  -43.657  -23.222 0.3000000119
137010  -47.890  -45.110  -23.204 0.4000000060
21368  -38.642  -52.529  -25.938 0.4000000060
31528  -51.077  -40.688  -24.209 0.3000000119
32527  -49.586  -40.388  -23.396 0.3000000119
136109  -49.134  -40.035  -22.756 0.3000000119
130803  -48.232  -40.351  -22.528 0.3000000119
19460  -43.818  -54.871  -25.339 0.5000000000
130456  -44.447  -54.487  -25.032 0.5000000000
141659  -40.686  -56.708  -25.518 0.4000000060
18474  -41.753  -55.845  -25.186 0.4000000060
19459  -43.087  -55.161  -24.875 0.4000000060
18476  -43.297  -55.308  -25.817 0.5000000000
22314  -46.760  -51.797  -23.334 0.5000000000
21340  -46.066  -53.085  -24.141 0.5000000000
19446  -43.731  -54.607  -24.287 0.5000000000
20372  -44.695  -54.096  -24.160 0.5000000000
18457  -42.226  -55.340  -24.591 0.4000000060
24324  -47.803  -49.416  -23.371 0.6000000238
142148  -47.058  -50.580  -22.913 0.6000000238
23338  -46.623  -51.211  -22.812 0.5000000000
21332  -45.759  -52.797  -23.250 0.5000000000
19445  -42.740  -54.867  -23.964 0.3000000119
19433  -44.007  -54.167  -23.525 0.4000000060
20366  -44.514  -53.684  -23.210 0.5000000000
25272  -48.043  -48.563  -23.441 0.6000000238
23320  -46.421  -50.412  -22.394 0.6000000238
124923  -45.837  -51.130  -22.281 0.6000000238
20350  -44.168  -53.109  -22.602 0.4000000060
21317  -45.386  -52.454  -22.675 0.5000000000
27045  -47.830  -46.860  -23.205 0.6000000238
29670  -49.451  -43.791  -24.358 0.3000000119
27946  -48.532  -45.383  -23.702 0.4000000060
26118  -46.616  -48.140  -22.489 0.6000000238
22301  -45.242  -51.793  -22.331 0.4000000060
29671  -50.039  -42.942  -24.665 0.3000000119
30605  -50.041  -41.810  -24.447 0.3000000119
28799  -48.316  -44.493  -23.478 0.3000000119
27945  -47.803  -45.865  -23.205 0.5000000000
25255  -45.915  -48.704  -22.232 0.6000000238
26128  -47.550  -47.872  -22.988 0.6000000238
25271  -47.331  -48.793  -22.869 0.6000000238
138847  -49.167  -45.262  -24.246 0.3000000119
24339  -48.465  -49.177  -23.889 0.5000000000
25283  -48.675  -48.372  -24.025 0.5000000000
26129  -48.305  -47.692  -23.595 0.5000000000
26144  -49.461  -47.445  -24.703 0.4000000060
27058  -49.167  -46.922  -24.345 0.5000000000
24340  -49.046  -49.021  -24.446 0.5000000000
144596  -48.780  -49.664  -24.307 0.5000000000
25290  -49.709  -48.009  -25.046 0.4000000060
26155  -50.001  -47.382  -25.261 0.4000000060
27059  -49.725  -46.557  -24.842 0.4000000060
27046  -48.631  -46.900  -23.846 0.5000000000
22315  -47.336  -51.201  -23.557 0.5000000000
23340  -48.282  -49.951  -23.888 0.5000000000
27958  -49.049  -46.113  -24.190 0.4000000060
129504  -41.920  -58.016  -32.204 0.3000000119
15486  -42.197  -57.608  -33.448 0.3000000119
17521  -42.870  -56.489  -32.449 0.3000000119
17522  -43.412  -55.881  -32.073 0.3000000119
18533  -44.011  -55.273  -31.778 0.4000000060
17513  -42.748  -56.668  -31.172 0.3000000119
143428  -45.410  -54.593  -31.769 0.4000000060
18534  -44.566  -54.887  -31.289 0.4000000060
17514  -43.342  -55.916  -30.913 0.3000000119
17507  -42.870  -56.540  -30.109 0.3000000119
19519  -46.531  -54.251  -31.434 0.4000000060
19511  -46.312  -53.972  -30.445 0.4000000060
18525  -44.393  -55.010  -30.169 0.4000000060
17508  -43.374  -55.969  -29.888 0.4000000060
17497  -42.869  -56.441  -29.156 0.4000000060
146244  -43.375  -55.907  -29.134 0.4000000060
21410  -49.040  -52.643  -30.026 0.3000000119
20444  -47.729  -53.388  -30.407 0.4000000060
20443  -46.797  -53.523  -29.891 0.4000000060
20442  -46.039  -53.847  -29.390 0.4000000060
19502  -45.306  -54.306  -28.842 0.4000000060
19501  -44.658  -54.765  -28.809 0.4000000060
126236  -43.682  -55.552  -28.716 0.4000000060
22377  -49.873  -51.755  -29.141 0.3000000119
21399  -47.995  -52.612  -28.595 0.4000000060
20413  -47.416  -52.861  -28.118 0.4000000060
20430  -47.336  -53.124  -29.096 0.4000000060
126402  -46.123  -53.643  -27.809 0.4000000060
138087  -46.512  -53.373  -27.079 0.4000000060
19488  -45.366  -54.152  -27.657 0.4000000060
20411  -45.810  -53.761  -26.865 0.4000000060
19487  -44.669  -54.652  -28.010 0.4000000060
18502  -43.416  -55.649  -27.737 0.4000000060
22364  -49.243  -51.737  -27.732 0.4000000060
21385  -47.815  -52.539  -27.553 0.4000000060
21370  -46.805  -52.996  -26.309 0.4000000060
19474  -45.173  -54.220  -26.569 0.4000000060
18489  -44.056  -55.077  -27.375 0.4000000060
19473  -44.648  -54.585  -27.051 0.4000000060
17484  -42.663  -56.286  -27.697 0.4000000060
21372  -48.203  -52.200  -26.973 0.4000000060
21371  -47.562  -52.486  -26.450 0.4000000060
21355  -47.070  -52.603  -25.494 0.4000000060
20384  -45.566  -53.808  -25.781 0.4000000060
19472  -44.034  -54.927  -26.346 0.4000000060
19461  -44.895  -54.330  -25.742 0.4000000060
21357  -48.203  -51.964  -26.128 0.4000000060
21342  -47.309  -52.222  -24.818 0.4000000060
22324  -47.099  -52.008  -24.061 0.4000000060
129665  -49.877  -49.607  -25.538 0.4000000060
22339  -48.165  -51.656  -25.370 0.4000000060
23349  -48.039  -50.752  -24.124 0.4000000060
26165  -50.634  -47.440  -25.894 0.3000000119
138564  -50.777  -46.045  -25.776 0.3000000119
20373  -45.515  -53.645  -24.660 0.4000000060
23351  -49.338  -49.818  -24.918 0.4000000060
27971  -50.305  -45.831  -25.263 0.3000000119
19518  -45.696  -54.309  -30.903 0.4000000060
142671  -44.967  -54.618  -30.784 0.4000000060
19510  -44.964  -54.589  -29.774 0.4000000060
18516  -44.273  -55.104  -29.200 0.4000000060
21400  -48.773  -52.395  -29.082 0.4000000060
21409  -48.217  -52.839  -29.686 0.4000000060
22385  -50.266  -52.078  -29.717 0.3000000119
20429  -46.474  -53.505  -28.787 0.4000000060
22365  -49.880  -51.427  -28.251 0.3000000119
22376  -49.312  -51.959  -28.607 0.4000000060
21384  -47.197  -52.955  -27.259 0.4000000060
22349  -48.835  -51.712  -26.833 0.4000000060
21356  -47.702  -52.122  -25.471 0.4000000060
138779  -44.625  -54.540  -26.298 0.4000000060
21341  -46.733  -52.610  -24.561 0.4000000060
23363  -49.063  -50.715  -25.303 0.4000000060
19520  -47.939  -54.531  -31.249 0.3000000119
18551  -46.213  -54.996  -32.405 0.3000000119
18544  -45.608  -55.249  -32.636 0.3000000119
19530  -46.567  -54.733  -32.038 0.3000000119
19531  -47.236  -54.390  -31.503 0.3000000119
18543  -44.974  -54.993  -32.468 0.3000000119
147503  -46.075  -54.476  -31.903 0.3000000119
20459  -47.817  -53.905  -31.208 0.3000000119
20458  -47.101  -53.870  -30.921 0.3000000119
23377  -50.266  -50.920  -27.555 0.3000000119
129757  -50.001  -50.693  -26.626 0.3000000119
23364  -49.677  -50.333  -25.749 0.3000000119
24355  -50.309  -49.053  -25.893 0.3000000119
21421  -49.346  -53.101  -30.538 0.3000000119
22341  -49.337  -51.084  -26.199 0.3000000119
16382  -39.447  -57.084  -25.039 0.4000000060
16485  -42.319  -57.273  -31.776 0.3000000119
17414  -38.835  -55.788  -23.576 0.4000000060
17427  -39.329  -56.477  -24.291 0.4000000060
18440  -40.998  -55.038  -23.700 0.4000000060
18475  -42.557  -55.576  -25.463 0.4000000060
18488  -43.391  -55.416  -26.738 0.4000000060
18503  -44.138  -55.153  -28.298 0.4000000060
18515  -43.813  -55.474  -29.588 0.4000000060
18524  -43.883  -55.386  -30.585 0.3000000119
18550  -44.817  -55.542  -33.240 0.3000000119
19428  -38.720  -54.266  -23.274 0.4000000060
19429  -40.660  -54.396  -23.334 0.4000000060
19432  -43.207  -54.296  -23.381 0.4000000060
19529  -45.908  -54.766  -32.380 0.3000000119
20348  -42.534  -53.031  -22.667 0.5000000000
20351  -45.034  -53.089  -22.853 0.5000000000
20360  -38.556  -53.474  -23.600 0.4000000060
20364  -42.822  -53.713  -22.847 0.4000000060
20367  -45.303  -53.450  -23.667 0.5000000000
20383  -45.068  -54.136  -25.049 0.5000000000
20385  -46.313  -53.204  -25.303 0.4000000060
20396  -46.210  -53.443  -26.260 0.4000000060
20412  -46.836  -53.234  -28.029 0.4000000060
20427  -38.649  -53.480  -29.328 0.5000000000
20428  -45.828  -53.851  -28.487 0.4000000060
20440  -38.650  -53.774  -30.426 0.5000000000
20454  -38.376  -53.865  -31.159 0.5000000000
20455  -38.989  -53.677  -31.135 0.5000000000
20457  -39.842  -53.039  -31.192 0.5000000000
20472  -39.324  -53.329  -31.328 0.5000000000
21314  -42.966  -52.514  -22.553 0.6000000238
21315  -43.744  -52.292  -22.399 0.5000000000
21316  -44.674  -52.414  -22.454 0.4000000060
21330  -41.450  -52.378  -23.203 0.5000000000
21333  -46.458  -52.424  -23.648 0.5000000000
21386  -48.609  -52.205  -27.893 0.4000000060
21401  -49.534  -52.225  -29.523 0.3000000119
21407  -39.761  -52.682  -29.844 0.5000000000
21408  -40.382  -52.451  -30.423 0.5000000000
21420  -41.116  -52.181  -31.314 0.4000000060
21430  -40.270  -52.671  -31.283 0.5000000000
22302  -46.094  -52.016  -22.781 0.5000000000
22310  -40.987  -51.842  -23.775 0.6000000238
22312  -42.431  -51.433  -23.153 0.6000000238
22321  -40.655  -51.501  -24.567 0.6000000238
22325  -47.758  -51.606  -24.597 0.4000000060
22326  -48.452  -51.128  -24.901 0.4000000060
22336  -39.760  -51.659  -25.703 0.5000000000
22337  -40.368  -51.319  -25.468 0.6999999881
22340  -48.678  -51.396  -25.770 0.4000000060
22347  -40.014  -51.293  -26.489 0.6000000238
22350  -49.621  -51.318  -27.162 0.3000000119
22363  -39.962  -51.134  -27.543 0.5000000000
22373  -39.680  -51.610  -28.138 0.5000000000
22374  -40.188  -51.494  -28.883 0.5000000000
22383  -40.637  -51.687  -29.967 0.5000000000
22399  -42.279  -51.079  -31.751 0.5000000000
22407  -40.745  -52.092  -31.561 0.4000000060
23321  -47.066  -49.728  -22.722 0.6000000238
23337  -43.037  -50.242  -23.373 0.6000000238
23339  -47.619  -50.271  -23.409 0.6000000238
23346  -41.683  -50.698  -24.912 0.6000000238
23350  -48.689  -50.351  -24.534 0.4000000060
23376  -42.133  -50.063  -26.254 0.6999999881
23387  -40.459  -50.763  -28.171 0.5000000000
23397  -41.721  -49.974  -28.284 0.5000000000
23410  -42.636  -50.164  -29.872 0.6000000238
23411  -43.094  -50.486  -30.876 0.5000000000
23425  -42.669  -50.809  -31.445 0.5000000000
23429  -41.012  -51.166  -31.857 0.6000000238
23432  -43.422  -49.941  -31.637 0.6000000238
24300  -43.962  -49.693  -22.551 0.6000000238
24301  -44.507  -49.206  -22.348 0.6000000238
24302  -46.180  -49.558  -22.211 0.6000000238
24337  -43.154  -49.664  -24.098 0.6000000238
24338  -43.442  -49.266  -24.820 0.6000000238
24354  -49.676  -48.840  -25.125 0.4000000060
24388  -44.684  -48.617  -29.111 0.6999999881
24403  -44.962  -48.869  -30.321 0.5000000000
24408  -43.814  -49.722  -31.260 0.6000000238
24409  -44.514  -49.084  -31.042 0.6000000238
24411  -42.087  -49.943  -32.096 0.5000000000
24412  -43.188  -49.634  -31.816 0.5000000000
25256  -46.643  -48.990  -22.474 0.6000000238
25284  -49.255  -48.211  -24.574 0.4000000060
25291  -50.222  -48.186  -25.571 0.4000000060
25309  -45.479  -48.369  -29.481 0.6000000238
25321  -41.374  -48.519  -31.432 0.4000000060
25324  -46.335  -48.078  -30.679 0.6000000238
25327  -42.661  -48.959  -31.842 0.5000000000
25329  -45.698  -48.385  -31.171 0.6000000238
26115  -44.607  -47.656  -22.662 0.6999999881
26142  -44.143  -47.419  -24.147 0.6999999881
26143  -48.913  -47.588  -24.189 0.5000000000
26164  -45.231  -47.486  -26.839 0.6999999881
26172  -45.760  -47.336  -27.614 0.8000000119
26173  -46.428  -47.037  -28.294 0.6999999881
26192  -46.778  -47.634  -30.208 0.6999999881
26198  -42.309  -47.559  -30.965 0.5000000000
26200  -46.756  -47.614  -30.842 0.6999999881
26201  -47.119  -46.976  -30.989 0.6999999881
26203  -43.112  -47.714  -30.984 0.5000000000
26204  -44.173  -47.827  -31.104 0.6000000238
26205  -45.241  -48.106  -31.275 0.6000000238
26206  -46.569  -47.500  -31.030 0.6999999881
27033  -45.282  -46.293  -22.506 0.6999999881
27044  -44.435  -45.939  -23.358 0.6999999881
27068  -50.399  -46.651  -25.505 0.3000000119
27107  -47.223  -47.108  -29.775 0.6999999881
27115  -47.612  -46.540  -30.911 0.6999999881
27116  -45.074  -47.496  -31.044 0.6000000238
27117  -46.060  -47.343  -31.107 0.6000000238
27990  -47.340  -44.598  -28.393 0.6999999881
27996  -47.646  -45.477  -29.047 0.6999999881
28000  -42.675  -45.309  -30.383 0.5000000000
28003  -48.083  -45.931  -29.953 0.6999999881
28007  -43.289  -46.209  -30.491 0.5000000000
28010  -46.608  -45.496  -30.968 0.6999999881
28011  -47.840  -46.041  -31.138 0.6999999881
28012  -48.155  -45.464  -31.088 0.6999999881
28014  -47.316  -45.558  -31.263 0.6999999881
28015  -47.750  -45.638  -31.272 0.6999999881
28813  -48.970  -44.565  -24.033 0.3000000119
28834  -45.759  -44.243  -26.694 0.8000000119
28835  -46.216  -44.062  -27.132 0.8000000119
28845  -48.662  -44.435  -30.136 0.6999999881
28847  -42.021  -44.007  -30.039 0.4000000060
29649  -45.564  -43.595  -22.493 0.5000000000
29661  -44.627  -43.555  -23.229 0.5000000000
29689  -45.513  -43.679  -26.264 0.8000000119
29709  -48.997  -43.580  -30.345 0.6000000238
29712  -47.351  -43.763  -31.004 0.6000000238
30583  -46.151  -42.299  -22.328 0.5000000000
30594  -48.493  -41.909  -23.235 0.3000000119
30603  -44.553  -42.230  -24.228 0.5000000000
30613  -44.831  -42.924  -25.219 0.6000000238
30640  -49.675  -42.343  -30.641 0.5000000000
30642  -47.477  -42.409  -30.901 0.6000000238
30644  -48.269  -42.438  -31.263 0.6000000238
30645  -48.926  -42.779  -31.286 0.6000000238
31559  -47.543  -41.389  -28.024 0.6000000238
31563  -44.536  -41.593  -28.399 0.6000000238
31564  -45.464  -41.660  -28.751 0.5000000000
31565  -48.382  -41.323  -28.723 0.5000000000
31574  -50.551  -41.164  -30.896 0.5000000000
31576  -50.083  -41.860  -31.083 0.5000000000
31579  -49.402  -41.424  -31.327 0.5000000000
31580  -50.157  -41.329  -31.271 0.5000000000
32529  -51.296  -40.562  -23.593 0.3000000119
32540  -44.736  -40.579  -24.281 0.6000000238
32562  -47.245  -40.805  -27.629 0.6000000238
32567  -45.268  -41.032  -28.496 0.5000000000
32569  -49.210  -41.121  -29.360 0.5000000000
32576  -50.779  -40.527  -30.669 0.5000000000
33493  -45.839  -38.701  -21.846 0.5000000000
33508  -44.866  -39.799  -22.812 0.4000000060
33523  -44.847  -38.969  -23.679 0.5000000000
33546  -46.791  -39.840  -27.064 0.6000000238
33563  -51.231  -39.896  -30.933 0.5000000000
34542  -46.397  -38.459  -26.075 0.5000000000
34566  -51.257  -39.180  -30.515 0.4000000060
34569  -47.554  -38.281  -30.507 0.4000000060
34573  -49.518  -39.085  -31.241 0.4000000060
35525  -45.820  -37.071  -24.638 0.3000000119
35553  -49.330  -37.325  -28.405 0.3000000119
35565  -51.096  -38.378  -29.879 0.4000000060
36500  -45.713  -36.879  -22.433 0.3000000119
36563  -43.117  -35.801  -27.474 0.3000000119
36573  -46.181  -36.572  -29.507 0.4000000060
36576  -52.552  -36.814  -30.694 0.4000000060
36581  -51.365  -36.658  -31.363 0.4000000060
36583  -52.381  -36.623  -31.438 0.4000000060
36584  -52.983  -36.278  -31.436 0.4000000060
37534  -49.406  -34.793  -27.461 0.3000000119
37545  -46.235  -35.852  -29.446 0.4000000060
37550  -46.758  -35.994  -29.779 0.4000000060
37551  -47.517  -35.771  -30.052 0.4000000060
37555  -53.388  -35.805  -31.499 0.4000000060
38600  -44.301  -35.004  -28.115 0.4000000060
38601  -44.800  -34.906  -28.408 0.4000000060
38605  -46.480  -34.978  -29.207 0.4000000060
38607  -48.196  -34.759  -29.873 0.4000000060
38614  -53.800  -35.384  -31.396 0.4000000060
39617  -50.213  -33.736  -24.907 0.4000000060
39631  -51.743  -32.926  -26.427 0.4000000060
39644  -49.909  -33.458  -26.280 0.3000000119
39652  -43.913  -34.470  -27.385 0.4000000060
39653  -44.595  -34.160  -27.834 0.4000000060
39654  -45.192  -34.006  -28.122 0.4000000060
39657  -50.914  -33.084  -27.423 0.3000000119
39664  -45.703  -34.359  -28.520 0.4000000060
39675  -49.047  -33.700  -29.826 0.4000000060
40663  -52.187  -32.592  -28.005 0.4000000060
42649  -44.048  -30.563  -23.989 0.3000000119
42650  -44.812  -30.484  -24.363 0.4000000060
42661  -47.162  -30.100  -25.662 0.4000000060
44643  -43.633  -28.469  -25.431 0.4000000060
44644  -44.429  -28.431  -25.296 0.4000000060
125271  -49.013  -43.191  -31.215 0.5000000000
125827  -44.274  -50.927  -22.174 0.6000000238
128255  -44.802  -48.442  -27.292 0.6999999881
129754  -37.916  -54.541  -23.344 0.4000000060
129803  -43.501  -34.777  -27.374 0.3000000119
130505  -39.090  -53.630  -30.779 0.5000000000
131205  -45.355  -49.276  -22.115 0.6999999881
132579  -41.504  -49.334  -31.895 0.5000000000
132620  -48.371  -54.024  -31.125 0.3000000119
134137  -45.876  -45.895  -22.392 0.6999999881
134647  -52.113  -37.466  -30.734 0.4000000060
135451  -48.573  -53.170  -30.481 0.3000000119
136305  -43.264  -48.943  -31.687 0.5000000000
136353  -39.869  -52.691  -31.476 0.5000000000
136763  -45.108  -41.021  -22.637 0.4000000060
137383  -45.227  -31.108  -24.649 0.4000000060
137521  -45.487  -44.864  -22.503 0.6000000238
138047  -48.295  -53.604  -30.927 0.3000000119
138164  -42.468  -56.953  -29.497 0.4000000060
138753  -45.712  -39.204  -28.800 0.5000000000
138995  -48.391  -46.225  -23.626 0.5000000000
139419  -45.365  -43.031  -25.923 0.6999999881
139776  -43.688  -44.313  -29.510 0.6000000238
139837  -45.399  -35.730  -28.822 0.4000000060
139876  -42.770  -37.933  -27.808 0.3000000119
140054  -45.780  -43.108  -26.450 0.6999999881
141316  -47.291  -46.125  -31.274 0.6999999881
142330  -48.940  -40.507  -23.050 0.3000000119
142368  -44.361  -54.637  -25.747 0.4000000060
142411  -51.336  -39.182  -31.159 0.4000000060
142785  -45.662  -54.203  -29.863 0.4000000060
144299  -41.896  -52.874  -22.889 0.5000000000
145143  -45.941  -45.471  -30.338 0.6999999881
146319  -50.512  -33.666  -27.740 0.3000000119
146964  -44.537  -44.028  -23.415 0.6000000238
147348  -39.081  -52.047  -27.194 0.5000000000
147409  -52.854  -34.297  -31.927 0.4000000060
148250  -45.110  -37.744  -22.739 0.4000000060
149053  -48.383  -44.125  -29.421 0.6999999881
149159  -45.962  -48.385  -30.967 0.6000000238
149895  -44.641  -42.575  -24.748 0.5000000000
150008  -43.836  -35.041  -27.793 0.4000000060
150177  -49.633  -37.791  -28.777 0.3000000119
150432  -42.256  -49.800  -28.925 0.5000000000
