#!ascii label  , from subject sub-LJ002 vox2ras=TkReg
1871
34545  -35.969  -38.964  -26.592 0.5000000000
34544  -35.326  -38.731  -26.168 0.4000000060
34543  -34.951  -38.178  -25.889 0.6000000238
35538  -34.926  -37.637  -26.098 0.6000000238
36552  -35.586  -36.603  -26.310 0.6000000238
137045  -35.341  -37.333  -26.262 0.5000000000
37505  -36.527  -35.529  -25.901 0.6000000238
35530  -34.681  -37.472  -25.748 0.6999999881
34539  -34.843  -38.146  -25.582 0.6999999881
37518  -34.631  -35.826  -26.145 0.6999999881
36551  -34.900  -36.668  -26.318 0.6999999881
130624  -35.767  -35.127  -26.370 0.6999999881
38585  -36.757  -34.018  -26.190 0.5000000000
38584  -36.011  -34.325  -26.490 0.6999999881
38568  -37.248  -34.820  -25.592 0.5000000000
31441  -33.404  -41.451  -17.214 0.5000000000
35523  -34.610  -37.362  -25.361 0.6999999881
36550  -34.569  -36.746  -26.011 0.6999999881
37519  -35.142  -35.723  -26.479 0.6999999881
37504  -34.409  -35.805  -25.739 0.6999999881
138133  -34.577  -34.071  -26.644 0.6999999881
38581  -33.311  -34.268  -26.308 0.6999999881
39638  -36.424  -33.572  -26.518 0.6000000238
35482  -37.622  -37.676  -21.381 0.6999999881
36497  -37.061  -36.530  -22.680 0.6999999881
35510  -34.752  -37.165  -24.975 0.6999999881
35511  -35.260  -37.245  -24.430 0.6999999881
32445  -32.874  -40.796  -17.661 0.6000000238
30550  -32.257  -42.402  -18.886 0.4000000060
37493  -34.325  -35.791  -25.270 0.6999999881
38583  -35.114  -34.690  -26.553 0.6999999881
39637  -34.710  -33.247  -26.464 0.6999999881
40651  -37.508  -32.398  -26.285 0.6000000238
36476  -38.203  -36.970  -21.228 0.6999999881
35497  -36.550  -37.431  -23.025 0.6999999881
36498  -37.666  -36.818  -21.890 0.6999999881
36499  -38.430  -36.210  -21.697 0.6999999881
33412  -33.996  -39.046  -16.702 0.6000000238
37460  -36.697  -35.741  -23.302 0.6999999881
37480  -35.136  -35.783  -24.438 0.6999999881
36517  -36.299  -36.552  -23.432 0.6999999881
37461  -37.399  -35.607  -22.775 0.6999999881
138241  -37.760  -36.129  -22.303 0.6999999881
32472  -31.880  -40.698  -19.043 0.5000000000
31478  -32.109  -41.477  -18.898 0.5000000000
38566  -33.065  -34.404  -25.985 0.6999999881
37478  -33.899  -35.040  -25.139 0.6999999881
38523  -37.691  -34.763  -22.849 0.6999999881
30549  -31.934  -42.038  -19.649 0.4000000060
39636  -33.564  -33.815  -26.500 0.6999999881
37479  -34.423  -35.312  -24.774 0.6999999881
137673  -36.301  -34.877  -23.705 0.6999999881
38522  -37.062  -35.037  -23.262 0.6999999881
131738  -31.808  -42.564  -20.456 0.4000000060
38551  -33.338  -34.511  -25.305 0.6999999881
132028  -36.244  -34.001  -23.781 0.6999999881
38539  -37.051  -34.162  -23.417 0.6999999881
130967  -35.526  -33.879  -26.641 0.6999999881
39635  -32.763  -33.848  -26.173 0.6999999881
135111  -34.887  -32.862  -24.189 0.6999999881
39605  -35.658  -33.437  -24.039 0.6999999881
129226  -35.906  -33.010  -26.544 0.6999999881
40622  -33.807  -33.020  -24.474 0.6999999881
136004  -37.005  -32.061  -26.525 0.6000000238
41681  -35.660  -31.413  -26.651 0.6999999881
41680  -34.535  -31.439  -26.429 0.6999999881
126968  -37.319  -29.049  -26.545 0.5000000000
126558  -37.886  -30.091  -26.521 0.5000000000
43646  -39.349  -29.371  -26.407 0.4000000060
43655  -38.892  -28.960  -26.601 0.5000000000
37442  -38.932  -35.387  -21.819 0.6999999881
35417  -33.979  -37.437  -16.930 0.6000000238
37481  -35.918  -35.765  -23.837 0.6999999881
129486  -32.587  -40.179  -17.962 0.5000000000
39622  -32.712  -33.865  -25.554 0.6999999881
39603  -33.522  -33.939  -24.787 0.6999999881
40648  -34.012  -32.418  -26.277 0.6999999881
40621  -33.398  -32.320  -24.542 0.6999999881
44655  -35.851  -28.669  -26.329 0.6999999881
132062  -36.277  -32.163  -26.635 0.6999999881
131094  -36.564  -29.981  -26.604 0.6999999881
42668  -36.122  -30.619  -26.652 0.6999999881
128791  -36.584  -29.243  -26.513 0.6999999881
36404  -37.809  -36.258  -16.695 0.6999999881
36405  -38.655  -36.198  -17.228 0.6999999881
37411  -40.056  -35.389  -18.401 0.8000000119
37428  -40.548  -35.159  -19.356 0.8000000119
136796  -36.768  -37.038  -16.415 0.6000000238
37382  -38.128  -35.635  -16.772 0.6000000238
37397  -38.727  -35.312  -17.130 0.6000000238
37433  -40.178  -35.561  -20.300 0.8000000119
36403  -36.830  -36.267  -16.389 0.6000000238
37379  -35.706  -35.865  -16.445 0.6000000238
37443  -39.629  -35.428  -21.181 0.6999999881
35400  -34.718  -37.798  -16.527 0.6000000238
36401  -35.287  -36.570  -16.464 0.6000000238
34430  -33.008  -38.588  -17.522 0.6000000238
35416  -33.334  -37.240  -17.509 0.6000000238
38524  -38.607  -34.510  -22.404 0.6999999881
33451  -32.097  -39.930  -18.578 0.5000000000
34447  -32.416  -38.473  -18.151 0.6000000238
39577  -39.323  -33.874  -22.198 0.6999999881
39606  -37.373  -33.263  -23.414 0.6999999881
40647  -33.268  -32.304  -25.699 0.6999999881
39610  -33.010  -33.074  -24.952 0.6999999881
145059  -36.574  -33.263  -23.739 0.6999999881
43642  -34.330  -29.844  -26.217 0.8000000119
42667  -34.983  -30.586  -26.488 0.6999999881
40628  -32.919  -32.260  -24.925 0.6999999881
137808  -35.832  -32.647  -23.991 0.6999999881
129108  -34.701  -28.857  -26.070 0.8000000119
41679  -33.606  -31.453  -26.087 0.6999999881
42644  -33.224  -31.222  -24.837 0.6999999881
44657  -37.693  -28.621  -26.525 0.5000000000
44673  -39.148  -28.275  -26.616 0.5000000000
46829  -38.669  -27.400  -26.048 0.5000000000
44674  -39.829  -28.094  -26.799 0.4000000060
37398  -39.364  -35.780  -17.731 0.6999999881
38479  -40.039  -34.608  -18.002 0.8000000119
37381  -37.354  -35.547  -16.539 0.6000000238
148839  -41.004  -34.024  -20.135 0.8000000119
38504  -40.702  -34.705  -20.183 0.8000000119
38512  -40.566  -34.075  -20.819 0.8000000119
37378  -34.754  -36.072  -16.749 0.6000000238
36419  -33.924  -36.491  -17.246 0.6000000238
133346  -39.978  -34.023  -21.563 0.8000000119
33466  -31.605  -39.330  -19.113 0.6000000238
35415  -32.844  -37.844  -17.772 0.6000000238
36434  -33.180  -36.540  -17.995 0.6000000238
39595  -39.219  -33.163  -22.397 0.6999999881
138902  -31.598  -40.077  -19.244 0.5000000000
133980  -38.190  -32.240  -23.179 0.6999999881
40610  -38.783  -32.583  -22.739 0.6999999881
32487  -31.169  -40.574  -20.541 0.5000000000
33465  -31.167  -39.760  -19.886 0.5000000000
40624  -37.463  -32.417  -23.478 0.6999999881
148100  -37.036  -32.848  -23.625 0.6999999881
44654  -34.061  -29.357  -25.768 0.8000000119
42666  -33.887  -30.637  -26.291 0.8000000119
41669  -33.183  -31.513  -25.424 0.6999999881
42632  -33.629  -31.014  -24.665 0.6999999881
41651  -35.045  -32.089  -24.185 0.6999999881
42665  -33.373  -30.789  -25.806 0.6999999881
38438  -37.888  -34.842  -16.720 0.6999999881
137061  -38.540  -33.694  -17.102 0.6999999881
38456  -38.692  -34.481  -17.119 0.6999999881
138496  -39.475  -34.020  -17.496 0.8000000119
39542  -40.435  -33.894  -18.164 0.8000000119
38437  -36.797  -34.777  -16.554 0.6999999881
144252  -39.834  -33.306  -17.635 0.8000000119
39543  -41.020  -33.245  -18.788 0.8000000119
38436  -35.807  -34.900  -16.607 0.6000000238
39571  -40.924  -33.431  -20.570 0.8000000119
37396  -34.968  -35.197  -16.812 0.6000000238
39579  -40.404  -33.367  -21.328 0.6999999881
35431  -32.346  -37.625  -18.447 0.6000000238
36433  -32.550  -36.749  -18.616 0.6000000238
40611  -39.515  -32.574  -22.289 0.8000000119
41622  -39.882  -31.857  -22.184 0.6999999881
34465  -31.793  -38.341  -18.952 0.6000000238
138041  -39.325  -31.022  -22.634 0.8000000119
32499  -30.977  -40.460  -21.438 0.4000000060
40623  -36.656  -32.441  -23.771 0.6999999881
41653  -36.932  -31.653  -23.759 0.6999999881
41637  -38.651  -31.716  -22.960 0.6999999881
30575  -31.046  -42.435  -22.737 0.4000000060
42635  -36.279  -30.933  -24.061 0.6999999881
41636  -37.864  -31.482  -23.408 0.6999999881
135590  -33.409  -30.460  -25.426 0.8000000119
41652  -36.009  -31.830  -23.986 0.6999999881
42633  -34.400  -30.607  -24.437 0.6999999881
132421  -35.354  -28.022  -25.949 0.8000000119
45727  -35.930  -27.400  -25.915 0.6999999881
45728  -36.861  -27.618  -26.139 0.5000000000
133925  -38.903  -26.945  -25.594 0.5000000000
140653  -38.523  -27.855  -26.397 0.5000000000
45730  -40.121  -27.748  -26.685 0.4000000060
39523  -37.640  -33.465  -16.949 0.6000000238
39524  -39.069  -33.154  -17.291 0.6999999881
39525  -40.432  -32.921  -17.985 0.8000000119
40549  -41.008  -32.271  -18.404 0.8000000119
38454  -36.067  -33.971  -16.837 0.6999999881
38453  -35.183  -34.380  -17.057 0.6999999881
40571  -41.332  -32.507  -19.451 0.8000000119
38452  -34.525  -34.737  -17.515 0.6000000238
37409  -33.926  -35.061  -18.069 0.6000000238
40582  -41.251  -32.062  -20.510 0.8000000119
139595  -40.662  -31.852  -21.508 0.8000000119
35452  -31.834  -37.199  -19.269 0.6000000238
41638  -39.215  -31.950  -22.560 0.8999999762
137747  -40.282  -31.089  -22.067 0.8000000119
42622  -37.976  -30.544  -23.456 0.8000000119
137183  -38.510  -31.006  -23.141 0.8000000119
126791  -30.962  -39.093  -20.399 0.5000000000
44624  -36.500  -28.617  -23.735 0.8000000119
42636  -37.208  -30.785  -23.752 0.6999999881
33490  -30.774  -39.667  -21.831 0.4000000060
45719  -33.957  -27.441  -25.419 0.8000000119
44640  -33.875  -29.238  -25.373 0.8000000119
43628  -33.687  -29.871  -25.252 0.8000000119
43604  -33.976  -30.152  -24.679 0.8000000119
129350  -35.477  -30.093  -24.221 0.6999999881
138493  -34.549  -28.030  -25.676 0.8000000119
43616  -33.518  -30.561  -24.956 0.8000000119
42634  -35.207  -31.195  -24.229 0.6999999881
132695  -33.877  -29.778  -24.910 0.8000000119
46825  -34.509  -26.630  -25.628 0.8000000119
44632  -33.880  -28.892  -24.966 0.8000000119
46812  -37.233  -26.550  -25.648 0.6000000238
46827  -36.606  -26.919  -25.863 0.6000000238
131333  -37.166  -32.786  -17.160 0.6000000238
40529  -40.349  -32.194  -17.773 0.6999999881
38478  -34.768  -34.098  -17.720 0.6000000238
39522  -36.719  -33.336  -17.013 0.6000000238
40527  -37.606  -32.218  -17.185 0.6000000238
39540  -34.723  -33.548  -18.254 0.6000000238
40572  -41.464  -31.659  -19.676 0.8000000119
37408  -33.012  -35.876  -18.694 0.6000000238
38477  -34.228  -34.275  -18.335 0.6000000238
41585  -41.498  -31.185  -19.103 0.6999999881
136791  -40.821  -31.082  -21.490 0.8000000119
35451  -31.327  -37.298  -20.167 0.3000000119
43597  -39.494  -29.008  -22.581 0.8000000119
42608  -40.005  -30.376  -22.323 0.8000000119
43595  -38.044  -29.685  -23.448 0.8000000119
43596  -38.775  -29.340  -23.047 0.8000000119
147671  -35.786  -28.639  -23.816 0.8000000119
140535  -33.760  -28.467  -25.053 0.8000000119
43605  -34.517  -29.611  -24.395 0.8000000119
43607  -36.138  -29.267  -23.935 0.8000000119
133146  -36.637  -30.042  -23.982 0.6999999881
44621  -34.142  -29.041  -24.602 0.8000000119
127377  -33.705  -28.082  -24.587 0.8000000119
130653  -35.591  -26.737  -25.740 0.6999999881
132161  -37.010  -26.025  -25.311 0.6000000238
46800  -40.368  -26.386  -24.756 0.3000000119
126729  -39.054  -31.902  -17.216 0.6999999881
41567  -39.819  -31.609  -17.402 0.6999999881
124473  -40.337  -30.986  -17.491 0.6999999881
40590  -31.798  -32.308  -21.337 0.5000000000
39521  -35.924  -33.162  -17.394 0.6000000238
131126  -36.453  -32.774  -17.369 0.6000000238
42568  -41.372  -30.661  -18.576 0.6999999881
37425  -32.737  -35.373  -19.395 0.5000000000
39564  -34.242  -33.611  -18.814 0.5000000000
144269  -35.298  -32.974  -18.099 0.6000000238
42581  -41.547  -30.412  -19.398 0.6999999881
37432  -31.747  -35.327  -20.758 0.3000000119
131245  -32.306  -36.188  -19.340 0.5000000000
42595  -41.479  -30.544  -20.253 0.8000000119
145460  -41.114  -29.129  -20.855 0.8000000119
43571  -41.230  -29.889  -20.825 0.8000000119
138006  -38.065  -28.736  -23.331 0.8999999762
44612  -39.465  -28.250  -22.451 0.8999999762
43582  -40.142  -29.570  -22.215 0.8000000119
43583  -40.717  -29.318  -21.497 0.8000000119
34479  -30.981  -38.202  -20.489 0.4000000060
43608  -37.170  -29.197  -23.700 0.8999999762
44611  -38.863  -28.443  -22.905 0.8999999762
46809  -33.121  -26.877  -25.118 0.8000000119
45718  -33.495  -27.794  -25.005 0.8000000119
131188  -34.509  -28.814  -24.217 0.8000000119
148337  -33.772  -26.781  -25.473 0.8000000119
47865  -34.499  -25.878  -25.626 0.6999999881
46811  -36.297  -26.182  -25.538 0.6000000238
47833  -38.051  -25.757  -24.621 0.6000000238
47852  -38.463  -26.387  -25.124 0.6000000238
41566  -38.169  -31.571  -17.014 0.6000000238
130256  -39.034  -31.355  -16.985 0.6999999881
40526  -36.610  -32.099  -17.508 0.6000000238
42548  -39.566  -30.728  -16.999 0.6999999881
40525  -35.913  -32.503  -17.829 0.6000000238
138636  -40.490  -30.163  -17.388 0.8000000119
39570  -33.296  -33.284  -19.855 0.6000000238
39563  -33.878  -33.382  -19.344 0.5000000000
40547  -35.334  -32.215  -18.458 0.6000000238
42549  -40.943  -30.821  -17.930 0.6999999881
43559  -41.534  -29.501  -19.393 0.8000000119
38502  -32.176  -34.650  -20.529 0.4000000060
36449  -31.708  -36.477  -20.017 0.4000000060
45689  -39.004  -27.620  -22.602 0.8000000119
45679  -40.342  -27.745  -21.338 0.8000000119
133712  -35.534  -27.185  -23.497 0.8999999762
127794  -38.217  -27.764  -23.116 0.8000000119
44599  -40.156  -28.568  -21.974 0.8000000119
45687  -36.624  -27.147  -23.394 0.8000000119
45698  -33.155  -27.369  -24.506 0.8000000119
46789  -33.846  -26.739  -23.716 0.8000000119
44623  -35.021  -28.227  -23.816 0.6999999881
46808  -32.377  -26.447  -24.963 0.8000000119
45700  -34.386  -27.463  -23.755 0.8000000119
44622  -34.138  -28.198  -24.213 0.8000000119
46824  -33.595  -26.174  -25.546 0.8000000119
46798  -32.260  -26.384  -24.804 0.8000000119
46810  -35.750  -25.537  -25.326 0.6999999881
47831  -36.540  -25.542  -25.084 0.6999999881
127582  -37.308  -24.103  -23.668 0.6000000238
49604  -38.011  -23.587  -23.478 0.6000000238
49606  -39.529  -23.574  -23.417 0.6000000238
41564  -36.368  -31.194  -17.819 0.6000000238
42534  -38.902  -30.112  -16.539 0.8000000119
42593  -32.817  -30.092  -20.209 0.5000000000
41596  -34.884  -31.696  -19.007 0.5000000000
42550  -41.208  -30.040  -18.076 0.8000000119
128397  -41.485  -29.992  -18.760 0.6999999881
40581  -33.094  -32.441  -20.213 0.5000000000
40546  -34.602  -32.760  -18.961 0.5000000000
43528  -41.058  -29.196  -17.570 0.8000000119
40580  -32.444  -32.345  -20.806 0.5000000000
43547  -41.459  -29.296  -18.487 0.8000000119
44589  -41.463  -28.864  -19.805 0.8000000119
45660  -41.582  -27.756  -19.127 0.8000000119
44588  -41.230  -28.643  -20.439 0.8000000119
132718  -40.979  -27.877  -20.606 0.8000000119
45666  -41.443  -28.180  -19.873 0.8000000119
45678  -39.685  -27.655  -22.028 0.8000000119
45688  -37.559  -27.053  -23.161 0.8000000119
46765  -39.825  -26.939  -21.482 0.8000000119
46787  -32.307  -26.284  -24.434 0.8000000119
46790  -34.798  -26.587  -23.421 0.8000000119
137826  -31.861  -26.057  -25.012 0.8000000119
47850  -35.074  -25.560  -25.528 0.6999999881
47849  -33.905  -25.391  -25.696 0.6999999881
48722  -36.849  -24.929  -24.420 0.6999999881
48739  -34.311  -24.754  -25.457 0.6999999881
48740  -35.153  -24.941  -25.177 0.6999999881
48721  -35.531  -24.181  -24.402 0.6999999881
134587  -36.388  -24.133  -24.002 0.6999999881
43525  -37.095  -29.811  -16.745 0.8000000119
42546  -37.547  -30.707  -16.887 0.6000000238
42533  -37.958  -30.091  -16.477 0.6000000238
43507  -38.428  -29.494  -16.190 0.8000000119
42564  -32.025  -29.683  -18.474 0.6000000238
44569  -32.472  -28.470  -18.814 0.5000000000
41583  -35.752  -30.943  -18.410 0.6000000238
42567  -36.031  -30.421  -18.050 0.6000000238
43526  -39.731  -29.965  -16.828 0.8000000119
40523  -32.805  -32.580  -17.178 0.6000000238
41562  -32.910  -31.225  -17.586 0.6000000238
42543  -32.459  -28.919  -18.154 0.6000000238
43558  -33.732  -28.906  -19.141 0.5000000000
42580  -35.014  -30.688  -18.924 0.5000000000
40503  -31.037  -32.778  -15.363 0.5000000000
39503  -32.448  -33.025  -15.873 0.5000000000
40524  -33.380  -31.985  -16.762 0.6000000238
42544  -32.998  -29.950  -17.551 0.6000000238
42565  -34.595  -29.493  -18.848 0.5000000000
44555  -40.635  -28.672  -16.934 0.8000000119
44573  -41.509  -28.307  -18.160 0.8000000119
41546  -32.735  -31.652  -15.459 0.5000000000
142382  -34.492  -31.016  -19.369 0.5000000000
40512  -30.258  -32.201  -15.589 0.4000000060
129625  -34.255  -31.784  -19.525 0.5000000000
45652  -41.573  -27.243  -18.391 0.6999999881
46750  -39.811  -26.238  -20.944 0.8000000119
45659  -41.264  -27.309  -19.955 0.8000000119
46778  -36.951  -26.291  -22.769 0.8000000119
46779  -38.353  -26.861  -22.632 0.8000000119
47788  -40.322  -26.114  -20.334 0.8000000119
46764  -39.223  -26.285  -21.560 0.8000000119
47802  -38.506  -25.670  -21.512 0.8000000119
47846  -31.380  -25.480  -25.003 0.8999999762
46774  -33.472  -25.967  -23.543 0.8000000119
46777  -36.155  -26.581  -23.217 0.8000000119
46788  -33.023  -26.777  -24.083 1.0000000000
46775  -34.315  -25.906  -23.277 0.8000000119
47848  -32.931  -25.463  -25.626 0.8000000119
48738  -33.402  -24.727  -25.714 0.6999999881
43505  -36.648  -28.961  -16.561 0.8000000119
43506  -37.536  -29.348  -16.229 0.8000000119
130480  -38.787  -28.939  -15.996 0.8000000119
146603  -33.634  -29.974  -16.845 0.6000000238
43524  -36.235  -29.269  -17.264 0.6000000238
43508  -39.379  -29.360  -16.420 0.8000000119
44537  -39.454  -28.575  -16.141 0.8000000119
40505  -32.958  -32.237  -15.790 0.5000000000
41563  -33.685  -31.086  -16.680 0.6000000238
146236  -33.250  -28.316  -17.732 0.6000000238
43523  -35.343  -28.690  -17.711 0.6000000238
43509  -40.008  -28.866  -16.549 0.8000000119
45641  -40.815  -27.943  -16.848 0.6999999881
41547  -33.429  -31.483  -15.771 0.5000000000
44552  -34.204  -28.034  -17.421 0.6000000238
43546  -35.786  -29.586  -17.917 0.6000000238
145685  -30.976  -31.779  -15.368 0.4000000060
42518  -32.327  -30.826  -15.120 0.4000000060
42519  -33.216  -31.011  -15.383 0.4000000060
42520  -33.781  -30.636  -15.644 0.4000000060
45642  -41.370  -27.478  -17.426 0.6999999881
43490  -31.361  -30.177  -15.061 0.4000000060
43491  -32.327  -30.041  -14.719 0.4000000060
43494  -34.319  -28.757  -15.933 0.4000000060
46745  -41.441  -26.849  -19.214 0.6999999881
43482  -32.713  -29.436  -14.324 0.4000000060
44510  -33.840  -28.392  -14.340 0.5000000000
46744  -40.942  -26.449  -19.851 0.6999999881
43481  -31.439  -29.353  -14.542 0.3000000119
44509  -33.095  -28.718  -13.954 0.5000000000
43484  -34.320  -28.720  -14.969 0.5000000000
47814  -37.162  -25.610  -22.156 0.8000000119
46762  -37.882  -26.032  -22.263 0.8000000119
47803  -39.232  -25.734  -21.094 0.8000000119
47780  -40.547  -25.517  -19.676 0.8000000119
47787  -39.679  -25.442  -20.434 0.8000000119
47829  -31.283  -25.292  -24.748 0.8000000119
47821  -32.031  -25.597  -24.104 1.0000000000
47810  -33.884  -25.225  -22.983 0.8000000119
47811  -34.720  -25.256  -22.637 0.8000000119
46776  -35.165  -25.888  -22.988 0.8000000119
47813  -36.419  -25.502  -22.247 0.8000000119
47800  -36.843  -25.093  -21.694 0.8000000119
47820  -31.520  -25.310  -24.377 1.0000000000
47799  -35.998  -24.788  -21.749 0.8000000119
47847  -31.948  -25.525  -25.349 0.8000000119
48702  -33.300  -24.569  -22.867 0.8000000119
48704  -35.136  -24.681  -22.116 0.8000000119
48737  -32.368  -24.749  -25.613 0.8999999762
49616  -33.678  -23.396  -24.875 0.6999999881
140510  -34.383  -23.604  -24.621 0.6999999881
50629  -34.465  -22.873  -24.314 0.6999999881
49618  -35.950  -23.172  -23.722 0.6999999881
146354  -36.799  -23.345  -23.545 0.6999999881
50616  -38.365  -22.852  -23.499 0.6000000238
50631  -36.965  -22.215  -23.603 0.6999999881
51693  -35.136  -21.927  -24.188 0.6999999881
50633  -38.764  -22.222  -23.677 0.6000000238
50632  -38.046  -22.101  -23.645 0.6000000238
44535  -37.119  -28.635  -15.931 0.8000000119
44536  -38.023  -28.872  -15.806 0.8000000119
43522  -33.049  -28.926  -17.552 0.5000000000
44533  -35.299  -27.889  -16.630 0.8000000119
44534  -36.181  -28.224  -16.252 0.8000000119
44521  -38.657  -28.199  -15.647 0.8000000119
125350  -34.013  -30.452  -16.204 0.5000000000
44531  -33.735  -28.117  -17.342 0.6000000238
44532  -34.439  -27.919  -16.666 0.5000000000
44554  -35.736  -28.453  -17.012 0.8000000119
44538  -40.183  -28.255  -16.431 0.6999999881
43492  -33.266  -30.183  -14.933 0.4000000060
145612  -35.064  -27.629  -16.238 0.6999999881
44553  -34.898  -28.074  -17.332 0.6999999881
44522  -39.667  -27.723  -15.886 0.6999999881
146362  -40.404  -27.654  -16.342 0.6999999881
45625  -40.958  -27.218  -16.600 0.6999999881
46730  -41.550  -26.575  -17.855 0.6999999881
47775  -41.434  -25.717  -18.248 0.6999999881
143542  -33.357  -28.057  -13.799 0.5000000000
47774  -41.065  -25.156  -18.880 0.6999999881
44508  -32.044  -28.705  -13.915 0.4000000060
45596  -32.564  -28.050  -13.572 0.4000000060
47786  -38.833  -25.164  -20.832 0.8000000119
47801  -37.618  -25.343  -21.632 0.8000000119
48693  -37.287  -24.673  -21.214 0.8000000119
49572  -37.956  -23.328  -20.075 0.6999999881
135388  -36.634  -24.522  -21.380 0.8000000119
48719  -31.105  -24.799  -24.875 0.8999999762
48736  -31.474  -24.841  -25.224 0.8999999762
48708  -31.329  -24.601  -24.299 0.8999999762
48700  -31.800  -24.006  -23.581 0.8000000119
48701  -32.497  -24.280  -23.185 0.8000000119
49597  -33.645  -23.811  -22.394 0.8000000119
49630  -31.875  -23.882  -25.386 0.8999999762
49629  -31.127  -24.040  -24.933 0.8000000119
49631  -33.001  -23.968  -25.617 0.8999999762
145627  -32.914  -22.610  -25.192 0.8000000119
49607  -40.427  -23.507  -23.428 0.4000000060
50628  -33.603  -22.703  -24.778 0.8000000119
51692  -34.245  -21.985  -24.502 0.6999999881
50630  -35.978  -21.978  -23.820 0.6999999881
51712  -38.534  -20.974  -25.266 0.5000000000
44519  -36.712  -27.897  -15.697 0.6999999881
44520  -37.635  -28.138  -15.597 0.8000000119
46698  -35.641  -27.033  -15.313 0.6999999881
45610  -38.023  -27.470  -15.373 0.6999999881
45599  -35.089  -26.991  -14.950 0.6000000238
45609  -37.243  -27.489  -15.454 0.6999999881
45624  -40.341  -27.050  -15.999 0.6999999881
46716  -40.925  -26.427  -16.254 0.6999999881
46717  -41.403  -26.576  -17.001 0.6999999881
46687  -34.143  -27.033  -13.776 0.5000000000
140662  -41.499  -25.950  -17.453 0.6999999881
45589  -33.203  -27.349  -13.421 0.4000000060
46679  -31.472  -26.637  -13.004 0.3000000119
46680  -32.524  -26.611  -12.974 0.3000000119
46682  -34.303  -26.439  -13.453 0.5000000000
131078  -37.697  -24.161  -20.565 0.6999999881
47779  -39.830  -24.732  -19.739 0.6999999881
48655  -41.269  -24.741  -18.108 0.6999999881
46681  -33.506  -26.544  -13.157 0.4000000060
139397  -38.417  -24.598  -20.545 0.6999999881
130752  -40.484  -24.732  -19.233 0.6999999881
48665  -39.192  -24.068  -19.690 0.6999999881
49571  -37.080  -23.414  -20.521 0.6999999881
49596  -32.951  -23.831  -22.760 0.8000000119
48703  -34.294  -24.491  -22.378 0.8000000119
148240  -34.823  -24.243  -21.961 0.8000000119
49588  -35.769  -23.556  -21.252 0.8000000119
48690  -34.524  -23.748  -21.899 0.8000000119
49603  -31.203  -23.754  -23.961 0.8000000119
126122  -31.129  -23.154  -25.155 0.8000000119
50626  -30.692  -22.915  -24.649 0.8000000119
49614  -31.022  -23.890  -24.485 0.8999999762
50627  -32.092  -22.917  -25.425 0.8999999762
51690  -32.542  -22.138  -25.395 0.8000000119
51708  -34.007  -21.244  -24.962 0.8000000119
51695  -37.809  -21.372  -24.338 0.6999999881
51696  -38.839  -21.596  -24.295 0.6000000238
51709  -34.940  -21.126  -24.694 0.6999999881
135169  -35.903  -21.128  -24.548 0.6999999881
148823  -33.666  -19.457  -25.989 0.6999999881
46689  -35.716  -26.584  -14.686 0.6000000238
46690  -36.626  -26.493  -14.768 0.6000000238
46700  -37.370  -26.889  -15.159 0.6999999881
46701  -38.279  -26.755  -15.064 0.6999999881
139500  -39.016  -26.615  -15.140 0.6999999881
45612  -39.629  -26.853  -15.524 0.6999999881
45598  -34.642  -27.293  -14.562 0.5000000000
46702  -39.557  -26.114  -15.100 0.6999999881
46703  -40.273  -26.278  -15.627 0.6999999881
45587  -31.179  -27.260  -13.403 0.3000000119
46688  -34.747  -26.809  -14.172 0.5000000000
145234  -35.164  -26.598  -14.344 0.5000000000
47725  -36.216  -26.082  -14.053 0.6000000238
47752  -41.354  -25.670  -16.678 0.6999999881
47708  -33.750  -25.761  -12.784 0.4000000060
47709  -34.509  -25.905  -13.166 0.5000000000
143531  -35.484  -26.178  -13.916 0.6000000238
130535  -41.427  -24.862  -16.788 0.6999999881
48654  -40.793  -24.298  -18.666 0.6999999881
48666  -40.023  -23.949  -19.208 0.6999999881
143989  -33.020  -24.360  -12.534 0.3000000119
49559  -39.308  -23.370  -19.465 0.6999999881
49587  -35.176  -23.346  -21.468 0.8000000119
49569  -35.778  -23.013  -21.056 0.8000000119
50578  -36.501  -22.834  -20.704 0.6999999881
50579  -37.317  -22.698  -20.451 0.6999999881
50570  -38.692  -22.928  -19.740 0.6999999881
49586  -32.996  -23.171  -22.484 0.8000000119
50593  -35.080  -22.625  -21.505 0.8000000119
50614  -30.205  -22.151  -24.311 0.8000000119
49594  -31.509  -23.249  -23.428 0.8000000119
50605  -32.077  -22.684  -22.911 0.8000000119
50591  -33.511  -22.736  -22.240 0.8000000119
50643  -30.713  -22.445  -25.170 0.8000000119
52748  -30.989  -20.304  -23.557 0.8000000119
52730  -32.312  -21.222  -22.989 0.8000000119
52750  -32.904  -20.379  -23.257 0.8000000119
53852  -32.441  -19.563  -23.524 0.8000000119
51711  -37.606  -20.792  -25.268 0.6000000238
51710  -36.709  -20.661  -25.349 0.6999999881
52770  -33.705  -20.602  -25.506 0.8000000119
52771  -34.677  -20.517  -25.336 0.6000000238
53884  -33.499  -18.997  -26.262 0.6999999881
53885  -34.302  -19.125  -26.276 0.6000000238
130876  -35.970  -20.020  -26.289 0.6000000238
47726  -37.043  -25.874  -14.133 0.6000000238
47736  -40.197  -25.489  -15.186 0.6999999881
131845  -40.706  -24.873  -15.434 0.6999999881
47737  -40.856  -25.640  -15.833 0.6999999881
48600  -34.394  -25.225  -12.756 0.4000000060
47710  -35.094  -25.583  -13.250 0.4000000060
47712  -37.369  -25.134  -13.746 0.5000000000
47728  -39.462  -25.329  -14.611 0.6999999881
47738  -41.208  -24.946  -16.109 0.6999999881
140042  -35.854  -25.502  -13.487 0.5000000000
48603  -36.936  -24.457  -13.389 0.5000000000
48641  -41.369  -24.241  -16.404 0.6999999881
48646  -41.379  -24.218  -17.287 0.6999999881
139432  -33.642  -24.821  -12.580 0.3000000119
138416  -34.295  -24.255  -12.647 0.3000000119
149693  -34.920  -24.806  -12.808 0.4000000060
49558  -38.690  -23.554  -19.762 0.6999999881
49538  -41.379  -23.186  -17.444 0.6999999881
138464  -33.532  -24.038  -12.569 0.3000000119
49479  -33.756  -23.350  -12.720 0.3000000119
49546  -40.619  -23.478  -18.623 0.6999999881
49547  -41.067  -23.136  -18.140 0.6999999881
50571  -39.473  -22.679  -19.579 0.6999999881
50558  -40.788  -22.677  -18.694 0.6999999881
50592  -34.210  -22.661  -21.930 0.8000000119
51644  -37.624  -22.019  -20.707 0.6999999881
50580  -38.142  -22.501  -20.208 0.6999999881
51623  -40.881  -22.029  -19.089 0.6999999881
51645  -38.489  -21.828  -20.602 0.6999999881
51647  -40.191  -21.311  -20.282 0.6999999881
51670  -31.443  -21.857  -23.184 0.8000000119
51672  -33.081  -21.764  -22.578 0.8000000119
50595  -36.786  -22.214  -20.902 0.6999999881
51646  -39.355  -21.602  -20.497 0.6999999881
52705  -39.786  -20.925  -20.949 0.6999999881
50603  -30.577  -22.107  -23.784 0.8000000119
51671  -32.328  -21.994  -22.732 0.8000000119
51673  -33.998  -21.602  -22.416 0.8000000119
51674  -34.911  -21.468  -22.269 0.8000000119
51657  -35.402  -21.922  -21.652 0.8000000119
52716  -38.517  -20.786  -21.829 0.8000000119
52717  -39.380  -20.517  -21.631 0.6999999881
51683  -30.025  -21.463  -24.046 0.8000000119
52731  -33.412  -21.031  -22.840 0.8000000119
52733  -35.302  -20.740  -22.645 0.8000000119
52735  -37.181  -20.447  -22.583 0.8000000119
51689  -29.870  -21.406  -24.688 0.8000000119
52758  -29.756  -20.766  -24.484 0.8000000119
52749  -31.886  -20.345  -23.337 0.8000000119
52751  -33.867  -20.279  -23.147 0.8000000119
53838  -36.696  -19.753  -23.182 0.8000000119
51705  -30.751  -21.634  -25.621 0.8000000119
53850  -30.436  -19.534  -23.956 0.8000000119
53853  -33.421  -19.593  -23.451 0.8000000119
53836  -34.757  -20.150  -23.110 0.8000000119
53855  -35.995  -19.132  -23.445 0.8000000119
52767  -30.092  -20.543  -25.831 0.8000000119
54940  -33.919  -18.894  -23.656 0.8000000119
52780  -31.055  -19.867  -26.203 0.8000000119
51723  -38.208  -20.665  -26.173 0.5000000000
52785  -36.610  -20.288  -26.170 0.6000000238
53882  -30.908  -18.936  -26.277 0.8000000119
53883  -31.918  -19.270  -26.242 0.8000000119
51722  -37.385  -20.495  -26.151 0.6000000238
52801  -36.898  -19.779  -26.736 0.6000000238
53886  -35.312  -19.475  -26.349 0.6000000238
53887  -36.219  -19.621  -26.605 0.6000000238
134628  -37.899  -25.601  -14.148 0.6999999881
46692  -38.669  -26.021  -14.628 0.6999999881
47711  -36.602  -25.345  -13.633 0.6000000238
48619  -39.322  -24.485  -14.139 0.6999999881
48620  -40.151  -24.587  -14.696 0.6999999881
48626  -40.648  -24.236  -15.163 0.6999999881
48604  -37.719  -24.345  -13.563 0.5000000000
139080  -35.120  -24.093  -12.808 0.4000000060
49482  -36.371  -23.588  -13.132 0.4000000060
48627  -41.065  -24.270  -15.714 0.6999999881
49530  -41.445  -23.486  -16.656 0.6999999881
49480  -34.624  -23.280  -12.814 0.3000000119
50489  -35.989  -22.380  -13.213 0.3000000119
49483  -37.298  -23.575  -13.339 0.5000000000
134475  -41.449  -22.850  -16.105 0.6999999881
51556  -35.376  -21.756  -13.565 0.3000000119
50559  -41.382  -22.538  -18.009 0.6999999881
146647  -41.791  -21.392  -18.424 0.6999999881
51658  -36.276  -21.751  -21.457 0.8000000119
51636  -40.576  -21.676  -19.624 0.6999999881
51659  -37.162  -21.608  -21.344 0.6999999881
51661  -38.942  -21.238  -21.170 0.6999999881
52718  -40.216  -20.206  -21.360 0.6999999881
52729  -31.313  -21.001  -23.299 0.8000000119
52732  -34.356  -20.858  -22.717 0.8000000119
52715  -37.622  -20.991  -21.951 0.6999999881
52737  -38.962  -20.061  -22.289 0.8000000119
51669  -30.678  -21.339  -23.604 0.8000000119
53840  -38.489  -19.483  -22.791 0.8000000119
52747  -30.249  -20.579  -23.936 0.8000000119
53837  -35.669  -20.000  -23.164 0.8000000119
53856  -37.322  -19.107  -23.329 0.8000000119
138607  -29.667  -19.625  -24.718 0.8000000119
133073  -29.714  -19.825  -25.477 0.8000000119
53851  -31.406  -19.501  -23.647 0.8000000119
145763  -34.654  -18.894  -23.574 0.8000000119
54942  -35.370  -18.429  -23.632 0.8000000119
54944  -37.398  -18.183  -23.433 0.8000000119
53872  -29.833  -18.871  -25.458 0.8000000119
54953  -29.859  -18.360  -24.973 0.8000000119
136927  -32.995  -18.841  -23.787 0.8000000119
132830  -33.594  -18.183  -24.018 0.8000000119
142437  -36.745  -17.557  -23.488 0.8000000119
126855  -32.669  -18.643  -26.365 0.8000000119
147006  -38.032  -24.943  -13.834 0.6000000238
47713  -38.510  -24.373  -13.757 0.6000000238
48602  -36.195  -24.659  -13.222 0.5000000000
49499  -39.064  -23.640  -13.697 0.6000000238
49500  -39.880  -23.736  -14.135 0.6999999881
145376  -40.723  -23.153  -14.881 0.6999999881
50504  -38.663  -22.615  -13.395 0.6000000238
130543  -40.316  -22.915  -14.234 0.6999999881
137493  -41.108  -22.964  -15.421 0.6999999881
50487  -33.963  -22.433  -13.304 0.3000000119
50506  -40.367  -21.909  -14.071 0.6999999881
51554  -33.651  -21.793  -14.075 0.3000000119
125840  -37.301  -20.345  -14.457 0.3000000119
50522  -41.324  -22.057  -15.508 0.6999999881
50541  -41.596  -22.151  -16.456 0.6999999881
52632  -35.007  -20.174  -15.478 0.3000000119
52633  -35.799  -20.269  -15.050 0.3000000119
53744  -36.672  -19.795  -15.089 0.3000000119
53742  -34.827  -19.390  -16.207 0.3000000119
51637  -41.382  -21.367  -19.147 0.6999999881
52698  -40.971  -20.963  -19.917 0.6999999881
53824  -39.785  -19.752  -22.012 0.8000000119
53857  -38.028  -18.879  -23.239 0.8000000119
54945  -38.251  -18.152  -23.206 0.8000000119
54938  -30.870  -18.657  -24.101 0.8000000119
54939  -31.931  -18.711  -23.926 0.8000000119
136040  -31.388  -17.743  -24.505 0.8000000119
56012  -32.564  -18.004  -24.216 0.8000000119
141702  -34.192  -17.541  -24.027 0.8000000119
56014  -35.012  -17.622  -23.788 0.8000000119
56015  -35.900  -17.464  -23.633 0.8000000119
54968  -31.003  -18.092  -26.253 0.8000000119
56013  -33.274  -17.371  -24.283 0.8000000119
131142  -31.689  -18.599  -26.384 0.8000000119
54970  -32.748  -17.870  -26.492 0.6999999881
54971  -33.822  -18.234  -26.518 0.6000000238
150179  -40.025  -22.418  -13.801 0.6000000238
50521  -40.814  -22.445  -14.799 0.6999999881
51563  -36.937  -21.100  -13.865 0.4000000060
51566  -39.986  -21.215  -13.766 0.6000000238
129677  -40.918  -21.662  -14.741 0.6999999881
52620  -39.814  -20.496  -14.062 0.4000000060
51581  -41.303  -21.063  -15.171 0.6999999881
51582  -41.654  -21.318  -16.114 0.6999999881
51611  -41.734  -21.801  -17.851 0.6999999881
53745  -38.141  -19.010  -15.087 0.3000000119
52621  -40.371  -19.980  -14.590 0.4000000060
52635  -41.657  -20.422  -15.857 0.6000000238
53786  -42.348  -20.197  -17.368 0.6999999881
52671  -42.123  -20.936  -17.776 0.6999999881
52699  -41.700  -20.556  -19.466 0.6999999881
52672  -42.448  -20.059  -18.259 0.6999999881
53812  -42.016  -19.849  -19.713 0.6999999881
53817  -41.674  -19.453  -20.425 0.6999999881
52736  -38.095  -20.298  -22.479 0.8000000119
53839  -37.653  -19.699  -23.009 0.8000000119
53841  -39.306  -19.213  -22.535 0.8000000119
54943  -36.360  -18.278  -23.580 0.8000000119
55999  -38.153  -16.991  -22.861 0.8000000119
54941  -34.472  -18.266  -23.786 0.8000000119
132913  -36.602  -16.827  -23.381 0.8000000119
57031  -31.300  -17.034  -25.104 0.8000000119
128641  -32.248  -17.107  -24.582 0.8000000119
141300  -33.953  -16.649  -24.218 0.8000000119
57016  -34.979  -16.327  -23.844 0.8000000119
142457  -32.981  -16.652  -24.550 0.8000000119
53897  -35.012  -18.682  -26.552 0.6000000238
56047  -31.318  -17.297  -26.127 0.8000000119
56050  -34.118  -17.201  -26.614 0.6000000238
56048  -32.140  -17.237  -26.350 0.6999999881
57059  -33.439  -16.399  -26.463 0.6999999881
50505  -39.559  -21.931  -13.554 0.6000000238
52618  -38.058  -20.155  -14.426 0.3000000119
53737  -37.642  -19.655  -14.839 0.3000000119
53739  -39.445  -19.757  -14.512 0.3000000119
53747  -39.984  -19.206  -14.859 0.3000000119
53770  -42.098  -19.748  -16.585 0.6999999881
54859  -37.166  -17.986  -16.058 0.3000000119
54840  -37.825  -18.337  -15.585 0.3000000119
54860  -41.757  -18.323  -16.359 0.4000000060
53787  -42.434  -19.460  -17.512 0.6999999881
55927  -36.649  -17.600  -16.476 0.3000000119
53801  -42.556  -19.243  -18.251 0.6000000238
54914  -41.976  -18.559  -20.441 0.6000000238
54912  -42.443  -18.627  -19.542 0.6000000238
54918  -40.722  -18.528  -21.728 0.8000000119
53826  -41.292  -18.999  -21.148 0.6999999881
54915  -42.394  -17.853  -19.870 0.6000000238
53842  -40.073  -18.896  -22.219 0.8000000119
54919  -41.376  -18.104  -21.222 0.6999999881
55989  -41.880  -17.562  -20.598 0.6999999881
54927  -38.771  -18.590  -22.915 0.8000000119
54928  -39.518  -18.312  -22.577 0.8000000119
56001  -40.146  -17.368  -22.074 0.6999999881
57002  -40.482  -16.873  -21.672 0.6999999881
55994  -41.235  -17.196  -21.225 0.6999999881
56016  -37.430  -17.087  -23.183 0.8000000119
132500  -38.838  -17.530  -22.756 0.8000000119
57007  -39.551  -16.685  -22.139 0.6999999881
128382  -40.184  -16.029  -21.551 0.6999999881
57019  -37.177  -16.270  -23.090 0.8000000119
57005  -37.865  -16.371  -22.785 0.8000000119
57958  -38.987  -15.935  -22.204 0.6999999881
56027  -30.942  -17.240  -24.740 0.8000000119
56028  -31.537  -16.918  -24.950 0.8000000119
57017  -35.835  -16.570  -23.569 0.8000000119
57956  -37.584  -15.756  -22.801 0.8000000119
57015  -32.287  -16.375  -24.916 0.8000000119
148255  -35.058  -15.550  -24.020 0.8000000119
57018  -36.473  -16.041  -23.360 0.8000000119
56036  -30.497  -17.600  -25.347 0.8000000119
57032  -32.039  -16.492  -25.124 0.8000000119
57963  -34.238  -15.730  -24.290 0.8000000119
58944  -35.604  -14.885  -23.949 0.8000000119
57044  -31.069  -17.229  -25.436 0.8000000119
57045  -31.924  -16.584  -25.349 0.8000000119
57994  -32.616  -15.749  -25.583 0.6999999881
54985  -34.894  -17.823  -26.641 0.6000000238
130963  -35.494  -16.693  -26.617 0.6000000238
57057  -31.634  -16.867  -25.833 0.8000000119
58002  -33.039  -15.444  -26.186 0.6999999881
58019  -33.681  -14.800  -26.552 0.6999999881
53749  -41.481  -19.575  -15.701 0.5000000000
54843  -40.429  -18.781  -15.215 0.4000000060
137889  -41.768  -19.042  -16.242 0.5000000000
55911  -38.679  -17.793  -15.658 0.3000000119
53771  -42.188  -18.849  -16.933 0.5000000000
54876  -42.481  -18.619  -17.776 0.6000000238
55929  -38.488  -17.111  -16.043 0.3000000119
55930  -39.399  -17.221  -15.861 0.3000000119
55933  -42.216  -17.850  -17.168 0.6000000238
55964  -42.545  -17.714  -18.295 0.6000000238
55940  -36.228  -17.016  -16.893 0.3000000119
56944  -38.246  -16.460  -16.313 0.3000000119
56946  -40.298  -16.618  -16.114 0.3000000119
56943  -37.468  -16.388  -16.539 0.3000000119
55987  -42.549  -17.334  -19.231 0.6000000238
56953  -35.831  -16.250  -17.324 0.3000000119
56998  -41.722  -16.647  -20.627 0.6999999881
57003  -41.003  -16.324  -21.178 0.6999999881
127124  -36.963  -14.902  -23.216 0.8000000119
58933  -38.348  -14.691  -22.394 0.6999999881
131603  -39.017  -15.108  -22.012 0.6999999881
58932  -37.595  -14.975  -22.767 0.6999999881
58945  -36.502  -14.478  -23.633 0.8000000119
58942  -33.624  -15.060  -24.744 0.8000000119
58959  -34.009  -14.308  -24.866 0.6999999881
58943  -34.609  -14.962  -24.412 0.8000000119
58961  -35.924  -13.985  -24.213 0.6000000238
57078  -36.477  -16.250  -26.499 0.6000000238
126678  -32.441  -15.956  -25.184 0.6999999881
58988  -33.011  -14.850  -25.908 0.6999999881
58974  -33.190  -14.325  -25.866 0.6999999881
58003  -33.947  -15.704  -26.552 0.6999999881
57076  -34.986  -15.973  -26.648 0.6999999881
58018  -33.298  -14.591  -26.307 0.6999999881
63337  -35.314  -10.733  -27.635 0.5000000000
61133  -35.335  -11.223  -27.692 0.5000000000
125293  -42.311  -16.803  -17.698 0.6000000238
56968  -42.521  -16.783  -18.620 0.6000000238
125575  -42.478  -16.056  -19.016 0.6000000238
58902  -41.834  -15.170  -20.050 0.6999999881
57953  -40.742  -15.470  -21.073 0.6999999881
124938  -33.922  -15.008  -18.485 0.3000000119
131858  -39.903  -15.069  -21.478 0.6999999881
57944  -41.506  -15.781  -20.625 0.6999999881
58960  -34.974  -14.183  -24.502 0.6999999881
59999  -37.960  -14.102  -22.770 0.6999999881
58934  -38.842  -14.370  -22.122 0.6000000238
58946  -37.263  -14.240  -23.252 0.6999999881
57978  -32.510  -15.791  -25.144 0.6999999881
58958  -33.275  -14.633  -25.312 0.6999999881
60022  -35.326  -13.451  -24.736 0.6000000238
60020  -33.616  -13.761  -25.610 0.6999999881
57077  -35.799  -16.109  -26.608 0.6000000238
56069  -36.077  -16.930  -26.585 0.5000000000
59007  -33.555  -14.062  -26.716 0.6999999881
61116  -33.840  -12.986  -27.194 0.6999999881
60066  -34.344  -13.386  -27.338 0.6999999881
60067  -35.256  -13.020  -27.615 0.6000000238
57900  -42.148  -15.791  -17.724 0.4000000060
136709  -42.415  -16.179  -18.267 0.6000000238
57915  -42.309  -15.506  -18.490 0.5000000000
57929  -42.224  -15.298  -19.307 0.6000000238
58887  -34.555  -14.525  -18.296 0.3000000119
57913  -35.116  -14.944  -17.859 0.3000000119
58913  -40.644  -14.551  -20.914 0.6999999881
58925  -39.982  -14.215  -21.331 0.6000000238
58924  -39.376  -14.320  -21.736 0.6000000238
60011  -36.801  -13.563  -23.842 0.6000000238
60000  -38.465  -13.304  -22.717 0.6000000238
60021  -34.411  -13.571  -25.072 0.6999999881
60023  -36.140  -13.229  -24.502 0.6000000238
60012  -37.663  -13.427  -23.282 0.6000000238
61071  -34.838  -12.867  -25.293 0.6999999881
61088  -35.436  -12.164  -25.399 0.6000000238
61101  -33.745  -12.823  -26.813 0.6999999881
59009  -35.091  -13.966  -27.320 0.6999999881
58021  -35.529  -15.356  -26.725 0.6000000238
58990  -36.580  -14.843  -26.782 0.5000000000
125557  -35.858  -13.763  -27.473 0.6000000238
59010  -35.877  -14.597  -27.048 0.6000000238
59011  -36.667  -13.974  -27.210 0.5000000000
126762  -34.311  -12.195  -27.171 0.6000000238
150102  -34.464  -12.691  -27.412 0.5000000000
61117  -35.931  -12.262  -27.864 0.5000000000
61118  -36.721  -12.263  -27.835 0.5000000000
61134  -35.878  -11.478  -27.922 0.5000000000
63339  -36.440  -10.278  -28.342 0.5000000000
57899  -41.772  -15.001  -17.480 0.4000000060
57914  -42.118  -15.039  -18.046 0.4000000060
58862  -41.463  -14.239  -17.176 0.4000000060
58859  -38.746  -14.395  -16.469 0.4000000060
59945  -35.250  -14.060  -18.021 0.3000000119
59929  -35.786  -13.431  -17.850 0.3000000119
135046  -37.051  -13.313  -17.139 0.3000000119
59971  -40.973  -13.885  -20.565 0.6000000238
144292  -35.517  -11.860  -18.614 0.3000000119
59986  -40.417  -13.686  -21.022 0.6000000238
61044  -39.231  -12.877  -22.279 0.5000000000
59985  -39.728  -13.433  -21.620 0.6000000238
61059  -37.351  -12.749  -23.851 0.6000000238
61060  -38.122  -12.628  -23.377 0.6000000238
61058  -36.713  -12.832  -24.288 0.6000000238
61043  -38.814  -12.374  -22.892 0.6000000238
61073  -36.226  -12.516  -24.808 0.6000000238
62165  -37.597  -11.226  -24.605 0.6000000238
61070  -34.028  -13.040  -25.705 0.6999999881
62164  -36.276  -11.793  -25.114 0.6000000238
61102  -34.166  -12.158  -26.707 0.6999999881
62208  -34.853  -11.345  -27.414 0.5000000000
131529  -35.073  -11.997  -27.629 0.5000000000
63338  -35.783  -10.159  -27.987 0.5000000000
58861  -40.805  -14.256  -16.640 0.4000000060
58873  -41.858  -14.245  -17.961 0.4000000060
58888  -42.110  -14.723  -18.636 0.5000000000
60952  -40.528  -12.989  -16.780 0.4000000060
130626  -41.868  -13.991  -18.682 0.4000000060
141736  -41.828  -14.365  -19.445 0.4000000060
59972  -41.423  -13.621  -19.981 0.5000000000
60985  -35.679  -12.704  -18.201 0.3000000119
62053  -36.790  -11.927  -17.814 0.3000000119
60972  -37.287  -12.492  -17.303 0.4000000060
62068  -36.343  -11.425  -18.369 0.3000000119
60973  -38.136  -12.226  -16.905 0.4000000060
61025  -40.422  -12.850  -21.158 0.5000000000
140507  -40.941  -13.180  -20.553 0.6000000238
61024  -39.928  -12.429  -21.806 0.5000000000
62154  -39.122  -11.583  -23.101 0.5000000000
62152  -37.881  -12.016  -24.051 0.6000000238
63279  -39.684  -11.159  -22.718 0.5000000000
148189  -36.845  -11.380  -24.958 0.6000000238
62183  -35.029  -11.481  -26.105 0.6000000238
63309  -36.348  -10.394  -25.949 0.6000000238
138277  -34.561  -11.491  -26.669 0.5000000000
62194  -34.563  -11.458  -27.073 0.5000000000
63319  -35.112  -10.217  -27.009 0.5000000000
63330  -35.491  -10.210  -27.560 0.5000000000
64431  -36.112  -9.130  -28.339 0.5000000000
131326  -36.779  -9.076  -28.697 0.5000000000
59919  -40.424  -13.655  -16.629 0.4000000060
59946  -41.682  -13.277  -18.261 0.4000000060
59933  -41.502  -13.507  -17.554 0.4000000060
59960  -41.701  -13.362  -19.180 0.4000000060
60953  -41.195  -12.783  -17.303 0.4000000060
61001  -41.620  -12.362  -18.825 0.4000000060
136052  -41.408  -12.630  -19.871 0.4000000060
62098  -40.667  -11.882  -21.220 0.4000000060
61013  -40.961  -12.482  -20.656 0.5000000000
63205  -35.844  -10.900  -18.891 0.3000000119
62138  -40.128  -11.521  -22.045 0.4000000060
63291  -39.313  -10.831  -23.365 0.5000000000
63280  -40.264  -10.666  -22.343 0.4000000060
63300  -38.214  -10.697  -24.462 0.6000000238
147206  -38.838  -11.227  -23.613 0.5000000000
64360  -39.833  -10.343  -22.996 0.5000000000
63310  -37.012  -10.730  -25.239 0.6000000238
143126  -38.442  -10.002  -24.582 0.5000000000
63290  -38.815  -10.556  -24.001 0.5000000000
63308  -34.956  -10.834  -26.708 0.5000000000
132576  -35.649  -10.928  -26.136 0.6000000238
125708  -37.148  -9.921  -25.619 0.6000000238
63299  -37.736  -10.346  -24.932 0.6000000238
64399  -36.375  -9.481  -26.526 0.6000000238
64407  -35.700  -9.538  -27.250 0.5000000000
65437  -35.888  -8.948  -27.728 0.5000000000
65460  -37.571  -8.721  -28.939 0.5000000000
64398  -35.584  -10.199  -26.684 0.5000000000
65371  -34.542  -8.501  -20.830 0.3000000119
65352  -35.662  -8.634  -20.185 0.4000000060
66458  -36.634  -7.580  -19.945 0.4000000060
64400  -37.351  -9.045  -25.925 0.5000000000
66487  -34.723  -7.754  -21.071 0.4000000060
65420  -39.218  -7.765  -24.724 0.5000000000
147228  -39.789  -7.876  -23.903 0.5000000000
65428  -36.806  -8.527  -26.896 0.5000000000
66543  -38.949  -7.348  -25.311 0.5000000000
64408  -36.092  -8.951  -27.293 0.5000000000
66550  -36.692  -7.743  -27.607 0.6000000238
66569  -37.636  -7.779  -29.150 0.5000000000
143950  -36.581  -7.954  -28.366 0.6000000238
66557  -36.520  -7.791  -28.171 0.5000000000
148802  -37.323  -7.388  -29.090 0.6000000238
143073  -37.369  -6.982  -29.305 0.4000000060
66474  -36.126  -7.048  -20.477 0.4000000060
146178  -37.822  -7.574  -19.066 0.4000000060
65429  -37.711  -8.258  -26.159 0.5000000000
66542  -37.356  -7.848  -26.913 0.5000000000
66551  -37.312  -7.115  -27.380 0.5000000000
67588  -37.656  -6.571  -27.393 0.5000000000
67579  -38.588  -6.809  -26.167 0.5000000000
66558  -36.854  -7.057  -28.245 0.5000000000
68603  -37.609  -5.680  -29.447 0.4000000060
67603  -37.135  -6.396  -28.805 0.5000000000
67610  -37.293  -6.337  -29.225 0.5000000000
67496  -37.157  -6.309  -19.859 0.4000000060
67528  -35.268  -6.306  -21.116 0.4000000060
65439  -38.088  -7.477  -26.342 0.5000000000
66531  -39.641  -7.340  -24.355 0.4000000060
67596  -37.166  -6.463  -28.124 0.4000000060
68587  -37.333  -5.917  -28.684 0.4000000060
68595  -37.395  -5.836  -29.197 0.5000000000
128912  -37.878  -5.027  -29.550 0.3000000119
67580  -39.222  -6.559  -25.585 0.4000000060
68574  -37.690  -6.055  -27.748 0.4000000060
68596  -37.686  -5.249  -29.171 0.5000000000
69599  -37.909  -4.409  -29.710 0.4000000060
70549  -38.220  -3.856  -29.332 0.4000000060
69581  -38.791  -5.096  -27.697 0.4000000060
70580  -39.529  -2.737  -30.498 0.4000000060
68588  -37.925  -5.459  -28.267 0.4000000060
70558  -38.437  -3.068  -29.657 0.4000000060
70551  -39.952  -3.937  -27.691 0.4000000060
70565  -38.404  -2.893  -30.071 0.4000000060
70579  -38.691  -2.720  -30.282 0.4000000060
71533  -39.140  -2.011  -30.353 0.4000000060
70581  -40.478  -2.696  -30.388 0.4000000060
70550  -39.011  -3.451  -28.681 0.3000000119
71501  -39.226  -2.663  -29.025 0.4000000060
126382  -40.012  -3.203  -28.205 0.4000000060
70530  -40.883  -3.302  -27.178 0.4000000060
72463  -39.367  -1.881  -29.292 0.3000000119
72484  -39.024  -1.593  -29.963 0.4000000060
71520  -38.803  -2.158  -30.096 0.4000000060
72508  -39.792  -1.295  -30.339 0.4000000060
140391  -39.539  -1.252  -29.516 0.4000000060
72485  -39.471  -0.896  -29.965 0.5000000000
71502  -40.358  -2.397  -28.188 0.4000000060
72464  -40.126  -1.459  -28.637 0.4000000060
138190  -34.659  -36.032  -24.913 0.6999999881
36461  -39.693  -36.395  -20.056 0.6999999881
33433  -32.621  -39.363  -17.872 0.6000000238
38457  -39.424  -34.937  -17.599 0.6999999881
39578  -39.784  -33.273  -21.964 0.8000000119
39565  -41.214  -33.422  -19.740 0.8000000119
127568  -38.116  -32.948  -17.128 0.6000000238
143405  -39.619  -32.507  -17.479 0.6999999881
42609  -40.665  -30.295  -21.681 0.8000000119
38509  -31.824  -34.004  -21.050 0.4000000060
45712  -33.488  -27.904  -24.787 0.8000000119
42577  -32.447  -28.998  -19.767 0.5000000000
44580  -41.566  -28.661  -19.122 0.8000000119
46751  -40.542  -26.934  -20.681 0.8000000119
43527  -40.272  -29.391  -16.909 0.8000000119
41545  -31.880  -31.543  -15.319 0.4000000060
42521  -34.171  -29.833  -15.838 0.5000000000
45623  -34.832  -27.644  -16.126 0.6000000238
45611  -38.886  -27.282  -15.425 0.6999999881
49570  -36.345  -23.457  -20.909 0.6999999881
47727  -38.660  -25.143  -14.157 0.6999999881
128950  -35.132  -19.358  -23.420 0.8000000119
49501  -40.454  -23.736  -14.688 0.6999999881
52707  -41.348  -20.222  -20.215 0.6999999881
53816  -40.993  -19.839  -20.965 0.6999999881
52634  -41.118  -20.209  -15.044 0.6000000238
52700  -42.263  -20.161  -19.066 0.6999999881
53818  -42.217  -19.204  -19.886 0.6000000238
126766  -38.647  -21.622  -13.498 0.6000000238
54844  -41.183  -18.707  -15.623 0.5000000000
144790  -41.934  -16.349  -17.148 0.4000000060
60001  -39.007  -13.713  -22.130 0.6000000238
59920  -41.083  -13.551  -16.921 0.4000000060
65452  -37.046  -8.070  -28.765 0.5000000000
68575  -38.534  -5.797  -27.231 0.4000000060
148779  -36.413  -37.501  -26.096 0.5000000000
36539  -36.556  -36.460  -25.904 0.5000000000
33528  -35.260  -39.860  -24.902 0.6999999881
39639  -37.136  -33.236  -26.300 0.5000000000
32423  -34.011  -40.902  -16.717 0.5000000000
40650  -36.790  -32.758  -26.515 0.6999999881
37462  -38.167  -35.455  -22.352 0.6999999881
38537  -34.571  -34.603  -24.475 0.6999999881
38538  -35.520  -34.270  -24.141 0.6999999881
136389  -34.192  -32.377  -24.317 0.6999999881
39604  -34.662  -33.684  -24.324 0.6999999881
42670  -38.614  -29.907  -26.421 0.5000000000
43644  -37.286  -29.718  -26.572 0.6000000238
45729  -37.712  -27.999  -26.359 0.5000000000
36420  -34.626  -36.919  -16.619 0.6000000238
39593  -37.913  -33.863  -22.992 0.6999999881
43643  -35.557  -29.668  -26.484 0.6999999881
36402  -36.046  -36.757  -16.342 0.6000000238
38511  -40.183  -34.797  -21.024 0.8000000119
39594  -38.643  -33.492  -22.635 0.6999999881
134272  -39.427  -27.851  -26.548 0.4000000060
38497  -40.965  -34.235  -19.275 0.8000000119
37395  -34.256  -35.545  -17.350 0.6000000238
37394  -33.599  -35.793  -17.960 0.6000000238
44641  -34.030  -28.510  -25.397 0.8000000119
39513  -37.195  -34.053  -16.727 0.6999999881
134113  -41.230  -32.858  -20.269 0.6999999881
34464  -31.388  -37.952  -19.691 0.5000000000
46828  -37.689  -27.252  -26.081 0.5000000000
38476  -33.646  -34.770  -18.747 0.6000000238
42594  -41.229  -30.751  -21.008 0.8000000119
130260  -37.431  -30.049  -23.695 0.8000000119
46826  -35.291  -26.090  -25.622 0.6999999881
47851  -37.670  -26.205  -25.246 0.6000000238
41568  -40.670  -31.570  -17.848 0.6999999881
45699  -33.614  -27.471  -24.146 0.8000000119
47832  -37.277  -25.627  -24.822 0.6000000238
47835  -39.816  -25.894  -24.260 0.4000000060
39575  -31.509  -33.191  -21.520 0.3000000119
38496  -33.771  -34.096  -19.050 0.5000000000
38495  -32.590  -34.838  -19.873 0.5000000000
36459  -32.099  -35.538  -20.081 0.5000000000
38501  -31.563  -34.806  -21.185 0.4000000060
146048  -37.216  -28.030  -23.535 0.8999999762
139909  -32.509  -26.157  -25.291 0.8000000119
41565  -37.121  -31.397  -17.267 0.6000000238
42547  -38.499  -30.799  -16.731 0.6000000238
135733  -35.400  -31.489  -18.613 0.5000000000
135903  -32.370  -33.871  -20.594 0.4000000060
39569  -32.715  -33.237  -20.404 0.5000000000
40570  -33.832  -32.592  -19.698 0.5000000000
46763  -38.659  -26.318  -22.053 0.8000000119
48741  -36.024  -24.932  -24.730 0.6999999881
49619  -37.556  -23.019  -23.448 0.6000000238
50618  -39.951  -22.726  -23.551 0.4000000060
42545  -36.634  -30.361  -17.409 0.6000000238
42592  -31.822  -29.241  -20.217 0.5000000000
41607  -32.709  -31.325  -20.611 0.5000000000
41595  -33.777  -30.675  -19.723 0.5000000000
138695  -41.129  -28.328  -17.372 0.6999999881
43542  -32.124  -28.694  -18.777 0.5000000000
43543  -33.371  -28.330  -18.726 0.6000000238
43557  -32.803  -28.531  -19.158 0.5000000000
43521  -32.749  -28.376  -18.300 0.6000000238
43556  -31.872  -28.851  -19.437 0.5000000000
42566  -35.400  -30.015  -18.456 0.5000000000
40513  -32.997  -32.540  -16.280 0.6000000238
42578  -33.302  -29.426  -19.649 0.5000000000
43545  -34.966  -29.007  -18.322 0.6000000238
43544  -34.072  -28.536  -18.583 0.6000000238
42579  -34.208  -30.028  -19.354 0.5000000000
42517  -31.220  -30.930  -15.318 0.4000000060
46739  -41.268  -25.999  -19.127 0.6999999881
47812  -35.567  -25.348  -22.387 0.8000000119
140184  -33.210  -25.329  -23.295 0.8999999762
43504  -33.792  -29.086  -16.716 0.5000000000
44571  -33.570  -28.155  -18.110 0.6000000238
44572  -34.445  -28.305  -17.968 0.6000000238
45640  -34.727  -27.849  -16.783 0.6000000238
43483  -33.619  -29.237  -14.570 0.4000000060
43493  -33.975  -29.641  -15.245 0.4000000060
44518  -34.630  -27.925  -15.695 0.5000000000
46740  -41.491  -26.466  -18.595 0.6999999881
45597  -34.007  -27.649  -14.081 0.5000000000
44511  -34.515  -27.899  -14.808 0.5000000000
48677  -39.079  -24.669  -20.236 0.6999999881
47809  -32.602  -25.092  -23.442 0.8000000119
51694  -36.844  -21.231  -24.407 0.6999999881
45608  -35.730  -27.596  -15.846 0.6999999881
46699  -36.457  -27.110  -15.386 0.6999999881
47763  -41.446  -25.193  -17.453 0.6999999881
45588  -32.073  -27.326  -13.267 0.4000000060
51691  -33.376  -22.011  -24.902 0.8000000119
150758  -36.072  -26.735  -15.115 0.6000000238
45607  -35.151  -27.386  -15.663 0.6000000238
45606  -34.901  -27.511  -15.354 0.5000000000
136800  -32.901  -25.973  -12.758 0.3000000119
130909  -41.146  -23.831  -18.030 0.6999999881
50644  -31.563  -22.318  -25.470 0.8999999762
51707  -33.097  -21.377  -25.420 0.8000000119
51706  -32.052  -21.532  -25.744 0.8000000119
52772  -35.748  -20.477  -25.473 0.6000000238
52783  -34.317  -19.851  -25.811 0.6000000238
143417  -32.889  -19.401  -26.110 0.8000000119
46691  -37.643  -26.298  -14.613 0.6999999881
46683  -34.887  -26.296  -13.753 0.5000000000
48601  -35.526  -24.816  -13.002 0.4000000060
49560  -40.020  -23.074  -19.111 0.6999999881
50594  -35.969  -22.390  -21.170 0.8000000119
50581  -38.983  -22.282  -20.096 0.6999999881
51704  -29.904  -21.275  -25.262 0.8000000119
52781  -32.209  -20.037  -26.124 0.8000000119
50572  -40.245  -22.373  -19.343 0.6999999881
51635  -39.797  -21.998  -19.910 0.6999999881
51624  -41.361  -21.986  -18.557 0.6999999881
52706  -40.596  -20.589  -20.642 0.6999999881
52714  -36.713  -21.155  -22.038 0.8000000119
52734  -36.232  -20.593  -22.628 0.8000000119
49514  -40.871  -23.662  -15.313 0.6999999881
49481  -35.485  -23.287  -12.989 0.3000000119
50490  -36.914  -22.733  -13.199 0.5000000000
49515  -41.302  -23.593  -15.911 0.6999999881
134468  -41.530  -22.806  -16.784 0.6999999881
50488  -34.979  -22.392  -13.214 0.3000000119
50491  -37.684  -22.775  -13.323 0.5000000000
143691  -37.295  -22.303  -13.285 0.4000000060
50547  -41.600  -22.339  -17.265 0.6999999881
51555  -34.535  -21.662  -13.913 0.3000000119
52686  -42.076  -20.780  -18.708 0.6999999881
138876  -39.643  -22.894  -13.725 0.6000000238
51564  -38.092  -20.858  -13.857 0.3000000119
51602  -41.809  -21.540  -17.039 0.6999999881
124704  -37.288  -19.064  -15.347 0.3000000119
56049  -33.091  -17.224  -26.521 0.6999999881
51565  -39.185  -21.042  -13.710 0.6000000238
51567  -40.622  -20.904  -14.379 0.6000000238
52619  -38.841  -20.305  -14.195 0.4000000060
52660  -42.024  -20.705  -16.778 0.6999999881
53813  -42.458  -19.419  -19.082 0.6000000238
57006  -38.608  -16.519  -22.518 0.8000000119
57966  -37.049  -15.539  -23.118 0.8000000119
57964  -35.726  -15.769  -23.652 0.8000000119
57060  -34.321  -16.461  -26.603 0.6000000238
56067  -34.939  -16.952  -26.651 0.6000000238
53738  -38.502  -19.634  -14.645 0.3000000119
53746  -39.040  -19.046  -14.892 0.3000000119
53748  -40.814  -19.408  -15.133 0.5000000000
55928  -37.284  -17.441  -16.280 0.3000000119
54900  -42.595  -18.613  -18.676 0.6000000238
54929  -40.195  -18.063  -22.214 0.8000000119
55990  -42.341  -16.973  -20.011 0.6000000238
57957  -38.282  -15.618  -22.477 0.6999999881
59008  -34.210  -14.195  -26.988 0.6999999881
55912  -39.562  -17.835  -15.518 0.3000000119
126061  -37.721  -17.001  -16.280 0.3000000119
55931  -40.359  -17.447  -15.759 0.3000000119
56942  -36.700  -16.318  -16.847 0.3000000119
57888  -37.951  -15.812  -16.528 0.3000000119
56999  -42.269  -16.047  -19.964 0.6000000238
58989  -33.351  -14.098  -26.324 0.6999999881
60034  -33.490  -13.466  -26.289 0.6999999881
58914  -41.377  -14.429  -20.273 0.6999999881
61086  -33.786  -12.786  -26.284 0.6999999881
58022  -36.188  -15.443  -26.687 0.5000000000
56954  -41.614  -15.709  -16.995 0.4000000060
147547  -35.741  -11.493  -25.635 0.6000000238
60068  -36.261  -13.059  -27.652 0.6000000238
61135  -36.493  -11.701  -28.020 0.4000000060
57891  -41.210  -14.985  -16.787 0.4000000060
59917  -38.280  -13.716  -16.581 0.4000000060
59930  -36.395  -13.725  -17.439 0.3000000119
130805  -35.002  -12.707  -18.593 0.3000000119
60986  -36.158  -12.150  -18.171 0.3000000119
62137  -39.468  -11.990  -22.462 0.5000000000
62153  -38.528  -11.858  -23.515 0.5000000000
61087  -34.376  -12.195  -25.988 0.5000000000
62054  -37.584  -11.663  -17.453 0.4000000060
62084  -41.503  -11.724  -19.553 0.4000000060
63257  -40.700  -10.923  -21.587 0.4000000060
64376  -39.407  -10.033  -23.633 0.5000000000
65372  -35.223  -8.229  -20.607 0.3000000119
127683  -37.226  -8.009  -19.436 0.4000000060
64401  -38.215  -8.689  -25.433 0.5000000000
126662  -37.364  -7.079  -19.533 0.4000000060
69593  -38.930  -4.291  -28.210 0.4000000060
69582  -39.665  -4.716  -27.133 0.4000000060
72499  -39.590  -0.590  -30.083 0.4000000060
73517  -40.035  -0.300  -30.379 0.3000000119
31503  -37.382  -42.359  -21.486 0.5000000000
31509  -36.893  -41.823  -22.404 0.5000000000
28736  -37.646  -44.460  -18.733 0.4000000060
147499  -37.857  -43.344  -19.602 0.5000000000
29624  -37.783  -43.557  -20.290 0.5000000000
30561  -37.590  -42.859  -20.778 0.5000000000
145576  -37.062  -41.810  -21.461 0.6000000238
138294  -36.563  -41.375  -22.437 0.6000000238
30538  -38.114  -43.018  -18.821 0.5000000000
131825  -38.170  -42.213  -18.069 0.5000000000
31479  -37.887  -41.815  -19.743 0.5000000000
127941  -37.710  -41.172  -20.105 0.5000000000
136769  -37.634  -42.354  -17.433 0.5000000000
32501  -37.024  -40.433  -21.223 0.6000000238
34492  -36.616  -39.260  -22.302 0.6000000238
32500  -36.748  -41.301  -21.753 0.6000000238
33491  -36.464  -40.509  -22.201 0.6000000238
33507  -36.027  -40.014  -23.132 0.6000000238
33520  -35.644  -40.009  -24.063 0.6000000238
34520  -35.473  -38.976  -24.381 0.6000000238
33521  -35.903  -39.346  -23.622 0.6000000238
31460  -38.230  -41.305  -18.190 0.5000000000
32488  -37.507  -40.434  -20.373 0.6000000238
31444  -37.623  -41.511  -17.310 0.5000000000
32464  -38.243  -40.451  -18.297 0.5000000000
33492  -36.988  -39.446  -21.406 0.6000000238
31429  -36.214  -41.513  -16.576 0.5000000000
31430  -36.940  -41.306  -16.735 0.5000000000
150677  -37.021  -38.907  -21.764 0.6000000238
34521  -36.091  -38.359  -23.504 0.6000000238
34519  -34.952  -37.994  -24.941 0.6000000238
133823  -38.166  -41.045  -19.139 0.5000000000
33467  -37.870  -39.793  -19.751 0.5000000000
32447  -37.846  -40.641  -17.494 0.5000000000
33452  -38.256  -39.660  -18.299 0.5000000000
32465  -38.233  -40.115  -19.049 0.5000000000
33479  -37.395  -39.626  -20.522 0.6000000238
32425  -36.434  -40.728  -16.502 0.5000000000
33416  -37.523  -39.941  -16.999 0.5000000000
34493  -37.271  -38.535  -21.297 0.6000000238
32424  -35.535  -40.937  -16.434 0.5000000000
33414  -35.714  -39.981  -16.331 0.5000000000
35498  -37.138  -37.526  -22.253 0.6000000238
34508  -36.663  -38.341  -22.666 0.6000000238
134388  -35.555  -37.970  -24.192 0.6000000238
35512  -35.898  -37.331  -23.745 0.6000000238
34431  -37.887  -39.201  -17.482 0.5000000000
34467  -38.292  -38.594  -19.401 0.5000000000
34481  -38.011  -38.336  -20.060 0.6000000238
35483  -38.376  -37.552  -20.486 0.6000000238
139343  -37.208  -39.173  -16.664 0.5000000000
34466  -37.777  -39.031  -19.848 0.6000000238
131373  -34.741  -40.430  -16.467 0.5000000000
32446  -33.431  -40.626  -17.130 0.5000000000
36516  -35.568  -36.538  -24.068 0.6000000238
133318  -38.262  -38.282  -17.790 0.5000000000
34449  -38.514  -38.463  -18.739 0.5000000000
35453  -38.709  -37.910  -19.448 0.6000000238
34416  -36.272  -39.145  -16.358 0.5000000000
34415  -35.412  -39.119  -16.334 0.5000000000
133581  -35.653  -38.276  -16.335 0.6000000238
35419  -38.428  -37.492  -17.629 0.6000000238
35433  -38.810  -37.663  -18.457 0.5000000000
35434  -39.228  -37.334  -19.098 0.5000000000
36460  -39.175  -37.129  -19.832 0.6000000238
135645  -36.728  -38.368  -16.451 0.6000000238
35418  -37.889  -37.625  -17.064 0.6000000238
36477  -38.997  -36.642  -20.779 0.6000000238
147017  -34.041  -38.253  -16.770 0.5000000000
35402  -36.302  -37.563  -16.359 0.6000000238
129515  -33.096  -40.030  -17.415 0.4000000060
131635  -37.473  -36.964  -16.644 0.6000000238
36421  -38.211  -36.920  -17.111 0.6000000238
36423  -39.203  -36.446  -17.933 0.6000000238
36435  -39.259  -36.927  -18.555 0.5000000000
36450  -39.614  -36.721  -19.235 0.6000000238
135470  -39.135  -35.950  -21.262 0.6000000238
37427  -40.079  -35.976  -19.325 0.6999999881
48723  -37.652  -25.063  -24.110 0.5000000000
49484  -38.158  -23.564  -13.501 0.5000000000
53825  -40.539  -19.391  -21.611 0.6000000238
54986  -35.672  -18.274  -26.693 0.5000000000
134878  -35.069  -14.745  -26.894 0.5000000000
73499  -39.606  0.040  -30.008 0.4000000060
74487  -39.970  0.717  -30.060 0.3000000119
75484  -40.370  1.413  -30.171 0.3000000119
76500  -41.087  3.019  -30.063 0.3000000119
130168  -37.838  -44.290  -20.106 0.5000000000
29625  -37.980  -44.062  -20.636 0.5000000000
31508  -36.568  -41.286  -22.999 0.5000000000
29609  -37.765  -43.761  -18.339 0.4000000060
32509  -36.102  -40.954  -23.070 0.6000000238
32508  -35.857  -40.592  -23.726 0.5000000000
32520  -35.645  -40.479  -24.489 0.5000000000
29601  -37.394  -43.675  -17.533 0.4000000060
30528  -37.277  -42.919  -17.187 0.5000000000
30520  -35.991  -42.284  -16.628 0.5000000000
31443  -36.953  -42.109  -16.849 0.5000000000
30519  -35.112  -42.431  -16.545 0.3000000119
148501  -33.773  -42.112  -16.982 0.4000000060
31440  -32.632  -41.713  -18.049 0.4000000060
47834  -38.911  -25.862  -24.465 0.4000000060
48711  -39.934  -24.433  -23.437 0.4000000060
48724  -38.502  -25.178  -23.960 0.4000000060
50503  -37.738  -21.825  -13.391 0.5000000000
53898  -35.847  -19.025  -26.693 0.5000000000
147140  -36.260  -18.643  -26.724 0.5000000000
137760  -40.126  1.376  -29.965 0.3000000119
77467  -40.756  3.537  -29.680 0.3000000119
28728  -37.475  -44.452  -17.951 0.4000000060
149910  -33.542  -38.623  -17.042 0.5000000000
33413  -34.718  -39.532  -16.446 0.5000000000
34414  -34.735  -38.664  -16.472 0.6000000238
53899  -36.561  -19.222  -26.731 0.5000000000
128567  -34.738  -41.254  -16.525 0.4000000060
149512  -37.103  -42.216  -21.992 0.6000000238
29615  -37.787  -43.930  -19.367 0.4000000060
31494  -37.444  -42.055  -20.682 0.5000000000
138390  -38.229  -42.031  -18.951 0.5000000000
30529  -37.913  -43.008  -17.857 0.5000000000
33453  -38.257  -39.247  -19.049 0.5000000000
34448  -38.285  -38.985  -18.270 0.5000000000
33415  -36.786  -39.945  -16.516 0.5000000000
34417  -37.589  -38.395  -16.916 0.5000000000
74476  -40.024  0.850  -29.785 0.4000000060
29600  -36.692  -43.484  -16.944 0.4000000060
32521  -36.132  -40.898  -23.909 0.4000000060
149334  -36.575  -42.802  -16.790 0.4000000060
42591  -31.168  -29.490  -20.769 0.4000000060
41606  -31.945  -30.189  -20.760 0.3000000119
41621  -31.989  -31.262  -21.186 0.4000000060
39576  -32.112  -33.202  -20.926 0.4000000060
144108  -30.538  -29.650  -19.802 0.4000000060
43570  -31.219  -29.196  -20.183 0.4000000060
38475  -31.666  -34.198  -17.472 0.4000000060
40544  -31.535  -31.908  -18.650 0.4000000060
41581  -30.709  -30.638  -19.314 0.4000000060
42563  -31.136  -29.618  -19.255 0.4000000060
36400  -30.242  -35.866  -16.128 0.3000000119
144816  -31.309  -34.988  -16.992 0.3000000119
38422  -30.599  -34.403  -15.518 0.4000000060
40545  -32.301  -31.737  -18.092 0.4000000060
38434  -30.970  -35.307  -16.207 0.4000000060
38451  -31.819  -34.386  -16.740 0.5000000000
137950  -31.272  -34.167  -15.590 0.4000000060
39502  -31.708  -33.494  -15.578 0.4000000060
39512  -32.481  -33.318  -16.382 0.5000000000
50502  -36.824  -21.909  -13.332 0.3000000119
55913  -40.418  -18.153  -15.444 0.3000000119
55914  -41.163  -17.869  -15.863 0.3000000119
55932  -41.685  -17.642  -16.461 0.3000000119
55941  -41.888  -17.028  -16.826 0.3000000119
64388  -37.989  -9.533  -25.217 0.4000000060
137558  -40.298  -15.016  -16.450 0.3000000119
58860  -39.769  -14.206  -16.468 0.3000000119
64389  -38.756  -9.077  -24.640 0.4000000060
65419  -38.842  -8.183  -24.995 0.4000000060
136016  -39.050  -13.708  -16.457 0.3000000119
59931  -37.563  -13.740  -16.786 0.3000000119
129090  -37.823  -13.054  -16.793 0.3000000119
124600  -39.957  -9.499  -23.281 0.4000000060
129834  -39.427  -9.182  -23.925 0.3000000119
65410  -39.382  -8.258  -24.285 0.4000000060
67590  -38.943  -6.186  -26.335 0.3000000119
59918  -39.720  -13.328  -16.538 0.3000000119
60974  -39.784  -12.523  -16.657 0.3000000119
60975  -40.616  -12.177  -16.916 0.3000000119
59932  -38.813  -12.917  -16.564 0.3000000119
132359  -39.914  -11.809  -16.785 0.3000000119
62057  -40.533  -11.243  -17.119 0.3000000119
60987  -41.522  -12.483  -17.946 0.3000000119
62056  -39.448  -11.204  -16.960 0.3000000119
63192  -40.791  -10.535  -17.527 0.3000000119
62070  -41.476  -11.663  -18.237 0.3000000119
143665  -41.567  -11.478  -18.903 0.3000000119
62099  -41.239  -11.830  -20.368 0.3000000119
62055  -38.463  -11.413  -17.145 0.3000000119
62069  -37.104  -11.131  -18.020 0.3000000119
63207  -37.422  -10.321  -18.171 0.3000000119
132407  -41.177  -11.078  -20.773 0.3000000119
63206  -36.645  -10.579  -18.575 0.3000000119
64294  -37.021  -9.676  -18.772 0.3000000119
64342  -40.782  -10.111  -21.937 0.3000000119
132575  -40.816  -9.440  -22.230 0.3000000119
137857  -40.518  -9.036  -22.805 0.3000000119
65373  -35.924  -7.922  -20.314 0.3000000119
64361  -40.370  -9.857  -22.619 0.3000000119
66488  -34.959  -6.989  -21.221 0.3000000119
68576  -39.407  -5.491  -26.558 0.3000000119
63193  -41.235  -11.035  -17.787 0.3000000119
129257  -41.461  -10.741  -18.584 0.3000000119
126809  -41.439  -11.184  -20.059 0.3000000119
63189  -37.888  -10.857  -17.615 0.3000000119
63190  -38.803  -10.614  -17.339 0.3000000119
63191  -39.915  -10.375  -17.265 0.3000000119
137044  -41.565  -10.075  -19.256 0.3000000119
63240  -41.517  -10.353  -20.160 0.3000000119
63208  -38.185  -10.095  -17.744 0.3000000119
147747  -38.480  -9.496  -17.896 0.3000000119
64281  -40.637  -9.882  -17.699 0.3000000119
63258  -41.250  -10.263  -21.161 0.3000000119
63221  -36.202  -10.047  -19.178 0.3000000119
138218  -37.791  -9.593  -18.238 0.3000000119
64343  -41.234  -9.473  -21.582 0.3000000119
64362  -41.118  -8.696  -22.111 0.3000000119
65354  -37.109  -8.828  -19.162 0.3000000119
65401  -40.678  -8.170  -22.846 0.3000000119
149709  -36.762  -6.870  -20.056 0.3000000119
64377  -40.023  -8.507  -23.540 0.3000000119
67515  -36.533  -6.288  -20.343 0.3000000119
141753  -40.225  -6.827  -23.893 0.3000000119
130867  -39.508  -6.787  -24.947 0.3000000119
68560  -40.080  -5.521  -25.630 0.3000000119
68577  -40.057  -4.994  -26.280 0.3000000119
68559  -39.516  -6.007  -25.831 0.3000000119
63209  -41.221  -10.229  -18.026 0.3000000119
64296  -41.146  -9.436  -18.152 0.3000000119
138090  -41.432  -9.801  -18.629 0.3000000119
64297  -41.561  -9.269  -19.124 0.3000000119
64309  -41.593  -9.452  -19.820 0.3000000119
64295  -39.258  -9.063  -17.829 0.3000000119
65317  -40.385  -9.129  -17.866 0.3000000119
143937  -41.389  -9.105  -18.652 0.3000000119
149827  -37.583  -9.068  -18.640 0.3000000119
65337  -37.864  -8.307  -18.736 0.3000000119
65338  -38.877  -8.281  -18.242 0.3000000119
65386  -41.504  -8.752  -21.168 0.3000000119
135034  -41.353  -7.304  -21.926 0.3000000119
141187  -41.430  -7.998  -21.544 0.3000000119
67497  -37.899  -6.258  -19.353 0.3000000119
66505  -40.926  -7.357  -22.711 0.3000000119
68472  -37.557  -5.690  -19.675 0.3000000119
66519  -40.279  -7.532  -23.518 0.3000000119
68495  -36.964  -5.612  -20.128 0.3000000119
69457  -37.553  -4.877  -19.821 0.3000000119
67564  -40.042  -6.527  -24.510 0.3000000119
68547  -40.390  -5.815  -24.777 0.3000000119
69568  -40.505  -4.897  -25.787 0.3000000119
138361  -41.589  -8.803  -19.567 0.3000000119
66439  -39.585  -7.612  -18.373 0.3000000119
66440  -40.623  -7.747  -18.454 0.3000000119
66461  -41.430  -7.604  -19.311 0.3000000119
65374  -41.613  -8.765  -20.253 0.3000000119
64327  -41.519  -9.514  -20.715 0.3000000119
66438  -38.550  -7.572  -18.614 0.3000000119
65355  -41.600  -8.123  -19.766 0.3000000119
66459  -38.249  -6.913  -18.978 0.3000000119
67478  -39.220  -6.879  -18.583 0.3000000119
67479  -40.295  -6.977  -18.566 0.3000000119
67498  -38.833  -6.136  -18.783 0.3000000119
68473  -38.423  -5.386  -19.276 0.3000000119
69459  -39.524  -4.201  -19.253 0.3000000119
67543  -41.262  -6.531  -22.341 0.3000000119
67554  -40.710  -6.720  -23.246 0.3000000119
69458  -38.529  -4.480  -19.452 0.3000000119
67555  -41.049  -6.043  -23.045 0.3000000119
67565  -40.637  -6.093  -23.886 0.3000000119
68548  -40.997  -5.329  -24.325 0.3000000119
69558  -40.731  -5.124  -25.122 0.3000000119
69583  -40.575  -4.337  -26.526 0.3000000119
66441  -41.240  -7.905  -18.781 0.3000000119
66475  -41.602  -7.186  -20.077 0.3000000119
130606  -41.619  -8.008  -20.617 0.3000000119
67500  -40.919  -6.367  -18.851 0.3000000119
67501  -41.364  -6.718  -19.410 0.3000000119
68474  -39.535  -5.441  -18.816 0.3000000119
136730  -40.155  -4.790  -19.032 0.3000000119
138516  -41.504  -6.030  -21.484 0.3000000119
70432  -37.435  -3.312  -20.435 0.3000000119
141471  -39.224  -4.832  -19.078 0.3000000119
69460  -40.624  -3.967  -19.396 0.3000000119
70403  -37.883  -3.912  -19.857 0.3000000119
70404  -38.809  -3.678  -19.561 0.3000000119
70405  -39.703  -3.554  -19.427 0.3000000119
68534  -41.248  -5.404  -23.406 0.3000000119
69559  -41.290  -4.629  -24.733 0.3000000119
69569  -41.064  -4.472  -25.557 0.3000000119
70531  -41.357  -3.745  -26.050 0.3000000119
67516  -41.550  -6.522  -20.769 0.3000000119
68476  -41.253  -5.803  -19.433 0.3000000119
142677  -41.510  -6.182  -20.038 0.3000000119
68497  -41.554  -5.789  -20.698 0.3000000119
68496  -41.055  -4.888  -19.377 0.3000000119
136103  -41.494  -5.158  -20.122 0.3000000119
134134  -41.626  -5.122  -21.273 0.3000000119
70433  -38.267  -3.087  -20.025 0.3000000119
69533  -41.711  -4.589  -22.786 0.3000000119
70434  -39.228  -2.939  -19.696 0.3000000119
70406  -40.296  -3.048  -19.588 0.3000000119
70435  -41.239  -3.236  -19.884 0.3000000119
69497  -41.397  -4.171  -19.884 0.3000000119
69547  -41.503  -4.714  -23.895 0.3000000119
70505  -41.705  -4.163  -24.353 0.3000000119
70514  -41.628  -3.847  -25.106 0.3000000119
71503  -40.822  -1.716  -27.783 0.3000000119
71483  -41.261  -2.298  -27.140 0.3000000119
135354  -41.725  -2.868  -26.174 0.3000000119
135511  -38.704  -2.297  -20.198 0.3000000119
69498  -41.657  -4.267  -20.696 0.3000000119
147370  -41.647  -4.872  -22.031 0.3000000119
71387  -39.832  -2.223  -19.926 0.3000000119
139157  -41.607  -3.631  -20.399 0.3000000119
69523  -41.834  -4.274  -21.739 0.3000000119
70494  -42.312  -3.274  -23.514 0.3000000119
70493  -41.953  -4.033  -23.641 0.3000000119
71463  -42.365  -2.733  -24.231 0.3000000119
70506  -42.088  -3.535  -24.354 0.3000000119
72436  -42.138  -1.396  -25.425 0.3000000119
71473  -42.164  -2.994  -25.167 0.3000000119
149176  -41.759  -3.369  -25.618 0.3000000119
72435  -41.765  -1.869  -26.285 0.3000000119
72347  -39.173  -1.561  -20.356 0.3000000119
72348  -40.134  -1.471  -20.241 0.3000000119
71389  -41.313  -2.352  -20.360 0.3000000119
71419  -41.903  -2.548  -21.087 0.3000000119
70480  -42.149  -3.567  -22.080 0.3000000119
139610  -42.126  -3.765  -22.846 0.3000000119
72376  -42.213  -1.898  -21.771 0.3000000119
70481  -42.391  -3.040  -22.647 0.3000000119
72427  -42.364  -1.367  -24.473 0.3000000119
140990  -42.428  -2.001  -24.093 0.3000000119
73440  -42.156  -0.649  -24.852 0.3000000119
131933  -42.374  -2.136  -24.858 0.3000000119
72444  -41.287  -1.371  -27.098 0.3000000119
143755  -41.850  -0.623  -25.567 0.3000000119
73479  -39.924  -0.578  -29.188 0.3000000119
72465  -40.670  -0.928  -28.007 0.3000000119
72349  -40.999  -1.482  -20.421 0.3000000119
73343  -41.339  -0.847  -21.005 0.3000000119
72403  -41.885  -1.224  -21.504 0.3000000119
71438  -42.401  -2.357  -22.421 0.3000000119
72415  -42.426  -1.458  -23.578 0.3000000119
71449  -42.446  -2.364  -23.297 0.3000000119
73448  -41.631  -0.959  -26.258 0.3000000119
73480  -40.406  -0.034  -28.295 0.3000000119
133705  -40.038  0.269  -29.309 0.3000000119
73342  -40.483  -0.823  -20.520 0.3000000119
33532  -35.213  -39.631  -25.670 0.4000000060
36418  -30.498  -35.901  -16.900 0.3000000119
41582  -31.579  -30.661  -18.675 0.4000000060
43541  -31.566  -29.032  -19.222 0.4000000060
39520  -32.211  -33.625  -17.152 0.4000000060
40504  -32.032  -32.431  -15.466 0.4000000060
149331  -32.149  -33.716  -15.937 0.4000000060
137290  -41.182  -17.149  -16.185 0.3000000119
149940  -41.512  -13.004  -17.767 0.3000000119
62058  -41.197  -11.876  -17.485 0.3000000119
64308  -36.500  -9.304  -19.353 0.3000000119
65353  -36.392  -8.523  -19.738 0.3000000119
66473  -35.406  -7.456  -20.747 0.3000000119
143144  -35.521  -6.815  -20.857 0.3000000119
67514  -35.875  -6.292  -20.714 0.3000000119
63222  -41.542  -10.917  -19.395 0.3000000119
37407  -30.620  -35.127  -18.056 0.4000000060
38474  -31.090  -34.264  -18.155 0.4000000060
40569  -30.724  -32.225  -19.255 0.4000000060
37377  -29.650  -35.719  -15.765 0.3000000119
38424  -31.737  -34.238  -15.874 0.4000000060
125763  -39.081  -11.997  -16.765 0.3000000119
64279  -39.072  -9.869  -17.581 0.3000000119
64280  -39.874  -9.646  -17.595 0.3000000119
146707  -38.274  -8.959  -18.253 0.3000000119
68494  -36.236  -5.502  -20.623 0.3000000119
65340  -41.481  -8.472  -19.047 0.3000000119
128034  -39.988  -8.357  -18.085 0.3000000119
65339  -41.046  -8.561  -18.342 0.3000000119
67529  -41.470  -6.729  -21.515 0.3000000119
66460  -41.128  -7.196  -18.841 0.3000000119
67499  -39.927  -6.183  -18.608 0.3000000119
68519  -41.445  -5.511  -22.343 0.3000000119
69496  -37.094  -4.177  -20.364 0.3000000119
68475  -40.569  -5.550  -18.923 0.3000000119
149056  -41.969  -4.060  -22.350 0.3000000119
70436  -41.646  -3.042  -20.541 0.3000000119
70465  -41.895  -3.445  -21.177 0.3000000119
72375  -41.657  -1.712  -20.988 0.3000000119
70466  -42.264  -2.816  -21.842 0.3000000119
73461  -41.110  -0.355  -27.168 0.3000000119
131121  -42.212  -1.038  -22.129 0.3000000119
73405  -42.348  -0.795  -22.977 0.3000000119
46799  -39.396  -26.535  -25.017 0.4000000060
31507  -31.198  -41.859  -21.980 0.3000000119
128991  -31.468  -42.228  -21.168 0.3000000119
31500  -31.040  -41.053  -21.965 0.3000000119
31492  -31.505  -41.509  -20.297 0.3000000119
38433  -29.724  -34.688  -15.573 0.3000000119
39501  -30.794  -33.579  -15.429 0.3000000119
39510  -29.760  -33.533  -15.569 0.3000000119
41593  -29.538  -30.827  -20.323 0.3000000119
39562  -30.226  -33.091  -19.537 0.3000000119
41594  -30.095  -31.068  -19.721 0.3000000119
39539  -31.556  -33.282  -18.304 0.3000000119
43568  -30.233  -29.524  -20.483 0.3000000119
42576  -29.976  -30.085  -19.978 0.3000000119
39537  -30.358  -34.159  -19.061 0.3000000119
40568  -29.913  -32.008  -19.942 0.3000000119
46814  -40.049  -26.910  -25.493 0.3000000119
27888  -37.437  -45.240  -18.560 0.4000000060
30551  -37.817  -42.726  -19.871 0.5000000000
31427  -34.729  -41.883  -16.560 0.4000000060
31428  -35.372  -41.716  -16.514 0.3000000119
31442  -34.148  -41.660  -16.734 0.4000000060
31477  -31.743  -41.271  -19.501 0.3000000119
31493  -37.191  -41.225  -20.955 0.6000000238
31501  -31.201  -41.278  -21.204 0.3000000119
31502  -36.835  -41.925  -22.001 0.6000000238
32422  -33.864  -39.973  -16.784 0.5000000000
32426  -37.227  -40.681  -16.831 0.5000000000
32463  -32.359  -40.792  -18.366 0.5000000000
32471  -31.461  -40.648  -19.727 0.5000000000
32535  -35.507  -40.298  -25.364 0.4000000060
33434  -33.334  -39.267  -17.185 0.5000000000
33435  -37.987  -39.974  -17.668 0.5000000000
33477  -30.801  -38.943  -21.195 0.4000000060
33478  -30.954  -39.758  -20.864 0.5000000000
34413  -33.434  -37.992  -17.232 0.6000000238
34480  -37.444  -38.825  -20.604 0.6000000238
34509  -37.104  -38.374  -21.964 0.6000000238
34532  -35.017  -38.987  -25.310 0.6999999881
34540  -35.064  -38.895  -25.846 0.6000000238
35401  -35.423  -37.303  -16.382 0.6000000238
35403  -37.155  -37.661  -16.567 0.6000000238
35432  -32.821  -37.192  -18.043 0.6000000238
35466  -37.681  -38.149  -20.728 0.6000000238
35539  -35.614  -38.158  -26.303 0.5000000000
35540  -36.343  -38.446  -26.423 0.5000000000
36422  -38.784  -36.953  -17.807 0.6000000238
36458  -31.544  -36.017  -20.692 0.3000000119
36478  -39.546  -36.000  -20.714 0.6000000238
36515  -34.961  -36.567  -24.703 0.6999999881
36529  -34.547  -36.637  -25.175 0.6999999881
36538  -34.457  -36.703  -25.548 0.6999999881
37368  -30.502  -35.240  -15.739 0.4000000060
37380  -36.493  -35.461  -16.448 0.6000000238
37410  -39.669  -36.244  -18.514 0.6000000238
37426  -33.186  -34.614  -19.386 0.5000000000
37492  -33.885  -34.962  -25.575 0.6999999881
37503  -33.962  -34.916  -26.086 0.6999999881
37520  -35.850  -35.895  -26.321 0.6000000238
38423  -31.216  -34.777  -15.812 0.4000000060
38435  -31.578  -34.691  -16.221 0.4000000060
38455  -38.024  -34.098  -16.845 0.6999999881
38480  -40.481  -34.688  -18.625 0.8999999762
38503  -32.821  -34.062  -20.019 0.5000000000
38510  -39.468  -34.681  -21.747 0.6999999881
38536  -33.874  -34.680  -24.866 0.6999999881
38567  -36.396  -34.714  -26.109 0.6000000238
38582  -34.130  -34.476  -26.455 0.6999999881
39511  -32.060  -34.078  -16.271 0.4000000060
39538  -30.838  -33.452  -18.945 0.3000000119
39541  -35.295  -33.655  -17.524 0.6000000238
40502  -30.271  -32.904  -15.512 0.4000000060
40506  -33.491  -31.828  -16.151 0.6000000238
40522  -32.181  -32.723  -17.915 0.6000000238
40528  -38.617  -32.400  -17.208 0.6000000238
40548  -35.901  -31.755  -18.128 0.5000000000
40550  -41.381  -31.830  -18.978 0.6999999881
40591  -40.197  -32.616  -21.762 0.6999999881
40592  -40.828  -32.718  -21.037 0.6999999881
40609  -38.092  -32.986  -23.137 0.6999999881
40638  -32.652  -33.021  -25.547 0.6999999881
40649  -35.224  -32.279  -26.531 0.6999999881
41556  -33.859  -31.221  -16.029 0.5000000000
41584  -41.197  -31.408  -18.438 0.6999999881
41597  -41.548  -31.021  -19.759 0.8000000119
41608  -33.444  -31.545  -19.994 0.5000000000
41609  -41.155  -31.404  -21.036 0.8000000119
41610  -41.416  -31.248  -20.399 0.8000000119
41649  -33.238  -31.659  -24.674 0.6999999881
41650  -34.068  -31.622  -24.401 0.6999999881
41660  -32.952  -31.612  -24.931 0.6999999881
41682  -36.671  -31.413  -26.632 0.6000000238
42607  -30.528  -29.630  -21.237 0.4000000060
42623  -38.692  -30.254  -23.119 0.8000000119
42624  -39.419  -29.923  -22.684 0.8000000119
42655  -33.154  -31.018  -25.188 0.8000000119
43555  -30.969  -29.190  -19.891 0.4000000060
43569  -30.653  -29.400  -20.600 0.3000000119
43572  -41.389  -29.321  -20.230 0.8000000119
43606  -35.196  -29.085  -24.074 0.6999999881
43641  -33.695  -30.050  -25.820 0.6999999881
43645  -38.042  -29.259  -26.580 0.5000000000
43656  -39.606  -28.617  -26.633 0.5000000000
44551  -33.163  -28.118  -18.042 0.6000000238
44570  -32.965  -28.269  -18.491 0.6000000238
44600  -40.782  -28.537  -21.145 0.8000000119
44656  -36.903  -28.434  -26.370 0.5000000000
44658  -38.376  -28.469  -26.554 0.5000000000
44675  -40.246  -28.345  -26.786 0.4000000060
45595  -31.528  -27.926  -13.632 0.3000000119
45677  -39.191  -26.899  -22.140 0.8000000119
45697  -32.703  -26.770  -24.546 0.8000000119
45701  -36.126  -27.962  -23.655 0.8000000119
45711  -32.975  -27.006  -24.675 0.8000000119
45726  -34.952  -27.341  -25.749 0.8000000119
45741  -40.437  -27.969  -26.915 0.4000000060
46773  -32.742  -25.854  -23.822 1.0000000000
46813  -38.091  -26.754  -25.718 0.5000000000
47808  -31.898  -24.853  -23.756 0.8000000119
47830  -31.643  -25.846  -24.758 0.8000000119
48675  -36.857  -24.036  -20.945 0.8000000119
48676  -38.472  -24.064  -20.087 0.6999999881
48691  -35.353  -24.078  -21.607 0.8000000119
48692  -36.157  -24.065  -21.287 0.8000000119
48694  -38.055  -24.937  -21.051 0.6999999881
48709  -38.171  -24.373  -23.615 0.6000000238
48710  -39.028  -24.428  -23.542 0.6000000238
48720  -34.717  -24.195  -24.810 0.6999999881
48725  -39.400  -25.223  -23.811 0.4000000060
48726  -40.321  -25.230  -23.706 0.4000000060
49595  -32.306  -23.502  -22.998 0.8000000119
49605  -38.703  -23.602  -23.459 0.6000000238
49615  -32.832  -23.236  -25.314 0.8000000119
49617  -35.036  -23.481  -24.183 0.6999999881
49632  -33.912  -24.084  -25.177 0.6999999881
50590  -32.911  -22.431  -22.474 0.8000000119
50604  -31.226  -22.577  -23.448 0.8000000119
50615  -30.709  -22.998  -23.995 0.8000000119
50617  -39.130  -22.802  -23.522 0.4000000060
50625  -30.241  -21.955  -24.859 0.8000000119
50634  -39.469  -22.101  -23.830 0.6000000238
51655  -33.681  -22.223  -22.259 0.8000000119
51656  -34.528  -22.089  -21.953 0.8000000119
51660  -38.064  -21.451  -21.282 0.6999999881
51675  -35.812  -21.313  -22.145 0.8000000119
52728  -30.785  -20.822  -23.524 0.8000000119
52766  -29.612  -20.621  -25.148 0.8000000119
52768  -31.425  -20.783  -26.069 0.8000000119
52769  -32.662  -20.728  -25.831 0.8000000119
52782  -33.256  -19.983  -25.832 0.8000000119
52784  -35.232  -20.042  -25.871 0.6000000238
53854  -34.298  -19.538  -23.394 0.8000000119
53873  -30.103  -19.399  -25.975 0.8000000119
53881  -30.192  -18.407  -25.995 0.8000000119
54937  -30.087  -18.755  -24.429 0.8000000119
54960  -30.080  -17.982  -25.454 0.8000000119
54969  -31.895  -17.929  -26.463 0.8000000119
55993  -40.717  -17.686  -21.728 0.8000000119
56000  -39.672  -17.582  -22.390 0.8000000119
56011  -30.463  -18.020  -24.719 0.8000000119
56026  -30.344  -17.716  -25.148 0.8000000119
56046  -30.431  -17.793  -26.064 0.8000000119
56066  -31.772  -16.895  -26.133 0.8000000119
56068  -35.585  -17.445  -26.644 0.6000000238
56989  -42.488  -16.631  -19.383 0.6000000238
57058  -32.332  -16.453  -26.032 0.8000000119
57952  -39.496  -15.766  -21.838 0.6999999881
57962  -33.144  -15.857  -24.711 0.8000000119
57965  -36.387  -15.265  -23.450 0.8000000119
57979  -32.941  -15.258  -25.116 0.6999999881
58020  -34.495  -15.126  -26.704 0.6999999881
58886  -33.923  -14.144  -18.647 0.3000000119
58957  -32.832  -15.239  -25.432 0.6999999881
60050  -33.586  -13.479  -26.793 0.6999999881
60065  -33.770  -13.583  -27.081 0.6999999881
61072  -35.636  -12.875  -24.976 0.6000000238
61074  -36.995  -12.075  -24.510 0.6000000238
62166  -38.348  -11.288  -24.079 0.6000000238
62182  -34.747  -10.938  -27.051 0.5000000000
62184  -36.326  -11.121  -25.490 0.6000000238
62217  -36.026  -10.888  -28.154 0.5000000000
63329  -34.966  -10.819  -27.306 0.5000000000
64375  -39.008  -9.777  -24.181 0.4000000060
64414  -35.715  -9.584  -27.616 0.5000000000
64420  -35.797  -9.565  -28.000 0.5000000000
64421  -36.273  -9.647  -28.374 0.5000000000
65430  -38.401  -7.995  -25.643 0.5000000000
65438  -36.228  -8.386  -27.731 0.5000000000
65443  -35.882  -8.978  -28.041 0.5000000000
65444  -36.159  -8.420  -28.053 0.5000000000
65451  -36.346  -8.567  -28.363 0.5000000000
66489  -41.556  -7.284  -21.050 0.3000000119
66506  -41.156  -7.911  -22.266 0.3000000119
67589  -38.276  -6.408  -26.932 0.4000000060
67611  -37.604  -6.414  -29.495 0.4000000060
68546  -39.809  -6.217  -25.199 0.3000000119
71388  -40.745  -2.540  -19.869 0.3000000119
71510  -38.688  -2.296  -29.853 0.4000000060
71534  -39.892  -2.118  -30.457 0.4000000060
72404  -42.402  -1.639  -22.671 0.3000000119
72498  -39.245  -1.430  -30.070 0.4000000060
73404  -42.035  -0.149  -22.297 0.3000000119
73509  -39.762  0.106  -30.163 0.3000000119
75477  -40.786  2.251  -30.198 0.3000000119
77453  -40.592  3.980  -29.173 0.3000000119
126223  -36.357  -17.886  -26.666 0.5000000000
127436  -31.248  -38.780  -19.719 0.6000000238
127643  -33.885  -23.198  -22.111 0.8000000119
129977  -35.970  -26.011  -22.785 0.8000000119
130238  -42.134  -2.267  -25.593 0.3000000119
130292  -34.621  -35.102  -26.307 0.6999999881
130383  -34.555  -23.118  -21.711 0.8000000119
132619  -36.308  -39.088  -23.056 0.6000000238
132668  -32.068  -39.086  -18.501 0.6000000238
133188  -40.633  -1.990  -20.114 0.3000000119
133396  -37.926  -40.493  -19.675 0.5000000000
134248  -36.191  -27.994  -26.140 0.6999999881
134411  -38.019  -6.891  -26.833 0.5000000000
134531  -41.510  -29.931  -20.024 0.8000000119
135902  -37.056  -7.162  -28.759 0.6000000238
137098  -33.393  -33.891  -19.532 0.6000000238
137754  -32.915  -32.159  -25.190 0.6999999881
138247  -41.213  -15.086  -20.584 0.6999999881
138290  -42.593  -18.034  -19.139 0.6000000238
138440  -38.504  -14.023  -22.398 0.6000000238
138446  -38.101  -4.708  -28.842 0.4000000060
139359  -34.610  -25.312  -25.582 0.6999999881
139699  -33.122  -33.179  -26.164 0.6999999881
140107  -40.615  -25.806  -24.153 0.4000000060
140547  -39.559  -27.389  -26.027 0.4000000060
141467  -35.279  -22.711  -23.882 0.6999999881
141864  -34.701  -17.028  -23.877 0.8000000119
142357  -35.414  -35.085  -24.188 0.6999999881
142797  -32.236  -30.857  -18.221 0.4000000060
142905  -37.169  -20.156  -26.611 0.6000000238
143150  -35.069  -15.302  -26.720 0.6999999881
143202  -30.760  -17.425  -25.156 0.8000000119
144147  -35.762  -24.096  -12.970 0.4000000060
144498  -33.241  -35.204  -18.976 0.6000000238
144630  -35.551  -26.428  -23.235 0.8000000119
144657  -37.642  -5.499  -29.388 0.3000000119
147164  -33.808  -33.163  -26.347 0.6999999881
147286  -33.484  -35.337  -18.511 0.6000000238
147332  -31.960  -43.259  -20.566 0.4000000060
147464  -33.615  -13.216  -25.984 0.6999999881
147697  -34.891  -35.185  -24.464 0.6999999881
147802  -37.702  -26.549  -22.721 0.8000000119
148098  -36.745  -18.899  -23.444 0.8000000119
149068  -39.446  -26.969  -25.552 0.5000000000
149204  -39.971  -27.929  -26.825 0.4000000060
149514  -38.037  -17.570  -23.160 0.8000000119
149768  -36.579  -20.011  -26.577 0.6000000238
150722  -35.291  -16.997  -23.695 0.8000000119
