#!ascii label  , from subject sub-LJ002 vox2ras=TkReg
554
26188  -37.741  -47.806  -29.198 0.6999999881
27103  -39.182  -47.243  -29.188 0.6000000238
26190  -39.626  -47.567  -29.927 0.6000000238
26196  -40.880  -47.791  -30.839 0.4000000060
145632  -37.792  -49.504  -22.925 0.6999999881
25252  -39.213  -48.464  -22.433 0.6999999881
25267  -38.010  -48.817  -23.621 0.6999999881
25268  -38.791  -48.401  -23.275 0.6000000238
146363  -37.231  -48.135  -24.679 0.6999999881
26126  -38.833  -47.796  -23.995 0.6000000238
26140  -37.379  -47.681  -25.044 0.6000000238
26141  -38.955  -47.103  -24.555 0.6000000238
27063  -36.812  -46.656  -26.392 0.6000000238
27054  -38.629  -46.751  -25.274 0.6000000238
27955  -39.856  -45.743  -24.978 0.5000000000
126785  -37.530  -46.356  -26.443 0.5000000000
27966  -39.740  -45.845  -25.765 0.5000000000
27975  -39.111  -46.265  -27.049 0.6000000238
27096  -38.719  -46.827  -28.457 0.6000000238
27986  -40.181  -46.383  -27.420 0.6000000238
27087  -40.257  -46.572  -28.214 0.6000000238
27994  -40.426  -46.430  -29.108 0.6000000238
25251  -38.915  -49.029  -21.858 0.6000000238
132027  -40.060  -47.043  -21.615 0.6000000238
27030  -40.144  -46.960  -22.653 0.6000000238
26114  -39.477  -47.789  -23.063 0.6000000238
27943  -40.700  -45.396  -23.140 0.6000000238
27042  -39.636  -46.961  -23.820 0.6000000238
27055  -39.373  -46.471  -24.758 0.6000000238
141014  -40.812  -44.734  -24.395 0.6000000238
132234  -40.471  -45.133  -24.947 0.6000000238
27965  -39.002  -46.160  -26.255 0.6000000238
27967  -40.872  -45.161  -25.673 0.6999999881
27978  -41.211  -45.299  -26.572 0.6000000238
27977  -40.699  -45.874  -26.989 0.6000000238
27998  -40.675  -45.854  -30.002 0.5000000000
27105  -40.523  -46.525  -30.155 0.5000000000
24272  -38.457  -49.327  -21.161 0.6000000238
26097  -39.572  -47.661  -21.203 0.6000000238
27021  -40.097  -46.243  -21.217 0.6000000238
143874  -40.396  -46.445  -21.913 0.6000000238
27031  -40.560  -46.030  -22.510 0.6000000238
28780  -40.663  -44.247  -22.049 0.6000000238
28795  -40.901  -44.601  -22.854 0.6000000238
28796  -41.161  -44.088  -23.521 0.6000000238
27956  -40.438  -45.452  -24.134 0.6000000238
149286  -41.016  -44.427  -24.014 0.6000000238
28824  -41.025  -44.621  -25.120 0.6999999881
27987  -40.804  -46.097  -28.070 0.6000000238
129715  -41.213  -45.289  -28.412 0.6000000238
27110  -41.039  -46.884  -30.636 0.4000000060
26095  -38.089  -47.681  -20.004 0.6000000238
26096  -38.933  -47.480  -20.432 0.6000000238
27914  -39.453  -45.913  -20.689 0.6000000238
139233  -40.340  -44.947  -21.583 0.6000000238
29637  -40.181  -43.582  -21.620 0.5000000000
29646  -40.782  -43.281  -22.312 0.6000000238
29660  -41.465  -43.369  -23.949 0.6999999881
29679  -41.682  -43.244  -25.844 0.6000000238
28825  -41.492  -44.042  -25.399 0.6000000238
27968  -41.376  -44.694  -25.936 0.6000000238
149623  -41.550  -44.655  -26.692 0.6000000238
28839  -41.485  -44.938  -27.486 0.6000000238
127376  -41.204  -44.762  -29.601 0.6000000238
27995  -40.891  -45.643  -29.278 0.6000000238
147720  -41.477  -45.225  -30.515 0.4000000060
27999  -41.058  -45.243  -30.203 0.5000000000
129147  -37.639  -47.010  -19.656 0.5000000000
27011  -37.845  -46.351  -19.861 0.6000000238
27012  -38.662  -46.354  -20.291 0.6000000238
146280  -39.284  -45.216  -20.789 0.6000000238
28767  -39.627  -44.726  -21.097 0.5000000000
29636  -39.212  -43.909  -21.204 0.5000000000
28768  -40.122  -44.267  -21.429 0.5000000000
30579  -40.575  -42.374  -22.296 0.6000000238
31511  -40.191  -41.585  -22.409 0.6000000238
30590  -41.060  -41.864  -22.986 0.6999999881
30602  -41.598  -42.541  -24.306 0.6999999881
29668  -41.612  -43.318  -24.858 0.6999999881
31547  -41.440  -41.444  -25.756 0.6000000238
30612  -41.668  -42.399  -25.280 0.6000000238
30621  -41.603  -42.328  -26.387 0.6000000238
29688  -41.654  -43.208  -26.933 0.6000000238
133331  -41.625  -44.066  -27.364 0.6000000238
137454  -41.432  -43.144  -28.212 0.6000000238
130107  -41.619  -43.892  -29.725 0.5000000000
28846  -41.579  -44.715  -30.205 0.4000000060
27003  -37.528  -45.785  -19.468 0.6000000238
27912  -37.981  -45.598  -20.069 0.6000000238
27913  -38.633  -45.406  -20.482 0.5000000000
28757  -38.622  -44.570  -20.779 0.6000000238
30567  -38.300  -43.273  -21.349 0.5000000000
30568  -39.381  -43.082  -21.542 0.6000000238
133081  -37.646  -42.074  -22.245 0.5000000000
30578  -39.742  -42.271  -21.851 0.6000000238
31510  -39.057  -41.724  -22.209 0.5000000000
32525  -39.854  -40.460  -23.736 0.5000000000
138639  -40.520  -41.093  -23.241 0.6000000238
150160  -38.486  -40.354  -24.742 0.5000000000
144279  -39.393  -40.173  -24.658 0.5000000000
31535  -40.818  -40.807  -24.136 0.6000000238
32547  -38.733  -40.057  -25.558 0.4000000060
32550  -41.064  -40.716  -25.136 0.6999999881
32548  -39.889  -39.923  -25.430 0.4000000060
32558  -40.971  -40.528  -26.281 0.5000000000
32557  -40.457  -39.935  -27.085 0.5000000000
31554  -41.223  -41.437  -26.972 0.6000000238
31553  -40.792  -40.640  -27.586 0.5000000000
29703  -41.932  -42.859  -29.673 0.5000000000
31558  -41.023  -41.415  -28.377 0.6000000238
30630  -41.239  -42.254  -28.826 0.6000000238
27901  -37.680  -44.893  -19.580 0.5000000000
29625  -37.980  -44.062  -20.636 0.5000000000
29634  -37.732  -43.264  -21.065 0.5000000000
30576  -37.647  -42.580  -21.579 0.4000000060
31520  -37.265  -41.515  -22.912 0.4000000060
31521  -38.417  -41.317  -22.814 0.5000000000
32524  -38.992  -40.726  -23.311 0.5000000000
32523  -38.015  -40.942  -23.487 0.5000000000
32554  -37.425  -39.869  -26.425 0.4000000060
146183  -37.784  -40.196  -26.037 0.4000000060
32555  -38.406  -39.706  -26.339 0.4000000060
33540  -39.171  -39.337  -26.859 0.5000000000
127609  -40.317  -39.877  -26.175 0.5000000000
33544  -39.127  -39.056  -27.304 0.5000000000
31567  -41.715  -41.235  -29.725 0.5000000000
30636  -42.046  -41.964  -29.798 0.5000000000
30635  -41.630  -42.074  -29.525 0.5000000000
32522  -37.035  -41.041  -23.684 0.4000000060
32537  -36.780  -40.810  -24.606 0.5000000000
142619  -36.628  -40.683  -25.417 0.5000000000
32545  -36.115  -40.465  -25.812 0.5000000000
33539  -38.171  -39.312  -26.771 0.4000000060
33545  -39.987  -39.299  -27.494 0.5000000000
32572  -41.491  -40.426  -29.617 0.5000000000
31568  -42.155  -41.386  -29.761 0.3000000119
34550  -39.173  -38.629  -27.349 0.5000000000
32560  -40.547  -39.854  -28.244 0.5000000000
31560  -41.109  -40.891  -29.314 0.5000000000
32553  -36.431  -39.934  -26.419 0.4000000060
33533  -35.619  -39.945  -26.075 0.4000000060
35540  -36.343  -38.446  -26.423 0.4000000060
133196  -36.402  -39.405  -26.629 0.4000000060
34547  -37.640  -38.725  -26.647 0.4000000060
35531  -37.639  -37.473  -25.698 0.4000000060
35547  -38.797  -38.310  -26.884 0.5000000000
33556  -41.732  -40.012  -29.538 0.4000000060
32573  -41.953  -40.684  -29.789 0.4000000060
149236  -40.308  -39.157  -28.262 0.5000000000
32571  -41.293  -39.840  -29.408 0.5000000000
34551  -39.876  -38.805  -27.836 0.5000000000
34555  -40.451  -38.596  -28.447 0.5000000000
33549  -40.875  -39.307  -28.884 0.5000000000
36540  -37.320  -36.886  -25.527 0.4000000060
35542  -38.125  -38.107  -26.275 0.4000000060
33550  -41.492  -39.286  -29.073 0.4000000060
34556  -41.096  -38.461  -28.739 0.5000000000
35543  -38.991  -37.747  -26.314 0.5000000000
34554  -39.989  -38.179  -27.922 0.5000000000
36541  -38.128  -36.829  -24.993 0.4000000060
35555  -41.350  -37.650  -28.334 0.4000000060
36566  -41.719  -36.957  -27.751 0.3000000119
35544  -39.820  -37.308  -26.833 0.5000000000
35554  -40.637  -37.833  -28.384 0.5000000000
37506  -37.498  -36.054  -25.198 0.4000000060
35550  -40.959  -37.141  -28.016 0.3000000119
36562  -41.438  -36.610  -27.517 0.3000000119
35532  -38.569  -37.367  -25.431 0.4000000060
35549  -40.220  -37.472  -27.785 0.5000000000
36542  -39.044  -36.806  -24.713 0.4000000060
36553  -39.479  -37.197  -25.526 0.5000000000
36554  -40.389  -36.784  -26.108 0.5000000000
138415  -38.050  -35.327  -24.851 0.4000000060
36555  -41.240  -36.372  -26.849 0.3000000119
37530  -41.887  -36.103  -27.240 0.3000000119
37507  -38.521  -36.098  -24.573 0.4000000060
131042  -41.063  -36.164  -25.408 0.4000000060
36543  -40.028  -36.626  -24.875 0.4000000060
39623  -37.502  -33.738  -25.826 0.5000000000
37521  -41.871  -35.802  -26.627 0.4000000060
38572  -42.600  -34.977  -25.549 0.4000000060
37511  -42.539  -35.249  -26.632 0.4000000060
38570  -38.897  -35.125  -24.375 0.4000000060
37509  -40.421  -35.851  -24.348 0.5000000000
38571  -41.309  -35.479  -24.413 0.4000000060
37508  -39.464  -36.064  -24.320 0.5000000000
37494  -39.851  -35.351  -24.144 0.5000000000
37495  -40.639  -34.929  -23.878 0.4000000060
38554  -41.623  -34.795  -23.878 0.4000000060
38555  -42.517  -34.550  -24.287 0.4000000060
38586  -43.198  -34.698  -26.714 0.3000000119
38569  -38.100  -34.340  -25.129 0.5000000000
38552  -38.833  -33.938  -24.765 0.5000000000
40631  -41.654  -33.144  -23.688 0.4000000060
40632  -42.602  -32.455  -23.572 0.3000000119
39640  -37.687  -32.990  -25.980 0.5000000000
136244  -40.986  -32.413  -24.107 0.4000000060
39613  -41.163  -34.053  -23.738 0.4000000060
39614  -42.581  -33.638  -23.684 0.4000000060
39615  -43.379  -33.261  -23.983 0.4000000060
40642  -44.136  -32.997  -24.574 0.3000000119
39624  -38.251  -33.300  -25.528 0.5000000000
38553  -39.675  -34.471  -24.248 0.5000000000
39612  -40.279  -33.884  -24.094 0.5000000000
39625  -38.881  -33.150  -25.167 0.5000000000
148748  -41.463  -31.193  -24.207 0.4000000060
41663  -42.339  -31.223  -23.771 0.4000000060
41683  -37.497  -31.535  -26.464 0.5000000000
40633  -43.613  -32.334  -23.859 0.3000000119
41670  -38.711  -31.996  -25.733 0.5000000000
40640  -39.288  -32.557  -25.141 0.5000000000
40641  -40.136  -32.174  -24.681 0.5000000000
40629  -39.945  -33.030  -24.506 0.5000000000
42646  -41.709  -30.434  -24.420 0.4000000060
42669  -37.202  -30.627  -26.598 0.5000000000
42671  -39.151  -30.234  -26.166 0.5000000000
42647  -42.619  -30.161  -24.118 0.3000000119
146687  -43.114  -31.621  -23.630 0.3000000119
132379  -38.164  -30.829  -26.418 0.5000000000
149090  -38.716  -30.545  -26.267 0.5000000000
41685  -38.839  -31.094  -26.016 0.5000000000
27097  -39.764  -46.865  -28.737 0.6000000238
26195  -40.076  -47.975  -30.565 0.5000000000
27064  -38.306  -46.309  -26.029 0.6000000238
29647  -41.248  -43.350  -23.115 0.6999999881
132131  -41.374  -44.128  -28.736 0.6000000238
30591  -41.400  -42.623  -23.469 0.6999999881
29700  -41.513  -43.000  -29.243 0.6000000238
32549  -40.591  -40.216  -25.518 0.5000000000
30627  -41.348  -42.313  -27.625 0.6000000238
32539  -38.797  -40.478  -23.994 0.5000000000
126513  -37.578  -40.518  -25.301 0.5000000000
133076  -40.346  -40.287  -24.725 0.4000000060
31557  -40.803  -40.601  -28.619 0.5000000000
135166  -41.251  -41.580  -29.281 0.5000000000
34546  -36.873  -38.996  -26.736 0.4000000060
33543  -38.497  -39.024  -27.080 0.5000000000
33537  -35.791  -39.443  -26.422 0.4000000060
36561  -40.661  -36.876  -27.338 0.4000000060
131015  -42.032  -35.160  -24.576 0.4000000060
38573  -43.211  -34.417  -25.378 0.3000000119
41684  -38.157  -31.736  -26.193 0.5000000000
41671  -39.421  -31.591  -25.439 0.5000000000
21415  -31.479  -52.301  -30.705 0.5000000000
20465  -32.774  -53.576  -31.508 0.5000000000
21423  -32.472  -52.740  -31.117 0.5000000000
20436  -34.938  -53.621  -30.553 0.5000000000
19517  -34.116  -53.786  -30.782 0.5000000000
20450  -33.810  -53.607  -31.385 0.4000000060
149083  -31.216  -51.636  -30.529 0.5000000000
125082  -33.351  -52.914  -31.436 0.6000000238
21416  -32.960  -52.035  -31.062 0.6000000238
20451  -34.561  -53.384  -31.312 0.5000000000
126171  -34.140  -53.051  -31.575 0.5000000000
20438  -36.918  -53.949  -30.309 0.4000000060
23385  -31.245  -50.248  -28.006 0.6999999881
23395  -30.617  -49.675  -28.983 0.6999999881
23415  -31.314  -50.156  -30.374 0.6999999881
21417  -33.413  -51.149  -31.139 0.5000000000
22391  -32.153  -51.009  -30.826 0.6999999881
20452  -35.492  -53.387  -31.297 0.5000000000
20467  -35.083  -53.014  -31.646 0.5000000000
129337  -33.888  -52.260  -31.464 0.5000000000
20453  -37.511  -53.873  -31.196 0.5000000000
143421  -36.506  -53.611  -31.231 0.5000000000
22335  -32.897  -51.315  -25.944 0.5000000000
21367  -32.706  -51.798  -26.566 0.6999999881
128945  -32.950  -49.497  -26.553 0.6999999881
22361  -32.369  -51.160  -27.305 0.6999999881
23386  -32.186  -49.998  -27.375 0.6999999881
23402  -30.635  -49.538  -29.925 0.6000000238
22392  -34.211  -50.867  -31.193 0.6999999881
23416  -32.447  -50.148  -30.631 0.6000000238
21425  -35.658  -52.622  -31.816 0.5000000000
22402  -35.302  -51.959  -31.783 0.6000000238
22401  -34.453  -51.648  -31.526 0.6000000238
20469  -37.103  -53.379  -31.663 0.5000000000
20471  -38.799  -53.520  -31.475 0.5000000000
23359  -33.219  -50.295  -25.827 0.5000000000
24380  -31.228  -49.253  -28.279 0.6999999881
25304  -31.988  -47.981  -27.807 0.6999999881
25293  -32.462  -48.035  -26.991 0.6999999881
23403  -31.545  -49.217  -30.172 0.8000000119
24395  -33.153  -48.795  -29.398 0.6999999881
23419  -35.512  -50.747  -30.497 0.6000000238
23418  -34.551  -50.444  -30.623 0.6999999881
22403  -36.199  -52.229  -31.897 0.6999999881
22394  -35.857  -51.471  -31.327 0.6000000238
21427  -37.633  -53.103  -31.888 0.6000000238
22404  -37.178  -52.469  -31.875 0.6000000238
22406  -39.184  -52.582  -31.648 0.6000000238
24335  -32.502  -49.715  -24.026 0.5000000000
25263  -33.569  -49.187  -24.084 0.6000000238
24351  -33.043  -49.766  -24.910 0.5000000000
24336  -33.471  -49.186  -24.413 0.6000000238
24352  -33.606  -48.814  -25.315 0.6000000238
24364  -33.259  -48.536  -26.204 0.6999999881
26169  -33.236  -47.329  -27.189 0.6999999881
26161  -33.447  -47.473  -26.705 0.6000000238
24382  -32.355  -48.219  -28.668 0.6999999881
25305  -32.746  -47.719  -28.015 0.6999999881
23405  -33.948  -49.686  -29.962 0.6999999881
23421  -37.419  -51.158  -30.568 0.6999999881
22405  -38.178  -52.623  -31.794 0.6999999881
22396  -37.775  -51.885  -31.425 0.6999999881
24317  -32.882  -49.614  -23.889 0.5000000000
25276  -33.848  -48.763  -24.536 0.6000000238
25288  -34.020  -48.094  -25.338 0.6000000238
25287  -33.596  -47.900  -26.038 0.6000000238
24383  -33.658  -48.245  -28.554 0.8000000119
25306  -34.461  -47.717  -28.004 0.5000000000
27072  -34.691  -46.942  -27.016 0.6000000238
24397  -35.651  -49.575  -28.882 0.6999999881
24385  -36.164  -48.871  -28.487 0.6999999881
24405  -37.896  -50.430  -30.113 0.6999999881
24399  -37.499  -49.840  -29.466 0.6999999881
147640  -39.506  -51.758  -31.644 0.5000000000
23423  -39.183  -51.042  -31.313 0.6999999881
24410  -40.484  -50.148  -31.767 0.5000000000
141205  -33.009  -49.918  -23.572 0.5000000000
24318  -34.428  -50.028  -23.299 0.5000000000
24319  -35.266  -49.753  -23.365 0.6000000238
25264  -34.360  -49.189  -23.786 0.6000000238
25265  -35.211  -48.951  -23.932 0.6000000238
25278  -35.290  -48.329  -24.640 0.6000000238
25266  -36.218  -48.795  -24.188 0.6000000238
26138  -34.613  -48.044  -25.126 0.6000000238
25279  -36.398  -48.033  -24.974 0.6000000238
26179  -36.142  -46.942  -28.365 0.6000000238
27082  -35.433  -46.638  -27.340 0.5000000000
127652  -35.921  -47.445  -25.706 0.5000000000
25308  -36.735  -48.023  -28.635 0.6000000238
25307  -35.638  -47.864  -28.137 0.6000000238
24400  -38.198  -49.489  -29.962 0.6000000238
25315  -37.487  -48.898  -29.158 0.6000000238
146815  -39.822  -48.604  -30.740 0.5000000000
23314  -34.445  -51.007  -22.764 0.5000000000
24296  -35.364  -50.747  -22.698 0.6000000238
24321  -37.074  -49.237  -23.643 0.6000000238
27074  -36.079  -46.387  -26.946 0.5000000000
26152  -36.700  -47.306  -25.702 0.5000000000
27095  -37.634  -46.593  -28.289 0.4000000060
27084  -37.243  -46.195  -27.625 0.5000000000
27075  -36.947  -46.186  -26.989 0.5000000000
25316  -38.414  -48.498  -29.822 0.6000000238
22296  -34.159  -51.854  -22.331 0.5000000000
23316  -36.951  -50.411  -22.251 0.6000000238
24298  -36.984  -49.877  -22.978 0.6000000238
27085  -38.302  -46.358  -27.698 0.5000000000
27076  -38.001  -46.121  -26.859 0.4000000060
21297  -33.931  -52.257  -21.847 0.5000000000
22279  -35.314  -51.515  -21.651 0.5000000000
23294  -36.762  -50.657  -21.464 0.6000000238
149656  -37.539  -49.961  -22.359 0.6000000238
21283  -33.822  -52.284  -21.164 0.5000000000
22268  -35.263  -51.572  -20.997 0.5000000000
23281  -36.443  -50.686  -20.710 0.6000000238
23295  -37.542  -50.114  -21.584 0.6000000238
22266  -33.219  -52.194  -20.398 0.5000000000
127906  -33.857  -51.860  -20.386 0.5000000000
24269  -36.051  -50.454  -20.117 0.5000000000
143229  -37.303  -49.602  -20.296 0.6000000238
24271  -37.811  -49.778  -20.918 0.6000000238
22254  -33.424  -51.513  -19.750 0.5000000000
23271  -35.363  -50.472  -19.814 0.5000000000
23259  -33.811  -50.222  -18.712 0.5000000000
132334  -37.942  -49.160  -20.422 0.5000000000
24258  -35.030  -49.857  -19.244 0.5000000000
24260  -36.676  -49.164  -19.667 0.5000000000
24247  -32.727  -50.251  -17.920 0.5000000000
24249  -34.348  -49.608  -18.539 0.5000000000
25209  -35.907  -48.803  -19.129 0.5000000000
144955  -37.383  -48.981  -19.940 0.4000000060
25192  -33.825  -48.984  -17.662 0.5000000000
25194  -35.399  -48.458  -18.414 0.5000000000
25195  -36.081  -48.099  -18.708 0.4000000060
25210  -36.464  -48.432  -19.265 0.4000000060
26078  -34.937  -48.186  -17.764 0.4000000060
26079  -35.563  -47.706  -17.871 0.4000000060
26991  -36.638  -46.568  -18.187 0.4000000060
26180  -37.132  -47.021  -28.693 0.6000000238
26194  -39.292  -48.226  -30.215 0.5000000000
25320  -40.067  -49.259  -31.205 0.4000000060
27062  -36.011  -46.986  -26.345 0.6000000238
26080  -36.994  -46.983  -19.075 0.4000000060
26992  -37.186  -46.144  -18.786 0.4000000060
24393  -31.012  -48.856  -29.389 0.6999999881
24396  -34.472  -49.239  -29.105 0.6999999881
23420  -36.481  -51.000  -30.448 0.6999999881
23407  -36.110  -50.332  -29.562 0.6999999881
26171  -34.660  -47.012  -27.299 0.6000000238
26150  -34.492  -47.525  -25.909 0.6000000238
23422  -38.326  -51.140  -30.881 0.6999999881
24398  -36.735  -49.650  -28.936 0.6999999881
25319  -39.126  -49.144  -30.622 0.6000000238
24407  -39.592  -50.101  -31.302 0.6000000238
20466  -33.460  -53.412  -31.472 0.5000000000
20468  -36.073  -53.110  -31.655 0.5000000000
20470  -38.052  -53.583  -31.636 0.6000000238
21282  -32.920  -52.719  -21.170 0.5000000000
21296  -33.304  -52.559  -21.804 0.5000000000
21312  -32.898  -52.453  -22.345 0.5000000000
21313  -33.567  -52.274  -22.208 0.5000000000
21351  -32.450  -52.124  -25.889 0.5000000000
21424  -34.765  -52.485  -31.724 0.5000000000
21426  -36.634  -52.824  -31.857 0.5000000000
21428  -38.545  -53.218  -31.754 0.6000000238
21429  -39.238  -53.168  -31.523 0.6000000238
22255  -34.155  -51.277  -19.943 0.5000000000
22265  -32.350  -52.493  -20.398 0.5000000000
22267  -34.509  -51.782  -20.733 0.5000000000
22278  -34.625  -51.929  -21.583 0.5000000000
22295  -33.325  -51.800  -22.642 0.5000000000
22297  -34.989  -51.495  -22.208 0.5000000000
22360  -31.472  -51.187  -27.881 0.6999999881
22372  -30.532  -50.587  -28.662 0.6999999881
22382  -30.420  -50.245  -30.120 0.6000000238
22390  -30.941  -50.952  -30.475 0.5000000000
22393  -34.976  -51.147  -31.313 0.6000000238
22395  -36.799  -51.737  -31.338 0.6999999881
23258  -33.177  -50.496  -18.498 0.5000000000
23268  -32.932  -51.120  -19.037 0.5000000000
23269  -33.656  -50.811  -19.233 0.5000000000
23270  -34.465  -50.461  -19.397 0.5000000000
23279  -34.956  -51.164  -20.248 0.5000000000
23280  -35.730  -51.014  -20.517 0.5000000000
23282  -37.167  -50.259  -20.813 0.6000000238
23293  -35.950  -51.162  -21.355 0.6000000238
23313  -33.721  -51.158  -22.832 0.5000000000
23315  -36.212  -50.864  -22.142 0.6000000238
23334  -32.291  -50.049  -23.598 0.5000000000
23335  -33.653  -50.309  -23.253 0.5000000000
23360  -33.441  -49.390  -25.727 0.6000000238
23404  -32.698  -49.325  -30.199 0.8000000119
23406  -35.066  -50.074  -29.685 0.6999999881
23408  -37.062  -50.473  -29.706 0.6999999881
23417  -33.562  -50.201  -30.735 0.6000000238
23427  -38.727  -51.870  -31.569 0.6999999881
23428  -40.024  -51.045  -31.740 0.5000000000
24248  -33.359  -49.792  -17.952 0.5000000000
24250  -35.194  -49.186  -18.842 0.5000000000
24259  -35.838  -49.710  -19.564 0.5000000000
24270  -36.635  -50.052  -20.149 0.6000000238
24297  -36.193  -50.260  -22.874 0.6000000238
24299  -38.215  -49.620  -21.994 0.6000000238
24320  -36.161  -49.518  -23.545 0.6000000238
24350  -32.118  -50.063  -24.303 0.5000000000
24372  -31.876  -48.749  -27.619 0.6999999881
24381  -31.513  -48.454  -28.556 0.6999999881
24384  -35.057  -48.650  -28.459 0.6999999881
24394  -31.933  -48.607  -29.565 0.6999999881
24406  -38.730  -50.223  -30.677 0.6000000238
25193  -34.676  -48.794  -18.067 0.4000000060
25211  -37.034  -48.398  -19.604 0.4000000060
25223  -37.749  -48.418  -19.981 0.4000000060
25224  -38.548  -48.484  -20.534 0.5000000000
25225  -39.174  -48.212  -20.964 0.6000000238
25237  -38.975  -48.757  -21.216 0.6000000238
25238  -39.334  -48.379  -21.644 0.6000000238
25250  -38.563  -49.033  -22.689 0.6999999881
25277  -34.347  -48.587  -24.434 0.6000000238
25280  -37.934  -48.166  -24.365 0.6999999881
25281  -38.249  -47.435  -24.831 0.6000000238
25294  -33.084  -47.807  -26.519 0.6000000238
25298  -32.619  -47.607  -27.368 0.6999999881
26088  -36.687  -47.802  -19.149 0.4000000060
26089  -37.345  -47.699  -19.589 0.5000000000
26105  -39.730  -47.784  -22.122 0.6000000238
26139  -35.290  -47.731  -25.396 0.6000000238
26149  -33.898  -47.629  -26.161 0.6000000238
26151  -35.253  -47.225  -26.152 0.6000000238
26153  -37.661  -46.918  -25.688 0.5000000000
26160  -32.827  -47.545  -26.963 0.6999999881
26162  -34.169  -47.281  -26.634 0.6000000238
26163  -34.747  -47.142  -26.586 0.6000000238
26170  -33.999  -47.162  -27.079 0.6000000238
26177  -33.159  -47.445  -27.575 0.6999999881
26178  -33.971  -47.200  -27.534 0.6000000238
26181  -38.153  -47.180  -28.882 0.6000000238
26189  -38.723  -47.731  -29.543 0.6000000238
26191  -40.372  -47.301  -30.334 0.5000000000
27013  -39.569  -46.789  -20.791 0.6000000238
27043  -40.311  -46.204  -23.423 0.6000000238
27056  -39.953  -46.168  -24.232 0.6000000238
27065  -39.175  -46.229  -25.541 0.5000000000
27073  -35.317  -46.798  -26.811 0.5000000000
27083  -36.312  -46.263  -27.532 0.5000000000
27086  -39.479  -46.635  -27.903 0.6000000238
27093  -35.888  -46.499  -27.907 0.5000000000
27094  -36.653  -46.456  -28.166 0.4000000060
27104  -40.037  -47.046  -29.574 0.6000000238
27106  -41.108  -45.870  -30.536 0.4000000060
27925  -39.967  -45.468  -21.117 0.5000000000
27926  -40.442  -45.738  -21.727 0.6000000238
27933  -40.683  -45.174  -22.271 0.6000000238
27976  -39.873  -46.064  -26.514 0.6000000238
27988  -41.151  -45.560  -27.451 0.6000000238
28756  -38.020  -44.812  -20.337 0.5000000000
28781  -41.042  -43.925  -22.732 0.6000000238
28810  -40.848  -44.786  -23.674 0.6000000238
28811  -41.261  -44.098  -24.459 0.6999999881
28833  -41.659  -44.035  -26.320 0.6000000238
29635  -38.215  -43.848  -21.026 0.6000000238
30569  -40.196  -42.870  -21.833 0.5000000000
30577  -38.537  -42.543  -21.742 0.6000000238
30580  -41.091  -42.679  -22.795 0.6999999881
31522  -39.577  -41.006  -22.849 0.6000000238
31523  -41.132  -41.405  -23.705 0.6999999881
31524  -41.426  -41.954  -23.769 0.6999999881
31536  -41.418  -41.557  -24.567 0.6999999881
32536  -36.034  -40.698  -24.968 0.5000000000
32538  -37.781  -40.672  -24.292 0.5000000000
32546  -36.955  -40.394  -26.025 0.5000000000
32556  -39.457  -39.666  -26.198 0.4000000060
32563  -40.904  -40.125  -29.235 0.5000000000
33536  -35.350  -39.398  -26.097 0.4000000060
33538  -37.139  -39.474  -26.666 0.4000000060
33542  -37.760  -39.115  -26.858 0.4000000060
34549  -38.331  -38.744  -26.900 0.5000000000
35541  -37.153  -38.247  -26.267 0.4000000060
35548  -39.427  -37.903  -27.350 0.5000000000
37510  -41.910  -35.523  -25.487 0.4000000060
38556  -43.153  -33.997  -24.323 0.4000000060
39611  -39.466  -33.480  -24.620 0.5000000000
39626  -43.751  -33.784  -24.990 0.3000000119
40630  -40.706  -33.128  -24.102 0.4000000060
40639  -38.631  -32.668  -25.533 0.5000000000
40652  -38.141  -32.488  -25.906 0.5000000000
41662  -41.626  -32.000  -23.811 0.4000000060
42656  -39.572  -30.660  -25.721 0.5000000000
42670  -38.614  -29.907  -26.421 0.5000000000
126558  -37.886  -30.091  -26.521 0.5000000000
126629  -40.542  -48.543  -31.082 0.4000000060
127442  -37.162  -48.572  -24.277 0.6000000238
127786  -33.610  -49.468  -23.752 0.5000000000
129146  -33.529  -48.212  -25.941 0.6000000238
131161  -40.484  -45.640  -26.109 0.6999999881
131542  -36.342  -47.354  -18.430 0.4000000060
132260  -32.953  -50.828  -26.582 0.6999999881
134601  -33.795  -48.468  -25.257 0.6000000238
134844  -40.259  -45.474  -25.456 0.6000000238
135715  -31.928  -51.801  -30.738 0.5000000000
135799  -38.228  -46.968  -20.023 0.6000000238
138099  -43.236  -30.783  -23.751 0.3000000119
138674  -33.532  -47.568  -27.965 0.6999999881
142887  -39.948  -39.557  -26.765 0.5000000000
143545  -37.415  -46.444  -19.407 0.6000000238
144376  -35.141  -46.963  -27.776 0.5000000000
144568  -41.906  -34.090  -23.635 0.4000000060
144788  -38.033  -49.728  -21.401 0.6000000238
146185  -35.629  -51.266  -22.048 0.6000000238
147458  -38.419  -48.326  -23.828 0.6000000238
149191  -36.795  -48.945  -28.663 0.6000000238
150334  -33.995  -48.918  -23.989 0.6000000238
