#!ascii label  , from subject sub-LJ002 vox2ras=TkReg
1518
10756  -41.367  -63.647  -41.073 0.5000000000
9961  -39.737  -64.603  -41.002 0.6000000238
11599  -45.825  -62.098  -35.924 0.3000000119
9965  -39.129  -65.260  -41.468 0.5000000000
11615  -45.571  -61.136  -38.391 0.4000000060
12556  -46.309  -61.044  -37.285 0.4000000060
12551  -46.477  -61.107  -36.545 0.4000000060
12564  -46.338  -60.375  -37.661 0.4000000060
11613  -38.493  -62.161  -38.617 0.5000000000
11621  -39.123  -62.857  -39.137 0.5000000000
10755  -40.396  -63.834  -40.549 0.5000000000
11612  -37.502  -62.535  -38.661 0.6000000238
11620  -38.134  -63.087  -39.012 0.5000000000
10754  -39.283  -64.160  -40.217 0.6000000238
10715  -45.332  -63.315  -34.952 0.3000000119
10753  -38.319  -64.355  -39.949 0.5000000000
12574  -44.596  -61.049  -39.093 0.5000000000
11606  -44.896  -61.732  -38.661 0.5000000000
11589  -45.635  -61.976  -34.854 0.3000000119
10746  -37.775  -63.790  -39.345 0.6000000238
9960  -38.749  -64.799  -40.775 0.5000000000
13527  -45.352  -60.142  -38.310 0.5000000000
12576  -45.803  -60.664  -38.307 0.4000000060
13518  -46.766  -60.016  -36.906 0.4000000060
12544  -47.252  -60.318  -35.448 0.3000000119
12543  -46.624  -61.039  -35.708 0.3000000119
13526  -44.604  -60.265  -38.228 0.4000000060
13528  -45.928  -60.166  -38.141 0.4000000060
147638  -46.306  -59.956  -37.621 0.4000000060
13517  -45.129  -59.711  -37.771 0.4000000060
126089  -37.928  -59.946  -36.789 0.6999999881
13523  -38.559  -60.460  -37.512 0.6999999881
13530  -38.878  -60.827  -38.094 0.6999999881
11628  -41.790  -63.056  -40.792 0.5000000000
14512  -36.518  -59.181  -35.978 0.6999999881
13511  -37.092  -59.896  -36.653 0.6999999881
12559  -37.379  -60.983  -37.996 0.8000000119
12568  -38.317  -61.193  -38.277 0.5000000000
136781  -37.674  -61.721  -38.408 0.6999999881
10758  -42.486  -62.776  -40.703 0.5000000000
13521  -36.692  -60.460  -37.264 0.6999999881
11625  -42.825  -62.060  -40.221 0.4000000060
12580  -44.005  -61.436  -39.504 0.5000000000
10702  -45.387  -62.921  -33.972 0.3000000119
12567  -36.698  -61.914  -38.379 0.6000000238
12573  -43.859  -61.208  -39.354 0.5000000000
13533  -44.675  -60.673  -38.793 0.5000000000
11578  -45.648  -61.747  -33.862 0.3000000119
141276  -36.736  -62.774  -38.691 0.5000000000
13532  -43.846  -60.844  -38.702 0.5000000000
13515  -43.413  -60.288  -36.909 0.4000000060
13516  -44.294  -59.846  -37.365 0.4000000060
14517  -46.255  -59.688  -37.162 0.4000000060
14510  -46.860  -59.856  -36.461 0.4000000060
13507  -47.195  -59.978  -35.997 0.4000000060
14514  -43.737  -59.330  -36.500 0.3000000119
14515  -44.572  -59.286  -36.807 0.4000000060
15494  -35.825  -57.647  -33.594 0.5000000000
15503  -35.614  -57.996  -34.182 0.6000000238
143540  -36.992  -58.236  -33.702 0.6000000238
140679  -37.298  -58.991  -35.665 0.6000000238
143565  -37.415  -59.484  -36.218 0.6000000238
15471  -34.683  -58.311  -31.612 0.5000000000
15481  -34.769  -58.066  -32.517 0.5000000000
14478  -34.359  -58.841  -33.059 0.6000000238
15510  -35.797  -58.218  -34.896 0.6000000238
14504  -35.825  -58.637  -35.546 0.6999999881
12570  -40.142  -61.689  -38.748 0.6000000238
9881  -46.720  -65.181  -31.627 0.3000000119
12502  -34.799  -60.893  -31.074 0.6999999881
13469  -34.259  -59.969  -32.497 0.6000000238
13479  -34.297  -59.856  -33.388 0.6000000238
14490  -34.453  -58.857  -34.078 0.6000000238
14491  -35.038  -58.372  -34.591 0.6999999881
14511  -35.450  -59.221  -35.942 0.6999999881
12560  -40.219  -61.275  -38.325 0.6000000238
12571  -41.212  -61.663  -38.934 0.6000000238
11624  -42.042  -62.448  -40.261 0.5000000000
12486  -34.292  -60.963  -30.560 0.6999999881
13457  -34.971  -60.939  -31.868 0.6000000238
13480  -34.691  -60.701  -32.747 0.6000000238
13501  -34.182  -60.225  -35.315 0.6999999881
13519  -34.671  -60.762  -36.802 0.6999999881
12578  -42.167  -61.932  -39.644 0.5000000000
10691  -45.668  -62.521  -33.054 0.3000000119
11536  -35.017  -61.626  -30.860 0.6000000238
12503  -35.214  -61.470  -31.319 0.6999999881
138630  -34.322  -61.049  -34.460 0.6000000238
12539  -34.064  -61.171  -35.203 0.6000000238
12566  -35.546  -61.779  -38.228 0.6999999881
12561  -41.221  -61.438  -38.475 0.5000000000
12562  -42.151  -61.376  -38.479 0.5000000000
12517  -35.407  -61.691  -31.808 0.6000000238
12540  -35.066  -61.853  -33.760 0.6000000238
12554  -33.981  -61.075  -36.513 0.6000000238
12565  -34.511  -61.636  -38.079 0.6000000238
11610  -34.911  -62.301  -38.605 0.6000000238
12555  -41.646  -61.402  -37.073 0.5000000000
12531  -46.669  -60.976  -34.761 0.3000000119
11553  -35.384  -62.094  -31.307 0.6999999881
11562  -35.626  -62.346  -32.045 0.6000000238
12528  -35.292  -61.560  -32.660 0.6000000238
11588  -34.671  -62.075  -34.768 0.6000000238
11597  -34.387  -62.568  -35.375 0.5000000000
133232  -33.680  -62.287  -36.113 0.5000000000
11609  -33.953  -62.026  -38.573 0.5000000000
11618  -35.278  -62.997  -38.922 0.5000000000
12550  -42.610  -61.105  -37.184 0.5000000000
15512  -43.094  -58.207  -35.705 0.3000000119
14507  -43.607  -58.638  -36.032 0.3000000119
14508  -44.163  -58.758  -36.081 0.3000000119
125528  -45.033  -59.073  -35.904 0.4000000060
14509  -46.279  -59.531  -36.334 0.4000000060
11617  -34.323  -62.653  -39.046 0.5000000000
14506  -42.875  -58.990  -36.009 0.3000000119
135016  -45.339  -59.298  -36.714 0.4000000060
15458  -35.498  -58.367  -30.328 0.5000000000
15472  -35.406  -58.100  -31.245 0.5000000000
131059  -36.610  -58.314  -31.491 0.5000000000
15474  -36.758  -58.135  -32.229 0.5000000000
14410  -34.307  -59.141  -29.362 0.5000000000
140986  -34.308  -59.016  -30.046 0.5000000000
133084  -34.663  -58.602  -30.676 0.5000000000
15482  -35.524  -57.586  -32.756 0.5000000000
15484  -36.917  -58.091  -33.050 0.5000000000
150017  -37.694  -58.892  -34.695 0.6000000238
14493  -37.966  -59.357  -35.234 0.6000000238
14409  -33.800  -59.578  -29.829 0.5000000000
13503  -38.742  -60.291  -35.837 0.6000000238
13513  -39.259  -60.616  -37.390 0.8000000119
9074  -46.800  -65.353  -30.745 0.3000000119
13433  -33.276  -60.347  -29.486 0.6000000238
133631  -33.493  -60.773  -30.083 0.6000000238
14430  -34.040  -59.375  -30.533 0.6000000238
138772  -39.380  -61.091  -35.025 0.4000000060
9882  -47.087  -64.825  -30.880 0.3000000119
12485  -33.672  -61.483  -30.272 0.6999999881
12547  -40.003  -61.015  -37.013 0.5000000000
13524  -39.394  -60.815  -37.968 0.6000000238
10692  -46.223  -63.468  -32.240 0.3000000119
135000  -32.797  -61.794  -30.219 0.6999999881
12548  -40.878  -61.496  -36.267 0.4000000060
11564  -45.976  -61.937  -32.171 0.3000000119
11534  -33.871  -62.216  -30.574 0.6000000238
11535  -34.547  -61.885  -30.613 0.6999999881
12532  -47.504  -60.270  -34.600 0.3000000119
11550  -34.029  -62.999  -30.886 0.6000000238
11551  -34.593  -62.565  -30.762 0.6999999881
11577  -35.618  -62.554  -33.042 0.6000000238
10714  -35.395  -63.575  -34.334 0.5000000000
11598  -35.009  -63.105  -34.881 0.5000000000
11605  -33.636  -61.694  -37.741 0.6000000238
12542  -41.343  -61.324  -35.399 0.4000000060
12549  -41.854  -61.294  -36.272 0.4000000060
15497  -42.528  -57.343  -34.400 0.3000000119
15506  -42.583  -57.958  -34.915 0.3000000119
16499  -43.225  -56.975  -34.623 0.3000000119
15508  -43.106  -57.587  -35.133 0.3000000119
13497  -47.466  -59.942  -35.151 0.3000000119
134835  -35.491  -64.135  -32.467 0.6000000238
9905  -35.380  -64.354  -34.142 0.5000000000
10726  -35.177  -63.959  -34.981 0.5000000000
10725  -34.453  -63.433  -35.616 0.5000000000
10731  -32.868  -62.944  -37.071 0.5000000000
10735  -32.619  -62.522  -37.921 0.6000000238
11616  -33.416  -62.346  -39.106 0.5000000000
13496  -42.653  -59.999  -35.652 0.3000000119
14495  -42.533  -58.958  -35.232 0.3000000119
9890  -35.459  -64.390  -33.257 0.5000000000
9935  -34.709  -64.328  -35.476 0.5000000000
9939  -33.251  -63.842  -36.771 0.5000000000
9142  -33.602  -64.840  -36.476 0.5000000000
14396  -34.443  -59.306  -28.368 0.5000000000
15435  -34.883  -58.845  -29.068 0.5000000000
15459  -36.164  -58.290  -30.969 0.5000000000
15460  -37.030  -58.760  -30.658 0.5000000000
14453  -37.257  -58.771  -31.538 0.5000000000
14468  -37.415  -58.776  -32.390 0.5000000000
13420  -33.057  -60.491  -28.463 0.5000000000
15457  -34.839  -58.656  -29.796 0.5000000000
14469  -38.102  -59.550  -32.605 0.4000000060
14480  -38.068  -59.523  -33.532 0.4000000060
9057  -46.675  -65.484  -30.464 0.3000000119
9841  -47.496  -65.293  -29.418 0.3000000119
13432  -32.674  -60.913  -28.995 0.6000000238
13481  -38.674  -60.283  -33.875 0.4000000060
13493  -38.644  -60.286  -34.763 0.4000000060
12474  -32.109  -61.466  -29.189 0.6000000238
12475  -32.951  -61.159  -29.741 0.6000000238
10668  -47.029  -63.722  -30.689 0.3000000119
12484  -31.835  -61.956  -29.762 0.6000000238
12541  -40.354  -61.420  -35.190 0.4000000060
11533  -32.077  -62.213  -30.566 0.6000000238
12530  -40.902  -61.171  -34.440 0.4000000060
11563  -45.966  -61.564  -33.101 0.3000000119
127876  -33.116  -62.481  -30.873 0.6999999881
13495  -41.940  -60.476  -34.817 0.3000000119
14494  -42.034  -59.220  -34.335 0.3000000119
15436  -35.650  -58.574  -29.317 0.5000000000
129430  -36.383  -58.582  -30.025 0.5000000000
15438  -37.263  -58.883  -29.667 0.5000000000
14411  -37.942  -59.242  -30.075 0.4000000060
14395  -33.688  -59.749  -28.932 0.5000000000
14431  -37.770  -59.231  -30.860 0.4000000060
14454  -38.140  -59.536  -31.568 0.4000000060
128845  -33.666  -60.043  -27.827 0.6000000238
13458  -38.946  -60.253  -32.027 0.4000000060
13471  -39.781  -60.614  -32.532 0.4000000060
10669  -47.348  -64.350  -30.269 0.3000000119
9862  -47.303  -65.115  -30.165 0.3000000119
11519  -31.119  -62.174  -29.869 0.6000000238
13482  -39.551  -60.843  -33.446 0.4000000060
12529  -39.948  -61.241  -34.271 0.4000000060
13483  -40.443  -60.914  -33.572 0.4000000060
14481  -41.585  -59.502  -33.293 0.4000000060
13484  -41.296  -60.427  -33.800 0.3000000119
15496  -42.080  -58.264  -33.935 0.3000000119
11561  -32.987  -62.977  -31.594 0.6000000238
14397  -35.339  -58.851  -28.409 0.5000000000
15437  -36.662  -58.665  -29.139 0.5000000000
15417  -37.496  -58.778  -28.825 0.4000000060
15439  -38.142  -59.041  -29.246 0.4000000060
14382  -35.068  -59.166  -27.531 0.5000000000
15397  -35.864  -58.782  -27.624 0.5000000000
14412  -38.940  -59.493  -29.639 0.4000000060
13408  -32.862  -60.611  -27.355 0.6000000238
14380  -33.505  -60.156  -26.729 0.6000000238
14381  -34.331  -59.694  -27.214 0.6000000238
14432  -38.571  -59.671  -30.568 0.4000000060
13419  -32.254  -61.186  -28.076 0.6000000238
14456  -40.326  -60.059  -30.999 0.4000000060
13459  -39.900  -60.397  -31.737 0.4000000060
12461  -31.579  -61.596  -28.434 0.6000000238
149081  -40.280  -60.419  -32.192 0.4000000060
14457  -41.106  -59.605  -31.467 0.4000000060
14471  -41.263  -59.637  -32.317 0.4000000060
130150  -41.536  -58.950  -31.998 0.4000000060
134438  -46.423  -62.790  -31.269 0.3000000119
11537  -47.045  -62.308  -30.594 0.3000000119
12472  -30.540  -61.948  -29.147 0.6000000238
15485  -41.766  -58.635  -32.870 0.4000000060
12518  -47.087  -60.686  -32.922 0.3000000119
12504  -46.923  -61.305  -31.570 0.3000000119
11532  -31.108  -62.320  -30.877 0.6000000238
11549  -32.256  -62.548  -31.574 0.6000000238
11547  -30.070  -62.161  -32.144 0.6999999881
13442  -29.346  -61.127  -30.963 0.6999999881
11548  -31.185  -62.406  -31.977 0.6000000238
12501  -29.628  -61.679  -31.470 0.6999999881
14450  -29.725  -60.347  -31.560 0.6999999881
11558  -30.124  -62.132  -33.066 0.6000000238
14429  -29.917  -59.575  -30.151 0.6999999881
14451  -30.319  -59.368  -31.190 0.6000000238
13467  -29.801  -61.047  -33.036 0.6999999881
150771  -30.449  -59.644  -32.193 0.6999999881
141844  -36.926  -58.658  -28.443 0.5000000000
134990  -37.522  -58.651  -28.009 0.5000000000
15382  -35.528  -59.019  -26.758 0.5000000000
15383  -36.421  -58.681  -26.774 0.5000000000
15398  -36.709  -58.651  -27.749 0.5000000000
15418  -38.379  -58.787  -28.363 0.5000000000
15419  -38.874  -59.070  -28.917 0.4000000060
14364  -33.214  -60.008  -25.888 0.6000000238
14365  -34.121  -59.659  -26.096 0.6000000238
15381  -35.015  -59.147  -25.837 0.6000000238
143498  -35.827  -58.821  -26.057 0.6000000238
14413  -39.996  -59.545  -29.667 0.4000000060
12449  -31.409  -61.425  -27.694 0.6000000238
14350  -33.525  -59.526  -25.420 0.6000000238
130870  -34.827  -58.816  -25.010 0.6000000238
14434  -40.371  -59.690  -30.285 0.4000000060
12460  -30.913  -61.748  -28.369 0.6000000238
13406  -31.073  -61.117  -26.962 0.6000000238
13394  -31.451  -60.178  -26.053 0.6000000238
15359  -32.457  -58.887  -25.130 0.6000000238
15360  -33.276  -58.935  -24.834 0.6000000238
14435  -41.010  -59.449  -30.672 0.4000000060
16478  -42.225  -57.438  -30.848 0.4000000060
12447  -30.080  -61.228  -27.878 0.6000000238
139669  -30.146  -60.074  -27.190 0.6000000238
14362  -31.192  -59.524  -26.040 0.6000000238
16392  -32.352  -57.996  -25.080 0.6000000238
17445  -33.017  -56.857  -24.806 0.6000000238
15475  -41.512  -58.795  -31.284 0.4000000060
16485  -42.319  -57.273  -31.776 0.4000000060
12471  -29.836  -61.585  -29.344 0.6000000238
148080  -29.843  -59.882  -27.856 0.5000000000
15379  -30.555  -59.384  -26.710 0.6000000238
15380  -31.047  -58.645  -26.370 0.6000000238
149686  -32.032  -57.135  -25.977 0.6000000238
17467  -32.849  -56.316  -25.781 0.6999999881
11531  -30.116  -62.190  -31.128 0.6999999881
138980  -29.524  -60.963  -29.144 0.6000000238
14394  -30.013  -59.284  -28.388 0.6000000238
15396  -30.637  -58.441  -27.331 0.6000000238
17466  -32.293  -56.663  -26.264 0.6000000238
18484  -33.376  -55.524  -26.418 0.6000000238
18485  -34.264  -55.186  -25.787 0.6000000238
16450  -31.130  -57.368  -28.296 0.6000000238
17482  -32.195  -56.337  -27.247 0.6000000238
18498  -32.852  -55.546  -27.313 0.6000000238
18500  -34.086  -54.842  -26.875 0.6000000238
14408  -29.949  -59.382  -29.314 0.6000000238
15434  -30.457  -58.444  -29.024 0.6000000238
17494  -31.506  -56.778  -28.769 0.5000000000
18513  -32.445  -55.695  -28.151 0.6000000238
18514  -33.137  -54.929  -28.217 0.6000000238
16465  -31.004  -57.477  -29.097 0.5000000000
13468  -30.620  -60.233  -33.735 0.6999999881
126863  -31.096  -58.791  -32.372 0.6999999881
15469  -31.007  -58.298  -31.472 0.5000000000
16466  -31.353  -57.144  -30.100 0.6000000238
143862  -31.676  -56.480  -29.717 0.5000000000
17506  -32.051  -55.883  -29.101 0.5000000000
17505  -31.819  -56.381  -30.769 0.6000000238
18494  -25.173  -55.872  -27.104 0.6000000238
17461  -25.720  -56.507  -26.322 0.6000000238
16429  -25.231  -58.021  -26.808 0.6000000238
15399  -37.326  -58.553  -27.163 0.5000000000
15400  -38.167  -58.508  -27.465 0.5000000000
143501  -39.331  -58.790  -28.372 0.5000000000
15440  -39.639  -59.180  -29.007 0.4000000060
133337  -34.144  -58.453  -24.452 0.5000000000
15362  -35.565  -58.665  -25.262 0.5000000000
16393  -36.865  -58.019  -24.757 0.5000000000
15441  -40.527  -59.033  -29.194 0.4000000060
136306  -41.554  -58.059  -29.259 0.4000000060
15349  -35.120  -58.327  -24.440 0.5000000000
16365  -36.155  -57.129  -23.660 0.5000000000
15442  -41.247  -58.634  -29.575 0.4000000060
16468  -42.364  -57.196  -30.165 0.4000000060
16376  -33.714  -57.461  -24.230 0.5000000000
18433  -35.026  -56.388  -23.686 0.5000000000
16378  -35.554  -57.734  -23.944 0.5000000000
15462  -41.431  -58.728  -30.405 0.4000000060
17446  -33.859  -56.395  -24.379 0.6000000238
18452  -34.596  -56.012  -23.958 0.6000000238
18453  -34.976  -55.327  -24.278 0.5000000000
19485  -35.434  -54.380  -27.058 0.4000000060
19469  -35.511  -54.499  -26.357 0.4000000060
19457  -36.470  -54.116  -25.604 0.4000000060
19498  -33.768  -54.223  -28.864 0.6000000238
19484  -34.687  -54.362  -27.392 0.6000000238
20424  -35.663  -53.953  -28.350 0.5000000000
147425  -36.892  -54.143  -27.404 0.4000000060
19486  -37.154  -54.020  -26.992 0.4000000060
20409  -37.314  -53.973  -27.857 0.4000000060
13478  -30.227  -60.969  -34.182 0.6999999881
149426  -32.625  -55.254  -28.911 0.6000000238
19499  -34.651  -53.945  -28.408 0.5000000000
20425  -36.598  -54.129  -28.011 0.4000000060
15470  -31.512  -57.848  -32.614 0.6000000238
18521  -32.096  -55.762  -30.304 0.5000000000
18522  -32.566  -55.211  -29.848 0.5000000000
19509  -34.362  -53.819  -29.648 0.5000000000
20437  -35.885  -53.679  -30.378 0.5000000000
132433  -36.270  -53.853  -29.229 0.4000000060
125374  -37.348  -53.901  -29.086 0.4000000060
134098  -31.665  -56.710  -32.194 0.6000000238
19507  -33.010  -54.593  -30.471 0.5000000000
20420  -25.886  -52.924  -28.471 0.6999999881
19464  -26.071  -54.502  -26.864 0.6000000238
20406  -26.914  -53.059  -27.104 0.6999999881
18479  -25.835  -55.518  -26.538 0.6000000238
21363  -27.958  -52.294  -26.731 0.6000000238
15376  -25.989  -58.546  -26.390 0.6000000238
19466  -27.604  -54.879  -25.537 0.6000000238
20391  -27.892  -53.923  -25.698 0.6000000238
21364  -28.638  -52.001  -26.351 0.6000000238
21365  -29.537  -51.767  -25.804 0.6000000238
14360  -26.133  -59.259  -26.891 0.5000000000
16411  -27.526  -57.644  -26.044 0.6000000238
17441  -27.810  -56.450  -25.540 0.6000000238
19451  -28.521  -54.662  -25.366 0.6000000238
21347  -29.180  -52.924  -25.611 0.6000000238
15402  -39.847  -58.378  -27.849 0.5000000000
14391  -26.824  -59.930  -28.222 0.5000000000
15377  -26.664  -58.726  -26.566 0.5000000000
18470  -29.210  -55.117  -25.447 0.5000000000
20379  -29.665  -53.762  -25.296 0.5000000000
15384  -37.166  -58.474  -26.359 0.4000000060
16414  -38.493  -58.013  -26.054 0.5000000000
16451  -40.655  -58.096  -28.101 0.5000000000
15420  -40.187  -58.709  -28.511 0.4000000060
15414  -27.542  -58.264  -28.282 0.5000000000
16431  -27.756  -57.879  -26.600 0.5000000000
18496  -29.482  -55.789  -26.579 0.5000000000
19454  -30.353  -54.658  -25.852 0.5000000000
16394  -38.294  -57.757  -25.294 0.5000000000
16452  -41.518  -57.669  -28.523 0.4000000060
17496  -42.249  -57.037  -28.777 0.4000000060
17485  -43.130  -56.106  -28.435 0.4000000060
15433  -27.305  -58.762  -29.075 0.5000000000
17478  -28.218  -56.733  -27.913 0.5000000000
149739  -28.644  -56.688  -27.199 0.6000000238
124486  -29.429  -55.259  -27.630 0.6000000238
16453  -42.029  -57.513  -29.372 0.4000000060
138137  -27.142  -57.337  -30.161 0.6000000238
17493  -27.807  -56.396  -28.893 0.6000000238
18495  -28.857  -56.047  -27.550 0.6999999881
17411  -36.442  -56.345  -23.504 0.4000000060
19425  -36.035  -55.379  -23.606 0.5000000000
14486  -27.534  -59.345  -34.889 0.6000000238
19442  -35.762  -54.883  -24.032 0.5000000000
20370  -37.222  -53.677  -24.261 0.4000000060
14487  -28.757  -59.159  -35.419 0.6000000238
137293  -36.039  -54.371  -24.798 0.4000000060
14488  -30.146  -59.347  -35.444 0.6000000238
15502  -30.687  -58.477  -35.008 0.6000000238
20394  -37.507  -53.596  -26.321 0.4000000060
144664  -31.009  -57.304  -33.916 0.6000000238
142142  -31.180  -59.372  -33.315 0.6999999881
17512  -31.817  -56.127  -31.925 0.6000000238
18540  -31.913  -55.359  -32.146 0.6000000238
18531  -32.135  -55.606  -31.424 0.5000000000
18532  -32.555  -55.099  -30.987 0.5000000000
22357  -26.517  -51.229  -28.517 0.6999999881
130431  -27.274  -50.713  -28.123 0.6999999881
22359  -28.353  -49.981  -27.311 0.6000000238
22358  -28.045  -51.056  -27.349 0.6000000238
23373  -28.856  -49.646  -26.737 0.6000000238
22346  -29.820  -50.469  -25.924 0.6000000238
131236  -31.184  -50.959  -25.207 0.6999999881
22332  -30.701  -51.829  -25.298 0.6000000238
21348  -30.184  -52.900  -25.268 0.6000000238
129000  -39.038  -57.541  -25.546 0.5000000000
16415  -39.312  -57.818  -26.383 0.5000000000
16434  -39.539  -58.104  -27.154 0.5000000000
16435  -40.292  -57.869  -27.371 0.5000000000
20381  -31.245  -53.635  -25.683 0.6000000238
22333  -31.952  -52.092  -25.370 0.5000000000
130847  -39.971  -57.698  -26.719 0.5000000000
16436  -41.091  -57.521  -27.581 0.5000000000
17483  -41.924  -56.917  -27.839 0.4000000060
19482  -29.875  -54.481  -27.780 0.6000000238
19467  -30.653  -54.449  -27.021 0.6000000238
21366  -32.297  -52.639  -26.485 0.5000000000
125617  -37.693  -57.664  -24.690 0.5000000000
14476  -26.990  -59.047  -34.047 0.6000000238
15478  -27.110  -58.157  -32.796 0.4000000060
16480  -26.880  -57.973  -31.472 0.6000000238
19496  -28.398  -54.777  -29.106 0.6000000238
19497  -29.036  -54.501  -28.518 0.6000000238
20408  -31.210  -53.736  -27.120 0.6000000238
17412  -37.185  -56.057  -23.456 0.4000000060
17426  -38.377  -56.530  -23.862 0.4000000060
16495  -27.991  -57.871  -33.161 0.5000000000
16489  -27.506  -57.523  -32.467 0.5000000000
17517  -27.500  -56.626  -31.380 0.6000000238
18519  -27.488  -55.767  -30.115 0.6999999881
19505  -28.191  -54.391  -29.922 0.6000000238
19506  -28.657  -53.932  -29.391 0.6000000238
20421  -29.334  -53.525  -28.742 0.6000000238
18436  -37.389  -55.187  -23.337 0.5000000000
15500  -28.080  -58.741  -34.481 0.6000000238
17518  -28.124  -56.188  -31.763 0.6000000238
18529  -27.754  -55.910  -30.945 0.6000000238
20434  -28.586  -53.714  -30.183 0.6000000238
20435  -29.008  -53.161  -29.738 0.6000000238
21394  -29.846  -52.028  -28.887 0.6000000238
19427  -37.197  -54.321  -23.599 0.4000000060
16496  -29.047  -57.491  -33.655 0.5000000000
16490  -28.373  -57.209  -32.826 0.6000000238
18538  -28.422  -55.476  -31.432 0.6000000238
19524  -29.019  -53.978  -30.842 0.6000000238
20448  -29.220  -53.261  -30.394 0.6000000238
15501  -29.401  -58.540  -34.953 0.6000000238
131271  -30.942  -57.779  -34.436 0.6000000238
16491  -29.439  -56.903  -33.224 0.6000000238
18547  -30.348  -55.945  -32.667 0.6000000238
136983  -29.762  -54.578  -31.569 0.6000000238
18548  -31.168  -55.705  -32.682 0.6000000238
17529  -31.232  -56.326  -33.040 0.6000000238
18541  -32.334  -54.818  -31.854 0.5000000000
19527  -32.625  -54.173  -31.645 0.5000000000
137255  -25.945  -50.445  -28.709 0.6999999881
23383  -26.633  -49.866  -28.284 0.6999999881
23370  -24.987  -50.143  -26.548 0.6999999881
24359  -26.015  -49.703  -26.410 0.6999999881
132405  -26.410  -49.503  -27.641 0.6999999881
24361  -27.945  -48.929  -26.705 0.6999999881
24362  -28.615  -49.008  -26.491 0.6000000238
24348  -29.197  -49.193  -25.461 0.6000000238
24333  -30.356  -49.791  -24.309 0.5000000000
23356  -30.142  -49.966  -25.171 0.6999999881
24349  -30.845  -50.006  -24.371 0.5000000000
23357  -31.618  -50.526  -24.684 0.5000000000
23358  -32.667  -50.626  -25.249 0.5000000000
141710  -40.061  -57.304  -25.860 0.4000000060
16416  -40.646  -57.404  -26.774 0.5000000000
17469  -41.598  -56.579  -26.392 0.5000000000
124472  -42.082  -56.464  -26.983 0.5000000000
18501  -42.756  -55.922  -26.912 0.4000000060
16381  -38.581  -57.204  -24.633 0.4000000060
17468  -40.970  -56.913  -26.198 0.4000000060
130999  -31.704  -52.876  -27.254 0.6000000238
21381  -30.681  -52.890  -28.015 0.6000000238
21395  -30.845  -51.783  -28.194 0.6000000238
21406  -29.583  -51.702  -29.739 0.6000000238
22372  -30.532  -50.587  -28.662 0.6000000238
20464  -30.083  -53.788  -31.132 0.6000000238
146120  -30.722  -53.306  -31.021 0.6000000238
22371  -29.889  -51.043  -29.254 0.6000000238
19525  -30.811  -54.605  -31.944 0.6000000238
136284  -30.587  -51.618  -30.368 0.5000000000
19526  -31.654  -54.859  -32.148 0.6000000238
145820  -31.704  -53.293  -31.225 0.5000000000
124921  -32.123  -54.177  -31.785 0.5000000000
23344  -24.587  -50.785  -24.437 0.6999999881
24344  -26.045  -49.837  -25.048 0.6999999881
24329  -26.809  -49.380  -24.793 0.6999999881
24346  -27.599  -48.959  -25.694 0.6999999881
24313  -28.064  -49.410  -24.304 0.6000000238
24347  -28.512  -48.890  -25.879 0.6999999881
24332  -29.539  -49.453  -24.750 0.4000000060
22309  -23.785  -51.071  -23.451 0.6999999881
23345  -25.275  -50.259  -24.226 0.6999999881
24328  -25.926  -49.725  -23.876 0.6000000238
24295  -27.538  -49.919  -23.169 0.6000000238
24314  -30.006  -49.774  -24.259 0.5000000000
21307  -22.921  -52.555  -22.734 0.6999999881
22290  -23.484  -51.198  -22.376 0.6999999881
23333  -31.409  -50.129  -23.674 0.5000000000
20333  -24.037  -53.014  -21.956 0.6999999881
24316  -31.880  -49.894  -23.874 0.5000000000
20334  -25.195  -53.293  -21.720 0.6000000238
147913  -25.947  -53.290  -21.210 0.6000000238
20326  -26.410  -53.382  -20.497 0.6000000238
20300  -24.933  -53.564  -18.137 0.5000000000
21239  -23.892  -52.258  -17.328 0.5000000000
17447  -42.167  -56.113  -26.106 0.4000000060
18487  -42.829  -55.663  -26.210 0.4000000060
22381  -30.015  -50.944  -30.038 0.6000000238
129143  -28.478  -50.017  -23.672 0.5000000000
23330  -29.072  -49.580  -24.367 0.5000000000
129745  -24.128  -50.407  -22.789 0.6000000238
24310  -25.434  -49.531  -23.049 0.6000000238
133054  -26.759  -49.754  -22.390 0.6000000238
23308  -28.060  -50.525  -22.691 0.6000000238
23309  -29.903  -50.831  -23.245 0.5000000000
23332  -30.454  -50.157  -23.762 0.5000000000
23311  -31.877  -50.745  -23.215 0.5000000000
131557  -23.603  -51.496  -21.641 0.6999999881
23305  -23.930  -50.549  -21.685 0.6000000238
24280  -25.536  -49.185  -21.853 0.6000000238
23291  -27.392  -50.396  -21.153 0.6000000238
23312  -32.883  -50.729  -23.139 0.5000000000
22275  -23.961  -51.291  -20.920 0.6999999881
23289  -24.344  -50.483  -20.721 0.6000000238
23276  -24.955  -49.775  -20.430 0.6000000238
24257  -26.612  -49.855  -19.798 0.6000000238
23277  -27.554  -50.462  -20.344 0.6000000238
21277  -24.836  -51.797  -20.524 0.6000000238
22261  -24.632  -51.150  -20.251 0.6000000238
23264  -25.571  -50.301  -19.033 0.6000000238
23265  -26.267  -49.857  -19.092 0.6000000238
21278  -25.796  -52.536  -19.905 0.6000000238
141087  -25.445  -52.039  -18.577 0.6000000238
23251  -25.470  -50.915  -17.934 0.6000000238
23252  -26.195  -50.105  -18.146 0.6000000238
21265  -25.784  -52.603  -18.877 0.5000000000
21240  -24.774  -52.132  -17.549 0.5000000000
22212  -25.054  -51.351  -17.490 0.5000000000
24230  -26.620  -49.728  -17.772 0.6000000238
18475  -42.557  -55.576  -25.463 0.4000000060
21249  -22.442  -52.711  -17.978 0.5000000000
22211  -24.314  -51.494  -17.219 0.5000000000
24228  -25.185  -49.940  -17.286 0.6000000238
24229  -25.921  -49.595  -17.452 0.6000000238
22208  -21.963  -51.126  -17.908 0.5000000000
24226  -23.032  -49.912  -17.727 0.5000000000
23230  -23.707  -50.733  -17.229 0.4000000060
24227  -24.168  -49.933  -17.268 0.5000000000
132531  -25.522  -48.915  -17.301 0.6000000238
22291  -29.342  -51.601  -22.570 0.6000000238
21310  -30.937  -52.658  -22.286 0.5000000000
22293  -31.406  -51.748  -22.824 0.5000000000
22277  -28.891  -51.921  -21.916 0.6000000238
21293  -30.239  -52.774  -21.593 0.5000000000
22294  -32.410  -51.735  -22.792 0.5000000000
150781  -28.344  -51.296  -19.828 0.6999999881
22250  -29.753  -52.089  -19.235 0.6999999881
23266  -27.384  -50.255  -19.562 0.6000000238
22229  -28.507  -51.244  -18.981 0.6999999881
24244  -27.007  -50.018  -18.585 0.6000000238
23254  -27.950  -50.561  -18.567 0.6999999881
24231  -28.085  -49.450  -17.633 0.6999999881
131697  -26.415  -49.051  -17.350 0.6000000238
25172  -27.844  -48.562  -17.385 0.6999999881
24254  -21.654  -49.717  -19.631 0.5000000000
146073  -22.314  -49.620  -18.387 0.5000000000
24243  -23.640  -49.130  -17.774 0.4000000060
142586  -24.809  -48.347  -17.542 0.6000000238
128515  -26.176  -48.222  -17.196 0.6000000238
24255  -22.199  -49.137  -19.034 0.5000000000
149076  -23.315  -48.579  -18.358 0.4000000060
127122  -24.018  -48.270  -18.016 0.5000000000
21311  -31.986  -52.602  -22.410 0.5000000000
130522  -32.045  -53.096  -21.234 0.5000000000
21279  -29.695  -52.573  -20.844 0.6000000238
22251  -30.699  -52.141  -19.262 0.5000000000
22253  -32.638  -51.791  -19.646 0.5000000000
22230  -29.370  -51.486  -18.547 0.6999999881
23234  -29.552  -50.770  -17.887 0.6999999881
24246  -29.062  -50.316  -17.813 0.6000000238
26052  -27.566  -47.640  -17.261 0.6999999881
25173  -28.714  -48.705  -17.506 0.6000000238
26050  -26.024  -47.351  -17.408 0.6000000238
133159  -27.131  -47.187  -17.278 0.6000000238
26094  -23.360  -47.773  -20.370 0.5000000000
26071  -24.008  -47.382  -18.666 0.4000000060
26073  -25.327  -47.024  -17.907 0.6000000238
27019  -24.367  -46.841  -21.148 0.4000000060
27009  -24.457  -46.124  -20.200 0.4000000060
27893  -24.804  -45.587  -19.716 0.5000000000
26999  -25.031  -45.776  -19.016 0.5000000000
22231  -30.346  -51.700  -18.549 0.6000000238
22233  -32.131  -51.398  -18.871 0.5000000000
132253  -30.087  -51.218  -18.010 0.6000000238
23237  -32.063  -50.337  -17.744 0.5000000000
24233  -29.806  -49.831  -17.651 0.6000000238
25174  -29.564  -48.881  -17.612 0.6000000238
128683  -31.245  -49.014  -17.455 0.5000000000
26053  -29.357  -47.990  -17.553 0.6000000238
26970  -28.214  -47.109  -17.417 0.6999999881
26074  -29.105  -47.067  -17.698 0.5000000000
26967  -25.946  -46.605  -17.810 0.6000000238
150730  -26.487  -45.191  -18.696 0.5000000000
27906  -25.108  -45.196  -20.461 0.4000000060
128691  -26.140  -44.716  -19.262 0.5000000000
31504  -24.241  -41.555  -21.798 0.4000000060
134815  -24.315  -40.850  -21.859 0.3000000119
31505  -24.763  -41.406  -22.400 0.4000000060
24236  -32.471  -49.697  -17.594 0.5000000000
130799  -24.536  -42.841  -23.782 0.3000000119
31517  -25.335  -41.708  -23.034 0.4000000060
25191  -30.891  -48.333  -17.664 0.5000000000
132121  -32.077  -49.001  -17.387 0.5000000000
28805  -25.043  -44.246  -25.334 0.3000000119
30588  -25.460  -42.386  -23.785 0.4000000060
26076  -30.596  -47.632  -18.090 0.5000000000
27962  -25.112  -45.450  -25.811 0.3000000119
26986  -29.185  -46.329  -18.430 0.6000000238
27884  -27.270  -45.352  -18.429 0.6999999881
27885  -28.284  -45.706  -18.361 0.6000000238
28741  -25.850  -44.448  -20.155 0.5000000000
27895  -27.077  -44.644  -19.010 0.5000000000
28752  -27.621  -43.714  -20.406 0.4000000060
28753  -28.636  -44.158  -20.128 0.4000000060
33488  -22.442  -38.799  -21.359 0.3000000119
33489  -23.166  -39.383  -21.493 0.3000000119
137752  -24.432  -39.574  -22.056 0.3000000119
33516  -25.124  -39.632  -22.500 0.3000000119
32516  -25.474  -40.791  -22.758 0.4000000060
25175  -31.706  -48.324  -17.419 0.5000000000
30598  -25.904  -42.873  -24.803 0.4000000060
31518  -26.101  -41.537  -23.499 0.4000000060
26077  -31.386  -47.597  -17.811 0.5000000000
29666  -26.491  -43.502  -25.620 0.4000000060
30600  -27.256  -42.278  -25.343 0.4000000060
26987  -30.472  -47.014  -18.758 0.5000000000
26988  -30.981  -47.140  -18.793 0.5000000000
28820  -26.814  -45.169  -26.037 0.4000000060
27000  -30.148  -46.440  -19.280 0.5000000000
28744  -28.714  -44.798  -19.507 0.5000000000
128348  -30.108  -45.751  -19.824 0.5000000000
27931  -26.526  -45.038  -22.643 0.3000000119
28775  -27.004  -44.064  -21.963 0.4000000060
28763  -28.467  -43.728  -20.968 0.4000000060
147018  -30.039  -45.086  -20.287 0.4000000060
34489  -21.775  -37.988  -21.129 0.3000000119
138180  -23.146  -38.519  -21.531 0.3000000119
33505  -25.249  -38.652  -22.584 0.4000000060
33518  -26.341  -39.333  -22.972 0.4000000060
26058  -34.696  -47.609  -17.212 0.4000000060
139061  -26.589  -40.058  -23.276 0.4000000060
26057  -33.588  -47.381  -16.799 0.4000000060
31532  -26.883  -41.655  -24.455 0.4000000060
32531  -27.571  -40.791  -24.324 0.4000000060
26971  -32.087  -46.948  -17.417 0.4000000060
31533  -27.908  -41.518  -25.319 0.4000000060
128444  -30.843  -46.628  -19.477 0.5000000000
29676  -27.191  -44.263  -26.134 0.4000000060
28806  -28.211  -44.920  -25.095 0.3000000119
27010  -31.119  -46.245  -19.849 0.5000000000
28776  -28.452  -44.065  -23.047 0.3000000119
145933  -23.120  -37.699  -21.374 0.3000000119
35494  -24.088  -36.966  -21.898 0.3000000119
34505  -24.691  -37.704  -22.333 0.3000000119
34506  -25.574  -37.836  -22.717 0.4000000060
138958  -26.317  -37.905  -23.055 0.4000000060
35507  -27.072  -37.954  -23.493 0.3000000119
34527  -27.225  -38.784  -23.483 0.4000000060
147443  -35.226  -47.115  -17.166 0.4000000060
26059  -35.908  -46.892  -17.630 0.4000000060
33525  -27.639  -39.337  -23.740 0.4000000060
147889  -33.104  -46.774  -16.708 0.4000000060
26990  -32.212  -46.295  -17.839 0.4000000060
30610  -28.000  -42.696  -26.105 0.3000000119
27002  -31.871  -46.341  -18.784 0.4000000060
28821  -27.931  -44.698  -26.000 0.3000000119
139023  -28.844  -43.178  -26.366 0.3000000119
128858  -28.885  -44.267  -24.634 0.3000000119
27922  -30.262  -44.484  -20.925 0.4000000060
36446  -23.055  -36.718  -20.182 0.3000000119
35495  -24.593  -36.753  -22.214 0.4000000060
36510  -25.553  -36.165  -22.711 0.4000000060
35506  -25.906  -37.066  -22.969 0.4000000060
27887  -36.940  -45.773  -17.911 0.4000000060
26975  -36.125  -46.075  -17.400 0.4000000060
34528  -27.829  -38.519  -23.764 0.4000000060
27876  -34.411  -45.956  -16.640 0.4000000060
32532  -28.444  -40.515  -24.979 0.4000000060
26972  -32.751  -46.321  -16.985 0.4000000060
27875  -33.465  -45.487  -16.847 0.4000000060
32541  -28.775  -40.970  -25.818 0.3000000119
27874  -32.678  -45.546  -17.534 0.4000000060
30620  -30.131  -42.669  -26.281 0.3000000119
27900  -31.920  -45.964  -19.445 0.5000000000
28823  -29.559  -43.673  -25.647 0.3000000119
29678  -30.250  -43.300  -25.444 0.3000000119
27911  -31.969  -45.413  -19.970 0.5000000000
140432  -30.149  -43.748  -22.702 0.3000000119
27923  -31.078  -44.892  -20.702 0.4000000060
130851  -28.169  -43.761  -22.028 0.4000000060
36453  -24.292  -36.306  -20.679 0.3000000119
36512  -26.973  -35.916  -23.815 0.3000000119
36526  -27.970  -36.585  -23.990 0.3000000119
27879  -37.120  -45.049  -17.717 0.4000000060
141756  -29.084  -38.768  -24.650 0.3000000119
27877  -35.337  -45.438  -16.790 0.4000000060
28727  -36.766  -44.362  -17.205 0.3000000119
144743  -29.766  -39.516  -25.604 0.3000000119
28723  -33.049  -44.766  -17.436 0.4000000060
28725  -34.838  -44.584  -16.638 0.4000000060
32544  -31.137  -40.543  -25.724 0.3000000119
30601  -31.294  -41.953  -25.412 0.3000000119
129990  -32.476  -44.353  -18.847 0.4000000060
28794  -30.123  -43.641  -24.293 0.3000000119
29645  -30.801  -43.485  -22.732 0.3000000119
28779  -30.784  -43.821  -22.128 0.3000000119
143022  -31.639  -44.152  -21.207 0.3000000119
35520  -28.767  -37.464  -24.144 0.3000000119
37489  -28.999  -35.599  -23.998 0.3000000119
34530  -29.340  -38.206  -24.519 0.3000000119
29599  -36.084  -43.912  -16.753 0.3000000119
138353  -34.446  -43.932  -16.703 0.4000000060
28714  -35.266  -43.896  -16.626 0.4000000060
32534  -31.399  -40.145  -25.100 0.3000000119
29597  -33.228  -43.986  -17.451 0.4000000060
29598  -33.818  -43.581  -16.933 0.4000000060
129093  -31.315  -41.944  -24.750 0.3000000119
29658  -30.609  -43.366  -23.723 0.3000000119
29614  -32.279  -44.111  -19.772 0.3000000119
29633  -31.269  -43.718  -21.872 0.3000000119
33519  -30.826  -39.021  -24.201 0.3000000119
31519  -31.217  -40.964  -24.241 0.3000000119
30526  -33.215  -43.177  -17.475 0.3000000119
30527  -34.343  -42.342  -16.695 0.3000000119
30574  -31.087  -42.141  -23.732 0.3000000119
132686  -32.377  -43.387  -18.910 0.3000000119
30566  -31.384  -42.848  -21.943 0.3000000119
30560  -32.105  -43.104  -19.854 0.3000000119
130125  -30.499  -37.914  -22.504 0.3000000119
35480  -30.646  -37.217  -21.860 0.3000000119
32498  -30.877  -40.411  -22.396 0.3000000119
30525  -33.233  -42.329  -17.457 0.3000000119
126551  -30.608  -38.797  -22.203 0.3000000119
34491  -30.716  -38.076  -21.510 0.3000000119
143751  -29.855  -43.964  -21.993 0.4000000060
28792  -28.804  -44.208  -23.849 0.3000000119
127324  -30.207  -43.623  -23.506 0.3000000119
13531  -39.519  -61.116  -38.275 0.6000000238
11622  -40.221  -62.580  -39.403 0.5000000000
10747  -39.729  -63.420  -39.757 0.5000000000
134142  -38.718  -63.640  -39.542 0.5000000000
11623  -41.208  -62.806  -40.086 0.5000000000
11626  -43.763  -61.924  -39.778 0.5000000000
13522  -37.697  -60.361  -37.390 0.6999999881
13512  -38.577  -60.191  -36.768 0.6999999881
13510  -36.071  -59.913  -36.516 0.6999999881
135390  -43.130  -62.215  -40.285 0.4000000060
139001  -35.095  -61.180  -37.566 0.6999999881
124837  -42.944  -61.243  -38.946 0.5000000000
131965  -46.822  -60.878  -33.861 0.3000000119
12563  -42.888  -61.095  -38.215 0.5000000000
13506  -42.651  -60.679  -36.303 0.3000000119
14479  -37.487  -58.728  -33.262 0.6000000238
134090  -37.216  -58.518  -34.898 0.6000000238
13456  -34.218  -60.073  -31.679 0.6000000238
14503  -35.104  -58.707  -35.391 0.6999999881
10683  -46.777  -64.329  -31.555 0.3000000119
12527  -34.578  -60.880  -33.527 0.6000000238
13492  -34.236  -59.933  -34.340 0.6000000238
13508  -34.322  -60.385  -36.099 0.6999999881
13514  -40.260  -61.049  -37.899 0.5000000000
12572  -42.159  -61.527  -39.109 0.6000000238
12577  -41.206  -62.193  -39.482 0.5000000000
12546  -33.935  -60.986  -35.832 0.6000000238
141224  -34.173  -61.301  -37.274 0.6999999881
127318  -35.382  -62.796  -34.071 0.5000000000
11602  -33.543  -61.574  -36.828 0.5000000000
134059  -47.665  -60.241  -33.876 0.3000000119
10678  -34.860  -63.295  -30.981 0.6000000238
10732  -33.534  -63.175  -36.400 0.5000000000
15509  -43.982  -58.148  -35.175 0.3000000119
13504  -39.728  -61.199  -35.998 0.5000000000
13485  -47.703  -59.861  -34.195 0.3000000119
9940  -34.102  -64.188  -36.109 0.5000000000
14455  -39.234  -60.133  -31.137 0.4000000060
138601  -47.478  -63.344  -30.045 0.3000000119
13395  -31.996  -60.443  -26.080 0.6000000238
12482  -29.674  -61.698  -30.451 0.6999999881
14407  -29.572  -60.290  -29.585 0.6000000238
136790  -30.793  -57.841  -29.838 0.6000000238
14363  -32.523  -60.111  -25.771 0.6000000238
15363  -36.512  -58.489  -25.627 0.5000000000
15461  -40.823  -59.273  -29.908 0.4000000060
15347  -32.834  -58.360  -24.759 0.6000000238
16377  -34.668  -57.656  -23.980 0.5000000000
17465  -31.727  -57.187  -26.537 0.6000000238
19456  -35.794  -54.471  -25.708 0.4000000060
13491  -30.887  -60.079  -34.759 0.6000000238
15479  -31.549  -58.266  -33.426 0.6999999881
17440  -26.988  -56.332  -25.567 0.6000000238
15385  -37.929  -58.359  -26.589 0.4000000060
16380  -37.747  -57.096  -23.993 0.4000000060
19458  -37.144  -53.612  -25.311 0.4000000060
19508  -33.621  -54.163  -30.028 0.4000000060
13500  -29.851  -61.106  -35.682 0.6000000238
19465  -26.905  -53.997  -26.279 0.6000000238
17463  -28.506  -56.860  -26.078 0.6000000238
16417  -41.399  -56.992  -26.950 0.5000000000
16464  -27.389  -57.699  -29.286 0.5000000000
20393  -31.697  -53.416  -26.361 0.6000000238
16463  -27.127  -58.160  -29.855 0.4000000060
17528  -30.592  -56.750  -33.372 0.5000000000
17413  -37.968  -55.857  -23.459 0.5000000000
19523  -28.728  -54.703  -31.179 0.6000000238
17527  -29.660  -56.409  -32.776 0.5000000000
20347  -25.740  -54.126  -22.409 0.6000000238
22209  -22.556  -51.533  -17.531 0.5000000000
23292  -27.814  -50.908  -21.764 0.5000000000
24266  -25.550  -49.093  -20.918 0.6000000238
24267  -26.311  -49.461  -20.726 0.6000000238
22249  -28.561  -51.641  -20.400 0.6000000238
148881  -25.027  -51.167  -19.686 0.6000000238
23249  -21.417  -50.670  -18.545 0.5000000000
21281  -31.453  -52.791  -20.498 0.5000000000
126410  -28.488  -47.812  -17.354 0.6000000238
25190  -22.842  -48.544  -18.923 0.5000000000
26985  -27.405  -46.063  -17.832 0.6000000238
30573  -24.418  -42.100  -22.334 0.3000000119
24235  -31.650  -49.701  -17.529 0.5000000000
27921  -26.147  -44.625  -21.688 0.3000000119
25177  -33.305  -48.292  -17.130 0.4000000060
26056  -32.810  -47.715  -16.949 0.4000000060
28762  -27.538  -43.675  -21.260 0.4000000060
27932  -27.482  -44.653  -23.082 0.3000000119
27909  -31.260  -45.671  -20.160 0.5000000000
26974  -34.481  -46.828  -16.751 0.4000000060
36468  -23.088  -36.603  -20.676 0.3000000119
31551  -29.943  -41.907  -26.445 0.3000000119
28735  -32.560  -44.972  -18.233 0.4000000060
28766  -31.291  -44.381  -21.194 0.3000000119
32543  -30.325  -40.042  -26.003 0.3000000119
28754  -31.707  -44.714  -20.774 0.4000000060
35463  -24.663  -36.963  -20.307 0.3000000119
129006  -30.841  -39.574  -25.319 0.3000000119
29608  -32.740  -43.654  -18.112 0.4000000060
33506  -30.699  -39.543  -23.063 0.3000000119
6714  -31.603  -68.099  -34.702 0.5000000000
7506  -32.299  -67.684  -35.549 0.5000000000
8317  -32.704  -67.149  -35.889 0.5000000000
8332  -32.791  -66.356  -36.385 0.4000000060
6684  -31.076  -67.816  -33.083 0.5000000000
6701  -31.976  -67.930  -34.167 0.5000000000
6715  -32.385  -67.866  -34.766 0.5000000000
7507  -32.971  -67.423  -35.165 0.5000000000
8318  -33.376  -66.721  -35.589 0.5000000000
8333  -33.622  -65.821  -36.090 0.4000000060
7475  -30.836  -67.619  -32.082 0.4000000060
7486  -31.909  -67.783  -33.422 0.5000000000
8302  -33.640  -66.952  -34.573 0.5000000000
9134  -34.370  -65.139  -35.637 0.4000000060
7476  -31.805  -67.565  -32.402 0.5000000000
137143  -32.644  -67.481  -32.902 0.5000000000
7487  -32.574  -67.701  -33.903 0.5000000000
7466  -32.682  -67.114  -31.610 0.5000000000
143387  -33.901  -66.865  -33.011 0.5000000000
8276  -34.085  -66.549  -32.195 0.5000000000
8289  -34.442  -66.263  -33.084 0.5000000000
9099  -35.271  -64.979  -33.491 0.4000000060
7465  -31.646  -67.286  -31.272 0.5000000000
8266  -34.148  -66.070  -31.308 0.5000000000
8277  -34.623  -65.907  -31.991 0.5000000000
149624  -35.340  -64.776  -32.722 0.5000000000
149169  -30.043  -64.798  -30.545 0.5000000000
8263  -32.277  -66.623  -30.513 0.5000000000
9053  -32.071  -65.334  -29.789 0.5000000000
8251  -32.620  -65.926  -30.115 0.5000000000
9854  -32.721  -64.905  -30.426 0.5000000000
9068  -33.855  -65.529  -30.745 0.5000000000
9855  -33.368  -65.102  -30.510 0.5000000000
9069  -34.523  -65.249  -31.296 0.5000000000
144952  -35.145  -64.775  -31.865 0.5000000000
9067  -30.679  -64.822  -30.307 0.5000000000
142226  -30.515  -64.975  -31.387 0.5000000000
9098  -31.091  -65.133  -34.327 0.5000000000
9870  -32.634  -64.523  -31.259 0.5000000000
130384  -32.279  -64.546  -32.540 0.5000000000
9904  -31.820  -64.729  -33.627 0.5000000000
9871  -33.539  -64.292  -30.987 0.5000000000
9889  -32.928  -63.927  -32.235 0.5000000000
140036  -32.475  -64.181  -33.231 0.5000000000
10676  -33.432  -63.491  -31.267 0.5000000000
9872  -34.065  -64.746  -30.911 0.5000000000
9873  -34.726  -64.280  -31.203 0.5000000000
9874  -35.273  -63.816  -31.565 0.5000000000
149374  -29.547  -62.629  -36.012 0.5000000000
12538  -29.964  -61.757  -35.304 0.6000000238
10713  -31.591  -64.458  -34.498 0.5000000000
11575  -31.079  -62.811  -34.328 0.5000000000
11560  -32.178  -62.905  -32.596 0.5000000000
11576  -31.804  -63.075  -33.696 0.5000000000
10677  -34.287  -63.853  -31.066 0.5000000000
129673  -28.249  -61.131  -36.215 0.5000000000
13499  -29.279  -60.672  -35.940 0.5000000000
11574  -30.322  -62.193  -33.971 0.6000000238
136752  -23.977  -55.921  -28.533 0.5000000000
17476  -24.559  -56.187  -27.872 0.6000000238
19493  -23.040  -54.642  -29.015 0.5000000000
19494  -23.918  -54.467  -29.046 0.5000000000
20404  -25.670  -53.954  -28.064 0.6000000238
20419  -25.166  -53.267  -28.982 0.6000000238
130756  -23.449  -53.885  -29.168 0.5000000000
21390  -23.601  -52.565  -29.083 0.6000000238
22354  -23.498  -51.264  -27.909 0.5000000000
21392  -25.398  -52.217  -29.110 0.6000000238
22355  -24.356  -50.957  -28.380 0.6000000238
22330  -22.606  -51.523  -25.866 0.5000000000
144460  -23.967  -50.736  -27.507 0.6000000238
23381  -24.812  -50.258  -27.712 0.6000000238
22318  -22.017  -51.768  -24.868 0.5000000000
22331  -23.510  -51.054  -25.661 0.5000000000
21326  -22.493  -52.753  -23.154 0.5000000000
20358  -23.856  -54.037  -23.110 0.6000000238
18423  -26.306  -55.496  -22.642 0.6000000238
18432  -25.556  -55.177  -23.091 0.5000000000
22308  -23.063  -51.559  -23.782 0.6000000238
22320  -23.745  -51.185  -24.590 0.5000000000
20346  -24.621  -53.726  -22.545 0.5000000000
19377  -26.751  -53.916  -19.919 0.6000000238
20335  -26.473  -53.902  -21.545 0.6000000238
20301  -25.673  -53.316  -18.532 0.6000000238
14484  -47.409  -59.531  -33.877 0.3000000119
14472  -45.214  -59.109  -32.506 0.3000000119
14497  -46.202  -59.426  -35.409 0.3000000119
16479  -44.916  -57.902  -31.284 0.3000000119
14496  -44.764  -59.045  -34.819 0.3000000119
125574  -47.275  -59.657  -34.849 0.3000000119
134201  -34.686  -65.539  -34.688 0.4000000060
10689  -32.761  -63.382  -32.244 0.5000000000
11559  -31.012  -62.506  -32.924 0.5000000000
17477  -25.098  -56.936  -26.877 0.5000000000
8319  -34.096  -66.146  -35.185 0.4000000060
8303  -34.317  -66.263  -34.188 0.5000000000
8264  -33.085  -66.417  -30.695 0.5000000000
9052  -30.651  -65.011  -29.486 0.5000000000
149433  -31.411  -65.168  -29.606 0.5000000000
137804  -31.334  -65.067  -32.601 0.5000000000
14473  -46.156  -59.408  -33.293 0.3000000119
127788  -44.250  -58.048  -33.602 0.3000000119
14483  -46.037  -59.426  -34.300 0.3000000119
14482  -44.767  -58.956  -33.575 0.3000000119
15487  -44.624  -58.442  -32.696 0.3000000119
29589  -34.614  -43.161  -16.656 0.3000000119
6700  -31.299  -67.986  -33.964 0.5000000000
6728  -31.855  -68.006  -35.266 0.5000000000
7477  -33.407  -67.063  -32.464 0.5000000000
7488  -33.357  -67.280  -33.585 0.5000000000
7494  -33.026  -67.524  -34.429 0.5000000000
8250  -31.840  -66.097  -29.742 0.5000000000
8252  -33.262  -65.750  -30.423 0.5000000000
8265  -33.654  -66.132  -30.819 0.5000000000
8275  -33.544  -66.616  -31.484 0.5000000000
9054  -32.796  -65.372  -30.193 0.5000000000
9058  -47.050  -65.522  -29.981 0.3000000119
9083  -30.968  -65.254  -33.485 0.5000000000
9084  -35.007  -65.434  -32.670 0.5000000000
9116  -34.845  -65.631  -33.749 0.4000000060
9117  -35.109  -65.081  -34.231 0.4000000060
9853  -31.707  -64.928  -30.201 0.5000000000
9869  -31.612  -64.832  -31.358 0.5000000000
9920  -34.998  -64.752  -34.913 0.5000000000
10650  -47.711  -64.370  -29.558 0.3000000119
10679  -35.396  -62.917  -31.365 0.6999999881
10688  -32.425  -63.609  -33.109 0.5000000000
10690  -35.644  -63.255  -32.255 0.6000000238
10699  -31.569  -63.548  -34.464 0.5000000000
10700  -32.148  -63.956  -33.892 0.5000000000
10701  -35.585  -63.593  -33.386 0.5000000000
10739  -32.579  -62.396  -38.875 0.5000000000
10742  -33.070  -62.847  -39.433 0.5000000000
10748  -40.573  -63.220  -40.026 0.5000000000
10749  -41.110  -63.299  -40.560 0.5000000000
11552  -35.053  -62.414  -30.868 0.6999999881
11586  -30.441  -62.404  -34.840 0.6000000238
11595  -30.173  -62.661  -35.505 0.6000000238
11604  -33.015  -62.162  -37.087 0.5000000000
11608  -33.064  -61.979  -38.289 0.6000000238
11611  -35.901  -62.544  -38.607 0.6000000238
11614  -39.435  -62.126  -38.789 0.6000000238
11627  -44.412  -61.458  -39.255 0.5000000000
12448  -30.643  -61.391  -27.724 0.6000000238
12459  -30.247  -61.550  -28.449 0.6000000238
12473  -31.313  -61.914  -29.069 0.6000000238
12483  -30.263  -62.122  -30.081 0.6999999881
12516  -29.919  -61.685  -33.486 0.6999999881
12526  -30.115  -61.689  -34.553 0.6999999881
12545  -29.655  -61.935  -35.839 0.5000000000
12552  -46.952  -60.363  -36.278 0.4000000060
12557  -46.637  -60.475  -36.956 0.4000000060
12558  -36.179  -61.141  -37.774 0.6999999881
12569  -39.153  -61.420  -38.429 0.6000000238
12575  -45.168  -61.031  -38.799 0.4000000060
12579  -43.462  -61.693  -39.878 0.5000000000
13385  -31.965  -59.702  -25.587 0.6000000238
13396  -32.661  -60.430  -26.379 0.6000000238
13405  -30.331  -60.901  -27.236 0.6000000238
13407  -31.970  -60.976  -26.901 0.6000000238
13418  -29.754  -61.146  -28.473 0.6000000238
13431  -29.399  -61.111  -29.955 0.6000000238
13443  -33.600  -60.069  -30.302 0.5000000000
13444  -34.007  -60.072  -30.958 0.6000000238
13455  -29.465  -61.078  -31.989 0.6999999881
13470  -38.800  -60.293  -32.963 0.4000000060
13472  -40.711  -60.405  -32.769 0.4000000060
13489  -27.188  -60.483  -35.958 0.5000000000
13490  -30.365  -60.767  -35.189 0.6000000238
13494  -39.226  -60.835  -34.252 0.4000000060
13498  -28.399  -60.308  -36.048 0.5000000000
13502  -34.642  -59.491  -35.742 0.6999999881
13505  -42.125  -60.931  -35.635 0.3000000119
13509  -35.100  -60.070  -36.320 0.6999999881
13520  -35.611  -60.557  -37.082 0.6999999881
13525  -43.643  -60.586  -37.834 0.5000000000
13529  -38.205  -60.680  -37.914 0.8000000119
13534  -45.305  -60.595  -38.582 0.5000000000
14349  -32.799  -59.572  -25.346 0.6000000238
14361  -30.775  -60.324  -26.510 0.6000000238
14366  -34.839  -59.371  -26.683 0.6000000238
14375  -25.609  -59.637  -27.457 0.5000000000
14376  -26.314  -59.829  -27.556 0.5000000000
14377  -26.924  -59.475  -27.585 0.5000000000
14378  -29.841  -60.620  -27.809 0.5000000000
14379  -30.207  -59.266  -27.562 0.6000000238
14392  -27.237  -59.224  -28.181 0.5000000000
14393  -29.636  -60.240  -28.602 0.5000000000
14406  -27.048  -59.694  -29.010 0.5000000000
14428  -29.597  -60.318  -30.536 0.6999999881
14433  -39.565  -59.877  -30.332 0.4000000060
14452  -34.187  -59.188  -31.279 0.6000000238
14466  -30.067  -60.340  -32.608 0.6999999881
14467  -34.220  -59.002  -32.120 0.6000000238
14470  -40.599  -60.127  -31.881 0.4000000060
14477  -31.411  -58.556  -34.407 0.6999999881
14489  -31.102  -59.286  -35.072 0.6000000238
14492  -37.498  -58.664  -34.134 0.6000000238
14498  -47.097  -59.765  -35.749 0.4000000060
14499  -28.002  -59.749  -35.693 0.6000000238
14500  -29.201  -59.886  -35.807 0.6000000238
14501  -30.075  -60.263  -35.649 0.6000000238
14502  -34.430  -59.081  -35.052 0.6999999881
14505  -36.523  -58.488  -35.324 0.6999999881
14513  -38.004  -59.597  -36.130 0.6000000238
14516  -45.501  -59.534  -37.392 0.4000000060
14518  -45.850  -59.815  -37.854 0.4000000060
15348  -33.341  -58.202  -24.507 0.6000000238
15350  -36.002  -58.245  -24.620 0.5000000000
15358  -31.710  -58.670  -25.617 0.6000000238
15361  -34.170  -59.186  -25.191 0.6000000238
15364  -37.587  -58.174  -25.610 0.5000000000
15378  -27.217  -58.253  -26.380 0.5000000000
15386  -38.756  -58.250  -26.892 0.5000000000
15394  -25.448  -58.937  -26.995 0.6000000238
15395  -26.646  -59.262  -27.089 0.5000000000
15401  -39.018  -58.494  -27.687 0.5000000000
15415  -30.364  -58.647  -28.099 0.6000000238
15416  -36.187  -58.647  -28.453 0.5000000000
15421  -40.990  -58.411  -28.821 0.4000000060
15455  -27.004  -59.126  -30.009 0.4000000060
15456  -30.503  -58.655  -30.231 0.6000000238
15473  -36.030  -57.789  -31.936 0.5000000000
15476  -44.871  -58.608  -31.803 0.3000000119
15480  -31.514  -57.504  -33.384 0.6000000238
15483  -36.267  -57.655  -32.889 0.5000000000
15488  -26.804  -58.949  -33.102 0.6000000238
15489  -27.495  -58.463  -33.584 0.5000000000
15490  -28.611  -58.164  -34.020 0.5000000000
15491  -29.902  -57.883  -34.458 0.6000000238
15492  -31.262  -57.068  -33.505 0.6000000238
15493  -35.041  -58.033  -33.576 0.6000000238
15495  -36.435  -57.885  -33.650 0.5000000000
15504  -36.113  -57.959  -34.221 0.6000000238
15505  -36.734  -58.200  -34.234 0.6000000238
15507  -42.947  -57.767  -35.360 0.3000000119
15511  -36.437  -58.224  -34.710 0.6000000238
15513  -43.291  -58.153  -35.608 0.3000000119
16364  -35.226  -57.040  -23.682 0.5000000000
16366  -37.030  -56.802  -23.644 0.4000000060
16375  -32.938  -57.715  -24.659 0.6000000238
16379  -36.310  -57.760  -24.133 0.5000000000
16390  -27.285  -57.146  -25.672 0.6000000238
16391  -28.006  -57.053  -25.779 0.6000000238
16409  -25.814  -57.556  -26.217 0.6000000238
16410  -26.724  -57.964  -25.966 0.6000000238
16412  -28.059  -57.364  -26.179 0.5000000000
16413  -31.898  -57.680  -25.750 0.6000000238
16428  -24.631  -57.372  -27.619 0.5000000000
16430  -27.909  -57.743  -27.532 0.5000000000
16432  -30.988  -57.681  -27.689 0.6000000238
16433  -31.161  -57.791  -26.924 0.6000000238
16449  -30.701  -57.957  -28.251 0.6000000238
16467  -41.833  -57.956  -30.094 0.4000000060
16474  -26.924  -58.068  -30.616 0.4000000060
16475  -27.129  -57.268  -31.007 0.6000000238
16476  -31.090  -57.724  -30.759 0.6000000238
16477  -31.627  -56.973  -31.252 0.6000000238
16481  -27.217  -57.296  -31.793 0.5000000000
16482  -31.480  -57.431  -31.853 0.6000000238
16483  -31.569  -56.933  -32.912 0.6000000238
16484  -41.864  -58.016  -31.100 0.4000000060
16488  -26.995  -57.883  -32.148 0.4000000060
16497  -30.235  -57.310  -33.925 0.6000000238
17410  -35.681  -56.430  -23.542 0.4000000060
17424  -34.472  -56.829  -23.873 0.5000000000
17425  -37.664  -56.484  -23.649 0.4000000060
17442  -28.484  -56.403  -25.665 0.6000000238
17443  -28.938  -55.840  -25.602 0.5000000000
17444  -32.395  -57.135  -25.465 0.6000000238
17462  -26.440  -56.988  -25.806 0.6000000238
17464  -29.022  -56.245  -25.979 0.6000000238
17479  -28.361  -57.201  -26.790 0.5000000000
17480  -28.855  -56.525  -26.620 0.6000000238
17481  -31.493  -57.036  -27.660 0.6000000238
17495  -31.907  -56.319  -28.182 0.5000000000
17504  -27.418  -56.622  -29.592 0.6000000238
17511  -27.330  -56.540  -30.535 0.6000000238
17519  -29.121  -56.004  -32.121 0.5000000000
17520  -31.580  -56.196  -32.718 0.6000000238
17525  -27.809  -56.856  -32.131 0.5000000000
17526  -28.707  -56.577  -32.458 0.5000000000
18431  -24.797  -55.266  -23.392 0.5000000000
18434  -35.383  -55.716  -23.714 0.5000000000
18435  -36.598  -55.623  -23.465 0.5000000000
18468  -27.498  -55.759  -25.474 0.6000000238
18469  -28.341  -55.644  -25.435 0.6000000238
18471  -29.817  -55.025  -25.685 0.5000000000
18472  -33.535  -55.924  -25.244 0.6999999881
18473  -34.279  -55.628  -24.698 0.6000000238
18480  -26.673  -55.282  -25.912 0.6000000238
18481  -29.456  -55.577  -25.830 0.5000000000
18482  -29.999  -55.202  -26.129 0.5000000000
18483  -32.689  -56.035  -26.605 0.6000000238
18486  -35.072  -54.755  -25.716 0.4000000060
18493  -24.809  -55.283  -27.907 0.6000000238
18497  -30.085  -55.071  -26.873 0.6000000238
18499  -33.475  -55.041  -27.323 0.6000000238
18508  -23.641  -55.304  -28.837 0.5000000000
18509  -24.288  -55.232  -28.540 0.5000000000
18510  -27.700  -55.893  -29.431 0.6000000238
18511  -28.201  -55.729  -28.723 0.6000000238
18512  -28.774  -55.250  -28.327 0.6000000238
18520  -27.937  -55.217  -29.664 0.6000000238
18523  -33.105  -54.693  -29.360 0.6000000238
18530  -28.007  -55.035  -30.539 0.6000000238
18539  -30.538  -55.217  -32.254 0.6000000238
18549  -31.578  -55.594  -32.541 0.6000000238
19394  -26.766  -54.585  -19.872 0.6000000238
19395  -27.096  -54.350  -20.678 0.6000000238
19413  -25.916  -54.770  -22.760 0.5000000000
19414  -26.614  -54.667  -22.235 0.6000000238
19424  -25.046  -54.530  -23.091 0.5000000000
19426  -36.536  -54.882  -23.580 0.4000000060
19443  -36.502  -54.252  -24.089 0.4000000060
19452  -29.237  -54.395  -25.336 0.5000000000
19453  -29.956  -54.444  -25.403 0.5000000000
19455  -31.020  -54.205  -26.213 0.6000000238
19468  -34.837  -54.645  -26.530 0.6000000238
19470  -36.325  -54.231  -26.773 0.4000000060
19471  -36.940  -53.963  -26.215 0.4000000060
19481  -25.419  -54.935  -27.522 0.6000000238
19483  -33.926  -54.446  -27.815 0.6000000238
19495  -24.845  -54.395  -28.626 0.6000000238
19500  -35.880  -54.201  -27.564 0.5000000000
19514  -28.417  -54.290  -30.537 0.6000000238
19515  -32.830  -54.415  -31.373 0.5000000000
19516  -33.447  -54.105  -31.059 0.5000000000
19528  -33.166  -53.872  -31.507 0.5000000000
19532  -31.236  -55.219  -32.382 0.6000000238
20299  -23.935  -53.603  -18.040 0.5000000000
20314  -26.264  -53.404  -19.305 0.6000000238
20345  -23.565  -53.195  -22.526 0.6000000238
20378  -28.790  -53.839  -25.427 0.6000000238
20380  -30.540  -53.723  -25.326 0.6000000238
20382  -37.940  -53.084  -25.412 0.4000000060
20392  -28.313  -53.063  -26.009 0.6000000238
20395  -38.117  -53.109  -26.604 0.4000000060
20405  -26.337  -53.512  -27.441 0.6000000238
20407  -30.327  -53.724  -27.882 0.6000000238
20417  -23.353  -53.275  -29.127 0.5000000000
20418  -24.146  -53.467  -29.244 0.5000000000
20422  -29.808  -52.876  -28.579 0.6000000238
20423  -35.270  -53.726  -29.399 0.5000000000
20426  -38.137  -53.836  -29.541 0.4000000060
20449  -30.674  -52.532  -30.596 0.5000000000
21237  -22.047  -51.952  -17.826 0.5000000000
21238  -22.899  -52.205  -17.445 0.5000000000
21251  -24.423  -52.926  -17.663 0.5000000000
21252  -25.299  -52.704  -18.019 0.5000000000
21266  -30.130  -52.471  -19.956 0.6000000238
21267  -30.921  -52.499  -19.945 0.5000000000
21280  -30.554  -52.829  -20.701 0.5000000000
21290  -24.197  -52.249  -21.374 0.6999999881
21291  -25.402  -52.708  -20.891 0.6000000238
21292  -29.473  -52.368  -21.681 0.5000000000
21294  -31.128  -53.106  -21.427 0.5000000000
21295  -32.516  -52.950  -21.880 0.5000000000
21308  -23.336  -52.233  -22.100 0.6999999881
21309  -29.912  -52.306  -22.248 0.5000000000
21349  -31.201  -52.963  -25.295 0.6000000238
21350  -31.884  -52.883  -25.773 0.5000000000
21361  -21.964  -51.938  -26.476 0.5000000000
21362  -22.778  -51.666  -27.168 0.5000000000
21377  -23.079  -51.977  -28.338 0.5000000000
21378  -23.937  -51.697  -28.883 0.6000000238
21379  -26.571  -52.515  -28.072 0.6999999881
21380  -27.338  -52.053  -27.585 0.6999999881
21391  -24.525  -52.415  -29.271 0.6000000238
21393  -26.041  -52.024  -28.798 0.6999999881
21405  -29.382  -52.524  -29.363 0.6000000238
21414  -29.890  -51.915  -30.154 0.5000000000
22210  -23.328  -51.529  -17.245 0.4000000060
22228  -25.249  -51.829  -17.964 0.5000000000
22232  -31.258  -51.608  -18.680 0.6000000238
22247  -24.940  -50.570  -19.873 0.6000000238
22248  -25.377  -51.263  -18.888 0.6000000238
22252  -31.661  -52.101  -19.578 0.5000000000
22262  -25.255  -51.729  -19.512 0.6000000238
22263  -28.365  -51.494  -21.371 0.6000000238
22264  -28.942  -52.112  -21.055 0.6000000238
22276  -28.489  -51.246  -22.289 0.6000000238
22289  -23.036  -51.693  -22.887 0.6000000238
22292  -30.375  -51.684  -22.764 0.5000000000
22319  -22.889  -51.482  -24.751 0.5000000000
22334  -32.458  -51.518  -25.613 0.5000000000
22344  -23.368  -51.070  -26.774 0.6000000238
22345  -28.873  -50.753  -26.644 0.6000000238
22356  -25.249  -50.654  -28.653 0.6999999881
22369  -24.857  -51.466  -29.149 0.6000000238
22370  -25.667  -51.288  -28.978 0.6000000238
23229  -22.733  -50.836  -17.541 0.5000000000
23231  -24.690  -50.723  -17.236 0.6000000238
23232  -25.267  -50.677  -17.453 0.6000000238
23233  -25.767  -50.176  -17.646 0.6000000238
23235  -30.389  -50.541  -17.716 0.6000000238
23236  -31.254  -50.429  -17.681 0.5000000000
23250  -22.134  -50.311  -18.126 0.5000000000
23253  -27.541  -49.969  -17.867 0.6999999881
23255  -30.852  -51.158  -17.995 0.6000000238
23256  -31.693  -50.983  -18.130 0.5000000000
23257  -32.470  -50.768  -18.326 0.5000000000
23263  -21.108  -50.378  -19.323 0.5000000000
23267  -27.929  -50.850  -19.634 0.6000000238
23278  -27.911  -51.024  -20.650 0.6000000238
23290  -24.689  -49.623  -21.314 0.6000000238
23306  -24.790  -49.666  -22.399 0.6000000238
23307  -27.317  -50.315  -22.145 0.5000000000
23310  -30.915  -50.795  -23.282 0.5000000000
23328  -24.577  -50.508  -23.607 0.6999999881
23329  -24.940  -49.911  -23.315 0.6999999881
23331  -29.468  -50.126  -23.767 0.5000000000
23354  -24.429  -50.766  -25.521 0.6999999881
23355  -25.269  -50.334  -25.358 0.6999999881
23369  -24.143  -50.612  -26.615 0.6000000238
23371  -27.273  -49.352  -27.471 0.6999999881
23372  -28.117  -49.300  -27.190 0.6000000238
23382  -25.770  -49.923  -28.231 0.6999999881
23384  -27.595  -49.856  -27.770 0.6000000238
23394  -30.076  -50.165  -29.598 0.6000000238
24232  -28.925  -49.596  -17.665 0.6000000238
24234  -30.401  -49.019  -17.552 0.5000000000
24237  -32.933  -49.035  -17.383 0.5000000000
24241  -21.697  -49.904  -18.788 0.5000000000
24242  -22.815  -49.083  -18.322 0.4000000060
24245  -28.361  -50.247  -17.882 0.6999999881
24256  -25.749  -49.609  -19.992 0.6000000238
24268  -27.028  -50.007  -20.544 0.6000000238
24281  -26.242  -49.165  -21.574 0.6000000238
24282  -26.789  -49.882  -21.439 0.6000000238
24293  -25.623  -49.311  -22.570 0.6000000238
24294  -26.227  -49.274  -22.442 0.6000000238
24311  -26.148  -49.450  -23.158 0.6000000238
24312  -26.949  -49.525  -23.467 0.6000000238
24315  -30.930  -49.875  -24.019 0.5000000000
24330  -27.426  -49.219  -24.599 0.6000000238
24331  -28.772  -49.121  -25.059 0.4000000060
24334  -31.391  -49.897  -23.995 0.5000000000
24345  -26.757  -49.342  -25.755 0.6999999881
24360  -27.084  -49.186  -26.757 0.6999999881
24363  -29.141  -49.382  -26.043 0.6000000238
25169  -24.576  -49.106  -17.400 0.5000000000
25170  -25.396  -47.910  -17.436 0.6000000238
25171  -26.990  -48.418  -17.216 0.6999999881
25176  -32.489  -48.317  -17.198 0.5000000000
25178  -34.185  -48.224  -17.387 0.4000000060
25208  -22.606  -48.654  -19.560 0.5000000000
26051  -26.753  -47.604  -17.209 0.6000000238
26054  -30.124  -48.254  -17.751 0.5000000000
26055  -32.194  -47.639  -17.236 0.4000000060
26072  -24.656  -47.570  -17.996 0.5000000000
26075  -29.943  -47.513  -18.062 0.5000000000
26086  -23.068  -48.120  -19.590 0.5000000000
26087  -23.589  -47.457  -19.503 0.4000000060
26968  -26.711  -46.745  -17.505 0.6000000238
26969  -27.549  -46.821  -17.431 0.6000000238
26973  -33.595  -46.435  -16.665 0.4000000060
26981  -24.143  -46.762  -19.401 0.4000000060
26982  -24.673  -46.631  -18.612 0.5000000000
26983  -25.467  -46.174  -18.345 0.6000000238
26984  -26.386  -45.871  -18.129 0.6000000238
26989  -31.575  -46.855  -18.363 0.4000000060
26998  -24.546  -46.136  -19.340 0.5000000000
27001  -31.302  -46.510  -19.433 0.5000000000
27008  -23.939  -47.076  -20.282 0.4000000060
27878  -36.396  -45.242  -17.222 0.3000000119
27883  -25.754  -45.421  -18.785 0.5000000000
27886  -32.281  -45.742  -18.509 0.4000000060
27894  -25.342  -45.085  -19.533 0.5000000000
27896  -28.125  -44.995  -18.920 0.5000000000
27897  -29.211  -45.643  -19.217 0.5000000000
27898  -30.821  -46.152  -19.809 0.5000000000
27899  -31.475  -45.906  -19.973 0.5000000000
27907  -29.395  -44.369  -20.627 0.4000000060
27908  -30.683  -45.441  -20.241 0.4000000060
27910  -31.676  -45.318  -20.376 0.4000000060
27924  -31.479  -45.017  -20.585 0.4000000060
28724  -33.844  -44.481  -16.859 0.4000000060
28726  -35.816  -44.594  -16.761 0.3000000119
28742  -26.775  -44.013  -19.810 0.4000000060
28743  -27.850  -44.191  -19.529 0.5000000000
28745  -32.302  -45.245  -19.178 0.4000000060
28750  -25.750  -44.595  -20.945 0.3000000119
28751  -26.558  -43.903  -20.898 0.4000000060
28755  -32.046  -44.820  -20.343 0.4000000060
28764  -29.270  -43.897  -21.458 0.4000000060
28765  -30.669  -44.160  -21.537 0.3000000119
28777  -29.332  -43.826  -22.967 0.3000000119
28778  -30.487  -43.570  -22.941 0.3000000119
28793  -29.588  -43.853  -23.844 0.3000000119
28807  -28.790  -44.275  -25.501 0.3000000119
28808  -29.485  -43.888  -24.827 0.3000000119
28809  -30.032  -43.606  -25.004 0.3000000119
28819  -25.839  -44.821  -26.033 0.3000000119
28822  -28.820  -43.983  -26.256 0.3000000119
29590  -35.765  -43.147  -16.643 0.4000000060
29596  -32.753  -44.323  -17.990 0.4000000060
29623  -32.018  -44.006  -20.645 0.3000000119
29659  -31.004  -43.049  -23.342 0.3000000119
29665  -25.773  -43.810  -25.471 0.4000000060
29667  -30.643  -43.222  -24.816 0.3000000119
29675  -26.420  -44.376  -26.042 0.4000000060
29677  -28.069  -43.820  -26.296 0.4000000060
29686  -29.524  -43.296  -26.254 0.3000000119
29687  -30.125  -43.199  -25.987 0.3000000119
30537  -32.685  -42.769  -18.126 0.3000000119
30559  -31.730  -43.315  -21.180 0.3000000119
30587  -24.785  -42.239  -22.977 0.4000000060
30589  -26.248  -42.252  -24.180 0.4000000060
30599  -26.583  -42.549  -25.070 0.4000000060
30609  -27.211  -43.174  -25.809 0.4000000060
30611  -30.788  -42.617  -25.731 0.3000000119
30619  -29.499  -42.660  -26.417 0.3000000119
31506  -30.936  -41.326  -22.900 0.3000000119
31534  -31.485  -41.120  -25.315 0.3000000119
31543  -28.927  -41.996  -26.247 0.3000000119
31544  -29.636  -40.954  -26.303 0.3000000119
31545  -30.619  -41.103  -26.314 0.3000000119
31546  -31.177  -41.524  -25.896 0.3000000119
31552  -30.629  -41.989  -26.266 0.3000000119
32505  -23.942  -40.039  -21.674 0.3000000119
32506  -24.687  -40.379  -22.193 0.3000000119
32507  -30.922  -40.423  -23.343 0.3000000119
32517  -26.185  -40.655  -23.188 0.4000000060
32518  -26.797  -40.841  -23.680 0.4000000060
32519  -31.040  -39.874  -24.212 0.3000000119
32533  -28.991  -39.551  -24.939 0.3000000119
32542  -29.289  -40.161  -25.771 0.3000000119
33503  -23.841  -39.067  -21.805 0.3000000119
33504  -24.513  -38.785  -22.216 0.3000000119
33517  -25.736  -39.251  -22.721 0.4000000060
33524  -26.953  -39.390  -23.382 0.4000000060
33526  -28.410  -39.098  -24.182 0.3000000119
33527  -30.710  -38.886  -24.742 0.3000000119
34490  -22.514  -37.902  -21.213 0.3000000119
34504  -23.817  -37.971  -21.821 0.3000000119
34516  -26.015  -38.620  -22.807 0.4000000060
34517  -26.666  -38.669  -23.176 0.4000000060
34529  -28.609  -38.256  -24.205 0.3000000119
34537  -29.747  -38.862  -25.116 0.3000000119
34538  -29.914  -38.237  -24.622 0.3000000119
35478  -22.709  -37.097  -20.884 0.3000000119
35479  -23.504  -36.975  -21.256 0.3000000119
35481  -30.925  -37.317  -20.965 0.3000000119
35496  -25.202  -36.945  -22.538 0.4000000060
35508  -27.074  -36.914  -23.731 0.3000000119
35519  -27.903  -37.610  -23.862 0.4000000060
35521  -29.497  -37.548  -24.235 0.3000000119
36447  -23.815  -36.733  -20.143 0.3000000119
36452  -23.569  -36.523  -20.553 0.3000000119
36454  -25.405  -36.401  -20.669 0.3000000119
36511  -26.299  -36.287  -23.311 0.4000000060
36527  -29.007  -36.700  -24.079 0.3000000119
124462  -29.387  -52.465  -30.028 0.6000000238
125409  -42.891  -58.111  -35.507 0.3000000119
125712  -23.422  -48.011  -18.810 0.4000000060
126098  -25.865  -45.352  -22.182 0.3000000119
126125  -31.247  -54.026  -31.644 0.6000000238
126745  -27.237  -49.244  -17.535 0.6999999881
126780  -41.391  -61.316  -37.947 0.5000000000
127194  -28.311  -46.446  -17.772 0.6000000238
127223  -32.157  -52.035  -27.307 0.6000000238
127516  -27.527  -53.105  -26.497 0.6000000238
127601  -22.726  -53.696  -23.278 0.5000000000
128268  -36.977  -57.464  -24.058 0.4000000060
128323  -29.922  -49.578  -24.779 0.6000000238
128537  -28.146  -48.974  -25.157 0.6999999881
128599  -29.903  -52.867  -30.427 0.6000000238
128682  -42.882  -57.319  -34.906 0.3000000119
129624  -28.771  -50.856  -18.206 0.6999999881
129766  -33.971  -61.736  -35.585 0.5000000000
129941  -29.732  -61.648  -32.457 0.6999999881
130198  -29.486  -55.339  -31.873 0.6000000238
130215  -41.364  -56.418  -25.701 0.4000000060
131018  -27.702  -57.212  -28.610 0.5000000000
131855  -42.994  -61.548  -39.700 0.5000000000
132549  -30.555  -38.535  -23.300 0.3000000119
133425  -42.153  -61.340  -37.776 0.5000000000
133561  -26.076  -45.652  -25.935 0.4000000060
133632  -39.218  -60.592  -36.672 0.5000000000
133900  -35.279  -57.814  -32.005 0.5000000000
134223  -37.726  -53.624  -27.291 0.4000000060
134678  -31.065  -42.829  -24.293 0.3000000119
134823  -43.145  -59.773  -36.262 0.3000000119
134845  -34.363  -45.175  -16.668 0.4000000060
135089  -32.112  -51.157  -25.216 0.5000000000
135118  -33.851  -62.884  -39.403 0.5000000000
135562  -42.574  -56.562  -28.368 0.4000000060
135721  -29.254  -61.403  -36.034 0.5000000000
135760  -29.438  -45.023  -19.934 0.4000000060
135922  -28.917  -50.722  -23.069 0.5000000000
136209  -38.064  -59.492  -34.382 0.6000000238
136509  -31.345  -57.684  -33.959 0.6999999881
136849  -31.098  -39.426  -24.847 0.3000000119
136911  -25.933  -39.964  -22.843 0.4000000060
136955  -27.081  -59.953  -35.164 0.6000000238
137198  -46.081  -61.038  -37.954 0.4000000060
137243  -28.474  -35.954  -24.077 0.3000000119
137469  -27.134  -61.358  -36.279 0.5000000000
137710  -36.002  -55.890  -23.490 0.5000000000
138188  -26.694  -49.459  -23.961 0.6000000238
138488  -28.083  -39.948  -24.226 0.4000000060
138914  -35.354  -54.768  -24.883 0.5000000000
139065  -22.680  -52.052  -23.233 0.6000000238
139098  -31.445  -60.653  -26.451 0.6000000238
139324  -29.256  -52.198  -20.112 0.6999999881
139446  -27.276  -40.091  -23.733 0.4000000060
139673  -26.282  -56.130  -25.921 0.6000000238
139766  -30.876  -62.507  -33.637 0.5000000000
139921  -35.274  -46.397  -16.939 0.4000000060
140322  -30.684  -59.924  -35.300 0.6000000238
140546  -40.867  -61.356  -37.276 0.5000000000
140673  -30.681  -54.189  -25.608 0.5000000000
140993  -23.056  -55.497  -28.957 0.5000000000
141792  -33.965  -66.781  -33.704 0.5000000000
142628  -26.516  -37.226  -23.373 0.4000000060
142684  -33.718  -61.499  -36.191 0.6000000238
143055  -28.904  -51.737  -19.479 0.6999999881
144031  -30.793  -49.743  -17.551 0.5000000000
144206  -29.833  -46.886  -18.486 0.5000000000
145475  -33.791  -42.783  -16.961 0.3000000119
145769  -32.273  -44.824  -19.700 0.4000000060
145837  -23.050  -53.312  -22.898 0.6000000238
146379  -29.368  -52.113  -22.157 0.6000000238
146591  -32.693  -47.086  -16.896 0.4000000060
146847  -30.456  -54.736  -26.369 0.6000000238
146998  -31.728  -53.124  -21.942 0.5000000000
147041  -28.860  -48.938  -26.049 0.6000000238
147090  -32.637  -57.422  -24.937 0.6000000238
147255  -35.250  -54.126  -27.737 0.5000000000
147441  -36.626  -53.931  -24.735 0.4000000060
147548  -34.888  -65.380  -31.892 0.5000000000
148051  -37.570  -53.334  -24.770 0.4000000060
148364  -31.469  -57.995  -26.187 0.6000000238
148377  -31.112  -43.221  -22.538 0.3000000119
148380  -31.458  -55.923  -32.819 0.6000000238
148763  -25.197  -49.982  -19.832 0.6000000238
149048  -31.393  -56.981  -29.405 0.5000000000
149409  -29.042  -43.819  -22.302 0.4000000060
149593  -34.756  -55.101  -25.040 0.5000000000
149771  -31.130  -42.587  -25.056 0.3000000119
149839  -40.157  -60.773  -33.029 0.4000000060
150151  -31.225  -59.495  -34.342 0.6999999881
150381  -29.029  -36.136  -24.041 0.3000000119
150519  -26.396  -54.156  -19.377 0.6000000238
150549  -25.570  -49.781  -27.461 0.6000000238
150591  -27.330  -58.732  -27.161 0.5000000000
