#!ascii label  , from subject sub-LJ002 vox2ras=TkReg
1994
5945  -23.447  -69.372  -32.726 0.5000000000
126812  -22.264  -73.049  -32.633 0.5000000000
3426  -21.529  -73.745  -32.135 0.5000000000
2338  -22.052  -74.980  -31.884 0.5000000000
6658  -22.332  -67.946  -31.209 0.5000000000
6668  -22.744  -68.547  -31.801 0.5000000000
6659  -22.849  -68.621  -30.613 0.5000000000
130296  -23.217  -69.137  -31.171 0.5000000000
5946  -23.778  -69.849  -32.175 0.5000000000
2357  -21.935  -75.772  -33.284 0.5000000000
4008  -23.137  -72.420  -32.107 0.5000000000
2358  -22.838  -75.630  -33.202 0.5000000000
4007  -22.183  -73.213  -31.481 0.6000000238
2350  -23.161  -75.163  -32.427 0.6000000238
3982  -22.967  -72.789  -29.967 0.6000000238
2839  -22.041  -74.389  -31.275 0.6000000238
2851  -24.111  -74.687  -32.438 0.6999999881
3963  -23.360  -73.048  -29.452 0.6999999881
2840  -23.372  -74.665  -31.663 0.6999999881
3377  -24.343  -73.583  -29.888 0.6999999881
3414  -24.746  -73.732  -31.011 0.6999999881
2841  -24.252  -74.240  -31.566 0.6999999881
7440  -22.055  -67.464  -30.784 0.5000000000
6649  -22.472  -67.927  -30.124 0.6000000238
127359  -22.385  -66.804  -29.016 0.6000000238
150744  -22.808  -67.141  -28.365 0.6000000238
4589  -24.070  -71.226  -30.922 0.5000000000
2865  -24.686  -74.972  -34.079 0.5000000000
131264  -24.020  -75.298  -34.774 0.5000000000
3464  -25.805  -74.012  -35.775 0.6999999881
2860  -26.438  -74.069  -34.325 0.6999999881
4588  -23.663  -72.040  -31.174 0.6000000238
130520  -23.761  -71.982  -30.157 0.6999999881
3438  -26.198  -73.887  -33.422 0.6999999881
4577  -23.733  -72.468  -29.304 0.6999999881
3964  -24.149  -72.801  -28.802 0.6999999881
3428  -26.530  -73.301  -32.953 0.6999999881
3983  -25.273  -72.971  -28.923 0.6999999881
3394  -25.182  -73.189  -29.689 0.6999999881
3415  -25.615  -73.321  -31.534 0.6999999881
4590  -26.744  -71.945  -31.598 0.6999999881
3984  -26.059  -72.463  -29.672 0.6999999881
132437  -26.761  -71.717  -29.642 0.6999999881
4579  -26.687  -71.783  -30.550 0.6999999881
4580  -27.293  -71.160  -30.240 0.6999999881
7421  -21.874  -66.394  -29.855 0.5000000000
9033  -22.382  -64.863  -28.907 0.6000000238
9835  -22.576  -63.856  -29.058 0.6000000238
134742  -22.976  -65.324  -28.186 0.6000000238
9824  -23.821  -63.997  -28.431 0.6000000238
6650  -23.022  -68.658  -29.282 0.6000000238
8208  -23.530  -65.872  -27.740 0.6000000238
5920  -23.485  -69.558  -30.228 0.6000000238
4051  -26.408  -72.828  -36.085 0.6999999881
5921  -24.087  -70.406  -29.570 0.6999999881
144401  -26.678  -73.719  -35.042 0.6999999881
4648  -26.188  -71.939  -36.322 0.6999999881
128998  -26.401  -71.182  -35.907 0.6999999881
5905  -23.768  -69.588  -28.995 0.6999999881
4033  -26.963  -72.576  -34.760 0.6999999881
5319  -26.186  -70.543  -36.452 0.6999999881
132156  -24.333  -71.073  -28.914 0.6999999881
5906  -24.344  -70.365  -28.435 0.6999999881
3439  -26.792  -73.419  -33.707 0.6999999881
4021  -26.983  -72.593  -33.901 0.6999999881
124922  -26.722  -70.998  -35.057 0.6999999881
5309  -26.644  -70.345  -35.712 0.6999999881
4544  -24.706  -71.382  -27.991 0.6999999881
5238  -25.273  -71.118  -27.374 0.6999999881
137429  -26.897  -72.301  -33.149 0.6999999881
5303  -26.889  -70.760  -34.026 0.6999999881
4546  -26.133  -71.830  -27.675 0.6999999881
4603  -26.918  -71.637  -32.582 0.6999999881
4617  -26.928  -71.656  -33.534 0.6999999881
4562  -27.271  -71.329  -28.983 0.6999999881
4591  -26.987  -71.316  -31.141 0.6999999881
136749  -27.158  -70.724  -32.414 0.6999999881
5250  -27.978  -70.584  -29.222 0.6999999881
140318  -27.773  -70.295  -31.951 0.6999999881
5922  -28.482  -70.048  -29.999 0.6999999881
9032  -21.751  -65.439  -29.745 0.5000000000
9834  -21.782  -64.369  -29.706 0.6000000238
10640  -22.775  -63.129  -29.410 0.6000000238
10659  -21.471  -62.911  -30.495 0.5000000000
11518  -22.919  -62.764  -30.262 0.6000000238
9849  -20.134  -64.848  -31.064 0.5000000000
133639  -20.990  -65.018  -30.471 0.5000000000
10641  -23.406  -63.062  -29.513 0.6000000238
131217  -22.032  -63.177  -32.049 0.6000000238
10642  -24.037  -63.373  -29.554 0.6000000238
10675  -23.308  -63.386  -31.032 0.6000000238
7408  -23.383  -66.838  -27.811 0.6000000238
6636  -23.736  -68.863  -28.245 0.6999999881
9011  -24.196  -65.649  -27.684 0.6999999881
6637  -24.504  -69.117  -27.691 0.6999999881
7403  -24.070  -67.312  -27.576 0.6999999881
5983  -26.968  -69.205  -36.254 0.6999999881
5884  -25.138  -69.671  -27.389 0.6999999881
138088  -24.780  -67.716  -27.519 0.6999999881
140824  -26.903  -69.673  -35.672 0.6999999881
145957  -27.262  -68.692  -37.148 0.6999999881
136691  -25.380  -68.120  -27.593 0.6999999881
5966  -26.926  -69.987  -34.825 0.6999999881
6723  -27.620  -68.904  -35.964 0.6999999881
6743  -26.744  -68.604  -38.129 0.6999999881
142119  -26.951  -70.207  -26.956 0.6000000238
5304  -27.095  -70.005  -33.964 0.6999999881
6710  -27.957  -69.038  -35.017 0.6999999881
6734  -28.185  -68.502  -36.660 0.6999999881
6745  -27.819  -68.116  -37.496 0.6999999881
7532  -27.493  -67.839  -38.739 0.6999999881
5225  -27.333  -70.491  -27.470 0.6999999881
5947  -27.691  -70.033  -32.705 0.6999999881
5959  -28.081  -69.209  -33.709 0.6000000238
6711  -28.620  -68.756  -34.824 0.6999999881
6724  -28.591  -68.683  -35.647 0.6999999881
5907  -28.586  -69.632  -28.705 0.6000000238
5261  -27.891  -70.589  -30.432 0.6999999881
5935  -28.173  -70.209  -31.147 0.6999999881
5948  -28.381  -69.628  -31.981 0.6999999881
6681  -28.849  -68.779  -32.478 0.6000000238
6697  -28.691  -68.665  -33.427 0.6000000238
5923  -29.007  -69.293  -29.621 0.6000000238
6669  -29.032  -68.969  -31.479 0.6000000238
127946  -29.363  -68.453  -31.871 0.5000000000
148095  -29.087  -68.432  -32.965 0.5000000000
6698  -29.520  -68.214  -33.413 0.5000000000
5909  -29.435  -68.502  -29.518 0.6000000238
6670  -29.581  -68.298  -30.835 0.5000000000
11530  -22.022  -62.699  -30.582 0.6000000238
11529  -20.723  -62.377  -31.241 0.6000000238
134597  -20.328  -61.976  -33.437 0.5000000000
13461  -20.335  -60.291  -33.329 0.6999999881
9850  -20.948  -63.860  -30.540 0.5000000000
149784  -20.045  -62.548  -31.247 0.6000000238
133720  -19.747  -62.030  -31.194 0.6000000238
10657  -19.287  -63.667  -30.918 0.6000000238
146833  -19.916  -64.055  -31.077 0.6000000238
10686  -20.638  -62.763  -33.481 0.4000000060
11528  -19.466  -62.767  -31.020 0.6000000238
9867  -22.651  -63.854  -31.900 0.5000000000
9868  -23.244  -64.624  -31.488 0.6000000238
9048  -23.889  -64.981  -30.610 0.6000000238
8210  -25.078  -66.849  -27.881 0.6999999881
9034  -24.655  -65.240  -28.713 0.6000000238
8229  -25.302  -67.313  -28.644 0.6999999881
6639  -26.790  -68.783  -27.489 0.6000000238
7424  -25.871  -68.138  -28.824 0.6000000238
5898  -27.467  -69.413  -27.409 0.6000000238
131029  -29.151  -68.608  -35.043 0.6000000238
6735  -29.074  -68.325  -36.412 0.6000000238
7518  -28.558  -67.925  -37.232 0.6999999881
7533  -27.979  -67.489  -38.173 0.6999999881
150072  -28.161  -67.211  -38.994 0.6999999881
5899  -28.403  -69.037  -27.820 0.6000000238
137861  -29.906  -68.222  -34.174 0.6000000238
7558  -28.614  -67.544  -39.821 0.6999999881
6653  -29.391  -67.832  -28.554 0.6000000238
6683  -30.163  -67.900  -32.791 0.4000000060
6713  -30.694  -68.250  -34.615 0.4000000060
6726  -30.373  -68.339  -35.488 0.6000000238
126435  -28.802  -67.205  -37.757 0.6000000238
8347  -28.712  -66.890  -39.458 0.6000000238
7443  -29.914  -67.642  -29.591 0.5000000000
7444  -30.578  -67.154  -29.956 0.5000000000
7463  -30.107  -67.698  -30.670 0.5000000000
6671  -29.949  -67.903  -31.742 0.5000000000
6727  -31.209  -68.216  -35.367 0.4000000060
6737  -30.821  -68.081  -36.102 0.6000000238
13451  -19.711  -60.326  -32.752 0.6000000238
12497  -20.023  -61.587  -32.730 0.6000000238
14463  -21.665  -59.466  -33.228 0.6000000238
145508  -19.366  -61.443  -30.858 0.6000000238
13439  -19.105  -60.732  -31.151 0.5000000000
14424  -18.874  -59.121  -31.079 0.6000000238
14404  -18.790  -59.330  -30.152 0.6000000238
12522  -20.793  -61.425  -34.368 0.6000000238
10656  -18.898  -63.192  -30.277 0.6999999881
13426  -18.910  -60.913  -29.101 0.6000000238
14388  -18.853  -59.587  -28.323 0.6000000238
10698  -21.410  -64.161  -34.005 0.5000000000
12533  -20.990  -62.110  -34.959 0.6000000238
128597  -18.213  -63.272  -28.812 0.6000000238
13414  -18.701  -60.757  -28.155 0.6999999881
9888  -22.480  -65.007  -32.769 0.5000000000
12458  -18.549  -61.592  -28.395 0.6999999881
9062  -23.429  -65.847  -31.525 0.6000000238
128131  -18.532  -62.453  -27.625 0.6000000238
8228  -24.843  -66.437  -29.185 0.6000000238
9063  -23.949  -66.277  -30.825 0.6000000238
8262  -24.316  -67.452  -31.383 0.6000000238
8247  -25.181  -67.735  -29.789 0.6000000238
6652  -26.470  -68.250  -28.471 0.6000000238
7410  -27.196  -68.241  -28.152 0.6000000238
9036  -28.962  -65.225  -29.121 0.6000000238
6641  -28.706  -68.046  -28.085 0.6000000238
9037  -29.757  -65.142  -28.983 0.6000000238
8232  -29.886  -66.521  -28.616 0.6000000238
7520  -30.282  -67.606  -36.780 0.6000000238
127936  -29.650  -66.054  -38.134 0.6000000238
8343  -29.259  -65.855  -38.981 0.6000000238
7428  -30.316  -66.824  -29.086 0.5000000000
7445  -31.404  -66.837  -30.223 0.5000000000
7465  -31.646  -67.286  -31.272 0.5000000000
8358  -30.409  -66.028  -40.059 0.6000000238
7522  -31.993  -67.289  -36.258 0.4000000060
7535  -30.498  -66.656  -37.269 0.6000000238
8344  -29.873  -65.414  -38.758 0.6000000238
130635  -20.338  -58.873  -32.343 0.6000000238
15452  -20.805  -57.912  -31.361 0.5000000000
15465  -21.215  -58.277  -32.018 0.6000000238
15453  -22.136  -57.876  -31.424 0.5000000000
14443  -18.953  -59.863  -31.621 0.6000000238
16458  -19.544  -57.207  -29.951 0.6000000238
14462  -20.494  -59.526  -32.821 0.5000000000
14446  -22.592  -58.716  -32.612 0.5000000000
14464  -23.156  -59.219  -33.099 0.5000000000
15450  -18.882  -58.415  -30.409 0.5000000000
15451  -19.524  -58.220  -31.193 0.6000000238
15412  -18.756  -58.696  -28.633 0.5000000000
12523  -22.138  -60.634  -34.320 0.6000000238
12445  -18.655  -61.443  -27.383 0.6999999881
14373  -18.947  -59.783  -27.424 0.6000000238
13403  -19.281  -60.265  -26.763 0.6000000238
9094  -22.911  -66.038  -33.278 0.5000000000
12432  -19.106  -62.328  -26.833 0.5000000000
12446  -19.124  -61.232  -26.717 0.6999999881
8261  -23.671  -66.849  -31.728 0.5000000000
7472  -25.026  -68.097  -31.902 0.5000000000
7441  -25.749  -68.268  -30.095 0.6000000238
9064  -27.486  -66.336  -31.302 0.6000000238
134375  -27.174  -67.648  -29.781 0.5000000000
9049  -27.910  -65.712  -30.418 0.6000000238
9035  -28.134  -65.735  -29.465 0.6000000238
8234  -31.176  -65.573  -29.269 0.5000000000
131940  -32.009  -66.530  -36.705 0.5000000000
128665  -31.154  -65.910  -37.440 0.5000000000
9150  -30.316  -64.985  -39.252 0.6000000238
9160  -30.871  -65.331  -40.014 0.6000000238
16459  -20.711  -57.062  -30.082 0.6000000238
16472  -21.390  -57.498  -30.697 0.6000000238
17500  -20.170  -56.729  -29.339 0.6000000238
15467  -23.022  -58.331  -31.818 0.5000000000
16447  -19.291  -57.091  -28.984 0.6000000238
16446  -18.842  -57.656  -28.364 0.6999999881
13464  -23.697  -60.142  -33.106 0.6000000238
129405  -19.362  -59.227  -26.943 0.6000000238
15392  -18.986  -58.398  -27.545 0.6000000238
12534  -22.049  -61.459  -35.087 0.6000000238
13391  -20.682  -60.705  -26.115 0.6000000238
127414  -20.205  -58.949  -26.588 0.6000000238
9902  -22.172  -64.563  -34.575 0.5000000000
137543  -24.171  -67.512  -32.574 0.5000000000
11480  -19.803  -63.284  -26.247 0.5000000000
12433  -19.796  -62.113  -26.368 0.6000000238
7461  -26.376  -68.156  -31.614 0.5000000000
136842  -27.363  -66.418  -32.241 0.6000000238
135088  -26.994  -67.610  -30.955 0.5000000000
9081  -28.695  -65.306  -32.123 0.5000000000
9066  -29.360  -64.995  -31.065 0.5000000000
9146  -32.050  -64.619  -37.591 0.6000000238
9151  -30.829  -64.483  -38.952 0.6000000238
17489  -21.768  -56.095  -29.075 0.6000000238
17502  -22.203  -56.727  -29.459 0.5000000000
16461  -22.969  -57.599  -29.884 0.5000000000
17475  -20.085  -55.893  -27.802 0.6999999881
15454  -23.236  -58.077  -30.725 0.5000000000
16405  -19.593  -56.856  -26.802 0.6999999881
17488  -19.680  -56.557  -28.398 0.6000000238
14425  -23.596  -59.103  -30.980 0.5000000000
144723  -19.745  -57.532  -26.734 0.6000000238
13452  -23.811  -60.023  -32.231 0.5000000000
12524  -24.195  -61.332  -34.055 0.6000000238
15374  -21.831  -58.182  -26.460 0.6999999881
11591  -23.129  -62.922  -35.618 0.6000000238
14358  -22.153  -59.162  -26.446 0.6000000238
9927  -22.964  -63.631  -35.455 0.6000000238
12419  -22.335  -61.552  -25.678 0.6999999881
12435  -21.398  -61.615  -25.811 0.6999999881
8284  -23.720  -66.824  -33.549 0.5000000000
8298  -23.435  -65.964  -34.440 0.5000000000
12418  -21.150  -62.536  -25.591 0.6000000238
8285  -24.708  -67.339  -33.686 0.5000000000
11468  -21.261  -63.147  -25.123 0.5000000000
8286  -25.605  -67.434  -33.644 0.6000000238
7473  -25.759  -68.179  -32.211 0.5000000000
10584  -20.852  -63.428  -24.812 0.6000000238
7474  -26.418  -67.790  -32.534 0.5000000000
9080  -27.820  -65.702  -32.108 0.6000000238
9082  -29.997  -65.251  -32.524 0.5000000000
19491  -21.474  -54.886  -28.310 0.6999999881
18507  -22.236  -55.308  -28.820 0.5000000000
17503  -22.874  -56.905  -29.325 0.5000000000
19463  -20.063  -54.188  -26.334 0.8000000119
19478  -20.634  -54.221  -27.045 0.6999999881
16462  -23.480  -57.374  -29.084 0.5000000000
135812  -23.934  -58.388  -29.032 0.5000000000
17421  -20.175  -56.172  -24.867 0.6999999881
18478  -19.915  -55.753  -26.221 0.6999999881
18491  -20.058  -55.406  -26.916 0.8000000119
16406  -20.329  -57.145  -26.408 0.6999999881
14405  -24.452  -60.011  -29.244 0.5000000000
16389  -21.945  -57.860  -25.307 0.6999999881
16388  -21.454  -57.337  -25.737 0.6999999881
13465  -24.161  -60.802  -32.339 0.6000000238
14426  -24.133  -60.020  -30.221 0.5000000000
14348  -23.860  -59.928  -24.990 0.6000000238
14359  -22.878  -59.060  -26.249 0.6000000238
11592  -23.636  -63.249  -35.464 0.6000000238
12421  -23.875  -61.326  -25.134 0.6999999881
13393  -22.919  -59.868  -26.183 0.6999999881
9111  -24.234  -65.986  -34.949 0.6000000238
9929  -24.272  -64.709  -35.156 0.6000000238
12409  -23.397  -62.077  -24.814 0.6000000238
8300  -25.305  -66.917  -34.435 0.6000000238
8288  -26.866  -66.387  -33.795 0.6000000238
11436  -21.286  -62.898  -23.893 0.6000000238
9095  -27.453  -66.025  -32.956 0.6000000238
141684  -29.086  -65.375  -33.050 0.5000000000
20389  -20.704  -52.926  -26.282 0.6000000238
19480  -21.925  -53.808  -28.146 0.5000000000
20416  -22.697  -53.702  -28.839 0.5000000000
17492  -24.055  -56.794  -28.422 0.5000000000
142578  -19.893  -54.627  -24.927 0.8000000119
15413  -24.490  -58.877  -28.227 0.5000000000
16373  -21.230  -57.464  -24.454 0.6999999881
12513  -24.795  -61.458  -32.041 0.6000000238
14304  -20.426  -59.516  -20.335 0.6000000238
149787  -22.600  -58.719  -24.765 0.8000000119
14305  -21.404  -59.781  -19.938 0.6000000238
13367  -24.055  -60.402  -24.147 0.6999999881
142849  -22.829  -59.298  -23.199 0.8000000119
12536  -24.328  -62.051  -34.646 0.6000000238
13347  -21.106  -60.164  -21.882 0.6000000238
12410  -24.063  -61.695  -24.438 0.6000000238
140420  -25.203  -64.896  -34.950 0.6000000238
140675  -26.138  -64.915  -34.831 0.6000000238
132473  -22.195  -61.814  -22.693 0.6000000238
12397  -22.619  -62.283  -23.247 0.6000000238
11438  -22.904  -62.479  -23.740 0.6000000238
129792  -26.510  -66.130  -34.489 0.6000000238
144130  -26.916  -64.941  -35.042 0.6000000238
11455  -21.528  -63.031  -24.476 0.5000000000
9096  -28.786  -65.437  -33.889 0.5000000000
9097  -30.005  -65.366  -33.868 0.5000000000
9918  -30.035  -65.009  -35.301 0.5000000000
20390  -21.654  -52.717  -26.856 0.5000000000
20403  -22.871  -52.830  -28.540 0.5000000000
20376  -20.346  -52.717  -25.469 0.6000000238
21345  -20.935  -52.027  -26.010 0.5000000000
18451  -21.112  -55.445  -23.791 0.8000000119
19440  -20.516  -54.450  -24.297 0.6999999881
17423  -21.630  -56.295  -23.552 0.8000000119
16361  -21.683  -57.740  -23.636 0.8000000119
12498  -24.964  -61.369  -31.066 0.6000000238
14390  -24.966  -59.917  -28.256 0.5000000000
15286  -19.984  -58.399  -17.847 0.6000000238
16362  -22.429  -57.703  -22.927 0.8000000119
12470  -25.827  -61.237  -30.112 0.5000000000
14276  -21.226  -59.132  -18.219 0.6999999881
14275  -20.299  -59.046  -18.472 0.6000000238
14323  -24.051  -59.717  -22.234 0.8000000119
11572  -25.359  -62.467  -33.976 0.6000000238
11557  -25.523  -62.154  -33.149 0.6000000238
12499  -25.502  -61.611  -31.557 0.6000000238
13329  -22.266  -60.079  -19.597 0.6000000238
127010  -26.029  -64.326  -34.822 0.6000000238
10720  -24.902  -64.206  -34.993 0.6000000238
11573  -25.903  -62.376  -34.057 0.6000000238
13348  -21.806  -60.646  -21.370 0.6000000238
12384  -23.831  -61.857  -22.561 0.6000000238
13358  -24.260  -60.745  -22.649 0.5000000000
9930  -26.899  -64.289  -35.224 0.6000000238
12383  -23.040  -62.018  -22.476 0.6000000238
140158  -28.196  -64.565  -35.781 0.6000000238
9938  -28.067  -63.902  -36.145 0.6000000238
10723  -28.883  -63.614  -36.150 0.5000000000
10724  -29.779  -63.476  -35.912 0.5000000000
9919  -30.932  -64.864  -35.020 0.5000000000
11587  -30.965  -63.089  -35.013 0.5000000000
20377  -21.110  -52.150  -24.974 0.6000000238
19441  -21.579  -54.383  -23.687 0.6999999881
141168  -19.359  -56.946  -16.751 0.6000000238
141230  -19.741  -57.648  -17.294 0.6000000238
17407  -23.037  -56.623  -23.072 0.8000000119
13416  -25.630  -60.529  -28.586 0.5000000000
15272  -20.516  -57.610  -17.370 0.6000000238
16363  -23.742  -57.138  -22.766 0.8000000119
128425  -26.575  -60.369  -28.977 0.5000000000
15287  -20.831  -58.455  -17.732 0.6999999881
15334  -25.100  -58.294  -21.678 0.8000000119
12515  -25.931  -61.567  -32.263 0.6000000238
13441  -26.462  -60.718  -30.686 0.6000000238
14277  -22.161  -59.100  -18.054 0.8000000119
15324  -24.743  -59.277  -21.486 0.6999999881
11584  -25.545  -63.015  -34.511 0.6000000238
13466  -26.297  -60.880  -32.766 0.6000000238
13330  -23.206  -60.348  -19.424 0.6999999881
136510  -23.419  -60.873  -20.276 0.6999999881
13350  -24.393  -60.764  -21.299 0.6000000238
11593  -26.840  -63.059  -35.499 0.6000000238
14485  -26.678  -59.824  -34.380 0.6000000238
12375  -22.522  -61.442  -21.723 0.6000000238
12537  -26.652  -61.533  -35.578 0.5000000000
11601  -28.729  -62.197  -36.273 0.5000000000
20357  -21.817  -53.556  -23.599 0.6000000238
21337  -22.320  -51.988  -23.874 0.5000000000
17338  -17.769  -55.954  -16.786 0.6000000238
19421  -22.517  -54.347  -23.524 0.6999999881
17339  -18.612  -56.060  -16.544 0.6000000238
18429  -22.604  -55.273  -23.563 0.6999999881
19423  -24.271  -54.757  -23.454 0.6000000238
16297  -20.131  -56.791  -17.001 0.6000000238
18363  -19.451  -55.924  -17.153 0.6000000238
17408  -24.238  -56.077  -23.229 0.6000000238
17409  -25.403  -55.892  -23.083 0.6999999881
145324  -21.428  -57.123  -17.610 0.8000000119
16351  -24.454  -57.752  -22.287 0.6999999881
16353  -26.571  -56.742  -21.901 0.6000000238
15288  -21.684  -58.403  -17.697 0.8000000119
146248  -25.437  -58.675  -21.160 0.8000000119
16329  -26.475  -57.487  -20.298 0.6999999881
14278  -23.084  -59.011  -18.006 0.6999999881
143621  -23.969  -60.103  -19.149 0.6999999881
14296  -25.149  -59.222  -19.193 0.6000000238
14297  -25.633  -58.918  -19.875 0.8000000119
18362  -16.565  -56.096  -17.358 0.6000000238
18371  -18.515  -55.848  -17.306 0.6000000238
17349  -20.010  -56.011  -17.741 0.6999999881
18401  -27.295  -55.342  -21.029 0.6000000238
17350  -20.730  -56.349  -18.036 0.6999999881
17357  -20.916  -57.108  -19.317 0.6999999881
147350  -26.824  -56.798  -20.634 0.6999999881
16321  -26.496  -56.710  -19.917 0.6000000238
16308  -21.828  -57.193  -17.896 0.8000000119
16316  -22.371  -57.413  -18.826 0.6000000238
16310  -23.644  -57.850  -18.425 0.5000000000
126633  -25.619  -56.873  -19.356 0.6999999881
17360  -24.958  -56.147  -19.558 0.6999999881
18381  -25.349  -55.419  -19.603 0.6000000238
16309  -22.739  -57.703  -18.103 0.8000000119
145305  -23.924  -57.452  -18.915 0.6000000238
16319  -25.252  -57.715  -18.918 0.6000000238
18361  -15.750  -55.623  -17.709 0.6000000238
18369  -16.122  -55.952  -18.387 0.6000000238
18379  -17.243  -56.329  -19.091 0.6999999881
18370  -17.212  -56.130  -17.984 0.6000000238
18380  -18.172  -56.409  -19.228 0.6999999881
17372  -18.984  -56.565  -19.318 0.6999999881
17356  -19.984  -56.483  -18.796 0.6999999881
134718  -20.236  -57.275  -20.095 0.6000000238
18400  -27.038  -55.251  -20.285 0.6000000238
17358  -21.809  -57.378  -19.840 0.6000000238
17359  -22.638  -57.249  -19.914 0.6000000238
137499  -25.570  -54.118  -18.839 0.5000000000
136390  -23.509  -54.418  -19.779 0.6000000238
20313  -24.365  -54.181  -18.767 0.5000000000
21250  -23.409  -52.921  -17.661 0.5000000000
148922  -22.932  -54.132  -20.174 0.6000000238
19374  -22.778  -53.704  -19.421 0.5000000000
20296  -15.441  -53.959  -18.515 0.6000000238
19367  -15.637  -55.136  -18.547 0.6000000238
124630  -16.529  -56.124  -18.975 0.6999999881
19372  -15.663  -54.406  -19.289 0.6999999881
18394  -16.833  -55.752  -20.572 0.6999999881
132509  -17.324  -56.308  -20.151 0.6999999881
18395  -18.312  -56.607  -20.631 0.6000000238
17373  -19.400  -57.098  -20.259 0.5000000000
132595  -20.220  -56.227  -22.101 0.6999999881
145664  -19.567  -54.886  -22.698 0.6000000238
17389  -20.812  -56.611  -21.622 0.6000000238
18415  -21.775  -55.506  -21.740 0.6000000238
19403  -21.292  -54.466  -21.773 0.6000000238
19392  -22.966  -54.785  -20.688 0.6000000238
20325  -22.400  -53.789  -20.446 0.5000000000
21264  -21.373  -52.650  -19.390 0.5000000000
21248  -21.632  -52.341  -18.486 0.5000000000
23248  -13.931  -50.315  -18.751 0.6999999881
24252  -14.452  -49.901  -19.221 0.6999999881
24240  -14.015  -49.555  -18.483 0.6999999881
143242  -15.139  -52.571  -19.488 0.6000000238
23261  -14.399  -50.649  -19.415 0.6999999881
25188  -14.713  -49.176  -18.821 0.6999999881
144462  -16.190  -48.641  -18.384 0.6999999881
25189  -17.647  -48.425  -17.808 0.6000000238
20310  -15.449  -53.386  -19.340 0.6999999881
22245  -14.888  -51.991  -20.009 0.6999999881
23262  -14.864  -50.227  -20.047 0.6999999881
25205  -16.164  -48.353  -19.418 0.6999999881
134598  -15.671  -53.724  -19.968 0.6999999881
125083  -15.335  -52.860  -20.008 0.6999999881
133364  -15.310  -49.555  -20.184 0.6999999881
18411  -17.456  -55.772  -21.278 0.6999999881
19401  -17.888  -55.176  -22.240 0.6000000238
18413  -19.450  -55.697  -22.367 0.6000000238
19412  -19.863  -54.142  -22.643 0.6000000238
21306  -19.525  -52.631  -22.995 0.6000000238
18414  -21.072  -55.815  -22.102 0.6000000238
20332  -20.555  -53.760  -22.067 0.6000000238
21288  -19.932  -52.476  -22.104 0.6000000238
20323  -21.033  -53.140  -21.099 0.5000000000
21274  -20.019  -51.945  -21.266 0.6000000238
23287  -20.692  -50.763  -21.220 0.6000000238
132991  -21.746  -53.719  -21.029 0.5000000000
21275  -20.482  -52.348  -20.612 0.5000000000
23274  -20.537  -50.902  -20.004 0.5000000000
24225  -13.628  -49.250  -17.686 0.6999999881
142823  -15.395  -48.847  -18.048 0.6999999881
25167  -17.495  -48.935  -16.918 0.6000000238
25168  -18.239  -48.435  -17.024 0.6000000238
26070  -19.146  -47.422  -17.782 0.6000000238
26979  -19.268  -46.788  -18.647 0.4000000060
25221  -16.382  -48.529  -20.263 0.6000000238
135688  -16.896  -48.258  -18.681 0.5000000000
127313  -18.495  -47.188  -18.796 0.5000000000
26996  -19.468  -46.162  -19.310 0.4000000060
27892  -20.907  -45.316  -19.186 0.5000000000
19389  -16.349  -55.106  -20.415 0.6999999881
125333  -15.603  -52.133  -21.305 0.8000000119
24275  -15.923  -50.249  -21.018 0.6999999881
25222  -17.193  -48.230  -20.588 0.5000000000
26092  -18.230  -47.208  -20.413 0.4000000060
27007  -19.061  -45.874  -20.068 0.4000000060
27905  -20.334  -45.109  -20.348 0.4000000060
28748  -20.961  -44.801  -20.781 0.4000000060
20330  -16.318  -53.571  -21.767 0.8000000119
21287  -16.030  -52.555  -22.016 0.8000000119
140503  -15.826  -51.311  -21.675 0.8000000119
24276  -16.502  -49.870  -21.453 0.8000000119
25233  -17.685  -48.707  -21.387 0.6000000238
26091  -17.986  -47.951  -20.892 0.5000000000
27015  -18.908  -46.986  -20.736 0.4000000060
125660  -19.830  -45.603  -21.117 0.4000000060
19399  -16.531  -54.534  -21.327 0.6999999881
19409  -17.455  -54.389  -22.487 0.8000000119
20355  -17.291  -53.041  -23.463 0.6999999881
21323  -18.457  -52.516  -24.024 0.5000000000
26101  -19.368  -47.199  -21.447 0.5000000000
27025  -20.012  -46.579  -21.751 0.4000000060
27918  -20.929  -45.016  -21.593 0.4000000060
20342  -17.752  -53.785  -23.158 0.6000000238
21305  -18.879  -53.046  -23.573 0.5000000000
21324  -19.110  -52.363  -23.796 0.5000000000
22288  -20.170  -51.312  -23.149 0.6000000238
22274  -20.264  -51.419  -21.857 0.6000000238
23288  -21.181  -50.368  -22.248 0.6000000238
25187  -14.469  -48.971  -17.888 0.6000000238
25158  -15.426  -49.197  -15.880 0.5000000000
25160  -17.868  -48.548  -16.515 0.5000000000
26957  -18.386  -47.321  -16.299 0.4000000060
26038  -19.446  -47.293  -17.005 0.5000000000
26965  -20.125  -46.599  -17.222 0.5000000000
26997  -20.441  -45.959  -18.734 0.5000000000
28733  -21.450  -44.387  -17.987 0.5000000000
28740  -21.958  -44.147  -19.200 0.5000000000
29613  -22.452  -42.902  -19.551 0.5000000000
28749  -21.875  -44.300  -20.159 0.5000000000
30557  -22.980  -42.389  -20.123 0.5000000000
23300  -16.474  -50.901  -22.991 0.6999999881
24286  -16.821  -50.189  -22.515 0.6000000238
24287  -17.754  -49.812  -22.985 0.5000000000
25234  -18.501  -48.393  -21.726 0.5000000000
29630  -22.437  -43.859  -20.531 0.5000000000
29622  -23.304  -42.869  -20.467 0.5000000000
149672  -16.412  -53.065  -22.350 0.8000000119
22285  -16.417  -51.668  -23.152 0.6999999881
22306  -17.860  -51.936  -24.166 0.6000000238
25245  -19.083  -48.841  -22.702 0.5000000000
26110  -19.896  -47.601  -22.397 0.4000000060
27026  -20.712  -46.501  -22.460 0.5000000000
28772  -21.658  -44.744  -21.898 0.4000000060
29642  -23.059  -43.750  -21.932 0.5000000000
22307  -18.872  -51.707  -24.083 0.5000000000
24306  -19.952  -50.145  -23.812 0.5000000000
24288  -18.917  -49.708  -23.431 0.6000000238
25247  -20.568  -48.100  -23.315 0.5000000000
26111  -21.041  -47.349  -23.179 0.5000000000
148116  -21.676  -45.954  -23.006 0.5000000000
23327  -19.636  -51.021  -23.839 0.5000000000
147733  -20.521  -50.096  -23.767 0.5000000000
147704  -20.380  -48.884  -23.621 0.5000000000
26122  -21.435  -48.201  -23.749 0.5000000000
23304  -21.016  -50.400  -23.170 0.6000000238
24309  -21.898  -49.240  -23.520 0.6000000238
25146  -16.010  -48.784  -15.594 0.5000000000
26035  -16.834  -48.153  -15.786 0.5000000000
26036  -17.745  -48.144  -16.194 0.5000000000
27864  -17.907  -46.487  -16.447 0.4000000060
27865  -18.835  -46.489  -16.401 0.4000000060
26034  -15.807  -47.814  -15.565 0.5000000000
26956  -17.425  -47.316  -16.142 0.4000000060
27872  -19.984  -45.573  -16.720 0.5000000000
27873  -20.686  -45.507  -17.057 0.6000000238
29606  -21.050  -43.899  -17.776 0.5000000000
30536  -21.552  -43.087  -18.699 0.5000000000
31476  -21.376  -42.259  -19.834 0.4000000060
134295  -22.397  -41.682  -20.482 0.4000000060
32486  -21.483  -40.976  -21.228 0.4000000060
26964  -15.912  -45.860  -17.215 0.4000000060
140916  -17.405  -45.650  -17.024 0.4000000060
132077  -18.630  -45.093  -17.072 0.4000000060
28720  -19.469  -44.974  -16.924 0.5000000000
29595  -20.399  -44.218  -17.470 0.5000000000
140740  -20.240  -43.523  -18.073 0.5000000000
28731  -18.696  -44.390  -17.647 0.4000000060
127589  -18.924  -43.205  -18.750 0.4000000060
30535  -19.933  -42.917  -18.943 0.5000000000
30546  -19.457  -42.340  -19.981 0.4000000060
31475  -20.243  -41.924  -20.590 0.4000000060
31490  -21.355  -41.693  -20.623 0.4000000060
32485  -20.564  -40.106  -21.304 0.4000000060
27868  -15.760  -45.164  -17.734 0.4000000060
27869  -16.539  -45.219  -17.621 0.4000000060
28719  -17.650  -44.874  -17.589 0.4000000060
29588  -16.074  -43.198  -17.356 0.4000000060
139353  -16.648  -43.090  -17.931 0.4000000060
29604  -18.495  -43.684  -18.288 0.4000000060
30533  -17.892  -42.446  -19.271 0.4000000060
30534  -18.734  -42.487  -19.530 0.5000000000
30545  -18.448  -42.029  -20.199 0.5000000000
31474  -18.819  -41.428  -20.708 0.4000000060
31488  -19.588  -41.128  -21.201 0.4000000060
31459  -17.871  -41.476  -19.252 0.4000000060
32470  -18.465  -40.127  -20.085 0.4000000060
33460  -18.939  -39.070  -20.032 0.4000000060
32483  -19.020  -40.204  -20.772 0.4000000060
33475  -19.922  -39.065  -21.086 0.4000000060
29587  -15.385  -43.397  -16.713 0.4000000060
30517  -16.009  -42.573  -16.520 0.3000000119
30523  -17.036  -42.358  -17.906 0.3000000119
31458  -17.642  -41.720  -18.729 0.4000000060
32412  -16.145  -41.016  -15.852 0.4000000060
31426  -16.427  -41.707  -16.508 0.3000000119
31438  -16.925  -41.573  -17.272 0.3000000119
32458  -17.609  -40.754  -18.452 0.4000000060
33425  -17.857  -38.665  -18.376 0.5000000000
33443  -18.155  -38.897  -19.010 0.4000000060
33444  -18.813  -38.554  -19.166 0.4000000060
34455  -19.521  -38.234  -19.375 0.4000000060
35443  -20.842  -37.181  -19.866 0.3000000119
33424  -17.660  -38.353  -17.883 0.5000000000
34425  -18.272  -37.828  -17.884 0.5000000000
34440  -19.380  -38.074  -18.675 0.4000000060
34441  -20.224  -37.847  -18.601 0.4000000060
34442  -21.220  -38.032  -18.223 0.3000000119
31425  -15.925  -41.914  -15.837 0.4000000060
32406  -15.840  -40.215  -15.470 0.4000000060
135402  -16.788  -39.743  -16.753 0.4000000060
32414  -17.051  -39.935  -17.218 0.5000000000
32438  -17.448  -39.567  -17.923 0.5000000000
33398  -16.112  -39.285  -15.928 0.4000000060
33405  -17.196  -38.866  -17.294 0.5000000000
34405  -17.867  -37.598  -17.471 0.5000000000
132118  -18.632  -37.696  -17.112 0.4000000060
34427  -20.063  -38.325  -17.103 0.4000000060
125046  -20.603  -38.269  -17.608 0.3000000119
35390  -17.719  -37.086  -17.007 0.3000000119
35391  -18.370  -37.537  -16.693 0.3000000119
34406  -19.094  -38.436  -16.008 0.3000000119
146384  -15.854  -41.490  -15.433 0.4000000060
34397  -15.714  -38.454  -15.817 0.3000000119
35381  -16.229  -37.145  -16.388 0.4000000060
32415  -20.604  -40.093  -15.942 0.3000000119
138985  -14.978  -38.690  -14.909 0.3000000119
135333  -15.430  -36.533  -15.619 0.3000000119
11544  -20.038  -61.828  -31.765 0.6000000238
12496  -19.621  -61.107  -32.338 0.5000000000
18399  -24.242  -55.556  -19.944 0.6000000238
17377  -23.862  -56.351  -19.973 0.6000000238
3436  -21.270  -74.053  -33.056 0.5000000000
3392  -22.428  -73.284  -30.610 0.6000000238
2827  -23.086  -74.136  -30.449 0.6999999881
2858  -24.857  -74.636  -33.208 0.6999999881
3427  -25.791  -73.685  -32.543 0.6999999881
4545  -25.376  -71.799  -27.593 0.6999999881
3999  -26.266  -72.704  -31.600 0.6999999881
3395  -25.754  -72.883  -30.667 0.6999999881
9825  -24.272  -64.344  -28.496 0.5000000000
4628  -26.898  -71.765  -34.461 0.6999999881
5885  -25.822  -69.626  -27.062 0.6999999881
4530  -25.972  -71.275  -27.045 0.6999999881
5292  -27.080  -70.323  -33.275 0.6999999881
148573  -27.565  -70.774  -28.291 0.6999999881
11545  -20.962  -62.251  -31.682 0.6000000238
5968  -28.304  -68.872  -34.246 0.6999999881
5908  -29.030  -68.740  -28.477 0.6000000238
6660  -29.185  -68.952  -30.508 0.5000000000
11515  -19.192  -62.141  -30.337 0.6999999881
6640  -28.079  -68.656  -27.736 0.6000000238
7519  -29.420  -67.778  -36.991 0.6000000238
8339  -28.470  -66.886  -38.537 0.6000000238
7413  -29.235  -67.007  -28.259 0.5000000000
8249  -31.024  -66.393  -29.406 0.5000000000
7536  -31.393  -66.819  -36.814 0.5000000000
12468  -19.173  -61.040  -30.150 0.6000000238
12467  -18.796  -61.812  -29.365 0.6999999881
10709  -21.774  -63.618  -35.038 0.6000000238
7442  -26.411  -68.332  -30.430 0.5000000000
8211  -28.275  -66.873  -28.309 0.5000000000
9023  -29.201  -65.643  -28.567 0.6000000238
8231  -28.512  -65.982  -28.655 0.5000000000
8214  -30.026  -65.941  -28.605 0.5000000000
9149  -29.825  -65.572  -39.411 0.6000000238
9144  -30.548  -65.139  -38.434 0.6000000238
8342  -32.073  -65.632  -37.134 0.5000000000
15373  -20.638  -58.004  -26.603 0.6000000238
13428  -24.774  -60.703  -29.723 0.5000000000
14315  -20.476  -59.552  -21.432 0.6000000238
141291  -20.988  -62.177  -23.569 0.6000000238
9114  -27.248  -65.625  -34.524 0.6000000238
13335  -21.235  -59.850  -20.955 0.6000000238
16350  -23.254  -58.203  -22.494 0.8000000119
13337  -22.721  -60.698  -20.265 0.6000000238
129054  -26.233  -61.913  -34.543 0.6000000238
12376  -23.480  -61.619  -21.705 0.6000000238
11594  -26.936  -62.271  -36.079 0.6000000238
16341  -25.985  -58.092  -21.256 0.8000000119
13454  -26.382  -60.879  -31.730 0.6000000238
14316  -24.778  -59.935  -20.916 0.6000000238
13339  -24.539  -60.415  -20.423 0.6999999881
142304  -24.028  -58.262  -18.297 0.6000000238
17375  -22.087  -57.046  -20.800 0.6000000238
16318  -24.593  -57.004  -19.130 0.6999999881
18397  -22.512  -55.962  -21.282 0.6000000238
20311  -22.087  -53.199  -19.674 0.5000000000
19411  -19.126  -54.389  -23.019 0.5000000000
19391  -22.180  -54.644  -21.286 0.6000000238
22246  -20.609  -51.516  -19.575 0.5000000000
145191  -14.007  -50.924  -18.954 0.6999999881
21262  -14.758  -51.974  -19.164 0.6000000238
24253  -15.007  -49.385  -19.624 0.6999999881
22259  -15.220  -51.685  -20.725 0.8000000119
25232  -16.825  -49.002  -21.028 0.6000000238
25166  -16.501  -49.151  -17.020 0.6000000238
26995  -18.738  -46.510  -19.530 0.5000000000
26084  -17.522  -47.493  -20.096 0.5000000000
27928  -21.796  -45.228  -22.587 0.5000000000
25159  -17.055  -48.907  -16.134 0.5000000000
29621  -22.935  -43.126  -20.036 0.5000000000
23301  -17.318  -50.532  -23.490 0.6000000238
23302  -18.361  -50.394  -23.794 0.6000000238
25261  -21.779  -48.862  -23.978 0.5000000000
26955  -16.349  -46.961  -16.285 0.5000000000
30547  -20.880  -42.597  -19.226 0.5000000000
29605  -19.439  -43.871  -17.874 0.6000000238
29592  -15.665  -43.976  -17.622 0.4000000060
29593  -16.292  -43.803  -18.043 0.4000000060
137603  -17.624  -43.903  -18.271 0.4000000060
30518  -16.563  -42.422  -17.199 0.3000000119
29594  -17.176  -43.113  -18.456 0.4000000060
31473  -18.166  -41.176  -19.858 0.5000000000
138592  -17.950  -40.600  -19.080 0.4000000060
32469  -18.138  -39.926  -19.366 0.4000000060
33461  -19.700  -38.521  -20.232 0.4000000060
34474  -20.476  -37.940  -20.500 0.4000000060
32413  -16.719  -40.681  -16.712 0.3000000119
32437  -17.190  -40.684  -17.577 0.5000000000
32459  -17.826  -39.709  -18.702 0.4000000060
34439  -18.708  -38.052  -18.403 0.5000000000
34456  -20.268  -37.771  -19.587 0.4000000060
34426  -19.269  -37.940  -17.186 0.5000000000
126921  -19.708  -37.986  -17.899 0.4000000060
33399  -16.699  -39.025  -16.616 0.5000000000
34398  -16.483  -38.169  -16.547 0.5000000000
34404  -17.148  -37.834  -17.179 0.4000000060
34407  -19.904  -38.917  -16.271 0.4000000060
35389  -16.969  -37.208  -16.984 0.4000000060
140189  -15.228  -37.662  -15.483 0.3000000119
35382  -17.177  -36.671  -16.444 0.3000000119
4683  -31.845  -70.459  -42.449 0.5000000000
4684  -32.385  -70.100  -42.707 0.5000000000
134249  -34.533  -70.291  -42.975 0.5000000000
5361  -33.619  -70.030  -43.142 0.5000000000
5362  -35.448  -70.790  -42.504 0.5000000000
139494  -34.130  -69.593  -43.201 0.5000000000
5357  -36.427  -70.365  -42.400 0.6000000238
5355  -31.165  -70.545  -42.194 0.5000000000
5356  -31.937  -69.992  -42.480 0.5000000000
6019  -32.548  -69.609  -42.732 0.5000000000
6020  -33.031  -69.175  -42.913 0.5000000000
6021  -37.043  -69.779  -42.527 0.6000000238
6026  -34.377  -68.890  -43.155 0.6000000238
6027  -35.353  -68.933  -43.235 0.6000000238
5354  -30.235  -70.894  -41.925 0.4000000060
4665  -25.213  -71.190  -40.493 0.4000000060
124871  -25.905  -70.400  -40.473 0.4000000060
4669  -26.476  -70.944  -40.859 0.5000000000
5347  -27.842  -71.002  -40.961 0.5000000000
4671  -28.183  -71.477  -41.089 0.5000000000
5348  -28.596  -70.886  -40.974 0.5000000000
6014  -27.515  -70.229  -40.391 0.5000000000
5353  -29.395  -71.136  -41.498 0.5000000000
5341  -29.184  -70.565  -40.448 0.5000000000
6022  -37.788  -69.636  -42.271 0.6000000238
6024  -39.049  -68.971  -41.609 0.6000000238
5342  -30.075  -70.525  -40.601 0.5000000000
6009  -31.662  -70.066  -40.350 0.5000000000
5998  -30.673  -69.887  -39.502 0.5000000000
6029  -37.188  -69.122  -42.842 0.6000000238
6017  -32.225  -69.523  -41.503 0.5000000000
6783  -33.973  -68.331  -42.722 0.6000000238
6789  -34.984  -68.217  -43.147 0.6000000238
6030  -38.077  -68.903  -42.635 0.6000000238
7574  -35.447  -67.641  -43.041 0.6000000238
6791  -37.374  -68.214  -43.147 0.6000000238
7577  -38.682  -67.179  -42.946 0.6999999881
8377  -36.620  -66.801  -43.075 0.6000000238
8379  -38.221  -66.593  -42.996 0.6999999881
4657  -24.962  -71.157  -37.722 0.6000000238
5326  -25.267  -70.183  -38.013 0.6000000238
5327  -25.922  -69.958  -37.144 0.6000000238
5331  -24.621  -70.684  -39.695 0.5000000000
134680  -25.511  -69.673  -39.378 0.5000000000
6750  -26.021  -69.209  -39.093 0.6000000238
6013  -26.752  -70.226  -40.452 0.5000000000
5996  -26.280  -69.673  -39.877 0.5000000000
6768  -26.862  -69.363  -39.817 0.5000000000
6015  -28.341  -70.249  -40.292 0.5000000000
6770  -28.115  -68.526  -39.909 0.5000000000
5338  -29.929  -70.212  -39.747 0.5000000000
6012  -39.210  -68.814  -40.838 0.6999999881
6778  -39.320  -68.831  -41.139 0.6000000238
6779  -39.862  -68.389  -40.744 0.8000000119
5999  -32.041  -69.505  -39.631 0.5000000000
6776  -32.938  -69.095  -40.743 0.5000000000
7564  -34.074  -68.028  -40.948 0.6000000238
6785  -39.484  -68.472  -41.780 0.6999999881
149292  -39.833  -68.325  -41.296 0.6999999881
7573  -34.868  -67.758  -42.944 0.6000000238
8380  -38.868  -66.563  -42.790 0.6999999881
8369  -35.203  -67.197  -42.334 0.6000000238
8371  -36.453  -66.546  -42.701 0.6000000238
8366  -36.434  -66.405  -42.219 0.6999999881
8373  -38.719  -66.144  -42.611 0.6999999881
135457  -39.418  -65.961  -42.328 0.6000000238
4060  -24.899  -72.085  -37.497 0.5000000000
5318  -25.622  -70.784  -37.103 0.6000000238
5990  -26.474  -69.199  -37.319 0.6000000238
7549  -27.060  -68.360  -38.984 0.6000000238
7550  -27.705  -67.904  -39.146 0.6000000238
6771  -28.887  -68.453  -39.918 0.5000000000
7559  -29.349  -67.248  -40.020 0.6000000238
6002  -39.499  -68.525  -40.530 0.6999999881
146854  -30.559  -69.127  -39.516 0.5000000000
7560  -30.181  -67.072  -40.187 0.5000000000
6003  -40.273  -68.185  -40.095 0.5000000000
6756  -40.641  -68.217  -39.058 0.6000000238
6761  -31.332  -69.322  -39.484 0.6000000238
6774  -33.513  -68.438  -40.075 0.5000000000
6775  -40.464  -68.033  -40.391 0.6000000238
7562  -34.584  -67.473  -40.556 0.5000000000
7570  -39.748  -67.008  -42.382 0.6999999881
7571  -40.350  -67.018  -41.960 0.6000000238
8364  -35.143  -67.054  -41.309 0.5000000000
137027  -39.992  -66.336  -42.287 0.6000000238
9177  -40.551  -65.385  -41.801 0.6000000238
9161  -35.980  -66.154  -40.660 0.5000000000
9165  -36.400  -66.176  -41.550 0.6000000238
9174  -39.079  -65.976  -42.232 0.5000000000
9959  -37.897  -64.934  -40.499 0.5000000000
9967  -40.956  -64.473  -41.546 0.5000000000
4050  -25.649  -72.523  -36.763 0.6000000238
4647  -25.574  -71.652  -36.979 0.6000000238
3477  -25.618  -73.435  -36.399 0.4000000060
8357  -29.616  -66.382  -40.011 0.5000000000
6766  -40.892  -68.169  -39.291 0.6000000238
7561  -31.236  -67.133  -39.953 0.5000000000
136338  -40.837  -68.062  -39.904 0.5000000000
7555  -34.304  -67.212  -39.671 0.5000000000
142798  -41.063  -67.546  -40.486 0.5000000000
7563  -41.721  -66.841  -40.160 0.5000000000
7556  -41.403  -67.745  -39.546 0.5000000000
8353  -34.499  -66.397  -39.535 0.5000000000
7572  -40.476  -66.101  -41.936 0.5000000000
8367  -41.180  -65.811  -41.571 0.5000000000
8354  -35.378  -66.298  -39.840 0.6000000238
139711  -34.992  -64.684  -39.385 0.6000000238
9175  -39.796  -65.748  -42.044 0.5000000000
9170  -41.157  -64.772  -41.599 0.6000000238
9158  -36.135  -64.907  -39.561 0.6000000238
9955  -37.436  -64.403  -39.647 0.5000000000
2873  -25.387  -74.455  -35.372 0.4000000060
8350  -31.432  -66.080  -40.018 0.5000000000
129992  -42.161  -67.295  -39.036 0.5000000000
8351  -32.559  -66.316  -39.709 0.5000000000
9155  -33.644  -65.480  -39.564 0.5000000000
8363  -41.976  -65.720  -40.498 0.5000000000
8355  -42.575  -66.318  -38.813 0.5000000000
8346  -43.008  -65.673  -38.270 0.5000000000
9147  -43.606  -66.302  -37.550 0.5000000000
9945  -44.548  -64.697  -36.887 0.5000000000
139634  -33.717  -64.450  -39.626 0.6000000238
9952  -33.993  -63.552  -39.541 0.6000000238
9171  -41.739  -64.309  -41.356 0.5000000000
9953  -35.339  -64.016  -39.280 0.6000000238
10757  -41.953  -63.444  -41.193 0.5000000000
10744  -35.780  -63.623  -39.070 0.5000000000
140912  -37.206  -63.278  -38.921 0.5000000000
9943  -31.977  -63.639  -38.094 0.5000000000
9159  -42.336  -65.402  -39.807 0.5000000000
148029  -42.645  -65.205  -39.096 0.5000000000
9152  -43.560  -65.116  -37.799 0.5000000000
141838  -44.095  -64.653  -37.422 0.5000000000
9947  -31.692  -63.370  -38.977 0.5000000000
10734  -32.094  -62.855  -38.530 0.6000000238
9164  -42.166  -64.522  -40.881 0.5000000000
140645  -42.590  -64.330  -39.977 0.5000000000
9949  -43.770  -63.909  -38.173 0.5000000000
127125  -44.398  -63.687  -37.580 0.5000000000
9946  -44.854  -63.583  -36.995 0.5000000000
10743  -34.696  -63.271  -39.250 0.5000000000
9963  -42.030  -63.694  -41.229 0.5000000000
10750  -42.772  -62.812  -40.592 0.5000000000
9944  -32.741  -64.295  -37.181 0.5000000000
10752  -44.114  -62.138  -39.398 0.5000000000
10741  -44.304  -62.805  -38.516 0.5000000000
10736  -44.877  -62.594  -37.797 0.5000000000
11603  -45.885  -61.571  -37.458 0.4000000060
11606  -44.896  -61.732  -38.661 0.4000000060
9047  -20.447  -65.629  -30.997 0.4000000060
14291  -19.858  -59.293  -19.437 0.5000000000
16296  -18.513  -57.389  -16.788 0.5000000000
15271  -18.937  -57.841  -17.402 0.5000000000
17330  -17.273  -56.631  -15.923 0.5000000000
126691  -17.946  -56.529  -16.053 0.5000000000
14274  -19.294  -58.877  -18.704 0.5000000000
22224  -13.435  -50.850  -18.359 0.5000000000
23228  -12.770  -50.411  -17.771 0.5000000000
25164  -14.506  -49.131  -16.694 0.5000000000
135934  -31.603  -64.336  -39.763 0.5000000000
8359  -31.680  -65.106  -40.041 0.5000000000
6028  -36.282  -69.367  -43.005 0.6000000238
6781  -32.713  -69.013  -42.129 0.6000000238
145158  -36.540  -67.958  -43.286 0.6000000238
7565  -34.542  -67.548  -41.879 0.6000000238
141093  -37.036  -66.364  -42.909 0.6999999881
5992  -25.588  -69.521  -38.678 0.6000000238
6762  -32.075  -68.496  -39.512 0.5000000000
8365  -35.783  -66.566  -41.790 0.6000000238
9167  -37.805  -65.975  -41.808 0.6000000238
9163  -37.462  -65.497  -41.099 0.6000000238
6765  -40.048  -68.254  -39.896 0.6999999881
7553  -32.403  -67.342  -39.631 0.5000000000
8360  -35.053  -66.978  -40.091 0.5000000000
9157  -35.735  -65.585  -39.737 0.6000000238
9958  -37.101  -65.010  -40.045 0.6000000238
9964  -38.262  -65.391  -41.327 0.5000000000
9968  -41.567  -63.983  -41.367 0.5000000000
150440  -41.634  -66.046  -40.968 0.5000000000
128388  -42.170  -66.368  -39.651 0.5000000000
9156  -34.721  -65.525  -39.466 0.5000000000
10745  -36.830  -63.809  -39.133 0.5000000000
146055  -32.461  -64.467  -39.851 0.5000000000
139517  -32.796  -63.557  -39.649 0.5000000000
9948  -43.077  -64.335  -38.896 0.5000000000
9957  -43.012  -63.320  -40.088 0.5000000000
10740  -43.629  -63.090  -39.273 0.5000000000
10737  -45.366  -62.462  -37.230 0.5000000000
10751  -43.397  -62.459  -40.040 0.4000000060
11607  -45.488  -61.677  -37.928 0.4000000060
8323  -40.361  -66.417  -35.727 0.5000000000
8336  -40.994  -67.258  -36.205 0.6000000238
7527  -41.677  -67.915  -36.714 0.6000000238
7526  -40.636  -67.547  -36.943 0.6000000238
7525  -39.294  -67.143  -37.131 0.4000000060
6740  -42.615  -67.925  -36.857 0.4000000060
7548  -42.605  -67.729  -37.588 0.4000000060
6749  -42.336  -67.967  -37.294 0.5000000000
7541  -41.412  -68.137  -37.473 0.6000000238
6748  -41.769  -68.195  -37.710 0.5000000000
142371  -42.226  -67.713  -38.203 0.4000000060
7540  -40.292  -67.794  -37.795 0.5000000000
6757  -41.348  -68.148  -38.368 0.5000000000
7547  -39.930  -67.934  -38.705 0.6000000238
6764  -38.871  -68.587  -40.143 0.6000000238
6000  -37.803  -69.034  -39.867 0.6000000238
6001  -38.452  -69.161  -40.594 0.6000000238
6011  -38.607  -69.292  -40.860 0.6000000238
141823  -37.926  -69.757  -40.547 0.6000000238
5359  -38.057  -69.928  -41.479 0.5000000000
5358  -37.424  -70.302  -41.965 0.5000000000
4682  -36.977  -70.961  -41.608 0.4000000060
4681  -36.163  -71.232  -41.957 0.5000000000
128906  -45.793  -62.107  -36.734 0.3000000119
4686  -33.785  -70.845  -42.772 0.4000000060
149214  -26.820  -59.865  -30.595 0.4000000060
15468  -26.806  -58.915  -31.062 0.4000000060
14465  -26.564  -59.906  -32.427 0.5000000000
24264  -21.889  -49.729  -20.762 0.5000000000
24278  -21.753  -49.916  -21.950 0.5000000000
25235  -22.768  -48.851  -21.536 0.5000000000
25236  -23.043  -48.573  -22.466 0.4000000060
26124  -22.827  -48.053  -24.132 0.4000000060
27919  -24.971  -46.085  -21.212 0.4000000060
27038  -22.560  -47.415  -24.132 0.4000000060
26136  -23.639  -47.436  -24.428 0.4000000060
26125  -24.116  -47.526  -23.917 0.4000000060
124638  -21.999  -46.595  -23.627 0.4000000060
27950  -23.197  -46.238  -24.666 0.4000000060
27040  -25.738  -46.435  -24.059 0.4000000060
126165  -22.802  -45.527  -23.960 0.4000000060
28803  -23.467  -45.288  -24.738 0.4000000060
27963  -26.644  -45.944  -25.430 0.4000000060
28789  -23.062  -44.606  -23.631 0.4000000060
28790  -23.666  -44.162  -24.162 0.4000000060
28774  -22.803  -44.252  -22.827 0.4000000060
125296  -23.929  -43.346  -23.685 0.4000000060
137842  -22.498  -41.089  -20.895 0.3000000119
31499  -23.800  -41.726  -21.122 0.4000000060
33476  -20.712  -38.966  -21.210 0.3000000119
33487  -21.696  -39.129  -21.257 0.3000000119
124826  -23.790  -40.877  -21.438 0.3000000119
32496  -22.256  -40.294  -21.067 0.3000000119
127686  -24.770  -46.706  -22.113 0.4000000060
27028  -24.537  -47.263  -23.104 0.4000000060
26113  -23.892  -47.835  -23.156 0.4000000060
26103  -23.639  -48.049  -22.239 0.4000000060
27039  -24.914  -47.121  -24.142 0.4000000060
27052  -24.655  -46.948  -24.967 0.4000000060
27941  -26.756  -45.716  -24.007 0.4000000060
27041  -26.296  -46.292  -24.875 0.4000000060
27061  -25.809  -46.189  -25.446 0.4000000060
134962  -24.242  -46.482  -25.335 0.4000000060
126025  -44.421  -63.201  -29.978 0.3000000119
10666  -44.030  -63.411  -30.733 0.3000000119
10647  -42.423  -62.983  -29.928 0.4000000060
10665  -42.923  -63.338  -30.698 0.3000000119
10681  -43.588  -63.727  -31.456 0.4000000060
9859  -41.086  -63.832  -31.104 0.3000000119
10680  -42.277  -63.765  -31.448 0.3000000119
9879  -43.162  -64.119  -32.156 0.4000000060
9858  -39.971  -63.888  -30.917 0.3000000119
146130  -42.222  -64.156  -32.180 0.3000000119
9877  -40.343  -64.056  -31.721 0.3000000119
9878  -41.390  -64.080  -31.913 0.3000000119
9894  -41.753  -64.406  -32.632 0.3000000119
9893  -40.753  -64.312  -32.475 0.3000000119
9908  -41.192  -64.686  -33.202 0.3000000119
9892  -39.644  -64.299  -32.376 0.3000000119
9907  -40.135  -64.516  -33.114 0.3000000119
9102  -40.569  -64.959  -33.783 0.3000000119
143174  -37.628  -65.635  -31.594 0.3000000119
9085  -37.920  -65.024  -31.924 0.3000000119
9906  -38.982  -64.562  -33.110 0.3000000119
141517  -39.663  -64.749  -33.660 0.3000000119
9119  -39.790  -65.108  -34.320 0.3000000119
8278  -37.720  -65.761  -32.242 0.4000000060
9880  -44.229  -64.460  -31.946 0.3000000119
10646  -41.380  -63.148  -29.730 0.4000000060
10663  -40.714  -63.588  -30.287 0.3000000119
9895  -42.780  -64.504  -32.778 0.4000000060
9876  -39.237  -64.158  -31.583 0.3000000119
9909  -42.243  -64.887  -33.318 0.4000000060
9103  -41.618  -65.285  -33.839 0.4000000060
9875  -38.284  -64.538  -31.389 0.3000000119
9120  -40.926  -65.645  -34.506 0.4000000060
8267  -37.488  -65.887  -30.983 0.3000000119
9055  -37.403  -65.418  -30.447 0.4000000060
9118  -38.872  -65.328  -34.661 0.3000000119
136467  -37.669  -66.516  -30.022 0.3000000119
10682  -44.509  -64.116  -31.241 0.3000000119
131990  -45.193  -65.085  -31.572 0.3000000119
9861  -45.678  -65.286  -30.877 0.3000000119
9896  -44.844  -65.313  -32.305 0.3000000119
10631  -41.024  -62.800  -28.987 0.4000000060
138501  -43.880  -64.787  -32.653 0.3000000119
134622  -44.583  -65.624  -32.974 0.3000000119
10662  -39.611  -63.719  -30.121 0.3000000119
10645  -40.330  -63.298  -29.521 0.4000000060
9086  -43.469  -65.249  -33.372 0.4000000060
130679  -43.614  -65.919  -33.948 0.3000000119
9104  -42.703  -65.558  -33.909 0.4000000060
8291  -43.215  -66.316  -34.404 0.4000000060
9857  -38.852  -64.076  -30.761 0.3000000119
10643  -38.143  -63.886  -29.142 0.3000000119
9121  -42.150  -65.976  -34.434 0.4000000060
8308  -42.773  -66.768  -34.956 0.4000000060
9856  -37.850  -64.597  -30.492 0.3000000119
9827  -37.466  -64.422  -28.775 0.3000000119
8325  -42.368  -67.263  -35.487 0.4000000060
7510  -42.851  -67.765  -35.925 0.5000000000
9838  -37.679  -64.497  -29.579 0.3000000119
8306  -40.835  -66.163  -35.194 0.4000000060
8324  -41.372  -66.883  -35.589 0.4000000060
7509  -41.988  -67.641  -36.048 0.5000000000
8236  -38.083  -66.643  -29.282 0.3000000119
9071  -45.573  -65.703  -32.062 0.3000000119
9072  -45.933  -65.645  -31.489 0.3000000119
10630  -39.905  -62.944  -28.666 0.4000000060
8292  -44.260  -66.613  -34.257 0.4000000060
7499  -44.507  -67.104  -34.850 0.4000000060
10644  -39.208  -63.529  -29.335 0.4000000060
7497  -43.295  -67.406  -35.408 0.4000000060
7511  -43.663  -67.483  -35.790 0.5000000000
7530  -43.742  -67.420  -36.489 0.4000000060
10629  -37.850  -63.838  -28.471 0.3000000119
7529  -43.071  -67.789  -36.430 0.4000000060
9826  -37.140  -64.950  -28.289 0.3000000119
7542  -42.987  -67.776  -36.973 0.4000000060
147246  -43.055  -66.639  -37.974 0.4000000060
9025  -37.289  -65.525  -28.828 0.3000000119
8215  -37.561  -66.106  -28.827 0.3000000119
8217  -39.103  -66.824  -28.720 0.3000000119
9087  -45.452  -65.967  -32.661 0.3000000119
9106  -45.223  -66.288  -33.260 0.3000000119
8310  -45.090  -66.764  -34.297 0.3000000119
129859  -38.706  -63.419  -28.541 0.4000000060
8326  -44.840  -67.032  -35.531 0.5000000000
132132  -44.569  -66.419  -36.472 0.4000000060
10628  -37.456  -64.210  -28.022 0.4000000060
7543  -44.089  -66.795  -36.884 0.4000000060
135937  -37.957  -65.263  -26.736 0.3000000119
9818  -37.314  -64.533  -27.588 0.3000000119
9012  -37.412  -65.148  -27.480 0.3000000119
8194  -38.321  -65.907  -27.342 0.3000000119
150126  -40.238  -66.670  -27.603 0.3000000119
135357  -39.312  -66.503  -27.839 0.3000000119
8293  -45.545  -66.499  -33.662 0.3000000119
7500  -45.082  -67.004  -34.904 0.4000000060
8338  -45.019  -66.514  -35.882 0.4000000060
8990  -39.039  -65.822  -25.725 0.3000000119
8173  -38.926  -66.046  -25.163 0.3000000119
9000  -38.898  -65.737  -26.363 0.3000000119
8182  -39.680  -66.191  -26.138 0.3000000119
8195  -39.690  -66.314  -26.924 0.3000000119
7379  -38.600  -67.434  -24.586 0.3000000119
7380  -39.326  -66.919  -24.988 0.3000000119
8177  -39.599  -66.373  -25.549 0.3000000119
6612  -39.936  -67.618  -25.220 0.3000000119
8178  -40.167  -66.644  -25.945 0.3000000119
9937  -45.978  -65.453  -34.882 0.3000000119
9137  -45.488  -65.756  -35.597 0.4000000060
6599  -38.245  -68.240  -24.363 0.3000000119
5844  -38.669  -69.040  -24.438 0.3000000119
10716  -45.931  -64.426  -34.051 0.3000000119
9922  -46.359  -65.280  -34.180 0.3000000119
9936  -45.382  -64.619  -35.629 0.3000000119
9921  -45.677  -64.572  -34.894 0.3000000119
10727  -45.284  -63.408  -35.803 0.3000000119
24292  -21.945  -49.487  -22.627 0.5000000000
30572  -24.110  -42.341  -21.824 0.5000000000
29644  -24.133  -42.807  -22.777 0.4000000060
25249  -22.593  -48.547  -23.680 0.4000000060
7546  -38.802  -67.865  -38.894 0.6000000238
6747  -41.089  -68.257  -38.232 0.5000000000
8345  -42.700  -67.236  -38.134 0.4000000060
9148  -44.251  -65.749  -37.057 0.4000000060
9143  -44.842  -65.694  -36.351 0.4000000060
9941  -44.972  -64.660  -36.258 0.4000000060
10733  -45.133  -63.457  -36.425 0.3000000119
25207  -22.237  -49.108  -19.997 0.5000000000
27018  -23.819  -47.581  -21.202 0.4000000060
27020  -25.346  -45.965  -22.160 0.4000000060
10664  -41.784  -63.456  -30.509 0.3000000119
9070  -37.645  -65.120  -31.176 0.3000000119
8307  -41.733  -66.444  -35.011 0.4000000060
9839  -38.516  -64.007  -29.928 0.3000000119
8309  -43.749  -67.048  -34.881 0.4000000060
9026  -37.483  -65.710  -28.180 0.3000000119
138357  -44.246  -67.260  -35.836 0.4000000060
8216  -38.190  -66.364  -28.349 0.3000000119
8327  -45.465  -66.640  -35.175 0.4000000060
8998  -37.524  -64.490  -26.733 0.3000000119
8196  -40.584  -66.725  -27.109 0.3000000119
9122  -45.983  -66.167  -34.880 0.3000000119
6600  -39.110  -68.127  -24.798 0.3000000119
5352  -37.906  -69.987  -40.777 0.5000000000
5344  -37.498  -70.438  -40.161 0.5000000000
138793  -37.525  -69.886  -39.873 0.5000000000
148966  -37.583  -68.843  -39.134 0.5000000000
7545  -38.021  -67.837  -38.442 0.4000000060
138207  -32.472  -63.276  -37.549 0.4000000060
8335  -39.899  -66.771  -36.387 0.5000000000
8322  -39.348  -66.100  -35.808 0.3000000119
124652  -38.223  -65.541  -34.028 0.3000000119
9136  -39.832  -65.637  -35.145 0.4000000060
9100  -38.338  -65.086  -33.416 0.3000000119
9101  -38.901  -64.919  -33.911 0.3000000119
10618  -37.470  -63.879  -27.243 0.3000000119
10619  -37.981  -63.117  -26.898 0.3000000119
127418  -38.014  -63.461  -27.767 0.3000000119
11521  -43.084  -62.518  -29.333 0.3000000119
10608  -37.687  -63.646  -26.376 0.3000000119
147732  -38.462  -63.013  -27.393 0.3000000119
10620  -39.118  -62.870  -27.833 0.3000000119
11503  -40.791  -62.412  -28.287 0.3000000119
11504  -41.682  -62.305  -28.490 0.3000000119
11493  -41.404  -61.932  -27.847 0.3000000119
11490  -38.856  -62.591  -27.060 0.3000000119
11491  -39.809  -62.291  -27.294 0.3000000119
11502  -40.077  -62.509  -27.961 0.3000000119
12450  -41.193  -61.685  -27.264 0.3000000119
11520  -42.029  -62.630  -29.197 0.3000000119
11506  -43.689  -62.253  -28.666 0.3000000119
11483  -39.525  -62.026  -26.428 0.3000000119
11505  -42.662  -62.193  -28.609 0.3000000119
11494  -42.282  -61.862  -27.915 0.3000000119
132241  -35.421  -71.452  -42.069 0.3000000119
7539  -38.880  -67.497  -38.048 0.5000000000
6754  -38.133  -68.337  -39.327 0.4000000060
9135  -38.862  -65.693  -35.303 0.3000000119
28791  -28.040  -44.716  -24.032 0.3000000119
27953  -27.025  -46.069  -24.993 0.3000000119
29656  -24.361  -43.689  -24.505 0.3000000119
4674  -37.186  -71.195  -40.817 0.4000000060
126038  -37.713  -71.011  -39.353 0.4000000060
5305  -40.421  -70.442  -35.185 0.4000000060
5321  -39.538  -70.733  -36.782 0.4000000060
5320  -38.678  -70.199  -37.004 0.4000000060
5985  -37.760  -69.419  -37.305 0.4000000060
5994  -37.451  -68.953  -38.500 0.4000000060
5335  -38.598  -70.968  -38.391 0.4000000060
136643  -37.920  -70.253  -38.681 0.4000000060
5328  -37.625  -69.536  -38.275 0.4000000060
5961  -42.085  -69.963  -33.307 0.3000000119
5295  -40.655  -69.985  -34.147 0.4000000060
5976  -38.558  -69.413  -35.559 0.4000000060
5334  -37.868  -70.631  -39.125 0.4000000060
147865  -39.783  -70.272  -35.664 0.4000000060
5330  -39.264  -71.059  -37.563 0.4000000060
5296  -41.653  -70.379  -33.996 0.3000000119
5977  -39.388  -69.833  -35.262 0.4000000060
5310  -39.164  -70.100  -36.093 0.4000000060
5329  -38.277  -70.292  -37.906 0.4000000060
125730  -38.198  -69.510  -36.358 0.4000000060
125918  -37.455  -68.651  -37.261 0.4000000060
5950  -41.380  -69.238  -32.692 0.3000000119
128458  -41.118  -69.749  -33.485 0.3000000119
5970  -39.704  -69.661  -34.464 0.3000000119
5960  -39.994  -69.416  -33.726 0.3000000119
6729  -37.624  -68.399  -35.844 0.3000000119
7523  -37.696  -67.416  -36.583 0.3000000119
5975  -37.946  -69.013  -35.870 0.3000000119
7508  -37.677  -67.061  -35.866 0.3000000119
8334  -38.829  -66.557  -36.373 0.3000000119
7524  -38.224  -67.025  -36.861 0.3000000119
6738  -37.479  -68.129  -36.577 0.3000000119
7538  -37.926  -67.532  -37.528 0.3000000119
7544  -37.630  -68.005  -37.977 0.3000000119
134522  -33.876  -69.796  -17.681 0.3000000119
133611  -33.504  -68.916  -17.633 0.3000000119
130969  -37.638  -65.945  -24.325 0.3000000119
7298  -33.688  -67.386  -17.373 0.3000000119
7299  -34.756  -67.203  -17.562 0.3000000119
132377  -35.732  -66.590  -18.618 0.3000000119
7315  -35.617  -66.506  -19.517 0.3000000119
7344  -35.542  -66.946  -21.476 0.3000000119
7355  -35.672  -66.990  -22.475 0.3000000119
8161  -35.933  -66.493  -23.200 0.3000000119
8976  -36.430  -65.955  -23.637 0.3000000119
8096  -34.873  -66.463  -17.784 0.3000000119
8110  -34.976  -65.985  -18.107 0.3000000119
8118  -35.176  -65.977  -18.790 0.3000000119
149574  -35.172  -66.238  -20.344 0.3000000119
8127  -35.096  -66.338  -21.098 0.3000000119
6730  -38.086  -68.737  -35.217 0.3000000119
133610  -34.633  -68.874  -17.564 0.3000000119
7316  -36.365  -67.115  -18.840 0.3000000119
6504  -34.126  -68.086  -17.473 0.3000000119
8097  -35.402  -66.853  -17.846 0.3000000119
8111  -35.391  -66.447  -18.165 0.3000000119
8924  -34.618  -65.487  -18.399 0.3000000119
2339  -22.496  -74.858  -31.772 0.6000000238
2348  -21.571  -75.277  -32.754 0.5000000000
2349  -22.195  -75.404  -32.527 0.6000000238
2351  -23.883  -75.126  -33.234 0.6999999881
2826  -22.541  -73.845  -30.553 0.6000000238
2850  -21.440  -74.788  -32.371 0.5000000000
2852  -24.967  -74.194  -32.482 0.6999999881
2859  -25.660  -74.466  -33.805 0.6999999881
2866  -25.629  -74.561  -34.615 0.6999999881
3376  -23.293  -73.654  -29.873 0.6999999881
3378  -24.548  -73.150  -29.021 0.6999999881
3393  -23.829  -74.053  -30.519 0.6999999881
3412  -21.549  -74.319  -31.823 0.5000000000
3413  -21.893  -73.777  -31.223 0.5000000000
3425  -21.332  -74.362  -32.425 0.5000000000
3437  -21.612  -73.660  -33.151 0.5000000000
3450  -26.921  -73.300  -34.530 0.6999999881
3465  -26.175  -74.171  -35.168 0.6999999881
3478  -26.344  -73.584  -35.671 0.6999999881
3953  -24.750  -72.260  -28.153 0.6999999881
3954  -25.379  -72.303  -27.990 0.6999999881
3965  -24.924  -72.733  -28.457 0.6999999881
3966  -25.719  -72.465  -28.481 0.6999999881
3998  -22.694  -72.790  -30.891 0.6000000238
4009  -26.690  -72.587  -32.497 0.6999999881
4042  -26.854  -73.056  -35.347 0.6999999881
4059  -24.037  -72.542  -38.097 0.5000000000
4067  -24.304  -71.670  -38.427 0.6000000238
4531  -26.694  -71.028  -27.120 0.6999999881
4560  -24.228  -72.025  -28.637 0.6999999881
4561  -26.528  -71.924  -28.678 0.6999999881
4578  -24.123  -71.314  -29.778 0.6999999881
4604  -26.985  -71.225  -31.819 0.6999999881
4661  -24.627  -70.797  -38.757 0.6000000238
4664  -24.810  -71.106  -40.296 0.4000000060
4668  -25.835  -70.770  -40.651 0.4000000060
4670  -27.254  -71.196  -40.950 0.5000000000
4672  -29.109  -71.494  -41.455 0.5000000000
4679  -33.163  -71.280  -42.547 0.4000000060
4680  -33.831  -71.566  -42.443 0.4000000060
4685  -33.005  -70.453  -42.837 0.5000000000
5223  -24.900  -70.477  -27.615 0.6999999881
5224  -25.567  -70.444  -27.088 0.6999999881
5239  -27.017  -71.361  -27.888 0.6999999881
5260  -24.020  -70.446  -30.629 0.6999999881
5270  -23.682  -69.800  -31.318 0.5000000000
5271  -24.029  -70.485  -31.604 0.5000000000
5272  -27.435  -70.791  -31.350 0.6999999881
5281  -24.025  -70.477  -32.468 0.5000000000
5282  -26.938  -70.951  -33.150 0.6999999881
5332  -24.994  -70.030  -39.126 0.5000000000
5333  -37.579  -69.553  -39.183 0.5000000000
5336  -24.833  -70.750  -40.118 0.4000000060
5337  -25.139  -70.094  -39.893 0.5000000000
5339  -30.758  -70.298  -39.868 0.5000000000
5340  -25.333  -70.601  -40.354 0.4000000060
5343  -30.846  -70.363  -40.972 0.5000000000
5345  -26.327  -70.496  -40.612 0.4000000060
5346  -26.950  -70.691  -40.770 0.5000000000
5349  -29.678  -70.843  -41.377 0.5000000000
5350  -30.572  -70.555  -41.682 0.5000000000
5351  -37.489  -70.588  -41.226 0.5000000000
5360  -32.946  -69.725  -42.998 0.5000000000
5363  -35.464  -69.878  -42.948 0.6000000238
5886  -26.599  -69.578  -26.997 0.6000000238
5896  -24.161  -69.554  -28.216 0.6999999881
5897  -24.589  -69.832  -27.821 0.6999999881
5934  -23.320  -69.247  -31.942 0.5000000000
5936  -28.731  -69.547  -30.839 0.6999999881
5957  -23.889  -69.894  -32.978 0.5000000000
5958  -27.587  -69.759  -33.518 0.6999999881
5967  -27.567  -69.454  -34.355 0.6999999881
5969  -38.801  -69.210  -34.741 0.3000000119
5974  -27.297  -69.379  -35.319 0.6999999881
5982  -26.559  -69.792  -36.420 0.6999999881
5984  -37.647  -68.862  -36.517 0.3000000119
5989  -25.841  -69.500  -37.885 0.6000000238
5991  -37.389  -69.005  -37.866 0.4000000060
5993  -26.158  -69.016  -38.359 0.6000000238
5995  -25.856  -69.677  -39.636 0.5000000000
5997  -29.834  -69.505  -39.599 0.5000000000
6004  -25.774  -70.081  -40.170 0.4000000060
6005  -26.402  -70.029  -40.264 0.5000000000
6006  -27.069  -69.672  -40.115 0.5000000000
6007  -28.093  -69.337  -40.081 0.5000000000
6008  -28.985  -69.864  -39.819 0.5000000000
6010  -32.420  -69.518  -40.233 0.5000000000
6016  -31.461  -70.034  -41.878 0.5000000000
6018  -38.623  -69.387  -41.209 0.6000000238
6023  -38.516  -69.335  -41.897 0.6000000238
6025  -33.581  -69.337  -43.096 0.5000000000
6625  -24.258  -68.227  -27.640 0.6999999881
6626  -25.963  -68.925  -27.345 0.6999999881
6638  -26.038  -68.300  -27.808 0.6000000238
6651  -26.227  -68.346  -29.487 0.6000000238
6680  -23.037  -68.838  -32.511 0.5000000000
6682  -29.444  -68.245  -32.558 0.5000000000
6699  -30.436  -68.014  -33.689 0.4000000060
6712  -29.810  -68.425  -34.870 0.6000000238
6725  -29.519  -68.472  -35.622 0.6000000238
6736  -29.963  -68.194  -36.257 0.6000000238
6739  -42.140  -68.106  -37.133 0.5000000000
6744  -27.301  -68.094  -38.129 0.6999999881
6746  -37.455  -68.507  -37.918 0.4000000060
6751  -26.567  -68.696  -38.810 0.6000000238
6752  -27.001  -68.293  -38.641 0.6999999881
6753  -37.624  -68.397  -38.549 0.4000000060
6755  -39.428  -68.172  -39.542 0.6000000238
6758  -42.016  -68.084  -37.915 0.5000000000
6759  -26.573  -69.109  -39.329 0.5000000000
6760  -27.293  -68.634  -39.400 0.6000000238
6763  -32.928  -68.232  -39.574 0.5000000000
6767  -41.646  -67.920  -38.646 0.4000000060
6769  -27.531  -68.932  -39.804 0.5000000000
6772  -29.887  -68.145  -39.896 0.5000000000
6773  -32.774  -68.997  -39.736 0.5000000000
6777  -33.365  -68.530  -41.638 0.6000000238
6780  -40.399  -67.801  -41.154 0.6000000238
6782  -33.292  -68.715  -42.590 0.6000000238
6784  -38.869  -68.635  -42.245 0.6999999881
6786  -39.919  -67.792  -41.864 0.6999999881
6787  -33.708  -68.734  -42.953 0.5000000000
6788  -34.391  -68.245  -42.979 0.6000000238
6790  -35.805  -68.202  -43.232 0.6000000238
6792  -38.392  -68.060  -42.870 0.6999999881
6793  -39.250  -67.758  -42.461 0.6999999881
7306  -35.979  -66.894  -18.122 0.3000000119
7328  -35.593  -66.778  -20.548 0.3000000119
7388  -39.975  -66.897  -25.417 0.3000000119
7404  -25.122  -67.394  -27.657 0.6999999881
7409  -25.478  -67.705  -27.926 0.6999999881
7411  -28.092  -67.952  -28.061 0.6000000238
7412  -28.667  -67.201  -28.132 0.6000000238
7422  -22.175  -67.184  -29.954 0.5000000000
7423  -22.592  -67.660  -29.085 0.6000000238
7425  -26.799  -68.151  -29.213 0.6000000238
7426  -27.549  -67.592  -28.613 0.6000000238
7427  -29.770  -67.162  -28.706 0.6000000238
7459  -25.080  -68.112  -30.879 0.5000000000
7460  -25.709  -68.295  -31.244 0.5000000000
7462  -26.976  -67.388  -31.980 0.6000000238
7464  -30.722  -67.443  -30.999 0.5000000000
7484  -25.174  -67.873  -32.857 0.5000000000
7485  -25.907  -67.855  -32.973 0.5000000000
7498  -43.988  -67.320  -35.262 0.4000000060
7505  -31.604  -67.887  -35.876 0.4000000060
7512  -44.406  -67.204  -35.335 0.4000000060
7521  -31.143  -67.479  -36.522 0.6000000238
7528  -42.466  -67.933  -36.550 0.5000000000
7534  -29.591  -66.951  -37.497 0.6000000238
7537  -37.536  -68.010  -37.329 0.3000000119
7551  -28.280  -67.509  -39.396 0.6999999881
7552  -30.916  -68.221  -39.708 0.6000000238
7554  -33.454  -67.494  -39.551 0.5000000000
7557  -27.971  -68.144  -39.581 0.6000000238
7566  -40.894  -66.871  -41.418 0.5000000000
7567  -33.898  -68.095  -42.270 0.6000000238
7568  -34.597  -67.788  -42.651 0.6000000238
7569  -35.288  -67.357  -42.773 0.6000000238
7575  -36.992  -67.334  -43.279 0.6000000238
7576  -37.855  -67.300  -43.138 0.6999999881
7578  -39.220  -66.917  -42.700 0.6999999881
8126  -34.931  -65.815  -19.783 0.3000000119
8163  -37.417  -66.741  -24.095 0.3000000119
8183  -40.212  -66.564  -26.499 0.3000000119
8191  -24.104  -66.416  -27.559 0.6999999881
8192  -24.638  -66.125  -27.798 0.6999999881
8193  -24.695  -66.907  -27.582 0.6999999881
8207  -22.807  -66.336  -28.215 0.6000000238
8209  -24.840  -66.118  -28.239 0.6999999881
8212  -28.895  -66.425  -28.286 0.5000000000
8213  -29.485  -66.158  -28.449 0.6000000238
8227  -22.313  -65.882  -28.908 0.6000000238
8230  -27.786  -66.607  -28.986 0.6000000238
8233  -30.505  -66.090  -28.878 0.5000000000
8248  -27.532  -66.587  -30.141 0.6000000238
8253  -37.444  -66.091  -30.355 0.3000000119
8273  -23.309  -66.594  -32.482 0.5000000000
8274  -26.948  -66.990  -32.855 0.6000000238
8287  -26.341  -67.283  -33.363 0.6000000238
8299  -24.406  -66.608  -34.438 0.6000000238
8301  -26.110  -66.845  -34.205 0.6000000238
8320  -37.961  -66.708  -36.153 0.3000000119
8337  -44.461  -66.982  -36.176 0.4000000060
8340  -28.974  -66.437  -38.343 0.6000000238
8341  -30.288  -65.749  -37.974 0.6000000238
8348  -29.268  -66.163  -39.533 0.5000000000
8349  -29.827  -65.797  -39.764 0.6000000238
8352  -33.582  -66.452  -39.493 0.5000000000
8356  -29.077  -66.754  -39.807 0.6000000238
8361  -35.507  -66.603  -40.729 0.5000000000
8362  -41.353  -66.663  -40.960 0.5000000000
8368  -41.692  -65.138  -41.285 0.5000000000
8370  -35.838  -66.833  -42.536 0.6000000238
8372  -37.772  -66.248  -42.777 0.6999999881
8374  -39.415  -66.270  -42.514 0.6999999881
8375  -39.931  -65.753  -42.117 0.6000000238
8376  -35.905  -66.999  -42.909 0.6000000238
8378  -37.394  -66.683  -43.101 0.6999999881
9021  -23.866  -64.855  -27.939 0.6000000238
9022  -24.455  -65.310  -28.040 0.6999999881
9024  -29.761  -65.601  -28.633 0.5000000000
9038  -30.343  -65.461  -28.863 0.5000000000
9050  -28.659  -65.179  -30.130 0.6000000238
9051  -29.727  -64.816  -29.800 0.6000000238
9065  -28.202  -65.362  -31.179 0.6000000238
9079  -22.921  -65.711  -32.263 0.6000000238
9105  -44.398  -66.050  -33.624 0.3000000119
9112  -25.004  -66.215  -34.885 0.6000000238
9113  -25.910  -66.181  -34.717 0.6000000238
9115  -30.383  -65.228  -34.727 0.5000000000
9129  -23.785  -65.303  -35.092 0.6000000238
9130  -24.653  -65.466  -35.032 0.6000000238
9131  -25.508  -65.561  -34.878 0.6000000238
9132  -27.704  -65.061  -35.200 0.6000000238
9133  -28.905  -64.949  -35.459 0.5000000000
9141  -32.904  -65.327  -36.832 0.5000000000
9145  -31.264  -64.880  -37.993 0.6000000238
9153  -30.329  -65.327  -39.703 0.6000000238
9154  -30.934  -64.740  -39.624 0.5000000000
9162  -36.642  -65.663  -40.578 0.6000000238
9166  -37.002  -66.035  -41.713 0.6999999881
9168  -38.668  -65.853  -41.868 0.5000000000
9169  -39.397  -65.712  -41.908 0.5000000000
9172  -37.221  -66.258  -42.378 0.6999999881
9173  -38.220  -66.150  -42.273 0.6000000238
9176  -40.414  -65.177  -41.771 0.5000000000
9823  -23.183  -64.334  -28.430 0.6000000238
9836  -24.306  -63.830  -29.071 0.6000000238
9837  -37.223  -65.050  -29.166 0.3000000119
9851  -23.853  -63.802  -30.438 0.6000000238
9852  -24.301  -64.189  -29.733 0.6000000238
9887  -21.950  -64.081  -32.929 0.5000000000
9891  -38.636  -64.521  -32.217 0.3000000119
9903  -22.536  -65.336  -34.041 0.5000000000
9916  -22.620  -64.280  -35.129 0.6000000238
9917  -22.881  -65.079  -34.937 0.5000000000
9928  -23.384  -64.480  -35.246 0.6000000238
9931  -27.542  -64.395  -35.617 0.6000000238
9932  -28.805  -64.302  -35.973 0.5000000000
9933  -29.585  -64.403  -35.745 0.5000000000
9934  -30.411  -64.243  -35.450 0.5000000000
9942  -31.426  -64.059  -38.594 0.6000000238
9950  -31.381  -64.072  -39.287 0.5000000000
9951  -31.939  -63.710  -39.525 0.5000000000
9954  -36.475  -64.291  -39.356 0.5000000000
9956  -42.449  -63.510  -40.774 0.5000000000
9962  -40.748  -64.265  -41.283 0.5000000000
9966  -40.071  -65.079  -41.635 0.5000000000
10583  -20.175  -63.748  -24.853 0.6000000238
10626  -23.380  -63.512  -28.854 0.6000000238
10627  -23.971  -63.505  -28.860 0.6000000238
10638  -18.393  -63.700  -29.474 0.6000000238
10639  -22.002  -63.382  -29.749 0.5000000000
10648  -43.501  -62.923  -30.042 0.4000000060
10658  -20.226  -63.127  -31.097 0.6000000238
10660  -23.054  -62.835  -30.762 0.6000000238
10661  -23.547  -63.009  -30.218 0.6000000238
10667  -44.778  -63.912  -30.524 0.3000000119
10674  -22.783  -63.037  -31.342 0.6000000238
10687  -21.263  -63.366  -33.148 0.4000000060
10697  -20.819  -63.343  -34.234 0.6000000238
10708  -21.057  -62.824  -34.859 0.6000000238
10710  -24.600  -63.416  -35.066 0.6000000238
10711  -25.999  -63.644  -34.698 0.6000000238
10712  -31.168  -63.968  -35.078 0.5000000000
10719  -23.906  -63.942  -35.333 0.6000000238
10721  -26.889  -63.643  -35.365 0.6000000238
10722  -27.396  -63.721  -35.826 0.6000000238
10728  -27.196  -63.062  -35.974 0.6000000238
10729  -28.326  -63.100  -36.321 0.5000000000
10730  -29.080  -62.989  -36.229 0.5000000000
10738  -32.225  -62.983  -39.250 0.5000000000
10759  -41.430  -63.932  -41.366 0.5000000000
11420  -23.403  -62.271  -23.226 0.6000000238
11437  -22.138  -62.638  -23.870 0.6000000238
11454  -20.716  -63.306  -24.329 0.6000000238
11456  -22.602  -62.572  -24.380 0.5000000000
11457  -23.526  -62.312  -24.005 0.6000000238
11469  -22.625  -62.304  -25.134 0.6000000238
11481  -20.544  -63.038  -25.770 0.6000000238
11492  -40.643  -62.043  -27.609 0.3000000119
11501  -18.340  -62.504  -28.615 0.6999999881
11514  -18.557  -62.748  -29.502 0.6999999881
11516  -22.306  -62.901  -29.929 0.6000000238
11517  -22.763  -62.834  -29.856 0.6000000238
11546  -22.247  -62.653  -31.180 0.6000000238
11556  -21.163  -62.491  -32.372 0.5000000000
11570  -20.551  -62.408  -34.323 0.4000000060
11571  -24.890  -62.228  -33.785 0.6000000238
11581  -21.701  -62.572  -35.304 0.6000000238
11582  -22.765  -62.282  -35.519 0.6000000238
11583  -23.824  -62.561  -35.346 0.6000000238
11585  -26.336  -62.682  -35.020 0.6000000238
11590  -22.415  -63.021  -35.511 0.6000000238
11596  -30.580  -63.447  -35.411 0.5000000000
11600  -27.685  -62.606  -36.293 0.6000000238
11619  -36.273  -63.255  -38.854 0.5000000000
12368  -23.128  -61.257  -20.921 0.6000000238
12377  -24.124  -61.348  -21.876 0.6000000238
12385  -24.210  -61.410  -22.668 0.6000000238
12396  -21.810  -62.286  -23.425 0.6000000238
12398  -24.109  -61.848  -23.472 0.6000000238
12399  -24.303  -61.259  -23.292 0.5000000000
12411  -24.359  -61.187  -24.004 0.6000000238
12420  -23.201  -61.483  -25.494 0.6999999881
12434  -20.550  -61.859  -26.031 0.6000000238
12469  -25.227  -61.165  -30.256 0.5000000000
12480  -25.657  -61.416  -30.747 0.6000000238
12481  -26.111  -61.200  -30.476 0.6000000238
12495  -19.519  -61.289  -31.523 0.6000000238
12500  -26.080  -61.305  -31.196 0.6000000238
12511  -19.762  -60.885  -33.102 0.6000000238
12512  -20.138  -61.082  -33.643 0.6999999881
12514  -25.354  -61.805  -32.350 0.6000000238
12525  -26.070  -61.615  -33.531 0.6000000238
12535  -23.489  -61.575  -35.106 0.6000000238
12553  -27.663  -61.866  -36.367 0.6000000238
13331  -23.978  -60.575  -19.909 0.6999999881
13332  -24.595  -59.982  -19.511 0.6000000238
13336  -21.968  -60.302  -20.521 0.6000000238
13338  -24.003  -61.178  -20.867 0.6000000238
13349  -22.432  -60.928  -20.952 0.6000000238
13356  -20.942  -60.559  -22.785 0.6000000238
13357  -21.639  -61.063  -22.243 0.6000000238
13368  -24.227  -60.756  -23.486 0.5000000000
13377  -24.185  -60.801  -24.814 0.6999999881
13383  -22.882  -60.759  -25.957 0.6999999881
13384  -23.587  -60.482  -25.562 0.6999999881
13390  -19.778  -60.969  -26.309 0.6000000238
13392  -21.932  -60.454  -26.129 0.6999999881
13402  -18.818  -60.559  -27.292 0.6999999881
13404  -25.762  -60.183  -27.934 0.5000000000
13415  -25.043  -60.522  -28.978 0.5000000000
13417  -26.244  -60.390  -28.297 0.5000000000
13427  -19.020  -60.184  -29.676 0.6000000238
13429  -25.584  -60.914  -29.439 0.5000000000
13430  -26.250  -60.869  -29.756 0.5000000000
13440  -24.515  -60.840  -30.615 0.5000000000
13450  -19.332  -60.522  -31.984 0.5000000000
13453  -24.333  -60.902  -31.524 0.6000000238
13462  -21.158  -60.459  -33.809 0.6000000238
13463  -22.566  -59.940  -33.685 0.6000000238
13475  -23.474  -60.454  -33.903 0.6000000238
13476  -24.223  -61.073  -33.017 0.6000000238
13477  -26.329  -60.584  -33.773 0.6000000238
13487  -23.147  -60.853  -34.651 0.6000000238
13488  -26.461  -60.772  -34.760 0.6000000238
14279  -23.898  -58.873  -18.252 0.6999999881
14280  -24.747  -58.535  -18.616 0.6000000238
14292  -20.789  -59.501  -19.170 0.6000000238
14293  -21.732  -59.631  -18.861 0.6999999881
14294  -22.657  -59.722  -18.651 0.8000000119
14295  -23.570  -59.645  -18.585 0.6999999881
14306  -25.142  -59.699  -20.056 0.6000000238
14317  -25.313  -59.196  -20.694 0.6000000238
14322  -23.189  -59.138  -22.578 0.8000000119
14330  -23.622  -60.000  -23.122 0.8000000119
14339  -23.170  -59.177  -24.972 0.6000000238
14340  -23.293  -59.634  -24.000 0.8000000119
14347  -23.359  -59.443  -25.759 0.6000000238
14356  -19.957  -59.926  -26.436 0.6000000238
14357  -21.021  -59.615  -26.393 0.6000000238
14374  -25.004  -59.223  -27.601 0.5000000000
14389  -18.903  -59.144  -27.710 0.6000000238
14403  -18.848  -59.483  -29.205 0.6000000238
14427  -26.733  -60.200  -29.815 0.5000000000
14444  -19.408  -58.968  -31.876 0.6000000238
14445  -21.438  -58.787  -32.589 0.5000000000
14447  -23.412  -59.167  -32.025 0.5000000000
14448  -23.963  -60.014  -31.251 0.5000000000
14449  -26.700  -59.920  -31.434 0.6000000238
14475  -26.517  -59.818  -33.448 0.5000000000
15255  -17.860  -57.157  -16.192 0.5000000000
15273  -21.261  -57.635  -17.503 0.8000000119
15274  -21.949  -57.595  -17.727 0.8000000119
15285  -18.573  -58.471  -18.312 0.5000000000
15289  -22.563  -58.259  -17.819 0.8000000119
15290  -23.348  -58.278  -18.068 0.6999999881
15300  -25.621  -58.392  -19.192 0.8000000119
15310  -26.120  -58.212  -19.969 0.8000000119
15311  -26.302  -57.968  -20.650 0.6999999881
15325  -25.879  -58.530  -20.582 0.8000000119
15333  -24.048  -58.724  -22.042 0.8000000119
15339  -21.992  -58.385  -23.472 0.8000000119
15340  -22.429  -58.715  -22.943 0.8000000119
15346  -22.440  -58.955  -23.850 0.8000000119
15357  -22.715  -58.533  -25.651 0.6000000238
15372  -19.557  -58.245  -26.855 0.6000000238
15375  -22.463  -58.487  -26.283 0.6999999881
15393  -24.788  -58.422  -27.521 0.5000000000
15430  -18.726  -58.691  -29.654 0.5000000000
15431  -23.444  -58.073  -29.749 0.5000000000
15432  -23.889  -59.005  -29.839 0.5000000000
15464  -20.226  -58.390  -31.835 0.6000000238
15466  -22.197  -58.298  -32.163 0.5000000000
15477  -26.745  -58.750  -32.095 0.4000000060
16282  -18.658  -56.553  -16.428 0.6000000238
16283  -19.482  -56.281  -16.774 0.6000000238
16298  -20.859  -56.891  -17.363 0.6000000238
16311  -24.415  -57.824  -18.608 0.6000000238
16317  -23.198  -57.468  -18.962 0.5000000000
16320  -26.070  -57.600  -19.473 0.6999999881
16342  -26.599  -57.327  -21.173 0.8000000119
16352  -25.764  -57.388  -22.037 0.8000000119
16374  -21.975  -58.287  -24.351 0.8000000119
16407  -21.348  -57.455  -26.289 0.6999999881
16408  -22.147  -57.853  -26.124 0.6999999881
16427  -19.106  -57.403  -27.342 0.6999999881
16448  -24.237  -57.844  -28.344 0.5000000000
16457  -18.865  -57.807  -29.591 0.6000000238
16460  -21.780  -57.195  -29.984 0.5000000000
16470  -19.222  -57.727  -30.440 0.6000000238
16471  -20.185  -57.555  -30.660 0.5000000000
16473  -22.426  -57.569  -30.484 0.5000000000
17329  -16.453  -56.524  -15.930 0.5000000000
17337  -17.096  -56.253  -16.413 0.5000000000
17340  -20.253  -56.333  -17.352 0.6000000238
17341  -21.108  -56.734  -17.677 0.8000000119
17348  -19.146  -55.990  -18.112 0.6999999881
17351  -21.499  -56.977  -18.400 0.8000000119
17361  -25.941  -56.039  -19.650 0.6000000238
17374  -21.055  -57.197  -20.701 0.6000000238
17376  -22.926  -56.653  -20.486 0.6000000238
17378  -27.020  -56.067  -20.526 0.6999999881
17388  -20.126  -56.972  -21.112 0.6999999881
17390  -21.582  -56.515  -21.547 0.6000000238
17391  -27.097  -56.291  -21.315 0.6999999881
17397  -25.042  -56.815  -22.836 0.6999999881
17398  -26.072  -56.448  -22.575 0.6000000238
17399  -26.772  -56.104  -22.139 0.6000000238
17406  -22.019  -56.960  -23.263 0.8000000119
17422  -20.673  -56.555  -24.135 0.6999999881
17438  -20.123  -56.260  -25.587 0.6999999881
17439  -20.575  -56.835  -25.029 0.6999999881
17458  -19.888  -56.164  -26.961 0.6999999881
17459  -20.089  -56.459  -26.347 0.6999999881
17460  -20.790  -56.801  -25.979 0.6999999881
17474  -19.316  -56.530  -27.531 0.6000000238
17487  -18.974  -56.935  -28.087 0.6999999881
17490  -22.655  -56.131  -29.055 0.5000000000
17491  -23.389  -56.232  -28.855 0.5000000000
17501  -21.264  -56.653  -29.499 0.6000000238
18378  -16.607  -55.988  -19.797 0.6999999881
18382  -26.354  -55.317  -19.735 0.6000000238
18396  -19.277  -56.549  -21.510 0.6000000238
18398  -23.330  -55.734  -20.574 0.6000000238
18412  -18.435  -56.002  -21.965 0.6000000238
18416  -27.077  -55.419  -21.884 0.6000000238
18422  -18.780  -55.147  -22.607 0.5000000000
18430  -23.869  -55.274  -23.545 0.6000000238
18450  -20.247  -55.478  -24.501 0.8000000119
18467  -19.829  -55.370  -25.374 0.8000000119
18492  -20.633  -54.983  -27.590 0.6999999881
18506  -21.086  -55.513  -28.480 0.6000000238
19373  -16.024  -55.457  -19.363 0.6999999881
19375  -24.665  -54.865  -19.513 0.6000000238
19376  -25.973  -54.798  -19.365 0.5000000000
19388  -15.901  -54.567  -19.966 0.6999999881
19390  -16.802  -55.251  -21.110 0.6999999881
19393  -23.667  -55.062  -20.190 0.6000000238
19400  -17.114  -54.940  -21.791 0.6999999881
19402  -20.378  -55.004  -22.422 0.6000000238
19404  -27.106  -54.688  -21.527 0.6000000238
19408  -16.835  -54.236  -22.029 0.8000000119
19410  -18.276  -54.490  -22.893 0.6000000238
19422  -23.404  -54.606  -23.507 0.6999999881
19449  -19.735  -54.305  -25.621 0.8000000119
19450  -19.969  -53.688  -25.085 0.6000000238
19479  -21.324  -54.288  -27.846 0.6999999881
19492  -22.127  -54.421  -28.605 0.5000000000
20297  -22.164  -53.031  -18.820 0.5000000000
20298  -22.992  -53.396  -18.342 0.5000000000
20312  -23.488  -53.930  -18.783 0.5000000000
20322  -15.970  -53.974  -20.754 0.8000000119
20324  -21.617  -53.118  -20.293 0.5000000000
20329  -15.762  -52.970  -21.189 0.8000000119
20331  -19.936  -53.217  -22.396 0.6000000238
20341  -16.903  -53.559  -22.642 0.8000000119
20343  -18.576  -53.779  -23.293 0.6000000238
20344  -19.328  -53.548  -23.011 0.5000000000
20356  -18.096  -53.199  -23.732 0.5000000000
20369  -20.829  -53.281  -24.313 0.6999999881
20388  -19.899  -53.416  -25.932 0.6000000238
20400  -20.513  -53.650  -26.527 0.6000000238
20401  -21.290  -53.540  -27.232 0.5000000000
20402  -22.131  -53.141  -27.933 0.5000000000
21247  -20.964  -51.903  -19.023 0.5000000000
21263  -20.720  -52.144  -19.771 0.5000000000
21273  -15.378  -52.437  -20.635 0.6999999881
21276  -21.025  -52.617  -20.188 0.5000000000
21289  -20.302  -52.760  -21.560 0.6000000238
21303  -16.117  -51.936  -22.520 0.8000000119
21304  -16.530  -52.566  -22.894 0.6999999881
21321  -17.030  -52.219  -23.757 0.6000000238
21322  -17.716  -52.640  -23.990 0.5000000000
21325  -21.972  -52.795  -23.525 0.5000000000
21336  -21.748  -52.230  -24.223 0.5000000000
21346  -21.672  -51.800  -25.636 0.5000000000
21376  -22.365  -52.329  -27.594 0.5000000000
22207  -13.781  -51.603  -17.984 0.5000000000
22225  -14.123  -51.446  -18.723 0.6999999881
22226  -20.819  -51.091  -19.062 0.5000000000
22227  -21.386  -51.523  -18.403 0.5000000000
22244  -14.476  -51.311  -19.407 0.6999999881
22258  -14.770  -51.130  -20.128 0.6999999881
22260  -20.319  -51.674  -20.262 0.5000000000
22271  -15.859  -51.795  -21.889 0.8000000119
22272  -16.076  -51.374  -22.415 0.6999999881
22273  -19.873  -51.940  -22.460 0.6000000238
22286  -17.057  -51.332  -23.794 0.6000000238
22287  -19.584  -51.862  -23.538 0.5000000000
23275  -21.130  -50.257  -20.295 0.5000000000
23285  -15.455  -50.931  -20.867 0.6999999881
23286  -16.129  -50.736  -21.866 0.8000000119
23303  -20.479  -50.565  -23.545 0.5000000000
23325  -18.080  -51.118  -24.161 0.6000000238
23326  -18.909  -50.980  -24.121 0.5000000000
24239  -13.329  -49.912  -18.144 0.6999999881
24263  -15.972  -49.411  -20.626 0.6000000238
24265  -22.432  -49.130  -20.838 0.5000000000
24277  -17.345  -49.505  -21.866 0.6000000238
24279  -22.263  -49.400  -21.705 0.5000000000
24289  -19.810  -49.284  -23.522 0.6000000238
24290  -20.925  -50.009  -23.629 0.5000000000
24291  -21.435  -49.849  -23.096 0.5000000000
24305  -19.213  -50.483  -23.938 0.5000000000
24307  -20.620  -49.570  -23.758 0.5000000000
24308  -21.310  -49.436  -23.812 0.6000000238
25165  -15.480  -49.204  -16.811 0.6000000238
25204  -15.437  -48.754  -19.120 0.6999999881
25206  -16.897  -47.966  -19.693 0.6000000238
25220  -15.630  -48.886  -19.934 0.6999999881
25244  -18.219  -49.151  -22.324 0.5000000000
25246  -19.812  -48.449  -23.030 0.5000000000
25248  -22.450  -49.076  -22.675 0.4000000060
25260  -21.052  -48.912  -23.930 0.5000000000
25262  -23.354  -47.982  -23.971 0.4000000060
26026  -15.224  -48.357  -15.103 0.5000000000
26037  -18.606  -47.911  -16.574 0.4000000060
26049  -18.837  -47.889  -17.129 0.6000000238
26068  -17.633  -47.658  -18.943 0.5000000000
26069  -18.397  -47.916  -17.835 0.6000000238
26085  -18.103  -47.004  -19.679 0.5000000000
26093  -22.800  -48.510  -20.428 0.5000000000
26100  -18.734  -47.648  -21.177 0.5000000000
26102  -23.258  -48.227  -21.324 0.4000000060
26104  -24.200  -47.414  -22.128 0.4000000060
26109  -19.269  -48.059  -22.026 0.5000000000
26112  -23.305  -48.259  -23.242 0.4000000060
26123  -22.245  -48.174  -23.925 0.4000000060
26135  -23.113  -47.654  -24.311 0.4000000060
26137  -24.253  -47.223  -24.479 0.4000000060
26958  -19.216  -47.103  -16.481 0.5000000000
26959  -20.256  -46.199  -16.852 0.5000000000
26966  -20.572  -46.050  -17.345 0.6000000238
26980  -19.839  -46.884  -17.768 0.5000000000
27006  -18.609  -46.491  -20.165 0.4000000060
27016  -19.285  -46.181  -20.787 0.4000000060
27017  -20.406  -45.660  -21.685 0.4000000060
27027  -21.363  -46.572  -23.073 0.5000000000
27029  -25.209  -46.617  -23.102 0.4000000060
27037  -21.771  -47.427  -23.696 0.5000000000
27050  -23.157  -47.037  -24.490 0.4000000060
27051  -23.815  -46.878  -24.948 0.4000000060
27053  -25.443  -46.673  -24.866 0.4000000060
27863  -16.876  -46.225  -16.793 0.4000000060
27866  -19.588  -46.335  -16.614 0.4000000060
27870  -18.267  -45.698  -16.784 0.4000000060
27871  -19.170  -45.686  -16.626 0.4000000060
27881  -21.049  -45.423  -17.922 0.5000000000
27882  -21.504  -44.672  -18.687 0.5000000000
27891  -19.847  -45.595  -19.823 0.4000000060
27904  -19.605  -45.439  -20.613 0.4000000060
27917  -20.096  -45.037  -21.131 0.4000000060
27920  -25.460  -45.244  -21.443 0.4000000060
27929  -22.456  -44.944  -23.126 0.4000000060
27930  -25.900  -45.869  -23.016 0.4000000060
27940  -22.200  -45.766  -23.412 0.5000000000
27942  -27.430  -45.149  -23.977 0.3000000119
27949  -22.616  -46.452  -24.137 0.4000000060
27951  -24.216  -45.765  -25.465 0.4000000060
27952  -24.931  -46.377  -25.480 0.4000000060
27954  -27.479  -45.417  -24.665 0.3000000119
27964  -27.329  -45.446  -25.409 0.4000000060
28713  -15.364  -44.721  -17.694 0.4000000060
28717  -16.030  -44.599  -18.029 0.4000000060
28718  -16.811  -44.370  -18.107 0.4000000060
28721  -20.303  -44.869  -16.974 0.5000000000
28722  -20.938  -44.714  -17.413 0.6000000238
28732  -19.717  -44.431  -17.290 0.5000000000
28734  -21.795  -44.057  -18.543 0.5000000000
28739  -21.346  -44.744  -19.699 0.5000000000
28760  -21.632  -44.463  -21.160 0.4000000060
28761  -22.341  -44.141  -21.486 0.4000000060
28773  -22.314  -44.497  -22.329 0.4000000060
28804  -24.236  -44.744  -25.161 0.4000000060
29607  -21.521  -43.667  -18.320 0.5000000000
29612  -22.022  -43.422  -18.927 0.5000000000
29620  -22.404  -43.603  -19.640 0.5000000000
29631  -23.025  -43.479  -20.871 0.5000000000
29632  -23.509  -43.055  -21.136 0.5000000000
29643  -23.390  -43.640  -23.027 0.4000000060
29657  -25.116  -43.207  -24.660 0.3000000119
30524  -17.505  -42.411  -18.559 0.4000000060
30548  -21.877  -42.727  -19.205 0.4000000060
30556  -22.209  -42.276  -19.841 0.4000000060
30558  -23.529  -42.352  -20.679 0.4000000060
30565  -23.817  -42.538  -21.285 0.5000000000
31439  -17.340  -41.573  -18.064 0.4000000060
31489  -20.447  -41.151  -21.322 0.4000000060
31491  -23.158  -41.678  -20.638 0.3000000119
31498  -23.142  -40.947  -21.022 0.3000000119
32407  -16.411  -40.020  -16.150 0.4000000060
32484  -19.747  -40.215  -21.196 0.4000000060
32495  -21.350  -39.948  -21.216 0.3000000119
32497  -23.146  -40.179  -21.276 0.3000000119
33459  -18.446  -39.243  -19.534 0.4000000060
33474  -19.390  -39.375  -20.709 0.4000000060
34457  -20.941  -37.423  -19.186 0.4000000060
34475  -21.037  -38.036  -21.042 0.3000000119
35444  -21.559  -36.977  -19.760 0.3000000119
124513  -24.302  -59.281  -28.885 0.5000000000
124565  -19.823  -54.936  -26.205 0.8000000119
124824  -21.155  -45.710  -22.330 0.5000000000
124906  -27.769  -65.683  -33.839 0.6000000238
125342  -15.183  -52.827  -18.837 0.6000000238
125652  -24.873  -74.851  -34.894 0.5000000000
125806  -29.450  -65.289  -34.763 0.5000000000
125927  -28.328  -65.335  -34.714 0.5000000000
126216  -29.112  -68.461  -34.266 0.6000000238
126540  -20.715  -50.886  -22.635 0.6000000238
126642  -16.177  -49.217  -16.130 0.5000000000
126864  -32.305  -69.581  -42.398 0.5000000000
126916  -26.830  -72.883  -33.247 0.6999999881
126928  -20.690  -56.223  -28.795 0.6000000238
127046  -24.800  -62.697  -34.566 0.6000000238
127371  -27.549  -68.656  -27.641 0.6000000238
127848  -28.739  -66.469  -39.081 0.6000000238
127874  -18.920  -60.169  -28.776 0.6000000238
128286  -21.847  -62.459  -25.376 0.5000000000
128746  -28.649  -71.228  -41.207 0.5000000000
128850  -21.300  -57.100  -23.706 0.8000000119
129205  -45.110  -64.619  -30.928 0.3000000119
129619  -24.503  -64.489  -29.112 0.5000000000
129620  -24.550  -66.978  -30.264 0.6000000238
129798  -22.007  -64.731  -33.701 0.5000000000
129960  -26.310  -72.320  -30.856 0.6999999881
129989  -42.288  -63.186  -40.952 0.5000000000
130382  -23.293  -67.861  -28.147 0.6000000238
130565  -27.991  -69.993  -27.998 0.6999999881
130796  -22.488  -57.288  -29.792 0.5000000000
130802  -24.409  -59.456  -18.740 0.6999999881
130890  -26.723  -72.073  -35.466 0.6999999881
131307  -24.420  -60.319  -21.703 0.6999999881
131308  -26.751  -71.398  -40.872 0.5000000000
131804  -24.864  -61.836  -32.956 0.6000000238
131910  -21.312  -50.215  -21.248 0.5000000000
132133  -37.527  -67.636  -35.888 0.3000000119
132288  -25.138  -68.742  -27.408 0.6999999881
132416  -28.229  -69.353  -32.982 0.6000000238
132483  -26.219  -73.117  -32.255 0.6999999881
132589  -24.418  -65.433  -29.737 0.6000000238
132753  -17.980  -42.062  -19.890 0.5000000000
132873  -23.713  -43.056  -21.966 0.5000000000
133058  -23.708  -46.153  -25.218 0.4000000060
133647  -32.720  -65.478  -39.793 0.5000000000
133757  -34.747  -69.498  -43.169 0.5000000000
133947  -20.019  -46.508  -18.454 0.4000000060
134205  -15.592  -51.582  -21.282 0.8000000119
134777  -26.326  -70.404  -26.864 0.6999999881
134830  -36.494  -68.595  -43.175 0.6000000238
134968  -36.188  -67.499  -43.161 0.6000000238
135787  -15.679  -41.054  -15.118 0.4000000060
136280  -21.987  -62.794  -24.878 0.5000000000
136494  -23.508  -57.066  -19.675 0.6000000238
136597  -25.163  -73.366  -30.553 0.6999999881
136690  -19.593  -59.648  -32.338 0.6000000238
136893  -25.530  -74.169  -33.121 0.6999999881
137019  -22.544  -56.151  -23.338 0.8000000119
137798  -15.456  -50.082  -20.539 0.6999999881
138213  -18.849  -60.074  -30.696 0.6000000238
138313  -20.468  -46.294  -17.825 0.5000000000
138792  -24.366  -61.012  -22.052 0.6000000238
139286  -23.339  -55.819  -23.395 0.6999999881
139624  -20.318  -51.297  -20.845 0.6000000238
140147  -25.110  -73.825  -31.857 0.6999999881
140307  -22.749  -74.411  -30.994 0.6000000238
140542  -21.234  -58.728  -26.555 0.6000000238
140879  -44.958  -66.540  -33.776 0.3000000119
141018  -20.984  -43.218  -18.350 0.5000000000
141365  -17.918  -43.166  -18.709 0.4000000060
141699  -15.607  -53.181  -20.517 0.6999999881
142102  -15.243  -48.901  -15.370 0.5000000000
142617  -38.118  -65.008  -32.722 0.4000000060
142699  -19.784  -46.738  -16.807 0.5000000000
142938  -23.841  -73.290  -29.275 0.6999999881
142997  -21.415  -52.741  -24.020 0.6000000238
143563  -27.645  -69.280  -40.012 0.5000000000
144080  -16.892  -43.688  -18.314 0.4000000060
144214  -29.304  -63.962  -35.999 0.5000000000
144316  -32.414  -66.885  -36.299 0.5000000000
144324  -27.694  -63.259  -36.151 0.6000000238
144402  -20.428  -47.224  -22.664 0.4000000060
144409  -43.343  -67.253  -37.380 0.4000000060
144467  -40.548  -69.583  -33.638 0.3000000119
144711  -17.864  -56.230  -16.256 0.6000000238
145332  -26.120  -60.759  -28.945 0.5000000000
145817  -19.280  -58.309  -17.895 0.5000000000
145898  -17.000  -48.816  -17.694 0.6000000238
146004  -28.187  -65.524  -32.959 0.5000000000
146153  -26.665  -55.893  -19.998 0.6000000238
146817  -26.736  -65.586  -34.811 0.6000000238
146856  -22.535  -39.587  -21.237 0.3000000119
147162  -20.530  -62.083  -32.523 0.5000000000
147273  -26.257  -65.466  -34.765 0.6000000238
147625  -31.348  -69.949  -39.577 0.5000000000
147965  -25.583  -68.038  -29.389 0.6000000238
148084  -22.814  -73.262  -30.013 0.6999999881
148258  -25.988  -71.234  -36.528 0.6999999881
148419  -21.335  -45.140  -22.086 0.4000000060
148760  -28.494  -44.571  -24.456 0.3000000119
148873  -38.511  -67.259  -37.386 0.5000000000
148986  -35.966  -68.764  -43.223 0.6000000238
149143  -18.836  -60.137  -28.029 0.6000000238
149484  -34.097  -67.829  -39.997 0.5000000000
149518  -18.121  -56.080  -18.251 0.6999999881
149611  -32.774  -69.237  -42.649 0.5000000000
150148  -37.028  -66.191  -23.946 0.3000000119
150322  -20.170  -54.738  -26.799 0.6999999881
150366  -39.202  -68.879  -24.791 0.3000000119
150661  -23.432  -74.359  -30.956 0.6999999881
