#!ascii label  , from subject sub-LJ002 vox2ras=TkReg
659
12357  -47.558  -61.577  -18.927 0.0000000000
20328  -56.388  -53.083  -19.949 0.0000000000
19368  -46.905  -54.153  -18.150 0.0000000000
15302  -52.735  -58.258  -19.962 0.0000000000
24216  -52.125  -49.639  -16.236 0.0000000000
135475  -51.088  -58.212  -15.525 0.0000000000
22180  -47.394  -51.755  -12.560 0.0000000000
25024  -52.328  -48.859  -8.396 0.0000000000
24211  -46.561  -49.914  -16.287 0.0000000000
138082  -49.959  -51.469  -18.322 0.0000000000
25124  -49.671  -48.112  -14.181 0.0000000000
19342  -49.664  -54.569  -14.549 0.0000000000
21202  -51.726  -53.274  -11.883 0.0000000000
27709  -52.449  -45.473  -6.567 0.0000000000
26804  -49.065  -46.691  -7.186 0.0000000000
9735  -49.954  -64.099  -20.284 0.0000000000
18390  -54.703  -55.481  -19.881 0.0000000000
15335  -52.592  -58.423  -22.316 0.0000000000
17416  -53.512  -55.925  -24.110 0.0000000000
16322  -47.569  -58.196  -19.451 0.0000000000
13341  -49.734  -60.628  -20.312 0.0000000000
20305  -52.260  -53.016  -19.112 0.0000000000
138926  -55.328  -51.443  -17.914 0.0000000000
17331  -48.582  -56.353  -16.788 0.0000000000
21230  -46.677  -53.005  -15.249 0.0000000000
24186  -44.944  -49.626  -13.499 0.0000000000
22148  -53.684  -51.978  -10.237 0.0000000000
23145  -49.934  -50.549  -9.744 0.0000000000
25048  -46.283  -48.565  -9.448 0.0000000000
28640  -44.459  -44.449  -9.750 0.0000000000
12393  -51.270  -61.183  -21.537 0.0000000000
25183  -55.266  -48.101  -17.511 0.0000000000
22269  -56.244  -50.832  -20.574 0.0000000000
22304  -51.599  -51.515  -22.450 0.0000000000
26019  -46.918  -47.743  -14.343 0.0000000000
25150  -48.334  -48.598  -15.158 0.0000000000
11382  -48.680  -62.949  -19.562 0.0000000000
19396  -55.573  -54.330  -20.140 0.0000000000
17392  -54.487  -55.977  -21.393 0.0000000000
19405  -54.743  -54.611  -22.144 0.0000000000
19438  -53.410  -54.825  -23.635 0.0000000000
20339  -55.087  -53.279  -21.662 0.0000000000
17352  -47.364  -56.319  -18.927 0.0000000000
19379  -48.073  -54.766  -19.512 0.0000000000
23242  -51.058  -50.363  -17.327 0.0000000000
21255  -51.066  -52.172  -18.787 0.0000000000
22219  -52.124  -51.033  -18.004 0.0000000000
21257  -53.333  -52.497  -18.634 0.0000000000
23245  -53.984  -50.620  -17.343 0.0000000000
15263  -48.778  -58.070  -16.910 0.0000000000
16290  -49.503  -57.519  -16.392 0.0000000000
20276  -48.834  -53.379  -13.701 0.0000000000
20289  -47.965  -54.002  -15.282 0.0000000000
142395  -46.811  -52.354  -13.945 0.0000000000
22193  -45.584  -51.306  -14.830 0.0000000000
23204  -45.984  -50.699  -12.580 0.0000000000
23149  -53.387  -50.608  -9.402 0.0000000000
22129  -52.138  -51.398  -9.850 0.0000000000
24089  -50.817  -49.381  -8.718 0.0000000000
26772  -47.781  -45.775  -6.786 0.0000000000
25917  -47.244  -47.694  -8.122 0.0000000000
26801  -46.274  -46.331  -7.595 0.0000000000
26843  -44.796  -46.721  -9.206 0.0000000000
133685  -51.372  -59.333  -20.363 0.0000000000
143970  -51.034  -61.356  -20.603 0.0000000000
13344  -52.043  -59.933  -20.708 0.0000000000
125777  -50.407  -59.512  -23.565 0.0000000000
25200  -53.520  -48.698  -18.333 0.0000000000
25218  -57.071  -48.615  -19.492 0.0000000000
24303  -55.174  -49.358  -22.523 0.0000000000
22214  -47.175  -51.526  -17.698 0.0000000000
147891  -48.139  -52.439  -18.614 0.0000000000
23219  -48.087  -50.004  -17.009 0.0000000000
24214  -49.512  -49.379  -16.222 0.0000000000
146718  -51.138  -49.232  -15.619 0.0000000000
17321  -50.644  -56.460  -15.471 0.0000000000
20278  -50.612  -54.078  -13.444 0.0000000000
21200  -49.250  -52.452  -12.109 0.0000000000
25904  -52.483  -47.510  -7.605 0.0000000000
25004  -50.941  -48.086  -7.851 0.0000000000
134872  -51.016  -46.089  -6.667 0.0000000000
27706  -49.735  -45.465  -6.342 0.0000000000
28587  -48.086  -43.923  -5.891 0.0000000000
17366  -53.994  -56.757  -19.782 0.0000000000
14312  -52.886  -58.861  -20.674 0.0000000000
16343  -53.692  -57.698  -20.918 0.0000000000
16354  -52.910  -57.464  -22.990 0.0000000000
132680  -52.800  -57.031  -24.928 0.0000000000
18463  -52.837  -55.967  -25.181 0.0000000000
18444  -51.553  -55.479  -23.896 0.0000000000
19415  -50.322  -54.206  -22.604 0.0000000000
14287  -47.461  -59.573  -18.909 0.0000000000
12363  -48.275  -61.256  -19.750 0.0000000000
15314  -49.235  -58.175  -20.390 0.0000000000
17382  -51.378  -56.758  -20.091 0.0000000000
125401  -49.739  -53.799  -19.505 0.0000000000
18386  -50.754  -55.031  -19.911 0.0000000000
18388  -52.537  -55.838  -19.675 0.0000000000
19384  -53.944  -54.942  -19.293 0.0000000000
20308  -55.343  -53.974  -18.947 0.0000000000
20295  -56.559  -52.867  -18.961 0.0000000000
14270  -47.657  -59.180  -18.233 0.0000000000
129302  -47.473  -57.163  -18.414 0.0000000000
18364  -47.456  -55.385  -17.663 0.0000000000
18348  -49.591  -55.534  -15.542 0.0000000000
19359  -47.974  -55.022  -16.379 0.0000000000
20291  -46.544  -53.516  -17.008 0.0000000000
22202  -45.806  -51.800  -16.037 0.0000000000
150329  -45.279  -49.504  -14.805 0.0000000000
26004  -45.215  -47.623  -13.655 0.0000000000
21166  -52.322  -52.631  -10.892 0.0000000000
22145  -50.820  -51.984  -10.614 0.0000000000
23162  -48.758  -50.930  -10.551 0.0000000000
25021  -49.492  -48.631  -8.350 0.0000000000
25050  -48.092  -48.959  -9.141 0.0000000000
23160  -46.950  -50.123  -10.935 0.0000000000
24136  -45.484  -49.193  -10.939 0.0000000000
26879  -44.495  -46.674  -11.528 0.0000000000
12365  -50.191  -62.291  -20.261 0.0000000000
11412  -50.634  -62.633  -21.175 0.0000000000
13362  -51.698  -60.461  -21.570 0.0000000000
13359  -49.451  -61.047  -22.568 0.0000000000
24219  -55.213  -49.566  -16.299 0.0000000000
22204  -57.424  -50.399  -17.573 0.0000000000
22243  -57.708  -50.792  -18.501 0.0000000000
23272  -57.706  -49.808  -19.311 0.0000000000
21284  -56.231  -52.089  -20.601 0.0000000000
21301  -54.997  -52.414  -21.334 0.0000000000
21298  -52.098  -52.285  -21.745 0.0000000000
26927  -46.603  -46.649  -13.365 0.0000000000
26006  -47.268  -47.165  -13.736 0.0000000000
10530  -48.347  -63.670  -19.255 0.0000000000
11381  -47.983  -62.914  -19.206 0.0000000000
20320  -56.059  -53.779  -19.658 0.0000000000
19406  -55.234  -54.278  -21.218 0.0000000000
20327  -55.810  -53.528  -20.596 0.0000000000
19420  -54.884  -53.942  -22.096 0.0000000000
20340  -55.361  -53.547  -21.406 0.0000000000
127381  -47.252  -54.855  -18.476 0.0000000000
18383  -47.511  -55.401  -19.207 0.0000000000
19378  -47.482  -54.450  -18.883 0.0000000000
23222  -51.606  -49.965  -16.804 0.0000000000
23243  -51.834  -50.485  -17.434 0.0000000000
23223  -52.448  -50.097  -16.957 0.0000000000
23244  -53.126  -50.483  -17.350 0.0000000000
147665  -53.028  -50.058  -16.891 0.0000000000
129326  -51.100  -59.146  -15.495 0.0000000000
15248  -50.486  -58.608  -15.801 0.0000000000
15264  -49.683  -58.564  -16.279 0.0000000000
16291  -50.295  -57.838  -15.920 0.0000000000
125513  -48.635  -52.511  -12.689 0.0000000000
21224  -47.944  -53.174  -13.984 0.0000000000
21214  -47.051  -52.042  -13.311 0.0000000000
22179  -46.374  -51.396  -13.113 0.0000000000
145535  -46.825  -51.177  -12.139 0.0000000000
25025  -53.302  -48.621  -8.286 0.0000000000
24093  -54.876  -49.167  -8.861 0.0000000000
24092  -53.892  -49.199  -8.695 0.0000000000
23131  -53.623  -49.883  -9.049 0.0000000000
24091  -53.050  -49.350  -8.714 0.0000000000
23130  -52.039  -50.073  -9.092 0.0000000000
24090  -51.678  -49.439  -8.738 0.0000000000
138052  -47.269  -44.819  -6.513 0.0000000000
26802  -46.874  -46.133  -7.217 0.0000000000
27726  -45.486  -45.418  -7.568 0.0000000000
28602  -45.519  -44.033  -7.058 0.0000000000
142665  -51.954  -58.178  -19.986 0.0000000000
130494  -52.032  -59.554  -20.470 0.0000000000
14311  -52.436  -59.226  -20.578 0.0000000000
142317  -56.590  -48.291  -21.131 0.0000000000
24283  -55.538  -49.431  -21.848 0.0000000000
24304  -56.043  -48.486  -22.538 0.0000000000
23238  -46.710  -51.005  -17.183 0.0000000000
23239  -47.624  -50.746  -17.424 0.0000000000
24212  -47.519  -49.616  -16.429 0.0000000000
25151  -49.287  -48.558  -14.957 0.0000000000
24201  -48.941  -48.967  -15.687 0.0000000000
131621  -49.858  -48.943  -15.504 0.0000000000
138119  -50.491  -49.387  -16.027 0.0000000000
25152  -50.145  -48.586  -14.782 0.0000000000
21217  -50.232  -53.419  -12.840 0.0000000000
21180  -50.249  -52.613  -11.702 0.0000000000
26808  -53.868  -46.686  -7.421 0.0000000000
26777  -52.743  -46.163  -6.963 0.0000000000
26807  -52.158  -46.797  -7.225 0.0000000000
26776  -51.872  -46.113  -6.816 0.0000000000
141903  -48.750  -44.251  -5.845 0.0000000000
9766  -50.068  -64.210  -21.053 0.0000000000
135673  -54.224  -56.053  -19.717 0.0000000000
16336  -53.987  -57.288  -20.400 0.0000000000
17383  -54.369  -56.572  -20.577 0.0000000000
17401  -54.269  -55.658  -22.508 0.0000000000
16356  -54.044  -56.318  -21.930 0.0000000000
16368  -53.340  -56.686  -23.630 0.0000000000
16383  -53.160  -56.465  -24.562 0.0000000000
17453  -52.839  -56.332  -25.198 0.0000000000
19417  -52.896  -54.380  -22.890 0.0000000000
19437  -52.370  -54.954  -23.510 0.0000000000
19436  -50.868  -54.998  -22.886 0.0000000000
19416  -51.527  -54.232  -22.525 0.0000000000
15301  -47.618  -59.052  -19.438 0.0000000000
14298  -47.666  -59.883  -19.470 0.0000000000
16333  -50.221  -57.865  -20.351 0.0000000000
17381  -50.194  -56.882  -20.366 0.0000000000
22235  -48.606  -51.872  -18.356 0.0000000000
136855  -48.903  -53.385  -19.282 0.0000000000
21254  -50.085  -52.156  -18.756 0.0000000000
20316  -50.724  -53.477  -19.398 0.0000000000
126675  -51.778  -53.620  -19.356 0.0000000000
128994  -51.930  -55.095  -19.717 0.0000000000
19383  -52.324  -54.411  -19.470 0.0000000000
130775  -53.083  -55.264  -19.456 0.0000000000
22241  -54.639  -51.946  -18.249 0.0000000000
130500  -54.809  -53.277  -18.734 0.0000000000
22242  -55.589  -52.174  -18.363 0.0000000000
21259  -55.793  -53.105  -18.710 0.0000000000
22221  -56.222  -51.658  -18.096 0.0000000000
16289  -48.718  -57.145  -16.910 0.0000000000
16303  -48.044  -57.626  -17.579 0.0000000000
17343  -47.981  -56.742  -17.500 0.0000000000
17342  -47.529  -56.199  -18.083 0.0000000000
18365  -47.910  -55.958  -17.311 0.0000000000
18349  -50.370  -55.744  -15.273 0.0000000000
17320  -49.877  -56.208  -15.793 0.0000000000
20282  -47.513  -53.422  -14.836 0.0000000000
19350  -48.383  -54.663  -15.614 0.0000000000
20288  -47.079  -53.662  -15.731 0.0000000000
20292  -46.858  -53.929  -16.607 0.0000000000
20287  -46.472  -53.148  -16.238 0.0000000000
147626  -46.311  -52.975  -16.841 0.0000000000
21229  -46.121  -52.442  -15.655 0.0000000000
22188  -45.214  -50.359  -13.888 0.0000000000
23210  -45.352  -50.630  -14.785 0.0000000000
24191  -45.081  -49.756  -14.371 0.0000000000
25123  -44.952  -48.426  -13.868 0.0000000000
25122  -44.600  -48.121  -13.175 0.0000000000
21167  -53.320  -52.571  -10.724 0.0000000000
23146  -50.797  -50.651  -9.595 0.0000000000
23165  -51.248  -51.374  -9.974 0.0000000000
23164  -50.372  -51.267  -10.119 0.0000000000
22144  -49.944  -51.770  -10.684 0.0000000000
23144  -49.106  -50.399  -9.997 0.0000000000
25902  -50.527  -47.312  -7.341 0.0000000000
25003  -49.983  -48.055  -7.800 0.0000000000
25002  -49.059  -47.973  -7.906 0.0000000000
25019  -46.742  -48.167  -8.761 0.0000000000
25020  -47.665  -48.347  -8.601 0.0000000000
25049  -47.171  -48.770  -9.249 0.0000000000
24138  -47.732  -49.993  -10.289 0.0000000000
24112  -46.704  -49.129  -9.896 0.0000000000
24154  -45.957  -49.818  -11.339 0.0000000000
25078  -45.880  -48.895  -10.170 0.0000000000
26842  -44.476  -46.248  -9.826 0.0000000000
26862  -44.448  -46.645  -10.623 0.0000000000
139049  -44.429  -45.898  -10.434 0.0000000000
27816  -44.648  -46.118  -11.763 0.0000000000
12370  -49.131  -61.204  -20.164 0.0000000000
12364  -49.162  -62.084  -19.925 0.0000000000
12371  -50.266  -61.526  -20.344 0.0000000000
12373  -51.152  -61.536  -20.859 0.0000000000
11397  -50.799  -62.275  -20.871 0.0000000000
12380  -51.036  -61.825  -21.230 0.0000000000
11411  -50.157  -63.007  -21.504 0.0000000000
148142  -50.091  -62.504  -21.795 0.0000000000
15326  -52.766  -59.001  -21.255 0.0000000000
14325  -52.267  -59.808  -21.320 0.0000000000
126083  -51.936  -59.678  -22.051 0.0000000000
14332  -49.540  -59.626  -23.734 0.0000000000
13371  -50.119  -60.266  -22.875 0.0000000000
24206  -54.589  -49.242  -15.626 0.0000000000
24207  -55.976  -48.988  -15.609 0.0000000000
23227  -58.058  -49.675  -17.426 0.0000000000
22223  -57.729  -50.625  -17.945 0.0000000000
23260  -58.200  -49.935  -17.954 0.0000000000
136997  -57.094  -48.930  -20.398 0.0000000000
25219  -57.569  -48.770  -19.195 0.0000000000
23284  -57.285  -49.690  -20.021 0.0000000000
22256  -57.304  -50.728  -19.612 0.0000000000
22284  -55.645  -51.785  -20.932 0.0000000000
128310  -55.425  -50.803  -20.914 0.0000000000
22281  -52.832  -51.296  -21.679 0.0000000000
150033  -53.260  -51.581  -21.468 0.0000000000
22280  -52.099  -51.711  -21.857 0.0000000000
25134  -46.648  -48.382  -14.864 0.0000000000
25149  -47.331  -48.730  -15.307 0.0000000000
25135  -47.683  -48.199  -14.707 0.0000000000
26020  -47.994  -47.644  -14.087 0.0000000000
26021  -48.927  -47.619  -13.814 0.0000000000
27708  -51.545  -45.439  -6.410 0.0000000000
28608  -52.075  -44.777  -6.148 0.0000000000
10531  -49.445  -63.825  -19.768 0.0000000000
143492  -55.192  -54.769  -19.795 0.0000000000
18405  -54.688  -55.846  -20.485 0.0000000000
18406  -55.099  -55.016  -20.406 0.0000000000
18417  -54.578  -55.238  -22.091 0.0000000000
18424  -54.407  -54.969  -22.848 0.0000000000
18446  -53.532  -55.303  -23.932 0.0000000000
19419  -54.367  -54.458  -22.736 0.0000000000
20354  -54.314  -53.971  -22.569 0.0000000000
20338  -53.938  -53.434  -22.111 0.0000000000
131962  -47.475  -57.247  -19.486 0.0000000000
134132  -47.677  -56.342  -19.769 0.0000000000
18384  -48.127  -55.661  -19.997 0.0000000000
135148  -48.858  -55.019  -19.887 0.0000000000
22217  -50.347  -50.825  -17.825 0.0000000000
22218  -51.294  -50.914  -17.947 0.0000000000
22238  -51.630  -51.587  -18.417 0.0000000000
22239  -52.587  -51.796  -18.418 0.0000000000
20306  -53.114  -53.187  -18.964 0.0000000000
146953  -53.567  -50.993  -17.764 0.0000000000
23246  -54.991  -50.712  -17.435 0.0000000000
17332  -49.342  -56.674  -16.333 0.0000000000
20284  -49.237  -53.961  -14.174 0.0000000000
19341  -48.805  -54.344  -14.841 0.0000000000
20283  -48.413  -53.696  -14.475 0.0000000000
21223  -47.077  -52.859  -14.347 0.0000000000
22198  -45.792  -51.812  -15.210 0.0000000000
21213  -46.310  -51.836  -13.940 0.0000000000
23207  -45.630  -50.785  -13.343 0.0000000000
23203  -45.285  -50.178  -13.053 0.0000000000
135679  -54.357  -50.421  -9.458 0.0000000000
22130  -53.061  -51.367  -9.756 0.0000000000
23148  -52.513  -50.695  -9.424 0.0000000000
24117  -51.222  -50.039  -9.121 0.0000000000
24116  -50.360  -49.960  -9.215 0.0000000000
26773  -48.669  -46.144  -6.912 0.0000000000
25900  -48.644  -47.278  -7.564 0.0000000000
150051  -47.511  -46.530  -7.294 0.0000000000
25898  -46.839  -46.906  -7.697 0.0000000000
25916  -46.319  -47.468  -8.353 0.0000000000
25915  -45.426  -47.176  -8.710 0.0000000000
26824  -45.160  -46.363  -8.462 0.0000000000
145122  -44.929  -45.479  -8.177 0.0000000000
28633  -44.449  -44.169  -8.847 0.0000000000
14309  -50.337  -59.833  -20.362 0.0000000000
13342  -50.866  -60.755  -20.470 0.0000000000
14310  -51.522  -60.091  -20.532 0.0000000000
13343  -51.513  -60.751  -20.776 0.0000000000
13351  -51.508  -61.060  -21.090 0.0000000000
14334  -51.559  -59.294  -22.893 0.0000000000
132136  -54.321  -48.977  -19.033 0.0000000000
142978  -55.332  -48.725  -18.904 0.0000000000
135181  -56.127  -48.381  -18.255 0.0000000000
132622  -56.290  -48.602  -19.298 0.0000000000
24273  -56.792  -48.517  -21.005 0.0000000000
23299  -55.974  -49.726  -21.161 0.0000000000
23297  -54.295  -50.100  -21.816 0.0000000000
23296  -53.216  -50.591  -21.995 0.0000000000
21241  -46.794  -52.419  -17.820 0.0000000000
20303  -47.405  -53.613  -18.643 0.0000000000
22234  -47.666  -52.029  -18.214 0.0000000000
22215  -48.159  -51.300  -17.899 0.0000000000
22216  -49.258  -51.162  -17.989 0.0000000000
24213  -48.538  -49.454  -16.368 0.0000000000
23220  -49.103  -49.870  -16.920 0.0000000000
23241  -49.650  -50.383  -17.384 0.0000000000
150312  -50.396  -50.219  -17.220 0.0000000000
24215  -51.332  -49.557  -16.152 0.0000000000
24203  -51.793  -49.283  -15.602 0.0000000000
16276  -50.886  -57.291  -15.542 0.0000000000
129069  -50.550  -54.704  -14.246 0.0000000000
19325  -51.341  -54.633  -13.765 0.0000000000
20285  -49.950  -54.238  -13.935 0.0000000000
20277  -49.705  -53.677  -13.478 0.0000000000
21216  -49.284  -52.995  -12.907 0.0000000000
22181  -48.295  -52.079  -12.243 0.0000000000
25007  -53.597  -47.655  -7.748 0.0000000000
25006  -52.715  -48.182  -7.949 0.0000000000
25005  -51.886  -48.153  -7.919 0.0000000000
25903  -51.543  -47.445  -7.490 0.0000000000
26805  -49.879  -46.712  -7.030 0.0000000000
26775  -50.203  -46.081  -6.664 0.0000000000
26774  -49.394  -46.107  -6.788 0.0000000000
27705  -48.826  -45.537  -6.502 0.0000000000
28605  -48.201  -44.795  -6.210 0.0000000000
29478  -47.227  -43.416  -6.131 0.0000000000
16323  -53.131  -57.627  -19.815 0.0000000000
15317  -52.889  -58.592  -20.318 0.0000000000
16335  -53.380  -58.110  -20.380 0.0000000000
15327  -53.258  -58.427  -20.860 0.0000000000
15336  -53.188  -57.915  -21.748 0.0000000000
142570  -52.288  -57.752  -24.662 0.0000000000
18445  -53.109  -55.201  -24.174 0.0000000000
141031  -52.666  -55.489  -24.531 0.0000000000
18461  -50.935  -55.923  -24.393 0.0000000000
18443  -50.285  -55.499  -23.429 0.0000000000
13326  -47.488  -60.575  -19.028 0.0000000000
12362  -47.720  -61.193  -19.315 0.0000000000
13333  -47.804  -60.553  -19.574 0.0000000000
148875  -47.916  -60.061  -19.815 0.0000000000
14308  -49.117  -59.878  -20.300 0.0000000000
15313  -48.322  -58.443  -20.224 0.0000000000
134292  -49.171  -59.088  -20.349 0.0000000000
15315  -50.255  -58.799  -20.350 0.0000000000
16334  -51.198  -57.616  -20.179 0.0000000000
17364  -52.186  -57.561  -19.881 0.0000000000
20315  -48.067  -53.893  -19.210 0.0000000000
135405  -48.857  -54.230  -19.553 0.0000000000
21269  -50.614  -52.709  -19.100 0.0000000000
19381  -50.444  -54.229  -19.640 0.0000000000
18404  -50.539  -55.969  -20.208 0.0000000000
18387  -51.615  -55.873  -19.951 0.0000000000
128896  -52.578  -56.734  -19.758 0.0000000000
18389  -53.494  -56.247  -19.594 0.0000000000
141652  -53.930  -55.624  -19.478 0.0000000000
127799  -54.471  -55.268  -19.556 0.0000000000
20307  -53.955  -53.263  -18.806 0.0000000000
20319  -54.562  -53.895  -18.905 0.0000000000
18373  -55.015  -54.733  -19.517 0.0000000000
19369  -55.365  -54.271  -19.264 0.0000000000
20309  -55.988  -53.772  -19.110 0.0000000000
20321  -56.509  -53.146  -19.309 0.0000000000
13317  -47.636  -60.077  -18.273 0.0000000000
15293  -47.457  -58.660  -18.801 0.0000000000
15281  -48.046  -58.597  -17.630 0.0000000000
16302  -47.602  -58.094  -18.270 0.0000000000
16312  -47.381  -57.880  -18.930 0.0000000000
18372  -47.371  -55.499  -18.359 0.0000000000
19363  -47.112  -54.775  -17.842 0.0000000000
17333  -50.121  -56.963  -15.961 0.0000000000
18357  -49.112  -55.959  -16.149 0.0000000000
18347  -48.772  -55.321  -15.885 0.0000000000
18356  -48.365  -55.663  -16.599 0.0000000000
18355  -47.750  -55.348  -17.032 0.0000000000
19357  -46.815  -54.136  -17.378 0.0000000000
20294  -46.679  -53.661  -17.598 0.0000000000
132857  -46.491  -53.080  -17.422 0.0000000000
22213  -46.440  -51.795  -17.253 0.0000000000
23217  -46.276  -50.629  -16.551 0.0000000000
22197  -45.604  -51.209  -15.406 0.0000000000
23213  -45.550  -50.646  -15.470 0.0000000000
24198  -46.011  -49.596  -15.690 0.0000000000
140285  -45.873  -48.710  -14.893 0.0000000000
26005  -46.188  -47.287  -13.879 0.0000000000
22146  -51.753  -52.012  -10.409 0.0000000000
21181  -51.401  -52.485  -10.997 0.0000000000
128418  -50.767  -52.459  -11.201 0.0000000000
22166  -49.590  -52.145  -11.333 0.0000000000
138743  -48.755  -51.868  -11.556 0.0000000000
22165  -47.846  -51.409  -11.700 0.0000000000
25023  -51.336  -48.784  -8.297 0.0000000000
24088  -49.924  -49.292  -8.799 0.0000000000
137732  -48.578  -48.511  -8.465 0.0000000000
24087  -49.008  -49.170  -8.958 0.0000000000
24114  -48.486  -49.727  -9.681 0.0000000000
24139  -48.407  -50.350  -10.273 0.0000000000
23161  -47.887  -50.768  -10.847 0.0000000000
23186  -47.184  -50.807  -11.450 0.0000000000
23185  -46.413  -50.454  -11.759 0.0000000000
23184  -45.611  -50.017  -12.199 0.0000000000
24152  -44.780  -48.935  -12.287 0.0000000000
25950  -44.880  -48.033  -10.155 0.0000000000
25076  -44.656  -48.036  -10.850 0.0000000000
25107  -44.536  -48.236  -12.361 0.0000000000
25978  -44.769  -47.233  -12.892 0.0000000000
27817  -45.159  -45.894  -12.234 0.0000000000
129986  -47.998  -62.076  -19.380 0.0000000000
11383  -49.789  -62.938  -19.963 0.0000000000
10532  -50.145  -63.490  -20.327 0.0000000000
12372  -50.748  -61.966  -20.584 0.0000000000
11384  -50.439  -62.744  -20.527 0.0000000000
10537  -50.398  -63.282  -20.749 0.0000000000
10546  -50.029  -63.771  -21.310 0.0000000000
14318  -52.417  -59.566  -20.853 0.0000000000
13352  -51.990  -60.325  -20.970 0.0000000000
14333  -50.953  -59.752  -22.859 0.0000000000
13361  -51.034  -60.711  -22.195 0.0000000000
13360  -50.348  -61.135  -22.301 0.0000000000
145138  -49.112  -47.171  -13.298 0.0000000000
25137  -50.907  -48.583  -14.637 0.0000000000
25138  -51.661  -48.575  -14.464 0.0000000000
24204  -52.614  -49.314  -15.611 0.0000000000
24205  -53.534  -49.321  -15.641 0.0000000000
24218  -54.034  -49.654  -16.280 0.0000000000
23225  -54.540  -50.126  -16.869 0.0000000000
23226  -55.747  -50.067  -16.981 0.0000000000
24220  -56.658  -49.379  -16.377 0.0000000000
139036  -57.005  -49.910  -17.120 0.0000000000
23247  -56.291  -50.849  -17.558 0.0000000000
22222  -57.063  -51.390  -18.072 0.0000000000
21243  -57.038  -52.042  -18.679 0.0000000000
21271  -56.792  -52.534  -19.479 0.0000000000
25201  -57.023  -48.438  -18.694 0.0000000000
25203  -58.157  -48.757  -18.220 0.0000000000
24251  -58.364  -49.249  -18.066 0.0000000000
143947  -57.704  -50.519  -19.010 0.0000000000
21286  -57.023  -51.786  -19.578 0.0000000000
21285  -56.598  -52.352  -20.083 0.0000000000
21302  -55.732  -52.831  -21.132 0.0000000000
136774  -54.373  -52.946  -21.664 0.0000000000
137059  -53.394  -52.734  -21.642 0.0000000000
146227  -52.587  -52.651  -21.692 0.0000000000
132175  -52.344  -53.709  -22.230 0.0000000000
20352  -50.777  -53.455  -22.327 0.0000000000
9749  -50.210  -63.860  -20.725 0.0000000000
10547  -50.403  -63.421  -21.080 0.0000000000
11428  -50.491  -62.254  -21.586 0.0000000000
12392  -50.769  -61.551  -21.824 0.0000000000
13340  -48.491  -60.428  -20.055 0.0000000000
14324  -51.453  -60.013  -22.255 0.0000000000
14335  -52.106  -58.865  -22.736 0.0000000000
15303  -53.257  -58.089  -20.098 0.0000000000
15316  -52.239  -58.884  -20.232 0.0000000000
16324  -53.738  -57.434  -20.016 0.0000000000
17363  -48.054  -56.406  -20.217 0.0000000000
17365  -53.533  -57.050  -19.737 0.0000000000
17367  -54.279  -56.556  -20.039 0.0000000000
17400  -53.801  -56.264  -22.950 0.0000000000
17417  -53.951  -55.421  -23.380 0.0000000000
18335  -50.818  -55.343  -14.693 0.0000000000
18418  -54.853  -55.161  -21.296 0.0000000000
18462  -52.135  -55.848  -25.025 0.0000000000
19349  -47.505  -54.348  -16.114 0.0000000000
19351  -49.232  -54.934  -15.227 0.0000000000
19352  -50.071  -55.106  -14.946 0.0000000000
19358  -47.254  -54.702  -17.034 0.0000000000
19382  -51.312  -54.300  -19.586 0.0000000000
19385  -54.749  -54.535  -19.191 0.0000000000
19386  -55.541  -54.285  -19.485 0.0000000000
19418  -53.861  -54.425  -23.061 0.0000000000
19439  -54.005  -54.866  -23.387 0.0000000000
20302  -46.817  -53.305  -18.067 0.0000000000
20304  -48.096  -53.068  -18.952 0.0000000000
20318  -53.783  -54.062  -19.053 0.0000000000
20336  -51.921  -52.946  -21.831 0.0000000000
20337  -52.920  -53.256  -21.907 0.0000000000
20353  -53.461  -53.867  -22.518 0.0000000000
21199  -47.894  -52.298  -12.924 0.0000000000
21215  -48.374  -52.803  -13.275 0.0000000000
21222  -46.315  -52.306  -14.700 0.0000000000
21234  -46.132  -52.488  -16.437 0.0000000000
21242  -56.469  -52.250  -18.531 0.0000000000
21244  -57.398  -51.335  -18.405 0.0000000000
21253  -47.426  -52.799  -18.446 0.0000000000
21258  -54.190  -52.544  -18.538 0.0000000000
21260  -56.992  -52.479  -19.031 0.0000000000
21261  -57.342  -51.729  -18.793 0.0000000000
21268  -49.837  -52.983  -19.206 0.0000000000
21272  -57.187  -52.047  -19.164 0.0000000000
21299  -52.808  -52.034  -21.521 0.0000000000
21320  -51.422  -52.257  -22.143 0.0000000000
22143  -49.162  -51.563  -10.895 0.0000000000
22147  -52.688  -52.036  -10.267 0.0000000000
22167  -50.268  -52.260  -11.088 0.0000000000
22189  -45.639  -51.179  -14.069 0.0000000000
22203  -46.096  -51.383  -16.663 0.0000000000
22220  -54.314  -51.242  -17.811 0.0000000000
22236  -49.387  -51.835  -18.463 0.0000000000
22237  -50.742  -51.484  -18.373 0.0000000000
22240  -53.617  -51.713  -18.203 0.0000000000
22257  -57.436  -51.321  -19.093 0.0000000000
22270  -56.730  -51.420  -20.100 0.0000000000
22305  -52.320  -51.004  -22.212 0.0000000000
23132  -54.303  -49.701  -9.066 0.0000000000
23147  -51.657  -50.701  -9.496 0.0000000000
23163  -49.540  -51.098  -10.310 0.0000000000
23214  -45.837  -50.312  -15.897 0.0000000000
23216  -45.729  -51.026  -16.035 0.0000000000
23218  -47.079  -50.239  -16.928 0.0000000000
23221  -50.831  -49.854  -16.718 0.0000000000
23224  -53.589  -50.096  -16.849 0.0000000000
23240  -48.660  -50.565  -17.469 0.0000000000
23273  -58.047  -49.897  -18.590 0.0000000000
23283  -56.723  -49.435  -20.660 0.0000000000
24113  -47.543  -49.359  -9.757 0.0000000000
24115  -49.469  -49.853  -9.385 0.0000000000
24137  -46.334  -49.473  -10.581 0.0000000000
24153  -45.213  -49.385  -11.800 0.0000000000
24172  -44.994  -49.515  -12.666 0.0000000000
24185  -44.685  -48.880  -13.068 0.0000000000
24190  -44.837  -49.089  -13.797 0.0000000000
24192  -51.396  -48.889  -15.122 0.0000000000
24193  -52.178  -48.891  -15.029 0.0000000000
24197  -45.416  -49.973  -15.192 0.0000000000
24199  -46.921  -49.274  -15.873 0.0000000000
24200  -47.949  -49.073  -15.825 0.0000000000
24202  -50.666  -48.917  -15.295 0.0000000000
24217  -53.025  -49.711  -16.351 0.0000000000
24261  -57.457  -49.067  -19.704 0.0000000000
24262  -57.980  -49.183  -18.853 0.0000000000
24274  -57.018  -48.562  -20.312 0.0000000000
24284  -56.304  -48.562  -21.924 0.0000000000
25018  -45.816  -47.939  -9.024 0.0000000000
25022  -50.409  -48.716  -8.284 0.0000000000
25026  -54.272  -48.446  -8.288 0.0000000000
25047  -45.456  -48.297  -9.772 0.0000000000
25077  -45.114  -48.571  -10.517 0.0000000000
25094  -44.797  -48.661  -11.456 0.0000000000
25125  -51.100  -48.270  -13.949 0.0000000000
25133  -45.203  -48.965  -14.529 0.0000000000
25136  -48.675  -48.117  -14.484 0.0000000000
25147  -45.621  -49.280  -15.108 0.0000000000
25148  -46.365  -48.973  -15.329 0.0000000000
25181  -52.846  -48.396  -17.660 0.0000000000
25202  -57.655  -48.567  -18.460 0.0000000000
25243  -56.178  -48.083  -22.361 0.0000000000
25899  -47.778  -47.165  -7.628 0.0000000000
25901  -49.524  -47.348  -7.458 0.0000000000
25918  -48.149  -47.884  -7.974 0.0000000000
25933  -44.593  -47.457  -10.341 0.0000000000
25934  -44.963  -47.576  -9.506 0.0000000000
25966  -44.481  -47.389  -12.100 0.0000000000
26018  -45.771  -48.098  -14.389 0.0000000000
26800  -45.609  -46.040  -7.816 0.0000000000
26803  -48.251  -46.601  -7.230 0.0000000000
26806  -51.279  -46.746  -7.054 0.0000000000
26823  -44.636  -45.879  -9.043 0.0000000000
26825  -45.904  -46.754  -8.047 0.0000000000
26896  -44.685  -46.608  -12.251 0.0000000000
26897  -45.174  -46.507  -12.736 0.0000000000
27707  -50.640  -45.433  -6.305 0.0000000000
27763  -44.404  -45.366  -9.847 0.0000000000
27797  -44.808  -45.525  -11.533 0.0000000000
28604  -46.956  -44.149  -6.397 0.0000000000
29456  -48.041  -43.211  -5.762 0.0000000000
124673  -51.237  -58.470  -20.233 0.0000000000
124699  -51.100  -52.806  -11.564 0.0000000000
125835  -49.186  -44.849  -6.012 0.0000000000
126124  -47.533  -52.587  -13.595 0.0000000000
127633  -49.960  -52.949  -12.317 0.0000000000
127674  -44.471  -47.355  -11.184 0.0000000000
128290  -47.049  -49.624  -10.276 0.0000000000
129112  -53.051  -46.822  -7.348 0.0000000000
130374  -56.903  -50.424  -20.177 0.0000000000
131128  -48.937  -55.636  -20.194 0.0000000000
132507  -56.188  -52.815  -20.538 0.0000000000
133731  -51.175  -52.912  -22.167 0.0000000000
135214  -44.485  -46.005  -11.122 0.0000000000
135393  -51.500  -53.454  -22.156 0.0000000000
138043  -44.483  -45.020  -8.933 0.0000000000
138354  -46.299  -52.482  -17.095 0.0000000000
138456  -48.998  -52.512  -18.859 0.0000000000
138815  -52.908  -51.051  -17.946 0.0000000000
139149  -52.357  -59.243  -21.858 0.0000000000
139398  -46.084  -52.009  -16.712 0.0000000000
139631  -44.519  -47.942  -11.596 0.0000000000
140863  -52.824  -50.021  -9.068 0.0000000000
142012  -47.641  -58.631  -18.226 0.0000000000
142537  -56.402  -48.439  -20.530 0.0000000000
143503  -50.583  -62.891  -20.899 0.0000000000
143569  -44.563  -46.950  -9.869 0.0000000000
143610  -54.981  -52.614  -18.525 0.0000000000
143774  -47.545  -44.235  -6.203 0.0000000000
143776  -53.371  -57.055  -22.646 0.0000000000
143781  -48.912  -46.658  -12.876 0.0000000000
145704  -50.019  -49.788  -16.781 0.0000000000
146491  -44.531  -47.743  -12.660 0.0000000000
146632  -52.638  -52.546  -18.799 0.0000000000
147231  -52.374  -49.534  -8.810 0.0000000000
147817  -48.463  -51.347  -11.080 0.0000000000
148390  -45.878  -51.688  -14.561 0.0000000000
148613  -50.575  -46.602  -6.933 0.0000000000
148664  -46.709  -45.354  -6.897 0.0000000000
148844  -52.480  -50.612  -17.548 0.0000000000
149561  -57.721  -49.762  -17.256 0.0000000000
149804  -54.624  -53.611  -22.074 0.0000000000
149819  -52.675  -56.332  -25.470 0.0000000000
150060  -44.722  -48.643  -13.476 0.0000000000
150425  -44.493  -44.864  -10.244 0.0000000000
