#!ascii label  , from subject sub-LJ002 vox2ras=TkReg
875
65399  -31.438  -8.295  -22.381 0.4285714328
66518  -31.158  -7.259  -23.086 0.2857142985
67540  -31.934  -6.840  -22.636 0.4285714328
68518  -32.866  -5.789  -22.370 0.4285714328
68531  -30.939  -5.988  -23.793 0.2857142985
68517  -32.097  -6.026  -22.749 0.4285714328
68533  -32.314  -5.099  -22.876 0.4285714328
69556  -31.413  -4.410  -24.439 0.4285714328
69546  -32.370  -4.279  -23.321 0.4285714328
70503  -31.742  -3.738  -24.740 0.4285714328
71460  -32.899  -2.743  -24.564 0.4285714328
71482  -31.542  -2.706  -26.899 0.5714285970
70513  -32.208  -3.084  -25.302 0.5714285970
71472  -32.936  -2.336  -25.419 0.4285714328
72425  -33.861  -1.594  -24.692 0.2857142985
142507  -32.997  -1.896  -26.064 0.7142857313
73446  -33.740  -0.675  -25.708 0.7142857313
74425  -34.043  0.180  -25.469 0.4285714328
72443  -33.236  -1.259  -26.285 0.7142857313
75410  -33.966  1.063  -25.475 0.5714285970
73460  -33.271  -0.493  -26.543 0.5714285970
74424  -33.581  0.700  -26.140 0.5714285970
74439  -33.217  1.068  -26.896 0.5714285970
75409  -33.543  1.606  -26.245 0.5714285970
140451  -33.229  0.283  -26.750 0.5714285970
76464  -33.925  1.898  -25.393 0.4285714328
76472  -33.513  2.348  -26.887 0.5714285970
77426  -34.158  3.745  -25.429 0.5714285970
129446  -33.281  2.186  -27.926 0.7142857313
77434  -33.766  3.170  -26.433 0.7142857313
77435  -33.924  4.066  -26.464 0.7142857313
75462  -32.389  1.605  -29.003 0.5714285970
77444  -33.517  3.026  -27.562 0.8571428657
78394  -34.202  4.774  -25.896 0.5714285970
130263  -33.180  3.035  -28.462 0.7142857313
76488  -32.301  2.431  -29.231 0.5714285970
79397  -34.095  5.593  -26.587 0.7142857313
79388  -34.399  5.576  -25.709 0.5714285970
137144  -33.435  3.647  -28.181 0.7142857313
78410  -33.802  4.811  -27.258 0.7142857313
80412  -33.942  6.418  -27.010 0.5714285970
78409  -33.451  4.405  -28.298 0.7142857313
128393  -34.345  6.274  -26.060 0.5714285970
78419  -33.085  4.887  -28.921 0.7142857313
79407  -33.652  5.812  -27.642 0.7142857313
137885  -33.814  7.143  -27.338 0.7142857313
136669  -34.204  7.040  -26.508 0.7142857313
79417  -32.872  5.662  -28.765 0.7142857313
80421  -33.120  6.176  -28.397 0.7142857313
80422  -33.466  6.736  -27.904 0.7142857313
82267  -33.779  8.530  -27.654 0.7142857313
81369  -34.008  7.781  -27.064 0.5714285970
77466  -32.611  4.727  -29.120 0.5714285970
83107  -34.029  9.244  -27.335 0.5714285970
83960  -34.019  10.058  -27.224 0.5714285970
136653  -32.878  7.193  -28.488 0.8571428657
80430  -32.540  6.613  -28.656 0.8571428657
83117  -33.736  9.591  -28.034 0.7142857313
83124  -33.261  9.448  -28.741 0.7142857313
81374  -32.893  8.138  -28.695 0.8571428657
82274  -33.293  8.670  -28.501 0.7142857313
128678  -33.006  10.157  -29.107 0.8571428657
83969  -33.559  10.086  -28.354 0.5714285970
82281  -32.559  9.092  -29.297 0.8571428657
129778  -32.508  8.510  -29.131 0.8571428657
82273  -32.975  8.976  -29.026 0.8571428657
83979  -32.611  10.630  -29.586 0.8571428657
84809  -32.777  11.130  -29.626 0.8571428657
85685  -32.409  11.749  -30.100 0.8571428657
83123  -32.865  9.610  -29.144 0.8571428657
84826  -32.377  11.202  -30.017 0.8571428657
84824  -31.952  11.439  -30.333 1.0000000000
84825  -32.165  11.316  -30.239 1.0000000000
139794  -32.365  10.206  -29.552 0.8571428657
85700  -31.990  11.918  -30.450 1.0000000000
83988  -32.051  10.917  -30.092 1.0000000000
146934  -31.694  12.038  -30.354 1.0000000000
85684  -30.027  12.790  -29.649 0.7142857313
137718  -30.970  11.817  -29.984 1.0000000000
85699  -30.979  12.579  -29.997 1.0000000000
88608  -30.435  14.611  -29.801 1.0000000000
88586  -28.017  14.064  -28.995 0.8571428657
89532  -28.992  15.375  -28.807 0.8571428657
145429  -28.274  14.645  -28.826 1.0000000000
91490  -29.667  18.331  -29.868 0.8571428657
91471  -29.477  17.364  -28.982 0.8571428657
90535  -29.717  16.377  -29.123 1.0000000000
92402  -28.990  20.248  -31.048 0.8571428657
92386  -29.438  19.464  -30.492 0.8571428657
92370  -27.373  19.494  -29.237 0.5714285970
147329  -28.284  20.869  -31.073 0.7142857313
93315  -28.399  20.552  -31.546 0.5714285970
93290  -26.702  21.309  -29.184 0.5714285970
92371  -27.043  20.343  -29.532 0.5714285970
94992  -27.923  22.713  -30.831 0.4285714328
95000  -27.707  22.924  -32.166 0.4285714328
94979  -26.174  22.933  -28.123 0.2857142985
95761  -26.725  23.076  -28.213 0.2857142985
94985  -26.840  22.821  -29.026 0.2857142985
140311  -26.222  23.204  -27.407 0.2857142985
67553  -31.395  -6.397  -23.229 0.2857142985
81375  -33.429  7.747  -28.048 0.7142857313
83968  -33.398  10.708  -28.681 0.8571428657
84793  -33.209  11.384  -28.991 0.8571428657
86586  -30.383  13.158  -29.751 0.8571428657
95752  -26.709  23.240  -26.162 0.1428571492
67552  -30.652  -6.676  -23.740 0.2857142985
68545  -31.006  -5.264  -24.278 0.2857142985
68532  -31.552  -5.575  -23.397 0.2857142985
69545  -31.700  -4.730  -23.644 0.4285714328
135108  -33.012  -3.744  -23.121 0.4285714328
69555  -30.930  -4.682  -25.060 0.2857142985
70490  -32.948  -3.169  -23.792 0.4285714328
70512  -31.487  -3.679  -25.513 0.5714285970
142297  -32.321  -2.455  -26.271 0.5714285970
72433  -33.502  -1.579  -25.424 0.4285714328
71500  -32.031  -2.058  -27.100 0.2857142985
128524  -32.632  -1.690  -26.680 0.7142857313
145879  -33.610  -0.011  -26.134 0.4285714328
73478  -32.795  -0.185  -27.291 0.5714285970
77418  -34.372  3.066  -24.595 0.4285714328
74455  -32.880  0.634  -27.522 0.7142857313
75446  -33.057  1.379  -27.754 0.7142857313
76463  -33.690  2.368  -26.035 0.7142857313
77425  -33.982  2.756  -25.390 0.5714285970
78401  -33.668  3.845  -27.373 0.7142857313
76489  -32.826  2.327  -28.769 0.5714285970
80404  -34.506  7.028  -25.543 0.5714285970
77451  -32.580  3.136  -29.023 0.5714285970
128443  -34.663  6.097  -25.070 0.5714285970
79406  -33.377  5.265  -28.376 0.7142857313
81360  -34.418  7.680  -26.141 0.5714285970
83132  -32.430  9.616  -29.408 1.0000000000
85701  -32.168  12.394  -30.415 1.0000000000
132550  -31.702  10.989  -30.082 1.0000000000
86585  -29.335  13.163  -29.475 0.7142857313
87577  -29.617  13.522  -29.486 1.0000000000
87578  -30.654  13.584  -29.896 1.0000000000
126394  -28.891  13.833  -29.222 0.7142857313
87576  -28.455  13.539  -29.296 0.7142857313
88587  -29.275  14.463  -29.098 0.8571428657
129264  -28.656  18.109  -28.864 0.8571428657
89533  -30.026  15.400  -29.464 1.0000000000
92385  -28.884  20.058  -29.937 0.7142857313
94172  -27.167  22.063  -29.469 0.7142857313
92384  -27.984  20.221  -29.591 0.5714285970
94180  -28.115  21.271  -30.713 0.7142857313
94170  -25.703  21.567  -28.640 0.4285714328
94980  -27.095  23.112  -29.021 0.2857142985
94986  -27.665  22.706  -29.806 0.4285714328
94191  -28.140  21.121  -31.783 0.4285714328
73477  -32.159  -0.722  -27.795 0.4285714328
73498  -31.783  0.013  -28.459 0.4285714328
147388  -31.264  -7.787  -22.728 0.4285714328
66502  -31.780  -7.583  -22.488 0.4285714328
66517  -30.288  -7.447  -23.670 0.2857142985
67541  -32.680  -6.538  -22.324 0.4285714328
140978  -31.309  -4.142  -25.084 0.2857142985
141768  -32.502  -3.679  -23.668 0.4285714328
70504  -32.365  -3.383  -24.325 0.4285714328
70529  -31.614  -3.208  -26.181 0.4285714328
73459  -32.774  -0.982  -27.010 0.5714285970
75428  -33.316  1.722  -27.145 0.5714285970
143734  -32.904  1.676  -28.441 0.7142857313
75463  -32.693  1.019  -28.352 0.7142857313
77452  -33.046  3.977  -28.900 0.7142857313
78430  -32.677  5.326  -28.978 0.8571428657
139472  -32.677  10.130  -29.332 0.8571428657
136132  -33.007  10.746  -29.333 0.8571428657
81383  -32.159  8.446  -29.296 0.8571428657
83989  -32.297  10.810  -29.893 1.0000000000
91470  -29.121  19.190  -29.596 0.8571428657
93301  -28.325  20.626  -30.479 0.7142857313
93291  -27.564  21.085  -29.886 0.5714285970
94171  -26.368  22.239  -28.739 0.4285714328
94179  -27.834  21.970  -30.239 0.4285714328
94976  -25.754  23.046  -27.102 0.2857142985
95757  -26.967  23.224  -27.735 0.2857142985
126202  -27.268  23.370  -27.087 0.1428571492
72462  -32.275  -1.421  -27.278 0.2857142985
140157  -25.964  25.769  -33.776 0.2857142985
97468  -26.847  26.428  -32.873 0.1428571492
95800  -26.691  24.436  -32.964 0.2857142985
96621  -25.556  24.987  -34.604 0.2857142985
97460  -27.550  25.720  -32.126 0.1428571492
149648  -27.314  27.190  -32.382 0.1428571492
95770  -28.397  23.989  -30.817 0.1428571492
95780  -27.455  23.870  -32.196 0.2857142985
96592  -28.113  24.973  -31.546 0.1428571492
95012  -25.860  23.890  -35.353 0.2857142985
95799  -25.989  24.309  -33.987 0.2857142985
94245  -28.353  21.229  -37.089 0.2857142985
149141  -27.106  21.913  -35.309 0.2857142985
138591  -28.294  27.011  -31.364 0.1428571492
93333  -27.894  20.250  -33.388 0.2857142985
95818  -26.165  23.684  -34.422 0.2857142985
137665  -26.702  23.647  -33.149 0.2857142985
92436  -29.040  19.177  -34.964 0.1428571492
94234  -27.632  21.030  -35.390 0.2857142985
94216  -27.266  21.893  -34.004 0.2857142985
95008  -26.959  22.821  -33.597 0.2857142985
91536  -32.093  18.635  -35.955 0.1428571492
92437  -30.733  18.626  -35.737 0.1428571492
92435  -28.246  19.576  -34.689 0.4285714328
94200  -27.817  21.027  -33.077 0.2857142985
91524  -30.890  17.561  -33.574 0.2857142985
92419  -29.158  19.359  -32.907 0.4285714328
92418  -28.421  19.962  -32.413 0.2857142985
94190  -28.071  21.988  -31.319 0.2857142985
90584  -31.727  16.653  -33.860 0.1428571492
139795  -30.580  18.187  -34.158 0.2857142985
92428  -28.261  19.707  -33.666 0.4285714328
91506  -29.967  18.767  -32.190 0.5714285970
92403  -29.309  19.461  -31.688 0.7142857313
89581  -32.098  16.122  -33.628 0.1428571492
89579  -31.298  16.588  -33.658 0.1428571492
91507  -30.653  17.869  -32.556 0.4285714328
89568  -32.536  15.654  -32.462 0.2857142985
88627  -31.779  15.351  -32.994 0.7142857313
131682  -30.009  18.763  -31.050 0.7142857313
89556  -30.927  15.576  -31.437 0.8571428657
90568  -30.261  17.666  -30.693 0.5714285970
143817  -32.893  15.768  -31.024 0.2857142985
126804  -32.771  16.120  -31.643 0.2857142985
90569  -30.731  16.925  -31.690 0.7142857313
90533  -27.529  17.125  -28.499 0.5714285970
144285  -29.967  17.262  -29.729 0.8571428657
88620  -31.806  14.892  -32.437 0.7142857313
89557  -33.255  15.919  -30.222 0.1428571492
83141  -29.919  9.659  -29.720 0.5714285970
83987  -30.977  11.063  -29.825 0.8571428657
84822  -30.019  11.502  -29.668 0.8571428657
85698  -30.056  12.235  -29.668 0.5714285970
87596  -29.997  13.941  -29.519 0.8571428657
86620  -32.087  13.727  -31.604 0.8571428657
88609  -31.038  14.679  -30.819 0.8571428657
88588  -33.249  15.287  -29.822 0.2857142985
87611  -31.893  14.266  -32.020 0.8571428657
145466  -31.453  14.747  -31.795 0.8571428657
145043  -30.416  16.385  -30.289 0.8571428657
145035  -33.441  15.370  -29.032 0.4285714328
87612  -32.235  14.474  -32.035 0.7142857313
82286  -29.515  8.676  -29.792 0.2857142985
144806  -30.656  10.291  -29.720 0.5714285970
84823  -31.574  11.483  -30.185 0.8571428657
86601  -31.922  13.201  -30.887 0.8571428657
86600  -31.339  13.246  -30.362 0.8571428657
86619  -31.693  13.643  -31.275 0.8571428657
144333  -31.260  13.702  -30.609 0.8571428657
87579  -32.941  14.416  -30.402 0.4285714328
87598  -32.325  13.722  -31.450 0.8571428657
125169  -33.182  14.610  -29.332 0.4285714328
78436  -30.958  5.597  -28.930 0.7142857313
131820  -30.096  6.577  -29.463 0.4285714328
139643  -31.632  5.499  -28.907 0.7142857313
126529  -31.623  7.681  -29.195 0.8571428657
81392  -30.717  7.733  -29.917 0.5714285970
127775  -29.803  7.999  -30.067 0.5714285970
81390  -29.211  7.879  -29.884 0.4285714328
81393  -31.548  8.346  -29.549 0.8571428657
145572  -30.712  8.253  -30.025 0.5714285970
83145  -32.145  9.668  -29.548 0.8571428657
132764  -31.440  9.686  -29.696 0.7142857313
132765  -30.816  9.582  -29.742 0.5714285970
85675  -32.809  11.956  -29.547 0.7142857313
146826  -32.249  13.178  -30.760 0.7142857313
86602  -32.129  13.224  -30.874 0.8571428657
130409  -33.428  13.717  -27.567 0.2857142985
87560  -33.184  13.886  -28.605 0.4285714328
77465  -32.288  3.918  -29.096 0.4285714328
78428  -31.165  4.502  -29.052 0.4285714328
78435  -30.317  4.909  -29.282 0.4285714328
81384  -32.344  7.687  -28.904 0.7142857313
80437  -31.967  7.658  -29.064 0.7142857313
82290  -31.825  8.979  -29.588 0.8571428657
86543  -33.542  12.854  -27.192 0.2857142985
85665  -33.375  12.023  -28.210 0.5714285970
150163  -33.149  12.190  -28.838 0.5714285970
76498  -31.854  3.075  -29.331 0.4285714328
136312  -30.670  3.079  -29.339 0.5714285970
143739  -31.968  4.672  -29.117 0.5714285970
80438  -32.140  6.959  -28.759 0.7142857313
83959  -33.755  10.712  -27.719 0.4285714328
85649  -33.559  12.038  -27.454 0.4285714328
74475  -32.110  0.777  -28.721 0.5714285970
83099  -34.408  9.557  -26.228 0.4285714328
82261  -34.320  8.547  -26.551 0.4285714328
147097  -34.567  10.655  -25.566 0.4285714328
71446  -33.562  -2.529  -23.893 0.1428571492
81349  -34.581  8.146  -25.634 0.4285714328
82250  -34.580  8.868  -25.691 0.4285714328
83087  -34.724  9.477  -25.213 0.4285714328
73437  -34.596  -0.696  -24.504 0.1428571492
75389  -34.370  1.357  -24.776 0.2857142985
138913  -35.426  4.934  -23.251 0.2857142985
81318  -35.473  7.212  -23.382 0.2857142985
80378  -35.447  6.360  -23.439 0.2857142985
142987  -34.566  3.868  -24.424 0.4285714328
144075  -35.426  7.962  -23.444 0.2857142985
80393  -35.235  6.862  -24.002 0.2857142985
146283  -34.908  5.557  -24.409 0.2857142985
82217  -35.230  8.594  -23.937 0.2857142985
81336  -34.698  7.653  -25.047 0.4285714328
71447  -34.363  -2.074  -23.621 0.1428571492
72426  -34.415  -1.410  -24.236 0.1428571492
71461  -33.475  -2.133  -24.725 0.1428571492
73438  -35.108  -0.251  -24.102 0.2857142985
74408  -34.898  0.693  -24.240 0.2857142985
76406  -35.639  2.691  -22.965 0.2857142985
78369  -35.368  4.190  -23.289 0.2857142985
78368  -34.923  3.904  -23.778 0.2857142985
77402  -34.774  3.271  -23.910 0.2857142985
73424  -35.107  -1.028  -23.953 0.1428571492
74386  -36.166  0.824  -22.930 0.2857142985
73425  -35.673  -0.631  -23.510 0.2857142985
75373  -35.417  1.217  -23.545 0.2857142985
74409  -35.594  0.277  -23.570 0.2857142985
76437  -35.235  2.109  -23.499 0.2857142985
70477  -33.708  -3.453  -22.731 0.1428571492
70492  -34.016  -2.763  -23.133 0.1428571492
65383  -31.989  -8.784  -21.762 0.2857142985
65398  -30.736  -8.701  -22.556 0.2857142985
144342  -33.436  -4.219  -22.490 0.2857142985
65400  -32.310  -8.047  -21.986 0.1428571492
64358  -30.410  -9.322  -22.355 0.2857142985
64338  -30.858  -9.732  -21.715 0.1428571492
76407  -36.128  2.239  -22.487 0.2857142985
78341  -35.880  4.557  -22.456 0.2857142985
77403  -35.286  3.415  -23.384 0.2857142985
80363  -35.728  5.654  -22.677 0.2857142985
79375  -34.575  5.197  -25.000 0.4285714328
81337  -35.117  7.674  -24.198 0.2857142985
80445  -30.682  7.012  -29.426 0.7142857313
82235  -34.812  8.557  -24.853 0.4285714328
82288  -30.883  8.973  -29.764 0.5714285970
85650  -33.782  12.221  -26.592 0.2857142985
129212  -33.625  13.654  -26.774 0.2857142985
86562  -33.334  12.850  -28.191 0.5714285970
89518  -27.879  15.294  -28.696 0.7142857313
126004  -32.897  13.679  -29.796 0.7142857313
92372  -28.323  19.342  -29.268 0.4285714328
91469  -27.494  18.414  -28.914 0.5714285970
88621  -32.301  15.211  -32.637 0.5714285970
97451  -28.641  26.455  -31.070 0.1428571492
91529  -29.928  18.851  -35.301 0.1428571492
95013  -26.490  22.877  -35.138 0.2857142985
66503  -32.558  -7.293  -22.185 0.1428571492
65409  -30.662  -8.037  -22.975 0.2857142985
67542  -33.273  -6.314  -22.073 0.1428571492
147380  -32.833  -4.462  -22.794 0.2857142985
72414  -35.483  -1.417  -23.260 0.1428571492
73401  -36.256  -1.022  -22.878 0.1428571492
139094  -34.368  0.650  -24.922 0.2857142985
139332  -35.134  2.805  -23.549 0.2857142985
76454  -34.320  2.208  -24.665 0.2857142985
77464  -31.153  3.475  -29.217 0.5714285970
82198  -35.552  8.604  -23.069 0.2857142985
83064  -35.390  9.349  -23.592 0.2857142985
78437  -31.340  6.255  -28.805 0.7142857313
79424  -31.809  6.626  -28.794 0.5714285970
128148  -29.604  7.316  -29.967 0.4285714328
83088  -35.065  9.378  -24.391 0.4285714328
83140  -28.957  9.526  -29.647 0.2857142985
83922  -34.910  10.135  -24.711 0.2857142985
145185  -31.182  8.334  -29.793 0.7142857313
83985  -29.060  10.399  -29.652 0.2857142985
83940  -34.750  10.836  -25.003 0.1428571492
140172  -34.459  11.727  -25.497 0.4285714328
83949  -34.010  10.866  -26.630 0.4285714328
85632  -34.257  12.415  -25.690 0.1428571492
136170  -31.708  12.726  -30.431 0.8571428657
87544  -33.307  14.492  -27.806 0.2857142985
87599  -32.620  14.323  -31.447 0.7142857313
89555  -30.622  15.317  -30.324 0.8571428657
89534  -33.560  16.210  -29.224 0.2857142985
95766  -28.104  23.219  -29.891 0.2857142985
132154  -33.046  16.529  -30.671 0.1428571492
89573  -31.305  15.894  -33.125 0.5714285970
90570  -32.979  17.201  -31.347 0.1428571492
89574  -32.360  15.823  -33.072 0.1428571492
96579  -28.759  25.236  -30.960 0.1428571492
90577  -30.921  16.719  -32.938 0.5714285970
90578  -32.471  16.599  -33.294 0.1428571492
92429  -28.960  19.151  -34.021 0.2857142985
91531  -31.322  18.023  -35.051 0.1428571492
142285  -31.485  18.402  -35.690 0.1428571492
93356  -27.907  20.128  -35.554 0.2857142985
93363  -28.510  20.220  -36.541 0.2857142985
142229  -29.435  19.830  -36.912 0.1428571492
92444  -30.300  19.206  -36.638 0.1428571492
67526  -33.782  -6.509  -21.813 0.1428571492
71436  -34.701  -2.441  -22.901 0.1428571492
87525  -33.549  14.570  -26.933 0.2857142985
134051  -32.051  19.106  -36.872 0.1428571492
93372  -29.195  20.729  -37.360 0.2857142985
68506  -33.679  -5.715  -21.906 0.1428571492
125829  -33.144  -5.004  -22.355 0.1428571492
71462  -33.917  -1.921  -24.215 0.1428571492
73447  -34.194  -0.437  -25.056 0.2857142985
74417  -34.564  0.016  -24.725 0.2857142985
72434  -34.047  -1.056  -24.925 0.1428571492
128735  -34.464  4.464  -24.947 0.4285714328
78429  -32.213  5.473  -28.946 0.5714285970
83950  -34.368  10.412  -26.127 0.4285714328
79425  -32.345  6.080  -28.739 0.7142857313
82291  -32.131  9.150  -29.507 0.7142857313
86587  -32.525  12.733  -30.176 0.7142857313
139060  -32.106  10.331  -29.707 0.8571428657
83143  -31.795  10.404  -29.781 0.8571428657
138702  -32.024  12.568  -30.520 0.8571428657
141497  -28.120  20.502  -32.471 0.2857142985
84782  -33.566  11.348  -28.061 0.4285714328
74454  -32.421  0.231  -28.079 0.5714285970
76436  -34.710  2.520  -23.995 0.2857142985
83142  -31.313  10.383  -29.768 0.5714285970
87597  -30.900  14.050  -30.246 0.8571428657
132403  -27.885  23.372  -31.413 0.2857142985
94199  -27.680  21.913  -32.637 0.2857142985
95769  -28.115  23.257  -30.653 0.2857142985
81394  -31.844  8.133  -29.352 0.8571428657
96605  -26.139  24.957  -33.665 0.2857142985
96606  -26.801  25.348  -32.920 0.2857142985
144405  -27.695  26.674  -31.951 0.1428571492
96591  -27.455  24.734  -32.177 0.2857142985
95817  -25.544  24.287  -34.875 0.2857142985
95781  -27.956  24.021  -31.479 0.1428571492
94244  -27.823  21.104  -36.449 0.2857142985
149495  -26.728  22.604  -36.122 0.2857142985
94217  -27.649  20.998  -34.237 0.2857142985
97461  -28.207  26.056  -31.491 0.1428571492
93349  -27.775  20.109  -34.469 0.2857142985
92443  -29.379  19.428  -35.958 0.1428571492
147917  -30.095  19.037  -35.886 0.1428571492
92445  -31.280  18.765  -36.453 0.1428571492
91530  -30.642  18.302  -34.891 0.1428571492
93357  -28.499  19.642  -35.545 0.1428571492
90591  -31.234  17.487  -34.250 0.1428571492
91519  -30.090  18.655  -33.412 0.4285714328
91525  -32.340  17.736  -34.229 0.1428571492
89580  -31.749  15.960  -33.495 0.1428571492
91523  -29.852  18.733  -34.448 0.2857142985
149002  -30.394  18.062  -31.610 0.5714285970
88626  -31.412  15.357  -32.420 0.4285714328
89567  -31.001  16.027  -32.407 0.5714285970
87620  -32.073  14.966  -32.585 0.5714285970
88622  -32.576  15.149  -31.865 0.5714285970
88610  -32.961  15.114  -30.835 0.4285714328
138882  -31.377  14.075  -31.270 0.8571428657
83986  -29.966  10.683  -29.645 0.5714285970
86603  -32.577  13.630  -30.824 0.7142857313
79430  -30.377  6.083  -29.041 0.4285714328
80446  -31.264  7.034  -29.003 0.7142857313
126604  -31.220  7.737  -29.529 0.7142857313
80444  -30.165  7.202  -29.884 0.4285714328
81391  -30.237  7.816  -30.090 0.5714285970
82287  -30.304  8.632  -29.913 0.5714285970
134772  -28.829  7.120  -29.829 0.2857142985
82289  -31.529  9.004  -29.649 0.7142857313
83144  -31.861  9.708  -29.632 0.8571428657
86574  -33.048  12.860  -29.239 0.5714285970
142837  -31.674  3.905  -29.066 0.5714285970
84768  -33.736  11.438  -27.065 0.4285714328
86544  -33.863  13.092  -26.243 0.2857142985
79376  -35.091  6.214  -24.223 0.2857142985
80392  -34.840  6.914  -24.656 0.4285714328
138754  -34.636  10.208  -25.471 0.4285714328
130984  -34.464  11.080  -25.715 0.4285714328
75372  -34.777  1.674  -24.072 0.2857142985
79362  -35.281  5.566  -23.700 0.2857142985
78383  -34.905  4.720  -24.078 0.2857142985
71448  -34.966  -1.905  -23.240 0.1428571492
72413  -34.879  -1.551  -23.664 0.1428571492
77376  -35.761  3.594  -22.706 0.2857142985
75341  -35.793  1.764  -22.938 0.2857142985
65384  -32.820  -8.600  -21.560 0.1428571492
64359  -31.197  -9.054  -22.045 0.1428571492
146143  -33.483  -8.496  -21.371 0.1428571492
84769  -34.117  11.610  -26.169 0.2857142985
66486  -33.250  -7.817  -21.713 0.1428571492
96568  -28.819  23.836  -30.088 0.1428571492
90518  -27.347  15.966  -28.640 0.5714285970
88570  -26.331  14.636  -28.785 0.4285714328
89517  -27.005  15.085  -28.689 0.4285714328
89516  -26.449  15.466  -28.768 0.5714285970
88585  -26.927  14.074  -28.913 0.4285714328
90534  -28.557  16.488  -28.578 0.4285714328
128243  -27.494  13.457  -29.265 0.4285714328
140618  -28.217  13.826  -29.168 0.4285714328
87575  -26.626  13.792  -29.136 0.4285714328
148770  -36.224  7.978  -21.617 0.1428571492
81302  -35.760  7.752  -22.544 0.1428571492
81289  -37.794  7.648  -20.424 0.1428571492
139376  -36.259  7.206  -21.620 0.1428571492
82187  -38.397  8.339  -20.388 0.1428571492
81303  -36.782  7.768  -20.810 0.1428571492
136917  -38.760  9.003  -20.411 0.1428571492
70528  -30.907  -3.453  -26.818 0.2857142985
79343  -36.310  5.244  -21.706 0.1428571492
79344  -36.892  5.657  -20.842 0.1428571492
80365  -37.052  6.758  -20.657 0.1428571492
81291  -39.951  7.905  -21.091 0.1428571492
129648  -38.474  6.855  -20.454 0.1428571492
145232  -40.825  9.312  -23.279 0.1428571492
82189  -39.992  8.598  -21.193 0.1428571492
139663  -40.602  9.594  -22.487 0.1428571492
135060  -31.102  -3.770  -26.123 0.2857142985
70527  -30.058  -3.804  -26.916 0.2857142985
76408  -36.656  2.253  -21.928 0.1428571492
77354  -37.079  3.035  -21.412 0.1428571492
78342  -36.369  3.782  -21.904 0.1428571492
77377  -36.244  2.931  -22.238 0.1428571492
145457  -36.472  4.514  -21.631 0.1428571492
80349  -37.943  5.924  -20.453 0.1428571492
79320  -37.603  4.981  -20.556 0.1428571492
130793  -40.582  8.023  -23.094 0.1428571492
133244  -40.804  8.742  -23.713 0.1428571492
83046  -40.580  8.846  -22.732 0.1428571492
69567  -30.995  -4.218  -25.643 0.2857142985
68573  -30.042  -4.943  -25.977 0.2857142985
147210  -29.744  -5.502  -25.737 0.2857142985
131492  -36.832  0.928  -22.244 0.1428571492
129014  -37.315  2.223  -21.452 0.1428571492
77355  -38.067  3.456  -20.681 0.1428571492
79321  -38.779  5.209  -20.498 0.1428571492
78343  -37.209  4.104  -21.040 0.1428571492
80366  -40.422  6.452  -22.107 0.1428571492
82237  -41.708  9.219  -24.626 0.1428571492
83089  -41.167  9.338  -24.005 0.1428571492
74387  -36.715  0.195  -22.503 0.1428571492
75343  -37.040  1.588  -21.802 0.1428571492
150249  -37.386  1.033  -21.738 0.1428571492
139716  -38.747  3.046  -20.693 0.1428571492
127291  -37.895  1.645  -21.173 0.1428571492
78344  -40.216  4.836  -21.455 0.1428571492
76379  -37.958  2.600  -20.892 0.1428571492
77356  -39.268  3.769  -20.674 0.1428571492
79345  -40.318  5.559  -21.777 0.1428571492
127268  -40.762  8.132  -24.241 0.1428571492
139408  -40.519  7.105  -23.074 0.1428571492
82236  -41.125  8.629  -24.618 0.1428571492
74388  -37.300  0.405  -21.944 0.1428571492
73426  -36.229  -0.154  -23.061 0.1428571492
75314  -40.072  1.831  -20.922 0.1428571492
75313  -38.975  1.220  -20.806 0.1428571492
75312  -37.981  0.749  -21.365 0.1428571492
136382  -39.520  3.099  -20.746 0.1428571492
76380  -39.051  2.300  -20.720 0.1428571492
134256  -40.682  4.414  -23.064 0.1428571492
77379  -40.589  4.133  -21.938 0.1428571492
79346  -40.496  5.713  -22.760 0.1428571492
147776  -40.521  6.381  -23.169 0.1428571492
78345  -40.486  4.954  -22.400 0.1428571492
81319  -40.630  7.549  -23.883 0.1428571492
75315  -40.829  1.461  -21.431 0.1428571492
142236  -39.985  0.925  -20.901 0.1428571492
150515  -39.244  0.691  -20.805 0.1428571492
76438  -41.059  2.972  -22.788 0.1428571492
75345  -41.302  1.843  -22.313 0.1428571492
77404  -40.891  3.639  -22.890 0.1428571492
80379  -40.605  6.807  -24.130 0.1428571492
79363  -40.563  5.900  -23.766 0.1428571492
76381  -40.241  2.731  -20.989 0.1428571492
77378  -40.258  3.565  -21.076 0.1428571492
78320  -39.502  4.631  -20.737 0.1428571492
83090  -41.671  9.971  -24.176 0.1428571492
81290  -39.022  7.701  -20.477 0.1428571492
81292  -40.360  8.304  -21.958 0.1428571492
128374  -35.785  6.727  -22.556 0.1428571492
82200  -36.562  8.528  -21.126 0.1428571492
145193  -30.344  -5.327  -25.241 0.2857142985
82251  -40.919  8.001  -24.941 0.1428571492
83091  -42.458  9.798  -24.647 0.1428571492
86584  -28.332  13.117  -29.381 0.4285714328
143104  -41.066  10.033  -23.292 0.1428571492
83036  -39.687  9.280  -20.848 0.1428571492
83896  -40.638  10.400  -22.300 0.1428571492
82199  -35.930  8.600  -22.083 0.1428571492
90517  -26.766  16.415  -28.701 0.4285714328
90532  -26.574  17.456  -28.924 0.4285714328
93373  -30.088  20.858  -37.771 0.1428571492
69566  -30.539  -4.675  -25.642 0.2857142985
75342  -36.421  1.589  -22.396 0.1428571492
134061  -35.328  10.039  -24.043 0.1428571492
83923  -35.106  10.702  -24.243 0.1428571492
80364  -36.265  6.209  -21.635 0.1428571492
82186  -37.385  8.372  -20.502 0.1428571492
82188  -39.355  8.467  -20.624 0.1428571492
132245  -37.971  9.410  -20.389 0.1428571492
131180  -36.856  4.894  -21.117 0.1428571492
83037  -40.305  9.078  -21.751 0.1428571492
80350  -39.213  6.057  -20.570 0.1428571492
78319  -38.424  4.317  -20.544 0.1428571492
80351  -39.887  6.936  -20.924 0.1428571492
143477  -40.062  6.065  -21.145 0.1428571492
81304  -40.368  7.444  -22.028 0.1428571492
79322  -39.789  5.379  -20.923 0.1428571492
129467  -40.124  4.235  -21.024 0.1428571492
75344  -40.817  2.284  -21.590 0.1428571492
78370  -40.564  5.139  -23.368 0.1428571492
76409  -40.825  3.157  -21.891 0.1428571492
76410  -41.108  2.545  -22.306 0.1428571492
63277  -29.271  -10.391  -22.424 0.1428571492
63289  -28.861  -10.056  -23.124 0.1428571492
64373  -29.167  -9.318  -23.402 0.1428571492
64374  -29.970  -8.813  -23.048 0.1428571492
145709  -29.886  -8.088  -23.537 0.1428571492
66530  -30.014  -6.935  -24.293 0.1428571492
66516  -29.341  -7.659  -24.352 0.1428571492
143118  -29.482  -6.689  -25.073 0.1428571492
68544  -30.304  -6.124  -24.525 0.1428571492
66529  -28.373  -7.790  -24.847 0.1428571492
129497  -28.679  -6.612  -25.568 0.1428571492
67578  -29.821  -5.953  -25.318 0.1428571492
68570  -28.111  -5.371  -26.350 0.1428571492
70526  -29.213  -3.918  -26.932 0.1428571492
69579  -29.664  -4.504  -26.515 0.1428571492
70547  -30.337  -3.210  -27.261 0.1428571492
71499  -31.398  -2.213  -27.422 0.1428571492
70546  -29.674  -3.271  -27.346 0.2857142985
72461  -31.670  -1.559  -27.674 0.2857142985
75474  -31.053  1.502  -29.412 0.4285714328
75475  -31.670  2.070  -29.405 0.4285714328
76497  -31.157  2.702  -29.418 0.4285714328
84808  -28.898  12.043  -29.553 0.2857142985
85682  -28.284  12.671  -29.456 0.2857142985
85683  -29.157  12.690  -29.506 0.2857142985
137030  -24.999  14.956  -30.207 0.2857142985
88583  -25.339  15.149  -29.753 0.2857142985
129521  -25.731  15.188  -28.963 0.2857142985
89530  -25.607  15.840  -29.806 0.4285714328
69580  -30.480  -4.214  -26.266 0.1428571492
70545  -28.891  -3.278  -27.370 0.1428571492
71497  -29.440  -2.636  -27.693 0.2857142985
64387  -28.581  -8.455  -24.309 0.1428571492
67577  -28.826  -7.218  -25.110 0.1428571492
68557  -28.419  -5.977  -25.980 0.1428571492
69578  -28.756  -4.768  -26.613 0.1428571492
70525  -28.347  -3.957  -26.963 0.1428571492
72460  -30.810  -1.898  -27.844 0.2857142985
71509  -29.968  -1.999  -28.006 0.2857142985
72483  -31.269  -0.872  -28.283 0.2857142985
74474  -31.527  0.631  -28.853 0.4285714328
74485  -30.354  1.096  -29.328 0.2857142985
84821  -29.039  11.188  -29.634 0.2857142985
84807  -28.113  11.640  -29.585 0.2857142985
84805  -26.409  12.580  -29.486 0.2857142985
131703  -27.470  12.978  -29.366 0.2857142985
87574  -25.754  14.162  -29.152 0.2857142985
87572  -24.527  14.360  -29.511 0.2857142985
88584  -25.710  14.645  -28.969 0.2857142985
148311  -30.425  -1.222  -28.318 0.2857142985
84806  -27.213  12.106  -29.577 0.2857142985
83978  -27.643  11.183  -29.637 0.2857142985
85681  -26.759  12.961  -29.361 0.2857142985
86581  -25.142  13.832  -29.349 0.2857142985
86583  -26.830  13.393  -29.268 0.2857142985
86582  -26.025  13.673  -29.262 0.2857142985
134712  -25.699  12.855  -29.425 0.2857142985
131802  -25.874  13.326  -29.333 0.2857142985
75461  -31.651  1.223  -29.175 0.4285714328
65408  -29.267  -8.561  -23.757 0.1428571492
125070  -26.166  14.192  -28.962 0.2857142985
70548  -30.871  -2.718  -27.357 0.1428571492
68572  -29.369  -5.226  -26.189 0.1428571492
68571  -28.787  -5.498  -26.243 0.1428571492
67576  -27.890  -6.455  -25.718 0.1428571492
68558  -29.201  -5.965  -25.800 0.1428571492
74486  -31.055  0.822  -29.133 0.4285714328
126113  -25.264  14.479  -29.464 0.2857142985
129658  -31.140  0.100  -28.679 0.4285714328
85680  -25.143  13.516  -29.344 0.2857142985
77463  -30.080  3.082  -29.461 0.2857142985
76496  -30.579  2.521  -29.439 0.2857142985
77472  -30.510  3.790  -29.275 0.2857142985
95820  -28.713  23.817  -34.019 0.1428571492
95014  -28.847  23.349  -34.848 0.1428571492
95029  -27.855  23.084  -36.374 0.1428571492
145543  -27.421  22.783  -36.845 0.1428571492
95048  -27.771  22.178  -36.930 0.1428571492
95801  -29.742  23.945  -32.972 0.1428571492
95028  -26.998  23.170  -36.436 0.1428571492
95833  -25.970  24.122  -35.492 0.1428571492
98289  -26.804  27.580  -34.574 0.1428571492
77471  -29.871  4.000  -29.540 0.2857142985
95049  -28.829  21.792  -37.454 0.1428571492
95015  -30.026  23.126  -34.595 0.1428571492
135225  -28.242  22.509  -36.961 0.1428571492
95027  -26.616  23.349  -35.906 0.1428571492
145762  -27.196  22.003  -36.368 0.1428571492
95819  -27.557  24.131  -34.979 0.1428571492
98296  -26.883  26.585  -34.807 0.1428571492
96639  -25.906  24.961  -35.428 0.1428571492
97475  -25.703  25.946  -34.574 0.1428571492
98282  -25.956  26.703  -33.782 0.1428571492
95832  -25.598  24.616  -35.235 0.1428571492
135517  -27.032  22.832  -36.681 0.1428571492
149105  -30.997  2.122  -29.469 0.2857142985
96607  -29.169  24.479  -33.338 0.1428571492
95835  -27.595  23.596  -35.475 0.1428571492
95834  -26.540  23.918  -35.625 0.1428571492
95030  -29.137  22.885  -35.952 0.1428571492
144036  -26.133  12.201  -29.591 0.1428571492
83977  -26.809  11.682  -29.624 0.1428571492
86580  -24.470  13.874  -29.252 0.1428571492
86556  -22.786  14.075  -28.317 0.1428571492
148648  -23.018  14.766  -28.619 0.1428571492
84820  -28.383  10.951  -29.657 0.1428571492
86572  -23.989  14.559  -28.972 0.1428571492
132021  -22.420  15.295  -28.755 0.1428571492
88581  -22.484  14.844  -30.270 0.1428571492
88580  -21.050  15.017  -30.109 0.2857142985
146126  -29.648  6.596  -29.670 0.2857142985
80443  -29.190  6.643  -29.776 0.1428571492
83139  -28.196  9.453  -29.597 0.1428571492
83984  -28.283  10.339  -29.627 0.1428571492
149775  -27.231  11.059  -29.642 0.1428571492
126162  -33.252  14.927  -28.427 0.1428571492
84804  -25.461  12.060  -29.510 0.1428571492
124556  -24.741  14.542  -29.791 0.1428571492
88607  -24.096  15.157  -30.850 0.1428571492
88606  -22.940  15.147  -30.696 0.1428571492
88605  -21.554  15.231  -30.418 0.2857142985
90530  -24.900  17.044  -30.497 0.2857142985
93288  -23.889  20.774  -29.062 0.2857142985
93276  -22.622  20.604  -28.896 0.2857142985
93278  -24.822  21.129  -28.688 0.2857142985
94973  -25.939  22.858  -26.391 0.1428571492
90553  -22.943  16.607  -30.831 0.2857142985
91468  -26.694  18.755  -29.243 0.2857142985
91466  -24.008  18.761  -30.036 0.2857142985
92368  -23.172  20.189  -29.463 0.2857142985
148724  -26.514  19.720  -29.415 0.2857142985
92369  -24.303  20.002  -29.666 0.2857142985
138523  -26.156  20.682  -29.318 0.2857142985
144935  -25.706  22.292  -28.081 0.1428571492
93277  -24.335  20.925  -28.245 0.2857142985
124464  -27.699  23.311  -28.948 0.1428571492
95758  -28.017  23.395  -28.187 0.1428571492
91453  -21.781  20.288  -28.434 0.1428571492
88579  -20.563  15.458  -30.201 0.2857142985
94163  -25.034  21.877  -27.671 0.1428571492
94162  -24.595  21.647  -27.332 0.2857142985
147270  -25.032  22.453  -27.157 0.1428571492
94158  -24.701  22.326  -27.009 0.1428571492
130710  -22.158  15.156  -28.026 0.2857142985
93265  -24.588  21.029  -26.506 0.1428571492
94969  -25.901  22.409  -25.460 0.1428571492
94157  -24.576  21.847  -26.811 0.1428571492
133745  -20.663  14.865  -25.722 0.1428571492
88572  -33.518  15.791  -28.368 0.1428571492
87526  -33.897  14.070  -26.072 0.1428571492
82285  -28.767  8.622  -29.669 0.1428571492
83130  -26.782  9.913  -29.637 0.1428571492
89507  -33.711  16.274  -27.559 0.1428571492
146096  -26.793  10.853  -29.640 0.1428571492
84790  -24.476  11.645  -29.098 0.1428571492
129582  -24.192  12.568  -29.062 0.1428571492
84803  -24.927  12.790  -29.347 0.1428571492
85671  -23.175  13.486  -28.481 0.1428571492
87559  -23.973  14.561  -29.342 0.1428571492
142153  -23.572  14.538  -29.965 0.1428571492
132484  -20.843  15.228  -29.551 0.2857142985
90552  -21.699  16.988  -30.613 0.1428571492
90528  -22.349  17.957  -30.363 0.1428571492
91465  -22.796  19.058  -29.949 0.2857142985
92366  -21.178  19.994  -29.323 0.1428571492
130123  -24.116  20.352  -27.288 0.2857142985
94972  -25.238  22.273  -26.350 0.1428571492
94164  -25.453  22.633  -27.419 0.1428571492
135946  -25.672  22.235  -25.855 0.1428571492
146780  -25.884  22.496  -26.116 0.1428571492
88562  -33.401  15.299  -27.625 0.1428571492
88550  -33.659  15.640  -26.821 0.1428571492
132258  -25.943  19.185  -29.511 0.2857142985
134514  -25.679  20.139  -29.424 0.2857142985
95756  -26.019  23.168  -26.721 0.1428571492
93289  -25.372  20.930  -29.122 0.2857142985
94975  -25.382  22.678  -26.786 0.1428571492
90531  -25.842  17.155  -29.702 0.2857142985
81389  -28.537  7.798  -29.725 0.1428571492
132964  -34.330  13.424  -25.379 0.1428571492
137595  -24.780  14.985  -30.476 0.1428571492
89529  -24.925  15.549  -30.556 0.1428571492
83976  -26.116  11.426  -29.605 0.1428571492
85679  -24.422  13.564  -29.168 0.1428571492
83975  -25.229  10.982  -29.373 0.1428571492
137411  -23.859  13.926  -28.873 0.1428571492
86571  -23.494  14.647  -28.781 0.1428571492
87557  -23.015  15.074  -28.830 0.1428571492
83138  -27.526  10.340  -29.631 0.1428571492
88557  -21.896  15.414  -28.882 0.1428571492
88569  -22.333  14.972  -29.484 0.1428571492
88582  -23.925  14.700  -30.423 0.1428571492
89554  -23.331  15.632  -30.969 0.2857142985
89552  -20.872  16.153  -30.484 0.2857142985
90529  -23.595  17.582  -30.534 0.2857142985
90554  -24.094  16.152  -30.935 0.2857142985
132144  -24.774  20.622  -29.324 0.2857142985
93269  -23.664  20.437  -28.342 0.1428571492
95743  -26.225  22.665  -25.759 0.1428571492
129809  -26.142  18.218  -29.600 0.2857142985
91467  -25.252  18.595  -29.939 0.2857142985
149543  -25.195  19.734  -29.618 0.2857142985
93275  -21.456  20.522  -29.023 0.1428571492
93270  -24.511  20.927  -27.420 0.2857142985
95762  -28.678  23.554  -29.199 0.1428571492
90551  -20.800  17.356  -30.355 0.1428571492
91464  -21.672  19.223  -29.904 0.2857142985
71495  -27.642  -2.493  -27.502 0.1428571492
72459  -29.317  -2.038  -27.978 0.1428571492
72482  -29.634  -1.356  -28.293 0.1428571492
72456  -26.529  -1.621  -27.575 0.1428571492
73474  -26.737  -0.484  -28.215 0.1428571492
74453  -27.281  0.054  -28.493 0.1428571492
73476  -28.091  -1.018  -28.270 0.1428571492
73495  -29.072  -0.575  -28.537 0.1428571492
73496  -30.047  -0.522  -28.610 0.1428571492
74471  -27.916  0.533  -28.893 0.1428571492
74472  -28.835  0.383  -28.940 0.1428571492
74473  -30.521  0.282  -28.840 0.1428571492
75460  -29.450  1.082  -29.331 0.1428571492
74470  -27.071  0.758  -28.786 0.1428571492
75458  -27.723  1.255  -29.190 0.1428571492
75472  -29.873  1.772  -29.536 0.1428571492
76495  -29.473  2.551  -29.637 0.1428571492
78427  -29.289  4.190  -29.697 0.1428571492
78434  -29.567  4.895  -29.583 0.1428571492
73497  -30.695  -0.463  -28.571 0.1428571492
71481  -27.141  -3.084  -27.123 0.1428571492
71494  -26.779  -2.351  -27.324 0.1428571492
73475  -27.180  -1.223  -28.015 0.1428571492
79429  -29.793  5.817  -29.315 0.1428571492
75473  -30.502  1.872  -29.495 0.1428571492
72457  -27.942  -1.799  -27.871 0.1428571492
71496  -28.607  -2.467  -27.707 0.1428571492
134247  -30.117  2.360  -29.523 0.1428571492
148715  -27.217  -1.909  -27.666 0.1428571492
72458  -28.794  -1.580  -28.140 0.1428571492
136093  -26.403  -0.972  -27.847 0.1428571492
146617  -27.462  -0.578  -28.319 0.1428571492
73494  -28.108  -0.204  -28.555 0.1428571492
75459  -28.578  1.095  -29.281 0.1428571492
138003  -29.743  0.337  -28.916 0.1428571492
141066  -29.093  1.742  -29.565 0.1428571492
75445  -25.639  0.687  -28.139 0.1428571492
71480  -26.310  -2.852  -26.911 0.1428571492
69557  -31.932  -3.973  -23.951 0.4285714328
70491  -33.448  -3.120  -23.322 0.1428571492
71498  -30.169  -2.641  -27.619 0.1428571492
87558  -23.505  14.835  -29.221 0.1428571492
87573  -25.224  14.234  -29.345 0.2857142985
88571  -27.323  14.529  -28.758 0.5714285970
88628  -32.078  15.539  -33.150 0.7142857313
89526  -20.336  16.870  -30.196 0.1428571492
89528  -20.275  15.563  -29.936 0.2857142985
89531  -26.100  16.159  -29.058 0.4285714328
89553  -22.211  15.814  -30.817 0.2857142985
91463  -20.915  19.096  -29.763 0.2857142985
91489  -21.293  18.206  -30.258 0.1428571492
92354  -21.473  20.491  -28.832 0.1428571492
92355  -22.310  20.260  -28.472 0.1428571492
92367  -22.005  20.202  -29.395 0.1428571492
96638  -25.599  25.367  -35.163 0.1428571492
128492  -31.941  8.564  -29.456 0.7142857313
132853  -27.736  12.414  -29.489 0.2857142985
133123  -32.196  11.647  -30.279 1.0000000000
135430  -27.571  13.771  -29.138 0.4285714328
140024  -25.983  10.401  -29.566 0.1428571492
140763  -33.617  9.115  -28.136 0.7142857313
141674  -30.924  6.424  -28.952 0.7142857313
142786  -28.367  1.698  -29.435 0.1428571492
146908  -37.950  8.825  -20.393 0.1428571492
148131  -33.460  12.445  -27.749 0.2857142985
148803  -40.641  4.679  -23.901 0.1428571492
149507  -34.549  7.620  -25.570 0.4285714328
