#!ascii label  , from subject sub-LJ002 vox2ras=TkReg
330
75409  -33.543  1.606  -26.245 0.0000000000
78428  -31.165  4.502  -29.052 0.0000000000
88585  -26.927  14.074  -28.913 0.0000000000
137718  -30.970  11.817  -29.984 0.0000000000
83123  -32.865  9.610  -29.144 0.0000000000
80404  -34.506  7.028  -25.543 0.0000000000
89530  -25.607  15.840  -29.806 0.0000000000
83988  -32.051  10.917  -30.092 0.0000000000
145572  -30.712  8.253  -30.025 0.0000000000
130263  -33.180  3.035  -28.462 0.0000000000
79406  -33.377  5.265  -28.376 0.0000000000
77426  -34.158  3.745  -25.429 0.0000000000
70512  -31.487  -3.679  -25.513 0.0000000000
74454  -32.421  0.231  -28.079 0.0000000000
94172  -27.167  22.063  -29.469 0.0000000000
92384  -27.984  20.221  -29.591 0.0000000000
91470  -29.121  19.190  -29.596 0.0000000000
144285  -29.967  17.262  -29.729 0.0000000000
88609  -31.038  14.679  -30.819 0.0000000000
86585  -29.335  13.163  -29.475 0.0000000000
86620  -32.087  13.727  -31.604 0.0000000000
126004  -32.897  13.679  -29.796 0.0000000000
85665  -33.375  12.023  -28.210 0.0000000000
83949  -34.010  10.866  -26.630 0.0000000000
80437  -31.967  7.658  -29.064 0.0000000000
82267  -33.779  8.530  -27.654 0.0000000000
83141  -29.919  9.659  -29.720 0.0000000000
81390  -29.211  7.879  -29.884 0.0000000000
76472  -33.513  2.348  -26.887 0.0000000000
78401  -33.668  3.845  -27.373 0.0000000000
77425  -33.982  2.756  -25.390 0.0000000000
67540  -31.934  -6.840  -22.636 0.0000000000
68517  -32.097  -6.026  -22.749 0.0000000000
69545  -31.700  -4.730  -23.644 0.0000000000
75461  -31.651  1.223  -29.175 0.0000000000
129658  -31.140  0.100  -28.679 0.0000000000
92385  -28.884  20.058  -29.937 0.0000000000
89517  -27.005  15.085  -28.689 0.0000000000
90534  -28.557  16.488  -28.578 0.0000000000
89532  -28.992  15.375  -28.807 0.0000000000
145043  -30.416  16.385  -30.289 0.0000000000
88587  -29.275  14.463  -29.098 0.0000000000
85684  -30.027  12.790  -29.649 0.0000000000
87578  -30.654  13.584  -29.896 0.0000000000
86601  -31.922  13.201  -30.887 0.0000000000
87598  -32.325  13.722  -31.450 0.0000000000
138702  -32.024  12.568  -30.520 0.0000000000
139794  -32.365  10.206  -29.552 0.0000000000
84809  -32.777  11.130  -29.626 0.0000000000
83968  -33.398  10.708  -28.681 0.0000000000
85649  -33.559  12.038  -27.454 0.0000000000
83969  -33.559  10.086  -28.354 0.0000000000
78435  -30.317  4.909  -29.282 0.0000000000
80445  -30.682  7.012  -29.426 0.0000000000
139643  -31.632  5.499  -28.907 0.0000000000
80412  -33.942  6.418  -27.010 0.0000000000
80422  -33.466  6.736  -27.904 0.0000000000
81360  -34.418  7.680  -26.141 0.0000000000
82250  -34.580  8.868  -25.691 0.0000000000
82235  -34.812  8.557  -24.853 0.0000000000
71460  -32.899  -2.743  -24.564 0.0000000000
71482  -31.542  -2.706  -26.899 0.0000000000
71472  -32.936  -2.336  -25.419 0.0000000000
72443  -33.236  -1.259  -26.285 0.0000000000
84822  -30.019  11.502  -29.668 0.0000000000
84823  -31.574  11.483  -30.185 0.0000000000
144806  -30.656  10.291  -29.720 0.0000000000
132764  -31.440  9.686  -29.696 0.0000000000
82290  -31.825  8.979  -29.588 0.0000000000
77465  -32.288  3.918  -29.096 0.0000000000
77466  -32.611  4.727  -29.120 0.0000000000
78409  -33.451  4.405  -28.298 0.0000000000
78410  -33.802  4.811  -27.258 0.0000000000
79388  -34.399  5.576  -25.709 0.0000000000
141768  -32.502  -3.679  -23.668 0.0000000000
136312  -30.670  3.079  -29.339 0.0000000000
75475  -31.670  2.070  -29.405 0.0000000000
143734  -32.904  1.676  -28.441 0.0000000000
74439  -33.217  1.068  -26.896 0.0000000000
94992  -27.923  22.713  -30.831 0.0000000000
94170  -25.703  21.567  -28.640 0.0000000000
93291  -27.564  21.085  -29.886 0.0000000000
93315  -28.399  20.552  -31.546 0.0000000000
92403  -29.309  19.461  -31.688 0.0000000000
91506  -29.967  18.767  -32.190 0.0000000000
90533  -27.529  17.125  -28.499 0.0000000000
91490  -29.667  18.331  -29.868 0.0000000000
149002  -30.394  18.062  -31.610 0.0000000000
90577  -30.921  16.719  -32.938 0.0000000000
89573  -31.305  15.894  -33.125 0.0000000000
88627  -31.779  15.351  -32.994 0.0000000000
140618  -28.217  13.826  -29.168 0.0000000000
87596  -29.997  13.941  -29.519 0.0000000000
138882  -31.377  14.075  -31.270 0.0000000000
88621  -32.301  15.211  -32.637 0.0000000000
143817  -32.893  15.768  -31.024 0.0000000000
125169  -33.182  14.610  -29.332 0.0000000000
85685  -32.409  11.749  -30.100 0.0000000000
86574  -33.048  12.860  -29.239 0.0000000000
80444  -30.165  7.202  -29.884 0.0000000000
126604  -31.220  7.737  -29.529 0.0000000000
81383  -32.159  8.446  -29.296 0.0000000000
80430  -32.540  6.613  -28.656 0.0000000000
81374  -32.893  8.138  -28.695 0.0000000000
83124  -33.261  9.448  -28.741 0.0000000000
83960  -34.019  10.058  -27.224 0.0000000000
147097  -34.567  10.655  -25.566 0.0000000000
73477  -32.159  -0.722  -27.795 0.0000000000
73460  -33.271  -0.493  -26.543 0.0000000000
74425  -34.043  0.180  -25.469 0.0000000000
76463  -33.690  2.368  -26.035 0.0000000000
76464  -33.925  1.898  -25.393 0.0000000000
67541  -32.680  -6.538  -22.324 0.0000000000
68518  -32.866  -5.789  -22.370 0.0000000000
88570  -26.331  14.636  -28.785 0.0000000000
89518  -27.879  15.294  -28.696 0.0000000000
145429  -28.274  14.645  -28.826 0.0000000000
85698  -30.056  12.235  -29.668 0.0000000000
85699  -30.979  12.579  -29.997 0.0000000000
136170  -31.708  12.726  -30.431 0.0000000000
146934  -31.694  12.038  -30.354 0.0000000000
139472  -32.677  10.130  -29.332 0.0000000000
136132  -33.007  10.746  -29.333 0.0000000000
128678  -33.006  10.157  -29.107 0.0000000000
78436  -30.958  5.597  -28.930 0.0000000000
128393  -34.345  6.274  -26.060 0.0000000000
136669  -34.204  7.040  -26.508 0.0000000000
81349  -34.581  8.146  -25.634 0.0000000000
81336  -34.698  7.653  -25.047 0.0000000000
80392  -34.840  6.914  -24.656 0.0000000000
83986  -29.966  10.683  -29.645 0.0000000000
82287  -30.304  8.632  -29.913 0.0000000000
132765  -30.816  9.582  -29.742 0.0000000000
82288  -30.883  8.973  -29.764 0.0000000000
83144  -31.861  9.708  -29.632 0.0000000000
82289  -31.529  9.004  -29.649 0.0000000000
77451  -32.580  3.136  -29.023 0.0000000000
77452  -33.046  3.977  -28.900 0.0000000000
137144  -33.435  3.647  -28.181 0.0000000000
77435  -33.924  4.066  -26.464 0.0000000000
78394  -34.202  4.774  -25.896 0.0000000000
79375  -34.575  5.197  -25.000 0.0000000000
128735  -34.464  4.464  -24.947 0.0000000000
66518  -31.158  -7.259  -23.086 0.0000000000
147388  -31.264  -7.787  -22.728 0.0000000000
69546  -32.370  -4.279  -23.321 0.0000000000
135108  -33.012  -3.744  -23.121 0.0000000000
76497  -31.157  2.702  -29.418 0.0000000000
74475  -32.110  0.777  -28.721 0.0000000000
75462  -32.389  1.605  -29.003 0.0000000000
75463  -32.693  1.019  -28.352 0.0000000000
75446  -33.057  1.379  -27.754 0.0000000000
74455  -32.880  0.634  -27.522 0.0000000000
94986  -27.665  22.706  -29.806 0.0000000000
95000  -27.707  22.924  -32.166 0.0000000000
94179  -27.834  21.970  -30.239 0.0000000000
92371  -27.043  20.343  -29.532 0.0000000000
94180  -28.115  21.271  -30.713 0.0000000000
147329  -28.284  20.869  -31.073 0.0000000000
93301  -28.325  20.626  -30.479 0.0000000000
92402  -28.990  20.248  -31.048 0.0000000000
92386  -29.438  19.464  -30.492 0.0000000000
131682  -30.009  18.763  -31.050 0.0000000000
90517  -26.766  16.415  -28.701 0.0000000000
90535  -29.717  16.377  -29.123 0.0000000000
91471  -29.477  17.364  -28.982 0.0000000000
90568  -30.261  17.666  -30.693 0.0000000000
91507  -30.653  17.869  -32.556 0.0000000000
90569  -30.731  16.925  -31.690 0.0000000000
89555  -30.622  15.317  -30.324 0.0000000000
89556  -30.927  15.576  -31.437 0.0000000000
88626  -31.412  15.357  -32.420 0.0000000000
145466  -31.453  14.747  -31.795 0.0000000000
86584  -28.332  13.117  -29.381 0.0000000000
128243  -27.494  13.457  -29.265 0.0000000000
87576  -28.455  13.539  -29.296 0.0000000000
126394  -28.891  13.833  -29.222 0.0000000000
87577  -29.617  13.522  -29.486 0.0000000000
86619  -31.693  13.643  -31.275 0.0000000000
144333  -31.260  13.702  -30.609 0.0000000000
87611  -31.893  14.266  -32.020 0.0000000000
87612  -32.235  14.474  -32.035 0.0000000000
88622  -32.576  15.149  -31.865 0.0000000000
86603  -32.577  13.630  -30.824 0.0000000000
87579  -32.941  14.416  -30.402 0.0000000000
84824  -31.952  11.439  -30.333 0.0000000000
85700  -31.990  11.918  -30.450 0.0000000000
84825  -32.165  11.316  -30.239 0.0000000000
150163  -33.149  12.190  -28.838 0.0000000000
85675  -32.809  11.956  -29.547 0.0000000000
87560  -33.184  13.886  -28.605 0.0000000000
86562  -33.334  12.850  -28.191 0.0000000000
84768  -33.736  11.438  -27.065 0.0000000000
140172  -34.459  11.727  -25.497 0.0000000000
128148  -29.604  7.316  -29.967 0.0000000000
80446  -31.264  7.034  -29.003 0.0000000000
126529  -31.623  7.681  -29.195 0.0000000000
81394  -31.844  8.133  -29.352 0.0000000000
78419  -33.085  4.887  -28.921 0.0000000000
78430  -32.677  5.326  -28.978 0.0000000000
79417  -32.872  5.662  -28.765 0.0000000000
81375  -33.429  7.747  -28.048 0.0000000000
136653  -32.878  7.193  -28.488 0.0000000000
82274  -33.293  8.670  -28.501 0.0000000000
83117  -33.736  9.591  -28.034 0.0000000000
83107  -34.029  9.244  -27.335 0.0000000000
83087  -34.724  9.477  -25.213 0.0000000000
83099  -34.408  9.557  -26.228 0.0000000000
138754  -34.636  10.208  -25.471 0.0000000000
73446  -33.740  -0.675  -25.708 0.0000000000
145879  -33.610  -0.011  -26.134 0.0000000000
82286  -29.515  8.676  -29.792 0.0000000000
127775  -29.803  7.999  -30.067 0.0000000000
129446  -33.281  2.186  -27.926 0.0000000000
77444  -33.517  3.026  -27.562 0.0000000000
77434  -33.766  3.170  -26.433 0.0000000000
77418  -34.372  3.066  -24.595 0.0000000000
66502  -31.780  -7.583  -22.488 0.0000000000
68533  -32.314  -5.099  -22.876 0.0000000000
75474  -31.053  1.502  -29.412 0.0000000000
74486  -31.055  0.822  -29.133 0.0000000000
74474  -31.527  0.631  -28.853 0.0000000000
73498  -31.783  0.013  -28.459 0.0000000000
94171  -26.368  22.239  -28.739 0.0000000000
92370  -27.373  19.494  -29.237 0.0000000000
92372  -28.323  19.342  -29.268 0.0000000000
91469  -27.494  18.414  -28.914 0.0000000000
90518  -27.347  15.966  -28.640 0.0000000000
89516  -26.449  15.466  -28.768 0.0000000000
89533  -30.026  15.400  -29.464 0.0000000000
88608  -30.435  14.611  -29.801 0.0000000000
86586  -30.383  13.158  -29.751 0.0000000000
86600  -31.339  13.246  -30.362 0.0000000000
86602  -32.129  13.224  -30.874 0.0000000000
146826  -32.249  13.178  -30.760 0.0000000000
83989  -32.297  10.810  -29.893 0.0000000000
84826  -32.377  11.202  -30.017 0.0000000000
83979  -32.611  10.630  -29.586 0.0000000000
84793  -33.209  11.384  -28.991 0.0000000000
84782  -33.566  11.348  -28.061 0.0000000000
83959  -33.755  10.712  -27.719 0.0000000000
131820  -30.096  6.577  -29.463 0.0000000000
79430  -30.377  6.083  -29.041 0.0000000000
78437  -31.340  6.255  -28.805 0.0000000000
79424  -31.809  6.626  -28.794 0.0000000000
79407  -33.652  5.812  -27.642 0.0000000000
80421  -33.120  6.176  -28.397 0.0000000000
137885  -33.814  7.143  -27.338 0.0000000000
81369  -34.008  7.781  -27.064 0.0000000000
82261  -34.320  8.547  -26.551 0.0000000000
83088  -35.065  9.378  -24.391 0.0000000000
70513  -32.208  -3.084  -25.302 0.0000000000
70529  -31.614  -3.208  -26.181 0.0000000000
142297  -32.321  -2.455  -26.271 0.0000000000
142507  -32.997  -1.896  -26.064 0.0000000000
128524  -32.632  -1.690  -26.680 0.0000000000
72433  -33.502  -1.579  -25.424 0.0000000000
83987  -30.977  11.063  -29.825 0.0000000000
132550  -31.702  10.989  -30.082 0.0000000000
83142  -31.313  10.383  -29.768 0.0000000000
83143  -31.795  10.404  -29.781 0.0000000000
139060  -32.106  10.331  -29.707 0.0000000000
83145  -32.145  9.668  -29.548 0.0000000000
83132  -32.430  9.616  -29.408 0.0000000000
142837  -31.674  3.905  -29.066 0.0000000000
143739  -31.968  4.672  -29.117 0.0000000000
79397  -34.095  5.593  -26.587 0.0000000000
128443  -34.663  6.097  -25.070 0.0000000000
142987  -34.566  3.868  -24.424 0.0000000000
65399  -31.438  -8.295  -22.381 0.0000000000
69556  -31.413  -4.410  -24.439 0.0000000000
70503  -31.742  -3.738  -24.740 0.0000000000
70504  -32.365  -3.383  -24.325 0.0000000000
70490  -32.948  -3.169  -23.792 0.0000000000
77464  -31.153  3.475  -29.217 0.0000000000
76498  -31.854  3.075  -29.331 0.0000000000
76488  -32.301  2.431  -29.231 0.0000000000
76489  -32.826  2.327  -28.769 0.0000000000
75428  -33.316  1.722  -27.145 0.0000000000
93290  -26.702  21.309  -29.184 0.0000000000
94191  -28.140  21.121  -31.783 0.0000000000
92418  -28.421  19.962  -32.413 0.0000000000
92428  -28.261  19.707  -33.666 0.0000000000
92419  -29.158  19.359  -32.907 0.0000000000
91519  -30.090  18.655  -33.412 0.0000000000
90532  -26.574  17.456  -28.924 0.0000000000
129264  -28.656  18.109  -28.864 0.0000000000
89579  -31.298  16.588  -33.658 0.0000000000
89567  -31.001  16.027  -32.407 0.0000000000
87575  -26.626  13.792  -29.136 0.0000000000
88586  -28.017  14.064  -28.995 0.0000000000
87597  -30.900  14.050  -30.246 0.0000000000
88620  -31.806  14.892  -32.437 0.0000000000
87620  -32.073  14.966  -32.585 0.0000000000
87599  -32.620  14.323  -31.447 0.0000000000
88610  -32.961  15.114  -30.835 0.0000000000
88588  -33.249  15.287  -29.822 0.0000000000
145035  -33.441  15.370  -29.032 0.0000000000
85701  -32.168  12.394  -30.415 0.0000000000
86587  -32.525  12.733  -30.176 0.0000000000
86543  -33.542  12.854  -27.192 0.0000000000
81391  -30.237  7.816  -30.090 0.0000000000
81392  -30.717  7.733  -29.917 0.0000000000
145185  -31.182  8.334  -29.793 0.0000000000
81393  -31.548  8.346  -29.549 0.0000000000
82291  -32.131  9.150  -29.507 0.0000000000
82281  -32.559  9.092  -29.297 0.0000000000
78429  -32.213  5.473  -28.946 0.0000000000
79425  -32.345  6.080  -28.739 0.0000000000
80438  -32.140  6.959  -28.759 0.0000000000
81384  -32.344  7.687  -28.904 0.0000000000
129778  -32.508  8.510  -29.131 0.0000000000
82273  -32.975  8.976  -29.026 0.0000000000
83950  -34.368  10.412  -26.127 0.0000000000
130984  -34.464  11.080  -25.715 0.0000000000
73459  -32.774  -0.982  -27.010 0.0000000000
73478  -32.795  -0.185  -27.291 0.0000000000
140451  -33.229  0.283  -26.750 0.0000000000
74424  -33.581  0.700  -26.140 0.0000000000
75410  -33.966  1.063  -25.475 0.0000000000
69557  -31.932  -3.973  -23.951 0.0000000000
88571  -27.323  14.529  -28.758 0.0000000000
88628  -32.078  15.539  -33.150 0.0000000000
89531  -26.100  16.159  -29.058 0.0000000000
128492  -31.941  8.564  -29.456 0.0000000000
133123  -32.196  11.647  -30.279 0.0000000000
135430  -27.571  13.771  -29.138 0.0000000000
140763  -33.617  9.115  -28.136 0.0000000000
141674  -30.924  6.424  -28.952 0.0000000000
149507  -34.549  7.620  -25.570 0.0000000000
