#!ascii label  , from subject sub-LJ002 vox2ras=TkReg
998
91052  47.975  16.133  18.648 0.0000000000
93853  50.657  19.421  8.389 0.0000000000
98455  55.199  24.597  7.211 0.0000000000
90289  50.857  15.177  0.418 0.0000000000
88230  45.952  13.039  14.486 0.0000000000
96671  58.989  23.373  13.519 0.0000000000
128354  51.650  18.945  1.797 0.0000000000
95793  46.594  21.759  7.350 0.0000000000
93811  55.057  19.490  14.175 0.0000000000
92037  50.324  17.647  14.467 0.0000000000
89229  48.218  14.558  9.112 0.0000000000
146181  48.604  23.720  8.577 0.0000000000
95814  50.264  21.894  3.569 0.0000000000
126158  56.588  22.686  6.866 0.0000000000
97715  52.390  23.625  -0.975 0.0000000000
98501  43.955  23.605  5.602 0.0000000000
91057  52.227  16.736  17.194 0.0000000000
90118  49.998  14.945  17.427 0.0000000000
89208  46.431  14.367  11.830 0.0000000000
96728  53.308  22.740  10.767 0.0000000000
96714  50.435  22.433  11.454 0.0000000000
97655  51.932  24.041  7.823 0.0000000000
98495  49.387  24.598  4.879 0.0000000000
98508  51.352  24.745  4.410 0.0000000000
93828  53.088  20.145  11.866 0.0000000000
95756  56.210  21.219  10.310 0.0000000000
95782  53.102  21.127  8.048 0.0000000000
92147  53.200  17.821  -0.964 0.0000000000
95834  52.990  21.556  0.768 0.0000000000
148380  50.405  18.999  -1.606 0.0000000000
94849  48.879  20.213  -1.371 0.0000000000
90291  49.165  15.895  0.746 0.0000000000
88340  48.711  13.932  4.469 0.0000000000
90111  45.615  15.538  18.253 0.0000000000
88206  48.121  13.527  16.919 0.0000000000
97608  57.459  23.852  10.135 0.0000000000
92094  49.457  17.335  6.136 0.0000000000
93873  51.257  19.687  5.197 0.0000000000
92116  51.362  16.907  2.572 0.0000000000
91174  54.130  17.125  0.363 0.0000000000
94706  57.567  20.283  17.013 0.0000000000
92927  54.521  18.362  17.721 0.0000000000
92947  52.667  18.349  14.726 0.0000000000
92978  50.173  18.780  11.650 0.0000000000
90142  47.457  15.430  14.663 0.0000000000
92054  47.837  17.274  12.425 0.0000000000
92072  48.873  17.912  8.905 0.0000000000
89268  49.881  14.807  6.825 0.0000000000
128138  42.668  15.549  19.802 0.0000000000
96700  47.529  22.544  12.335 0.0000000000
97650  46.316  24.056  8.561 0.0000000000
98513  46.165  24.225  4.335 0.0000000000
94800  48.205  21.420  5.951 0.0000000000
143113  46.906  18.189  4.485 0.0000000000
94733  59.220  21.330  14.266 0.0000000000
96739  59.378  22.840  9.703 0.0000000000
129537  58.246  24.693  6.309 0.0000000000
95813  52.898  21.459  4.516 0.0000000000
97677  55.874  23.743  3.038 0.0000000000
99307  54.546  25.366  2.822 0.0000000000
96820  51.277  22.505  0.878 0.0000000000
93044  47.565  18.685  1.490 0.0000000000
98485  42.841  23.522  6.361 0.0000000000
98446  43.473  24.456  7.219 0.0000000000
91049  50.620  16.247  18.401 0.0000000000
144883  49.273  15.388  18.266 0.0000000000
97627  54.573  23.567  9.281 0.0000000000
97629  52.668  23.350  9.147 0.0000000000
124467  52.958  24.344  7.149 0.0000000000
125572  51.816  24.750  5.664 0.0000000000
98492  53.416  24.890  5.591 0.0000000000
93837  52.144  20.180  10.575 0.0000000000
94776  53.470  20.800  9.687 0.0000000000
94785  51.800  20.197  8.500 0.0000000000
90298  52.348  16.170  -0.447 0.0000000000
92157  52.502  18.571  -1.159 0.0000000000
92149  50.868  17.600  -1.010 0.0000000000
91198  49.119  17.115  -0.323 0.0000000000
90290  50.027  15.311  0.709 0.0000000000
89325  49.909  14.582  1.610 0.0000000000
88368  50.730  13.813  1.862 0.0000000000
88209  45.388  13.313  17.301 0.0000000000
96692  55.826  22.673  12.362 0.0000000000
96708  57.920  23.484  11.795 0.0000000000
90222  50.222  15.617  5.344 0.0000000000
138457  50.249  17.122  4.365 0.0000000000
90252  51.104  15.921  3.822 0.0000000000
91160  54.334  16.505  1.238 0.0000000000
91173  55.401  16.445  0.692 0.0000000000
90295  54.631  16.822  -0.174 0.0000000000
91066  51.408  16.712  16.200 0.0000000000
92025  52.504  17.550  15.781 0.0000000000
92948  51.776  18.070  14.638 0.0000000000
146779  51.926  18.869  13.397 0.0000000000
92961  50.296  18.481  12.923 0.0000000000
88226  47.036  12.964  15.939 0.0000000000
148639  47.778  14.059  15.813 0.0000000000
89180  46.606  14.202  14.604 0.0000000000
89218  47.175  14.662  10.552 0.0000000000
91104  46.884  15.963  11.469 0.0000000000
91109  47.191  16.208  10.728 0.0000000000
92066  48.035  17.322  10.045 0.0000000000
91121  48.160  16.474  8.728 0.0000000000
91128  48.477  16.382  8.033 0.0000000000
89258  48.890  14.787  7.879 0.0000000000
89243  52.044  13.657  8.388 0.0000000000
97615  49.589  22.929  9.942 0.0000000000
96698  48.997  22.208  12.245 0.0000000000
96733  48.248  22.870  10.691 0.0000000000
97618  46.622  23.398  10.590 0.0000000000
97649  47.125  23.908  8.535 0.0000000000
98462  46.135  24.460  6.774 0.0000000000
145763  47.858  24.464  6.979 0.0000000000
124920  49.462  23.664  4.293 0.0000000000
97679  48.265  23.964  4.428 0.0000000000
95815  49.182  21.801  4.870 0.0000000000
93876  47.953  19.483  5.623 0.0000000000
93883  48.707  19.763  4.510 0.0000000000
140652  56.568  19.802  15.555 0.0000000000
94713  58.506  20.786  15.689 0.0000000000
94725  57.112  20.220  14.308 0.0000000000
95779  56.080  21.813  8.668 0.0000000000
148014  57.890  21.648  10.096 0.0000000000
96749  58.064  22.495  8.437 0.0000000000
97641  59.177  23.769  8.305 0.0000000000
96771  58.050  23.711  5.986 0.0000000000
93888  51.414  19.379  3.323 0.0000000000
94805  52.337  20.876  5.080 0.0000000000
94819  52.322  20.716  3.142 0.0000000000
96824  52.788  22.693  -0.740 0.0000000000
96811  54.213  23.018  1.507 0.0000000000
97701  54.535  24.235  0.728 0.0000000000
98519  56.308  24.861  2.455 0.0000000000
98538  54.135  24.439  0.523 0.0000000000
98531  53.281  24.761  1.731 0.0000000000
96825  51.744  23.356  0.047 0.0000000000
92153  46.625  18.131  -0.116 0.0000000000
138199  48.339  19.578  -0.149 0.0000000000
93061  45.709  17.853  1.092 0.0000000000
92126  45.217  17.730  2.039 0.0000000000
129427  59.537  22.857  15.584 0.0000000000
96778  43.247  22.924  5.925 0.0000000000
96777  43.986  22.864  5.599 0.0000000000
92014  52.573  17.347  18.275 0.0000000000
92015  51.810  17.089  18.543 0.0000000000
91059  51.175  15.932  17.389 0.0000000000
91068  49.820  16.237  15.647 0.0000000000
88236  45.969  13.847  13.223 0.0000000000
126900  51.846  22.555  11.053 0.0000000000
96741  51.353  22.932  9.797 0.0000000000
129676  49.972  23.614  8.568 0.0000000000
127580  49.036  24.620  6.311 0.0000000000
142437  50.685  24.336  7.042 0.0000000000
126818  50.550  24.615  4.679 0.0000000000
97689  50.542  23.860  3.781 0.0000000000
124501  54.105  19.756  13.054 0.0000000000
94746  55.915  20.316  12.442 0.0000000000
94768  54.518  20.732  10.773 0.0000000000
95770  54.889  21.279  9.494 0.0000000000
95789  54.715  21.824  7.728 0.0000000000
93051  52.442  18.759  0.441 0.0000000000
93899  52.286  20.053  0.963 0.0000000000
93913  52.434  19.758  -0.789 0.0000000000
94847  52.191  20.704  -1.032 0.0000000000
94854  51.017  21.215  -1.798 0.0000000000
95846  50.360  21.618  -1.401 0.0000000000
138525  49.153  19.910  -1.850 0.0000000000
91199  48.074  17.523  -0.364 0.0000000000
90279  47.691  16.149  1.578 0.0000000000
125912  49.629  13.499  4.084 0.0000000000
90110  46.624  15.489  18.258 0.0000000000
89148  48.263  14.558  17.819 0.0000000000
89160  46.894  13.919  17.518 0.0000000000
88221  47.041  12.838  16.657 0.0000000000
87264  46.524  12.426  16.181 0.0000000000
127242  54.274  22.493  12.146 0.0000000000
96726  55.373  23.101  10.825 0.0000000000
97626  55.714  23.764  9.359 0.0000000000
131099  50.124  18.756  7.043 0.0000000000
93858  51.223  19.892  6.996 0.0000000000
93022  50.325  18.405  5.265 0.0000000000
93029  50.448  18.009  4.207 0.0000000000
92125  51.181  17.689  2.565 0.0000000000
90250  52.861  15.582  3.120 0.0000000000
91162  52.162  16.650  1.934 0.0000000000
92132  52.415  18.099  0.765 0.0000000000
92138  54.124  17.295  -0.352 0.0000000000
90297  53.514  16.668  -0.624 0.0000000000
89331  52.183  14.908  0.439 0.0000000000
89323  51.636  14.297  1.093 0.0000000000
93787  55.798  19.248  17.710 0.0000000000
93791  54.969  18.877  15.790 0.0000000000
92018  53.275  17.478  17.089 0.0000000000
92935  53.671  18.225  15.802 0.0000000000
93805  54.304  19.129  14.579 0.0000000000
125204  52.798  19.509  12.940 0.0000000000
148355  51.494  19.615  11.648 0.0000000000
140696  50.570  19.271  10.332 0.0000000000
89158  48.958  14.345  17.398 0.0000000000
90134  48.713  15.176  15.848 0.0000000000
91078  48.490  16.514  14.603 0.0000000000
90155  46.583  15.303  13.343 0.0000000000
91089  47.420  16.482  13.477 0.0000000000
92047  48.485  17.469  13.207 0.0000000000
92970  49.204  18.200  12.020 0.0000000000
92988  49.330  18.424  10.703 0.0000000000
135704  49.504  18.506  9.092 0.0000000000
92086  49.102  17.318  7.047 0.0000000000
91134  49.248  16.518  6.429 0.0000000000
89280  50.823  14.797  5.749 0.0000000000
89256  50.529  13.951  7.815 0.0000000000
125248  51.245  14.213  7.186 0.0000000000
91055  45.082  16.224  18.745 0.0000000000
142418  43.716  15.543  18.637 0.0000000000
89141  41.447  14.732  19.430 0.0000000000
130629  48.087  21.930  13.705 0.0000000000
97602  46.251  23.261  12.066 0.0000000000
98463  45.186  24.418  7.043 0.0000000000
98499  44.959  24.009  4.346 0.0000000000
131349  45.521  23.354  4.673 0.0000000000
98497  47.644  24.556  4.981 0.0000000000
96799  46.691  23.813  4.285 0.0000000000
95802  46.865  22.199  6.494 0.0000000000
95717  60.397  22.483  13.630 0.0000000000
94756  57.655  20.853  12.042 0.0000000000
95745  59.553  21.983  11.853 0.0000000000
97596  59.925  23.243  11.933 0.0000000000
97607  58.793  23.907  10.184 0.0000000000
98438  57.812  24.600  8.217 0.0000000000
98454  56.629  24.813  7.139 0.0000000000
130715  52.399  20.777  6.899 0.0000000000
95800  53.084  21.427  6.089 0.0000000000
96773  54.589  22.223  6.227 0.0000000000
141048  52.858  21.443  2.722 0.0000000000
128829  54.400  22.717  3.567 0.0000000000
96784  55.692  23.156  4.625 0.0000000000
97675  57.291  24.253  4.212 0.0000000000
99289  57.233  25.304  4.618 0.0000000000
98490  55.427  25.304  5.494 0.0000000000
99308  53.439  25.190  3.378 0.0000000000
98532  52.255  24.411  2.505 0.0000000000
95821  50.819  22.428  2.887 0.0000000000
94843  50.201  21.394  -0.465 0.0000000000
94828  50.369  20.960  1.561 0.0000000000
93895  49.419  19.881  2.673 0.0000000000
93037  47.285  18.373  3.204 0.0000000000
88341  47.727  14.234  4.759 0.0000000000
98430  44.051  24.673  8.314 0.0000000000
91042  48.340  16.740  19.105 0.0000000000
91051  48.882  16.080  18.628 0.0000000000
97644  54.163  23.849  8.444 0.0000000000
98456  53.519  24.102  7.788 0.0000000000
126309  53.954  24.496  6.969 0.0000000000
98474  53.149  24.621  6.332 0.0000000000
130362  53.905  24.757  6.131 0.0000000000
93838  51.474  19.806  9.840 0.0000000000
94778  51.972  20.228  9.155 0.0000000000
93844  51.321  19.807  8.856 0.0000000000
90288  51.776  15.343  0.132 0.0000000000
91196  51.544  16.679  -0.652 0.0000000000
148972  50.862  16.170  -0.248 0.0000000000
90300  50.466  15.834  0.141 0.0000000000
89333  50.568  14.653  0.949 0.0000000000
96658  59.037  23.090  15.030 0.0000000000
125296  58.275  22.959  14.175 0.0000000000
96672  57.750  22.969  13.273 0.0000000000
96690  58.642  23.470  12.581 0.0000000000
90221  51.116  15.118  4.965 0.0000000000
90236  50.701  15.792  4.468 0.0000000000
90235  51.490  15.389  4.185 0.0000000000
91172  56.245  16.233  1.119 0.0000000000
90276  56.213  15.868  0.909 0.0000000000
90284  55.385  16.329  0.545 0.0000000000
94793  46.949  20.721  7.711 0.0000000000
128482  50.965  17.084  15.571 0.0000000000
92026  51.764  17.406  15.545 0.0000000000
92036  50.963  17.580  14.932 0.0000000000
92949  50.873  18.061  14.192 0.0000000000
92045  50.052  17.997  13.721 0.0000000000
138589  46.445  13.369  15.001 0.0000000000
89176  47.128  13.747  15.438 0.0000000000
126558  46.082  13.711  14.104 0.0000000000
89230  47.541  15.050  9.747 0.0000000000
148407  47.191  15.434  10.330 0.0000000000
90194  47.444  15.924  9.861 0.0000000000
91115  47.803  16.585  9.459 0.0000000000
90193  47.867  15.636  9.037 0.0000000000
146452  48.266  15.842  8.395 0.0000000000
90201  48.381  15.138  8.430 0.0000000000
97632  49.202  23.405  9.128 0.0000000000
97616  48.727  23.076  9.949 0.0000000000
97633  48.318  23.477  9.262 0.0000000000
124637  47.898  23.263  9.980 0.0000000000
97648  47.921  23.819  8.538 0.0000000000
98443  47.529  24.217  7.731 0.0000000000
98442  48.389  24.149  7.721 0.0000000000
96796  49.679  22.494  4.273 0.0000000000
94815  49.110  20.635  4.767 0.0000000000
94814  49.662  21.249  4.178 0.0000000000
93793  56.376  19.778  14.840 0.0000000000
93803  56.051  19.806  13.922 0.0000000000
95788  55.723  22.042  8.072 0.0000000000
95778  57.017  21.944  8.929 0.0000000000
96759  57.495  22.736  7.362 0.0000000000
127010  58.448  22.984  7.723 0.0000000000
137386  57.603  23.130  6.556 0.0000000000
135073  51.563  19.312  2.501 0.0000000000
94820  51.788  20.130  3.748 0.0000000000
133686  51.802  19.971  2.820 0.0000000000
96831  52.655  23.400  -0.958 0.0000000000
96819  54.043  23.505  0.428 0.0000000000
97702  53.823  24.104  -0.037 0.0000000000
98542  53.450  24.242  -0.116 0.0000000000
97703  52.885  24.265  0.101 0.0000000000
148982  51.836  23.406  -0.829 0.0000000000
91178  46.330  16.826  1.047 0.0000000000
93060  46.106  18.030  0.477 0.0000000000
91179  45.439  17.214  1.335 0.0000000000
91180  45.060  17.243  1.711 0.0000000000
98502  43.382  23.427  6.001 0.0000000000
96779  42.766  22.958  6.228 0.0000000000
96792  43.276  23.104  5.913 0.0000000000
96791  43.819  23.184  5.532 0.0000000000
92005  51.455  17.552  19.289 0.0000000000
92016  51.014  16.906  18.746 0.0000000000
90117  50.543  15.553  17.875 0.0000000000
90125  50.556  15.402  17.148 0.0000000000
91062  51.023  16.015  16.693 0.0000000000
91063  50.287  15.687  16.436 0.0000000000
126659  52.891  22.408  12.008 0.0000000000
96712  52.020  22.411  11.842 0.0000000000
142847  52.597  22.564  11.278 0.0000000000
97645  52.281  23.692  8.470 0.0000000000
97630  51.803  23.318  9.093 0.0000000000
97646  51.471  23.725  8.376 0.0000000000
97631  50.831  23.344  9.024 0.0000000000
97647  50.691  23.867  8.073 0.0000000000
97657  49.903  24.082  7.620 0.0000000000
143626  51.029  24.747  5.232 0.0000000000
98523  50.711  24.362  4.103 0.0000000000
143581  53.666  20.142  12.081 0.0000000000
94748  54.303  20.126  12.322 0.0000000000
94760  53.844  20.393  11.467 0.0000000000
94783  53.299  20.983  8.877 0.0000000000
94775  54.281  20.972  9.981 0.0000000000
95781  53.954  21.409  8.351 0.0000000000
95780  55.038  21.553  8.702 0.0000000000
95790  53.730  21.504  7.509 0.0000000000
93050  53.106  18.422  -0.228 0.0000000000
93058  52.610  19.154  -0.238 0.0000000000
93057  52.891  18.561  -0.775 0.0000000000
92158  51.299  18.634  -1.388 0.0000000000
93071  51.784  19.451  -1.407 0.0000000000
93922  51.238  20.421  -1.708 0.0000000000
94853  51.685  21.190  -1.474 0.0000000000
139344  50.327  20.609  -1.915 0.0000000000
140439  49.619  19.316  -1.742 0.0000000000
92151  48.592  18.088  -0.885 0.0000000000
91189  48.677  16.683  0.231 0.0000000000
131558  47.674  17.039  0.224 0.0000000000
90278  48.616  15.813  1.273 0.0000000000
89326  49.236  14.997  1.732 0.0000000000
127785  50.088  13.959  2.501 0.0000000000
90119  46.244  14.769  17.837 0.0000000000
88208  46.488  13.121  17.179 0.0000000000
87253  46.453  12.557  16.740 0.0000000000
87265  46.032  12.129  16.483 0.0000000000
134662  56.899  23.274  11.458 0.0000000000
96709  55.816  22.921  11.625 0.0000000000
97609  56.137  23.532  10.104 0.0000000000
97625  56.971  24.044  9.426 0.0000000000
93016  49.634  18.078  6.593 0.0000000000
93015  50.233  18.598  6.166 0.0000000000
93023  49.837  17.941  5.769 0.0000000000
92117  50.715  17.216  3.417 0.0000000000
93035  50.798  18.021  3.287 0.0000000000
90249  53.763  15.668  3.063 0.0000000000
91161  53.218  16.543  1.491 0.0000000000
91175  52.889  17.256  0.963 0.0000000000
92131  53.631  17.826  0.016 0.0000000000
89329  54.349  15.687  0.239 0.0000000000
90286  54.090  16.310  -0.264 0.0000000000
90287  52.889  15.726  -0.183 0.0000000000
89330  53.262  15.299  0.270 0.0000000000
89322  52.491  14.527  0.893 0.0000000000
92923  55.135  18.761  17.977 0.0000000000
93784  55.553  19.188  18.646 0.0000000000
92930  55.195  18.764  17.146 0.0000000000
93790  55.489  19.089  16.329 0.0000000000
145330  54.896  18.663  16.466 0.0000000000
92019  52.683  17.166  17.533 0.0000000000
92013  53.264  17.591  17.866 0.0000000000
136548  52.713  17.152  16.895 0.0000000000
92024  52.976  18.028  15.459 0.0000000000
144753  53.532  18.622  14.885 0.0000000000
92946  54.313  18.727  15.371 0.0000000000
93806  53.705  19.111  14.162 0.0000000000
93813  53.414  19.392  13.445 0.0000000000
132902  52.582  19.104  13.454 0.0000000000
92968  50.590  18.878  12.229 0.0000000000
93822  51.310  19.309  12.213 0.0000000000
93831  50.762  19.251  11.423 0.0000000000
93830  51.408  19.708  10.889 0.0000000000
126530  48.311  13.849  17.243 0.0000000000
89169  48.715  14.004  16.935 0.0000000000
90135  47.936  14.930  15.470 0.0000000000
89174  48.443  14.339  16.258 0.0000000000
90141  48.197  15.745  15.049 0.0000000000
91069  48.975  16.021  15.394 0.0000000000
88244  46.126  13.822  12.444 0.0000000000
89196  46.315  14.678  12.686 0.0000000000
92061  47.307  16.736  11.687 0.0000000000
91097  47.282  16.660  12.664 0.0000000000
92048  47.767  17.022  13.131 0.0000000000
92053  48.597  17.762  12.229 0.0000000000
92997  48.576  17.779  9.649 0.0000000000
92989  48.646  17.962  10.383 0.0000000000
92996  49.219  18.354  9.798 0.0000000000
93004  49.478  18.375  8.365 0.0000000000
92078  48.991  17.670  7.976 0.0000000000
90206  49.143  15.288  7.168 0.0000000000
91127  48.794  16.281  7.210 0.0000000000
90212  49.556  15.381  6.577 0.0000000000
90211  50.107  15.142  6.181 0.0000000000
88299  50.399  13.538  8.612 0.0000000000
89255  51.408  13.845  7.841 0.0000000000
130417  52.119  14.273  6.964 0.0000000000
91045  45.637  16.723  19.323 0.0000000000
90102  43.301  15.702  19.279 0.0000000000
90101  44.175  16.076  18.971 0.0000000000
90113  43.099  15.257  18.630 0.0000000000
89140  42.363  15.187  19.089 0.0000000000
96699  48.205  22.442  12.044 0.0000000000
129767  48.151  22.183  12.736 0.0000000000
96679  47.368  22.385  13.135 0.0000000000
96661  47.169  22.391  13.944 0.0000000000
96701  46.785  22.790  12.662 0.0000000000
97589  46.111  23.221  13.012 0.0000000000
96718  47.000  22.842  11.965 0.0000000000
136151  46.412  23.592  9.952 0.0000000000
98445  45.500  24.301  8.350 0.0000000000
126780  44.553  24.478  7.819 0.0000000000
98481  46.343  24.543  5.571 0.0000000000
98482  45.421  24.465  5.736 0.0000000000
127901  45.653  24.319  4.641 0.0000000000
96789  44.955  23.686  4.494 0.0000000000
96800  45.667  23.876  4.200 0.0000000000
98478  49.376  24.707  5.536 0.0000000000
98479  48.499  24.683  5.623 0.0000000000
98496  48.638  24.596  4.927 0.0000000000
96786  48.087  22.826  4.874 0.0000000000
96798  47.679  23.634  4.469 0.0000000000
95808  47.880  22.274  5.553 0.0000000000
96774  47.092  22.576  5.611 0.0000000000
95801  47.617  21.800  6.322 0.0000000000
94801  47.826  20.829  6.548 0.0000000000
93024  47.477  18.679  5.082 0.0000000000
94705  58.807  20.900  17.440 0.0000000000
94724  58.274  20.712  14.746 0.0000000000
94723  59.459  21.464  15.245 0.0000000000
95701  60.208  22.023  14.713 0.0000000000
95718  60.126  21.922  13.704 0.0000000000
94758  55.714  20.577  11.702 0.0000000000
94757  56.641  20.669  11.855 0.0000000000
94766  56.414  20.964  11.105 0.0000000000
95767  58.597  22.106  9.731 0.0000000000
95754  58.420  21.686  10.561 0.0000000000
95753  59.458  22.212  10.970 0.0000000000
96707  59.940  22.788  11.584 0.0000000000
96725  59.765  22.945  10.561 0.0000000000
97606  59.478  23.479  10.740 0.0000000000
129488  59.502  23.476  9.844 0.0000000000
98452  58.731  24.374  7.096 0.0000000000
98427  59.005  24.148  8.269 0.0000000000
98453  57.956  24.824  7.259 0.0000000000
124468  56.992  24.691  7.886 0.0000000000
98472  57.489  25.072  6.277 0.0000000000
93866  51.218  19.817  6.105 0.0000000000
94792  51.837  20.355  7.335 0.0000000000
94799  51.780  20.373  6.499 0.0000000000
94798  52.447  20.920  6.031 0.0000000000
95806  52.983  21.439  5.401 0.0000000000
95805  53.714  21.854  5.726 0.0000000000
95812  53.626  21.984  4.838 0.0000000000
94835  52.598  20.753  0.409 0.0000000000
94827  52.502  20.658  1.525 0.0000000000
95827  52.969  21.483  1.803 0.0000000000
96810  54.975  23.598  1.867 0.0000000000
96805  54.135  22.677  2.724 0.0000000000
96804  55.049  23.327  2.886 0.0000000000
96794  55.148  23.126  3.917 0.0000000000
97676  56.442  23.805  3.751 0.0000000000
97668  56.663  23.521  4.818 0.0000000000
99311  55.963  25.080  2.210 0.0000000000
99305  56.534  25.199  2.908 0.0000000000
99299  55.530  25.514  3.622 0.0000000000
99290  56.086  25.521  4.724 0.0000000000
99291  54.971  25.465  4.678 0.0000000000
99292  53.778  25.221  4.885 0.0000000000
99300  54.258  25.435  3.897 0.0000000000
96812  51.681  23.293  1.166 0.0000000000
97696  51.768  23.762  2.036 0.0000000000
97697  51.103  23.325  3.052 0.0000000000
141306  50.979  22.129  1.985 0.0000000000
94848  49.607  20.890  -1.450 0.0000000000
95839  50.519  21.912  -0.948 0.0000000000
137836  49.272  20.655  -0.984 0.0000000000
93902  48.050  19.157  0.637 0.0000000000
93901  49.048  19.814  0.617 0.0000000000
139056  49.480  19.892  1.709 0.0000000000
94829  50.017  20.494  2.172 0.0000000000
135882  48.769  19.315  2.976 0.0000000000
93036  48.001  18.706  2.603 0.0000000000
91154  44.455  16.974  2.812 0.0000000000
92118  45.176  17.752  2.748 0.0000000000
89292  48.221  14.512  4.008 0.0000000000
88329  48.226  13.701  5.261 0.0000000000
98466  42.259  23.723  6.848 0.0000000000
98465  42.884  24.044  6.655 0.0000000000
98484  43.380  23.775  6.188 0.0000000000
91040  50.188  16.840  18.900 0.0000000000
91050  49.836  15.933  18.470 0.0000000000
90107  49.777  15.086  17.962 0.0000000000
97611  53.952  23.112  9.976 0.0000000000
97612  53.024  23.035  9.886 0.0000000000
97628  53.572  23.431  9.203 0.0000000000
134115  53.139  23.715  8.485 0.0000000000
97654  52.681  24.026  7.854 0.0000000000
98458  51.610  24.329  7.097 0.0000000000
98475  52.226  24.524  6.481 0.0000000000
124449  52.579  24.804  5.653 0.0000000000
98493  52.106  24.951  4.890 0.0000000000
94761  52.924  20.402  11.050 0.0000000000
94770  52.829  20.503  10.175 0.0000000000
94777  52.693  20.569  9.374 0.0000000000
94784  52.465  20.594  8.523 0.0000000000
91195  52.920  17.100  -0.912 0.0000000000
92148  52.215  17.729  -1.125 0.0000000000
92159  50.131  18.453  -1.376 0.0000000000
91197  50.271  16.683  -0.392 0.0000000000
91188  49.615  16.206  0.224 0.0000000000
90277  49.541  15.182  1.213 0.0000000000
89334  50.094  14.753  1.193 0.0000000000
88369  50.433  14.330  1.499 0.0000000000
88354  50.567  13.501  2.494 0.0000000000
143005  44.455  14.749  17.858 0.0000000000
90120  45.256  14.813  17.840 0.0000000000
89162  44.886  14.120  17.555 0.0000000000
125020  55.378  22.440  12.932 0.0000000000
125260  56.490  22.648  12.939 0.0000000000
126227  56.680  23.002  12.115 0.0000000000
97599  57.783  23.656  10.922 0.0000000000
91140  49.635  16.587  5.560 0.0000000000
91146  49.855  17.028  4.990 0.0000000000
91145  50.167  16.454  4.773 0.0000000000
91153  50.627  16.487  4.005 0.0000000000
91152  51.156  16.389  3.275 0.0000000000
90262  54.810  16.123  2.392 0.0000000000
91159  55.746  16.429  1.564 0.0000000000
139047  55.128  16.520  1.172 0.0000000000
127269  54.857  16.702  0.395 0.0000000000
91187  54.601  16.961  -0.149 0.0000000000
91186  54.933  16.677  0.146 0.0000000000
90285  54.863  16.419  0.044 0.0000000000
92022  52.218  17.040  16.406 0.0000000000
92936  52.361  17.870  15.230 0.0000000000
92958  52.257  18.622  14.012 0.0000000000
92959  51.466  18.493  13.791 0.0000000000
92960  50.776  18.389  13.519 0.0000000000
88220  47.596  13.262  16.598 0.0000000000
88219  48.083  13.664  16.518 0.0000000000
148431  47.596  13.428  16.122 0.0000000000
89175  47.243  14.604  15.051 0.0000000000
90143  46.785  15.044  14.233 0.0000000000
89219  46.729  14.765  11.254 0.0000000000
90176  46.591  15.273  11.836 0.0000000000
90184  46.859  15.403  10.982 0.0000000000
92067  47.649  17.057  10.820 0.0000000000
92060  48.013  17.462  11.551 0.0000000000
146626  47.582  16.650  10.167 0.0000000000
92073  48.293  17.223  9.184 0.0000000000
92079  48.527  17.125  8.402 0.0000000000
90207  48.588  15.612  7.819 0.0000000000
142818  51.127  13.592  8.304 0.0000000000
89242  52.836  14.041  8.071 0.0000000000
96731  50.022  22.631  10.684 0.0000000000
96715  49.539  22.460  11.450 0.0000000000
96732  49.124  22.720  10.689 0.0000000000
96716  48.638  22.565  11.434 0.0000000000
96717  47.697  22.749  11.483 0.0000000000
97601  46.838  23.122  11.323 0.0000000000
97617  47.413  23.126  10.669 0.0000000000
129602  47.102  23.430  9.970 0.0000000000
97635  46.706  23.698  9.302 0.0000000000
141593  45.998  24.332  7.763 0.0000000000
98444  46.721  24.278  7.719 0.0000000000
98461  47.082  24.492  6.619 0.0000000000
98480  47.117  24.582  5.465 0.0000000000
98510  49.050  24.277  4.575 0.0000000000
96797  48.750  23.068  4.581 0.0000000000
95807  48.548  22.059  5.275 0.0000000000
94808  48.252  20.425  5.955 0.0000000000
94807  48.721  21.068  5.443 0.0000000000
93875  48.550  20.076  5.250 0.0000000000
93884  48.146  19.208  4.778 0.0000000000
134030  56.714  19.790  16.723 0.0000000000
94714  57.310  20.243  15.203 0.0000000000
94734  58.012  20.683  13.801 0.0000000000
95769  55.929  21.466  9.413 0.0000000000
95755  57.241  21.355  10.503 0.0000000000
95768  57.270  21.630  9.710 0.0000000000
95777  58.017  22.150  9.152 0.0000000000
96740  58.886  22.668  9.009 0.0000000000
138851  59.260  23.343  9.012 0.0000000000
96748  58.950  23.166  8.328 0.0000000000
96770  58.482  23.493  6.913 0.0000000000
97661  58.545  24.177  6.337 0.0000000000
93881  51.321  19.528  4.261 0.0000000000
94806  51.753  20.357  5.607 0.0000000000
94813  51.744  20.271  4.690 0.0000000000
94812  52.303  20.811  4.155 0.0000000000
95820  52.826  21.435  3.605 0.0000000000
95838  52.774  21.689  -0.239 0.0000000000
95833  53.542  22.359  1.106 0.0000000000
95837  53.324  22.581  0.059 0.0000000000
96818  54.744  23.821  1.073 0.0000000000
97687  55.790  24.001  2.209 0.0000000000
97686  56.460  24.407  2.789 0.0000000000
97694  55.326  24.309  1.473 0.0000000000
98529  54.880  24.644  1.213 0.0000000000
99312  55.142  25.140  1.800 0.0000000000
98520  53.947  25.109  2.218 0.0000000000
98539  53.528  24.555  0.650 0.0000000000
97704  52.232  23.848  0.648 0.0000000000
93910  47.614  19.106  -0.893 0.0000000000
93909  48.226  19.649  -0.904 0.0000000000
93059  46.924  18.472  -0.117 0.0000000000
93052  47.087  18.664  0.511 0.0000000000
134946  46.502  18.382  1.190 0.0000000000
93045  46.873  18.354  2.149 0.0000000000
93054  45.569  17.833  1.441 0.0000000000
92127  44.859  17.282  2.045 0.0000000000
97658  42.424  23.197  6.505 0.0000000000
96763  44.775  22.491  6.437 0.0000000000
92020  52.090  16.753  17.874 0.0000000000
91048  51.336  16.303  18.063 0.0000000000
91058  51.703  16.392  17.499 0.0000000000
91067  50.620  16.469  15.950 0.0000000000
92027  50.201  17.077  15.129 0.0000000000
88237  45.811  13.108  13.713 0.0000000000
88245  45.877  13.093  12.872 0.0000000000
148057  46.219  13.271  12.349 0.0000000000
88258  46.588  13.458  11.814 0.0000000000
89207  46.867  14.069  11.186 0.0000000000
88271  47.530  13.767  10.674 0.0000000000
89217  47.867  14.171  9.952 0.0000000000
96696  51.384  22.211  12.355 0.0000000000
96713  51.241  22.418  11.590 0.0000000000
134566  52.461  22.729  10.512 0.0000000000
96729  51.773  22.726  10.362 0.0000000000
96730  51.020  22.621  10.694 0.0000000000
97614  50.475  22.888  9.903 0.0000000000
134464  50.020  23.206  9.320 0.0000000000
126480  49.196  23.864  8.146 0.0000000000
98441  49.124  24.315  7.198 0.0000000000
98459  49.749  24.477  6.590 0.0000000000
98476  51.271  24.597  6.221 0.0000000000
98477  50.340  24.655  5.900 0.0000000000
98494  50.056  24.670  5.090 0.0000000000
98509  49.898  24.442  4.603 0.0000000000
143622  50.038  23.764  4.038 0.0000000000
96806  50.320  23.113  3.748 0.0000000000
93820  55.123  19.891  13.122 0.0000000000
94736  56.148  20.110  13.091 0.0000000000
94747  55.165  20.274  12.244 0.0000000000
94759  54.821  20.480  11.584 0.0000000000
94767  55.449  20.842  10.947 0.0000000000
94769  53.633  20.641  10.519 0.0000000000
95757  55.179  21.119  10.167 0.0000000000
96760  55.600  22.309  7.322 0.0000000000
136655  51.926  18.668  1.122 0.0000000000
138893  51.929  19.794  1.834 0.0000000000
93900  52.129  19.325  0.875 0.0000000000
93907  52.428  19.972  0.080 0.0000000000
94842  52.460  20.773  -0.513 0.0000000000
93063  52.464  19.272  -1.131 0.0000000000
95845  52.313  21.745  -1.062 0.0000000000
95851  51.703  22.067  -1.464 0.0000000000
96837  51.627  22.564  -1.347 0.0000000000
96833  51.613  22.895  -1.241 0.0000000000
95853  50.630  21.691  -1.543 0.0000000000
94856  49.722  20.810  -1.721 0.0000000000
94857  49.119  20.227  -1.718 0.0000000000
92160  49.073  18.644  -1.420 0.0000000000
92161  48.300  18.887  -1.443 0.0000000000
93915  47.845  19.068  -1.294 0.0000000000
92152  47.024  17.828  -0.293 0.0000000000
92140  46.687  17.265  0.426 0.0000000000
90266  47.458  15.898  2.262 0.0000000000
89303  48.652  14.670  3.167 0.0000000000
89310  49.724  14.421  2.147 0.0000000000
89302  49.510  14.243  2.797 0.0000000000
88345  49.176  14.101  3.614 0.0000000000
91053  47.035  16.199  18.658 0.0000000000
132614  48.548  15.345  18.292 0.0000000000
90109  47.622  15.379  18.294 0.0000000000
89149  47.244  14.668  17.875 0.0000000000
89159  47.709  13.992  17.506 0.0000000000
89161  45.863  13.998  17.539 0.0000000000
88207  47.567  13.339  17.111 0.0000000000
87271  46.139  12.513  15.297 0.0000000000
96694  53.620  22.354  12.431 0.0000000000
96711  53.735  22.582  11.590 0.0000000000
96693  55.027  22.566  12.247 0.0000000000
96710  54.725  22.721  11.534 0.0000000000
96727  54.327  22.874  10.777 0.0000000000
97610  54.975  23.296  10.049 0.0000000000
97643  55.263  24.023  8.638 0.0000000000
98440  54.920  24.222  8.019 0.0000000000
93859  50.659  19.392  7.482 0.0000000000
93867  50.677  19.297  6.587 0.0000000000
93874  50.712  19.167  5.684 0.0000000000
92102  50.062  17.641  5.016 0.0000000000
93882  50.771  18.968  4.723 0.0000000000
93028  50.939  18.741  3.733 0.0000000000
93034  51.262  18.572  2.704 0.0000000000
93043  51.600  18.218  1.767 0.0000000000
90234  52.428  15.195  3.959 0.0000000000
90251  51.836  15.721  3.299 0.0000000000
132931  51.736  16.274  2.676 0.0000000000
90263  53.520  15.968  2.231 0.0000000000
90264  52.503  16.025  2.424 0.0000000000
92124  51.814  17.427  1.723 0.0000000000
92139  53.527  17.726  -0.536 0.0000000000
90296  54.282  17.019  -0.493 0.0000000000
91194  53.776  17.333  -0.723 0.0000000000
89332  51.272  14.667  0.689 0.0000000000
88366  51.983  13.944  1.483 0.0000000000
93786  56.657  19.741  17.396 0.0000000000
93789  56.273  19.569  16.185 0.0000000000
93794  55.733  19.388  15.478 0.0000000000
125338  54.997  19.180  15.012 0.0000000000
92003  53.183  17.871  18.665 0.0000000000
92925  53.886  18.042  18.219 0.0000000000
92928  53.888  17.905  17.407 0.0000000000
92021  53.052  17.583  16.285 0.0000000000
92932  53.794  17.962  16.612 0.0000000000
92934  54.355  18.437  16.159 0.0000000000
93812  54.282  19.453  13.752 0.0000000000
130110  53.422  19.845  12.589 0.0000000000
93814  52.041  19.307  12.786 0.0000000000
93821  52.568  19.767  12.321 0.0000000000
93829  52.183  20.013  11.530 0.0000000000
93845  50.656  19.382  9.308 0.0000000000
144885  49.486  14.698  17.557 0.0000000000
89157  49.443  14.520  17.134 0.0000000000
90127  49.206  14.609  16.640 0.0000000000
90126  49.941  14.933  16.874 0.0000000000
90133  49.506  15.422  16.170 0.0000000000
91077  49.291  16.798  14.891 0.0000000000
89186  46.310  14.502  13.678 0.0000000000
90154  47.072  15.807  13.856 0.0000000000
90166  46.591  15.495  12.598 0.0000000000
91090  46.839  16.052  13.039 0.0000000000
91079  47.733  16.201  14.275 0.0000000000
91088  48.079  16.871  13.825 0.0000000000
92039  48.795  17.241  14.156 0.0000000000
92038  49.614  17.455  14.362 0.0000000000
92046  49.366  18.057  12.865 0.0000000000
92969  49.851  18.501  12.195 0.0000000000
92980  48.765  18.023  11.314 0.0000000000
92987  50.050  18.821  10.972 0.0000000000
140878  49.842  18.752  10.280 0.0000000000
92995  49.974  18.881  9.604 0.0000000000
93003  50.036  18.948  8.788 0.0000000000
93009  50.058  18.889  7.930 0.0000000000
93010  49.513  18.220  7.484 0.0000000000
92087  48.702  16.962  7.706 0.0000000000
90223  49.559  15.828  6.076 0.0000000000
89279  51.645  14.662  5.504 0.0000000000
89245  48.722  14.461  8.481 0.0000000000
89244  49.492  14.022  8.284 0.0000000000
89257  49.689  14.474  7.488 0.0000000000
137156  50.394  14.384  7.174 0.0000000000
89267  50.638  14.576  6.550 0.0000000000
144099  51.567  14.447  6.305 0.0000000000
91043  47.467  16.770  19.154 0.0000000000
91054  46.064  16.242  18.681 0.0000000000
91046  44.761  16.548  19.505 0.0000000000
90112  44.535  15.464  18.310 0.0000000000
89150  43.646  14.946  18.094 0.0000000000
89152  41.808  14.426  18.609 0.0000000000
88200  42.094  14.022  17.992 0.0000000000
97590  45.601  23.760  12.570 0.0000000000
129050  46.083  23.490  11.176 0.0000000000
97603  45.528  23.784  11.695 0.0000000000
98464  44.148  24.351  6.656 0.0000000000
98483  44.043  24.024  5.661 0.0000000000
149409  44.651  24.343  5.940 0.0000000000
98500  44.513  23.854  4.947 0.0000000000
96790  44.402  23.451  5.057 0.0000000000
96776  44.972  22.897  5.248 0.0000000000
96762  45.857  22.405  6.441 0.0000000000
98460  48.454  24.523  6.645 0.0000000000
127932  47.788  24.631  5.986 0.0000000000
98512  46.893  24.267  4.483 0.0000000000
98511  47.889  24.273  4.641 0.0000000000
97680  47.166  24.083  4.375 0.0000000000
97681  46.264  24.104  4.241 0.0000000000
96788  46.364  23.300  4.718 0.0000000000
96775  46.073  22.738  5.426 0.0000000000
95792  47.348  21.300  7.069 0.0000000000
93868  47.731  19.834  6.410 0.0000000000
94709  58.696  20.844  16.588 0.0000000000
96641  59.935  22.487  15.818 0.0000000000
95683  60.181  22.588  14.978 0.0000000000
96670  59.916  23.281  13.597 0.0000000000
94744  57.817  20.707  12.881 0.0000000000
95747  57.459  21.143  11.254 0.0000000000
95736  58.713  21.305  12.351 0.0000000000
94743  58.934  21.265  13.279 0.0000000000
95734  60.250  22.450  13.076 0.0000000000
96688  60.227  22.942  12.521 0.0000000000
96689  59.492  23.438  12.930 0.0000000000
97588  59.020  23.676  11.835 0.0000000000
97598  58.914  23.782  11.158 0.0000000000
97623  59.010  23.936  9.067 0.0000000000
97624  58.213  24.242  9.390 0.0000000000
97642  56.594  24.317  8.652 0.0000000000
98439  55.886  24.435  7.950 0.0000000000
93852  51.343  19.921  7.940 0.0000000000
94791  52.460  20.721  7.678 0.0000000000
142555  52.863  21.219  6.592 0.0000000000
95791  52.978  21.206  7.243 0.0000000000
95798  54.283  21.845  7.023 0.0000000000
96761  54.912  22.183  6.987 0.0000000000
96772  55.670  22.551  6.483 0.0000000000
144943  52.195  20.395  2.355 0.0000000000
144928  52.536  20.923  2.344 0.0000000000
95826  53.492  22.135  2.181 0.0000000000
140436  53.341  21.960  3.051 0.0000000000
95819  53.588  22.110  3.831 0.0000000000
96785  54.632  22.522  5.049 0.0000000000
126631  55.677  22.824  5.522 0.0000000000
96783  56.894  23.185  5.882 0.0000000000
97667  57.633  23.927  5.096 0.0000000000
149614  58.059  24.736  5.105 0.0000000000
98518  56.976  24.883  3.140 0.0000000000
98489  57.789  24.956  4.481 0.0000000000
98471  57.926  25.018  5.356 0.0000000000
99284  57.161  25.292  5.541 0.0000000000
99285  56.165  25.119  6.206 0.0000000000
98473  54.803  24.866  6.262 0.0000000000
98491  54.341  25.081  5.523 0.0000000000
99301  53.083  25.154  4.365 0.0000000000
98507  52.346  24.992  3.943 0.0000000000
98521  52.803  24.857  2.917 0.0000000000
98522  51.751  24.598  3.562 0.0000000000
97688  51.356  24.063  3.239 0.0000000000
96826  51.240  22.651  -0.669 0.0000000000
95835  50.721  21.873  0.047 0.0000000000
126976  49.646  20.679  -0.199 0.0000000000
94836  50.304  21.118  0.567 0.0000000000
95828  50.725  21.640  1.298 0.0000000000
95822  50.498  21.445  2.452 0.0000000000
94821  49.917  20.792  3.207 0.0000000000
93889  49.227  20.021  3.791 0.0000000000
93030  48.304  19.045  3.760 0.0000000000
93031  47.517  18.533  4.198 0.0000000000
93038  46.030  18.040  2.663 0.0000000000
149432  45.720  17.833  3.317 0.0000000000
89324  50.947  14.183  1.291 0.0000000000
128299  50.962  13.366  2.240 0.0000000000
88355  50.287  14.100  2.021 0.0000000000
90108  49.107  14.822  17.902 0.0000000000
90299  51.279  15.806  -0.121 0.0000000000
91061  51.685  16.383  16.906 0.0000000000
91098  46.835  16.062  12.198 0.0000000000
91164  44.804  16.958  1.973 0.0000000000
91176  48.364  16.410  0.705 0.0000000000
91177  47.491  16.571  0.902 0.0000000000
91190  45.988  17.393  0.752 0.0000000000
92133  45.382  17.545  1.536 0.0000000000
92141  46.243  17.771  0.299 0.0000000000
92142  45.777  17.668  0.924 0.0000000000
92150  49.641  17.748  -0.854 0.0000000000
92931  54.451  18.314  16.919 0.0000000000
92957  53.040  18.842  14.099 0.0000000000
92967  51.202  18.825  12.975 0.0000000000
92979  49.554  18.474  11.474 0.0000000000
93053  45.867  18.097  1.000 0.0000000000
93064  47.737  18.406  -0.899 0.0000000000
93065  47.273  18.535  -0.639 0.0000000000
93072  50.616  19.670  -1.745 0.0000000000
93073  48.839  19.309  -1.672 0.0000000000
93804  55.626  19.517  14.678 0.0000000000
93896  48.700  19.237  1.830 0.0000000000
93903  47.587  19.135  -0.269 0.0000000000
93908  48.839  20.150  -0.609 0.0000000000
93914  48.419  19.592  -1.375 0.0000000000
93921  52.018  20.100  -1.283 0.0000000000
93923  49.744  20.506  -1.855 0.0000000000
93924  48.587  19.534  -1.555 0.0000000000
94710  57.330  20.176  16.131 0.0000000000
94735  56.950  20.274  13.414 0.0000000000
94745  56.825  20.430  12.604 0.0000000000
94771  52.205  20.274  9.822 0.0000000000
94837  49.882  20.425  1.098 0.0000000000
94855  50.163  21.094  -1.801 0.0000000000
95700  60.393  22.548  14.169 0.0000000000
95735  59.733  21.853  12.736 0.0000000000
95744  60.017  22.458  12.339 0.0000000000
95746  58.572  21.472  11.468 0.0000000000
95766  59.295  22.375  10.260 0.0000000000
95771  54.136  21.206  9.192 0.0000000000
95799  53.579  21.589  6.634 0.0000000000
95840  49.889  21.272  -1.262 0.0000000000
95847  50.060  21.235  -1.671 0.0000000000
95852  51.105  21.936  -1.563 0.0000000000
96656  60.270  23.033  14.342 0.0000000000
96657  59.982  23.000  15.101 0.0000000000
96662  46.522  22.835  14.239 0.0000000000
96669  60.396  22.965  13.476 0.0000000000
96680  46.633  22.764  13.471 0.0000000000
96691  57.461  23.111  12.530 0.0000000000
96724  59.837  23.234  11.234 0.0000000000
96758  58.941  23.651  7.679 0.0000000000
96766  42.173  22.846  6.876 0.0000000000
96787  47.330  23.091  4.831 0.0000000000
96795  54.244  22.481  4.278 0.0000000000
96813  51.292  22.876  2.059 0.0000000000
96823  53.355  23.517  -0.451 0.0000000000
96832  52.230  22.706  -1.268 0.0000000000
96834  50.922  22.172  -1.351 0.0000000000
96838  51.166  22.259  -1.386 0.0000000000
97580  59.999  23.250  12.757 0.0000000000
97587  59.535  23.513  12.218 0.0000000000
97597  59.535  23.503  11.497 0.0000000000
97600  56.539  23.365  10.840 0.0000000000
97613  52.188  22.973  9.779 0.0000000000
97634  47.520  23.583  9.278 0.0000000000
97652  59.086  24.080  7.693 0.0000000000
97653  58.961  23.977  7.115 0.0000000000
97656  51.277  24.080  7.704 0.0000000000
97662  43.036  23.207  6.109 0.0000000000
97666  58.111  24.333  5.473 0.0000000000
97669  45.094  23.957  4.242 0.0000000000
97670  44.747  23.830  4.627 0.0000000000
97671  44.288  23.559  5.243 0.0000000000
97672  43.634  23.299  5.727 0.0000000000
97674  57.762  24.588  4.702 0.0000000000
97678  49.922  24.109  4.257 0.0000000000
97682  45.547  24.043  4.188 0.0000000000
97685  57.057  24.502  3.472 0.0000000000
97693  55.969  24.511  2.096 0.0000000000
97695  52.674  24.334  1.267 0.0000000000
97708  53.147  23.967  -0.670 0.0000000000
97709  52.890  24.089  -0.576 0.0000000000
97710  52.372  23.825  -0.409 0.0000000000
98428  58.518  24.359  8.604 0.0000000000
98437  58.646  24.419  7.859 0.0000000000
98457  52.281  24.265  7.303 0.0000000000
98498  46.637  24.430  4.753 0.0000000000
98506  57.468  24.821  3.878 0.0000000000
98528  55.651  24.784  1.841 0.0000000000
98530  54.270  24.859  1.189 0.0000000000
99293  52.945  25.028  5.077 0.0000000000
99297  57.315  25.096  3.676 0.0000000000
99298  56.582  25.441  3.863 0.0000000000
99306  55.570  25.346  2.622 0.0000000000
124804  56.004  19.312  16.912 0.0000000000
127397  46.377  18.302  0.550 0.0000000000
128183  59.583  23.229  14.350 0.0000000000
129112  46.610  18.072  3.690 0.0000000000
130582  43.482  24.120  6.390 0.0000000000
130880  44.706  17.429  2.687 0.0000000000
132507  49.233  17.684  13.685 0.0000000000
133874  54.316  24.250  7.715 0.0000000000
137362  56.431  25.419  5.338 0.0000000000
138858  49.194  15.865  6.666 0.0000000000
140635  51.972  20.356  7.999 0.0000000000
142015  55.776  25.554  4.246 0.0000000000
142371  58.245  24.605  5.682 0.0000000000
143868  52.107  23.141  -1.259 0.0000000000
145085  56.398  22.412  7.586 0.0000000000
145173  57.682  24.414  8.886 0.0000000000
145509  48.211  17.573  10.819 0.0000000000
145559  56.881  22.299  8.171 0.0000000000
146026  49.722  17.339  5.493 0.0000000000
146807  44.773  24.225  5.002 0.0000000000
147438  53.120  22.572  11.424 0.0000000000
147928  50.678  21.506  -1.682 0.0000000000
148555  45.877  18.094  1.685 0.0000000000
149770  51.309  21.708  -1.601 0.0000000000
149772  57.741  22.601  7.919 0.0000000000
149819  49.829  19.834  -1.887 0.0000000000
149975  51.903  19.648  12.120 0.0000000000
150036  54.943  25.478  3.253 0.0000000000
