#!ascii label  , from subject sub-LJ002 vox2ras=TkReg
1200
139348  21.691  -22.852  42.638 0.0000000000
139081  36.240  -17.601  48.017 0.0000000000
71249  44.508  -3.204  23.669 0.0000000000
61879  34.558  -12.537  30.662 0.0000000000
128285  35.624  -15.705  38.660 0.0000000000
79569  56.313  4.484  16.578 0.0000000000
66051  45.848  -7.759  25.397 0.0000000000
65044  40.694  -8.509  25.342 0.0000000000
46682  18.180  -26.238  41.728 0.0000000000
125339  28.324  -19.621  44.865 0.0000000000
129580  31.341  -19.881  41.496 0.0000000000
52265  23.919  -21.255  37.576 0.0000000000
75285  51.844  0.690  20.495 0.0000000000
52124  25.505  -20.980  47.862 0.0000000000
46615  21.109  -25.335  46.394 0.0000000000
74240  50.547  -0.533  23.791 0.0000000000
47650  15.796  -25.526  46.663 0.0000000000
43148  12.356  -29.792  47.514 0.0000000000
65981  38.994  -8.320  30.372 0.0000000000
58501  36.460  -14.279  34.738 0.0000000000
128434  34.188  -20.022  32.820 0.0000000000
52260  33.543  -19.994  38.229 0.0000000000
67059  45.637  -7.179  27.176 0.0000000000
66053  43.624  -8.426  25.561 0.0000000000
148725  42.755  -7.437  27.027 0.0000000000
68143  48.256  -5.990  27.610 0.0000000000
47734  21.424  -25.122  39.892 0.0000000000
45540  19.807  -26.705  39.817 0.0000000000
47718  20.305  -25.030  41.765 0.0000000000
53212  24.438  -19.873  43.594 0.0000000000
52206  26.133  -20.298  41.440 0.0000000000
52222  22.352  -21.529  40.461 0.0000000000
48828  22.088  -24.647  37.662 0.0000000000
72273  45.140  -1.884  21.761 0.0000000000
70191  47.938  -4.326  25.019 0.0000000000
72252  47.615  -2.165  24.080 0.0000000000
73301  47.691  -0.681  21.856 0.0000000000
141651  20.606  -25.648  49.402 0.0000000000
126987  18.316  -24.935  46.862 0.0000000000
47605  17.001  -25.457  49.180 0.0000000000
44148  12.317  -28.124  52.406 0.0000000000
44178  12.851  -27.988  49.118 0.0000000000
43127  11.584  -29.677  49.724 0.0000000000
39882  9.923  -32.108  49.954 0.0000000000
39860  9.325  -32.224  52.281 0.0000000000
59562  38.496  -13.709  36.063 0.0000000000
58475  36.311  -14.974  36.587 0.0000000000
56414  34.567  -17.005  34.121 0.0000000000
55301  35.245  -18.064  36.323 0.0000000000
49994  28.256  -21.968  38.568 0.0000000000
51117  32.460  -20.788  39.972 0.0000000000
52277  28.760  -20.988  37.324 0.0000000000
54304  29.096  -19.550  34.793 0.0000000000
63993  36.588  -10.499  30.601 0.0000000000
64994  36.641  -9.308  28.010 0.0000000000
63017  34.360  -11.764  27.481 0.0000000000
81528  59.155  6.635  13.910 0.0000000000
79574  56.955  4.885  14.117 0.0000000000
69169  44.981  -5.504  24.600 0.0000000000
68187  43.111  -6.707  24.339 0.0000000000
68172  48.751  -5.497  25.759 0.0000000000
133551  31.715  -18.404  46.059 0.0000000000
53180  33.871  -18.747  44.673 0.0000000000
52176  29.973  -19.659  42.902 0.0000000000
51122  27.102  -21.472  39.454 0.0000000000
50021  25.732  -22.812  36.191 0.0000000000
75260  53.414  1.135  22.389 0.0000000000
76357  53.946  1.510  20.487 0.0000000000
127044  54.680  2.657  18.281 0.0000000000
77424  54.704  3.260  15.885 0.0000000000
52146  23.147  -21.031  45.837 0.0000000000
144014  21.464  -24.214  44.479 0.0000000000
124700  22.700  -23.169  47.307 0.0000000000
129084  26.762  -20.389  46.748 0.0000000000
74258  50.851  0.149  21.800 0.0000000000
126293  19.655  -25.074  43.790 0.0000000000
46644  16.911  -25.800  43.749 0.0000000000
45486  14.740  -27.815  44.703 0.0000000000
46579  14.519  -26.315  49.453 0.0000000000
45463  13.767  -27.792  46.876 0.0000000000
148443  7.704  -34.718  54.969 0.0000000000
67031  41.824  -7.175  29.607 0.0000000000
61859  36.828  -11.860  32.354 0.0000000000
60676  38.056  -13.158  34.303 0.0000000000
59613  35.495  -13.456  32.668 0.0000000000
57478  34.034  -16.598  32.405 0.0000000000
54332  34.445  -19.150  31.873 0.0000000000
53382  32.180  -20.386  29.857 0.0000000000
52172  35.128  -19.458  43.049 0.0000000000
53246  36.073  -19.372  41.369 0.0000000000
54271  35.666  -18.987  38.642 0.0000000000
53301  33.738  -19.726  35.733 0.0000000000
140205  30.491  -19.320  32.618 0.0000000000
66023  39.271  -8.155  27.485 0.0000000000
64063  37.908  -9.679  24.621 0.0000000000
67042  45.555  -6.376  28.808 0.0000000000
67061  43.990  -7.046  27.435 0.0000000000
67044  43.608  -6.704  28.408 0.0000000000
68145  46.485  -6.273  28.414 0.0000000000
48800  21.576  -24.327  40.742 0.0000000000
47727  20.990  -25.240  40.597 0.0000000000
48793  21.141  -24.565  41.889 0.0000000000
53214  22.688  -20.680  42.886 0.0000000000
53233  23.104  -20.414  41.377 0.0000000000
138283  22.048  -21.920  41.395 0.0000000000
49973  21.924  -23.893  40.004 0.0000000000
72254  44.960  -2.493  23.262 0.0000000000
128746  46.857  -3.925  24.624 0.0000000000
72243  47.924  -3.155  24.604 0.0000000000
72253  45.924  -2.369  23.604 0.0000000000
73290  46.770  -1.414  23.051 0.0000000000
43105  11.348  -29.281  52.375 0.0000000000
43111  11.879  -28.856  50.981 0.0000000000
42070  11.046  -30.049  51.086 0.0000000000
42077  10.810  -30.901  49.859 0.0000000000
40972  10.175  -31.202  51.196 0.0000000000
40986  9.815  -31.907  50.828 0.0000000000
58460  37.907  -14.280  37.270 0.0000000000
137662  35.948  -15.280  37.741 0.0000000000
57425  35.546  -15.815  36.479 0.0000000000
145902  35.369  -16.849  37.562 0.0000000000
127380  36.557  -17.907  46.488 0.0000000000
139877  27.228  -22.819  37.074 0.0000000000
51165  28.618  -21.523  37.850 0.0000000000
50040  27.545  -22.507  36.164 0.0000000000
51180  27.697  -22.030  35.660 0.0000000000
62980  35.497  -11.570  30.673 0.0000000000
64006  35.532  -10.507  29.219 0.0000000000
79566  56.506  4.341  17.531 0.0000000000
80545  57.550  5.401  17.461 0.0000000000
80548  57.392  5.511  16.528 0.0000000000
80550  57.958  5.998  15.040 0.0000000000
79572  56.761  5.049  15.050 0.0000000000
68185  45.414  -6.882  24.632 0.0000000000
149779  43.663  -6.260  24.357 0.0000000000
67106  44.949  -7.503  24.770 0.0000000000
65043  41.624  -8.472  25.536 0.0000000000
66067  41.375  -8.257  24.656 0.0000000000
129656  40.656  -8.447  24.500 0.0000000000
143733  47.360  -6.831  26.210 0.0000000000
67103  47.260  -6.230  25.421 0.0000000000
146398  47.505  -5.596  25.263 0.0000000000
45541  19.085  -26.970  40.059 0.0000000000
45525  16.782  -27.491  41.616 0.0000000000
53182  29.819  -19.038  45.243 0.0000000000
53198  30.772  -18.711  44.355 0.0000000000
146075  28.832  -19.551  44.073 0.0000000000
138631  24.710  -20.483  39.244 0.0000000000
52219  26.766  -20.765  40.930 0.0000000000
52248  25.410  -20.793  38.831 0.0000000000
49997  26.471  -22.056  37.894 0.0000000000
51155  24.477  -21.623  36.936 0.0000000000
50023  23.137  -22.956  35.887 0.0000000000
147025  33.398  -16.957  30.285 0.0000000000
75273  52.648  0.820  21.278 0.0000000000
75282  53.605  1.337  20.942 0.0000000000
75299  53.033  1.249  20.370 0.0000000000
76377  53.250  1.973  18.610 0.0000000000
77426  53.416  2.568  16.562 0.0000000000
77415  54.841  3.129  17.206 0.0000000000
141953  24.298  -20.953  46.715 0.0000000000
51030  22.935  -22.372  46.799 0.0000000000
51023  24.108  -22.056  48.077 0.0000000000
52123  26.362  -20.696  47.680 0.0000000000
53169  24.858  -20.541  46.221 0.0000000000
74238  52.039  0.469  22.868 0.0000000000
126249  50.566  -0.287  23.026 0.0000000000
74267  48.618  -0.249  20.523 0.0000000000
47662  21.455  -24.673  45.623 0.0000000000
47683  20.807  -25.096  44.479 0.0000000000
129336  20.265  -25.342  45.142 0.0000000000
47649  16.564  -25.140  46.313 0.0000000000
47666  17.743  -24.926  45.203 0.0000000000
46631  16.195  -25.786  44.932 0.0000000000
46646  15.711  -26.529  44.612 0.0000000000
45474  15.109  -26.955  45.248 0.0000000000
46563  14.680  -26.301  50.444 0.0000000000
44193  12.490  -28.699  48.746 0.0000000000
44192  12.926  -28.209  48.262 0.0000000000
43147  12.835  -29.096  47.133 0.0000000000
146158  13.843  -28.284  46.067 0.0000000000
62966  37.923  -10.975  32.410 0.0000000000
58492  37.395  -14.131  35.552 0.0000000000
59574  38.371  -13.569  35.410 0.0000000000
59588  36.994  -13.808  34.464 0.0000000000
59600  36.718  -13.373  33.819 0.0000000000
59589  36.197  -14.040  34.166 0.0000000000
58521  34.488  -14.639  32.503 0.0000000000
57467  34.916  -15.237  33.950 0.0000000000
127355  34.561  -18.473  34.157 0.0000000000
55329  34.491  -18.043  33.512 0.0000000000
54320  34.495  -19.475  32.683 0.0000000000
53359  33.699  -20.173  31.000 0.0000000000
53360  32.891  -20.376  31.425 0.0000000000
52154  32.847  -18.966  43.131 0.0000000000
141933  34.975  -19.054  44.204 0.0000000000
52173  33.628  -19.296  42.702 0.0000000000
51134  33.206  -20.543  39.578 0.0000000000
51082  34.714  -20.361  40.605 0.0000000000
52231  34.664  -20.388  39.604 0.0000000000
54258  35.706  -19.233  39.542 0.0000000000
125884  34.767  -19.718  38.206 0.0000000000
53290  34.748  -19.338  37.165 0.0000000000
52288  33.472  -19.768  36.498 0.0000000000
53331  28.015  -20.512  33.329 0.0000000000
54311  30.200  -19.235  33.531 0.0000000000
65990  40.404  -7.648  29.918 0.0000000000
66001  40.249  -7.518  28.737 0.0000000000
66002  39.375  -7.863  28.535 0.0000000000
64048  36.123  -9.971  26.050 0.0000000000
65025  37.347  -9.249  26.285 0.0000000000
81527  60.053  6.963  12.985 0.0000000000
66016  46.056  -7.513  26.532 0.0000000000
66064  44.435  -8.075  25.214 0.0000000000
66018  44.373  -7.676  26.710 0.0000000000
66037  42.631  -8.097  26.394 0.0000000000
66038  41.611  -8.180  26.387 0.0000000000
68131  47.891  -5.603  28.589 0.0000000000
67041  46.878  -6.640  27.484 0.0000000000
46705  20.430  -26.520  39.550 0.0000000000
46692  20.180  -26.010  40.361 0.0000000000
46680  19.451  -25.712  41.446 0.0000000000
52160  26.825  -19.967  44.373 0.0000000000
52179  27.449  -19.857  43.559 0.0000000000
53222  25.420  -19.850  42.926 0.0000000000
53249  24.185  -20.096  40.705 0.0000000000
52251  22.779  -21.543  38.515 0.0000000000
142910  22.349  -23.151  37.539 0.0000000000
146508  22.182  -23.151  38.413 0.0000000000
47733  21.681  -25.075  39.104 0.0000000000
75302  50.580  0.652  19.326 0.0000000000
124845  25.459  -21.732  49.576 0.0000000000
71239  49.820  -3.289  25.573 0.0000000000
72250  48.987  -2.001  24.497 0.0000000000
73278  48.979  -1.241  23.788 0.0000000000
73288  49.373  -0.707  23.138 0.0000000000
131015  47.509  -1.047  22.851 0.0000000000
128609  46.845  -1.032  22.099 0.0000000000
133082  20.630  -25.529  47.532 0.0000000000
46617  20.043  -25.442  46.839 0.0000000000
46606  19.835  -25.510  47.824 0.0000000000
47633  17.859  -25.097  47.724 0.0000000000
47635  15.882  -25.427  47.623 0.0000000000
45416  13.407  -27.258  50.453 0.0000000000
44167  12.355  -28.340  50.488 0.0000000000
43126  12.002  -29.157  49.220 0.0000000000
42082  11.902  -30.165  48.148 0.0000000000
42083  11.451  -30.580  48.585 0.0000000000
125963  37.430  -14.258  36.284 0.0000000000
58487  36.905  -14.444  35.898 0.0000000000
139205  35.073  -15.330  34.513 0.0000000000
125325  35.125  -15.984  35.323 0.0000000000
55320  34.929  -17.776  35.117 0.0000000000
54301  34.580  -19.085  35.304 0.0000000000
124475  29.510  -21.432  40.037 0.0000000000
51085  31.757  -20.434  40.828 0.0000000000
51120  29.802  -21.352  39.743 0.0000000000
52247  30.689  -20.656  39.151 0.0000000000
53283  30.960  -19.965  37.823 0.0000000000
53293  31.468  -19.626  36.912 0.0000000000
53295  28.898  -20.398  36.581 0.0000000000
131811  27.817  -20.709  34.343 0.0000000000
139512  37.621  -9.405  30.338 0.0000000000
64992  38.057  -8.438  28.881 0.0000000000
64980  36.733  -9.401  29.037 0.0000000000
64033  35.316  -10.378  27.195 0.0000000000
81516  59.247  6.902  15.640 0.0000000000
80553  58.024  5.863  14.145 0.0000000000
70195  45.014  -4.657  24.479 0.0000000000
71250  43.489  -3.399  23.292 0.0000000000
69176  43.465  -4.933  24.130 0.0000000000
67108  42.742  -7.746  24.617 0.0000000000
67116  41.006  -7.192  23.484 0.0000000000
69126  50.441  -5.251  27.564 0.0000000000
69137  50.276  -5.350  27.122 0.0000000000
69157  49.974  -4.942  26.293 0.0000000000
69167  48.054  -5.083  25.273 0.0000000000
70193  46.600  -4.661  24.807 0.0000000000
149841  34.093  -18.089  47.007 0.0000000000
54187  35.329  -18.297  46.422 0.0000000000
54208  33.293  -18.470  45.444 0.0000000000
52155  31.309  -18.865  43.483 0.0000000000
129760  30.371  -19.868  42.166 0.0000000000
51056  28.024  -20.159  42.672 0.0000000000
51087  28.330  -20.963  41.383 0.0000000000
49971  29.047  -21.298  40.635 0.0000000000
49985  27.747  -21.772  39.304 0.0000000000
50006  26.827  -22.827  37.056 0.0000000000
50042  26.405  -23.414  35.574 0.0000000000
77402  55.503  2.531  20.412 0.0000000000
76370  52.958  1.482  19.556 0.0000000000
76376  53.806  1.776  19.405 0.0000000000
77407  55.739  2.993  19.524 0.0000000000
78553  55.668  3.249  18.541 0.0000000000
78556  55.546  3.438  17.617 0.0000000000
78561  55.723  4.094  16.078 0.0000000000
140099  55.744  3.973  15.020 0.0000000000
51057  21.859  -22.090  44.001 0.0000000000
138129  21.561  -23.283  43.468 0.0000000000
137866  21.788  -23.038  45.029 0.0000000000
49921  21.883  -23.510  45.647 0.0000000000
48744  22.000  -24.365  47.015 0.0000000000
49895  23.649  -23.289  49.088 0.0000000000
149656  21.854  -25.202  47.872 0.0000000000
46589  21.486  -25.537  49.071 0.0000000000
54153  34.762  -17.612  48.050 0.0000000000
54170  32.657  -18.083  47.340 0.0000000000
53166  30.617  -18.701  47.161 0.0000000000
53168  29.073  -19.252  46.098 0.0000000000
52132  28.514  -19.633  46.871 0.0000000000
52142  27.776  -19.789  45.692 0.0000000000
52145  26.219  -20.287  45.182 0.0000000000
53202  23.397  -20.232  44.278 0.0000000000
75252  53.347  1.095  23.379 0.0000000000
75261  52.734  0.753  22.056 0.0000000000
75275  51.209  0.392  21.032 0.0000000000
124596  50.122  -0.198  22.018 0.0000000000
125423  49.868  0.012  20.762 0.0000000000
74265  50.036  0.341  19.960 0.0000000000
47698  20.860  -24.631  43.320 0.0000000000
46653  19.901  -24.949  43.145 0.0000000000
46668  18.630  -25.599  42.402 0.0000000000
47665  18.646  -25.028  45.167 0.0000000000
47700  17.517  -25.491  43.795 0.0000000000
46670  17.043  -26.357  42.641 0.0000000000
45497  15.948  -27.034  43.069 0.0000000000
45498  15.461  -27.486  43.390 0.0000000000
47606  16.019  -25.608  49.088 0.0000000000
138015  15.222  -25.788  47.941 0.0000000000
45441  13.914  -26.984  48.176 0.0000000000
46620  14.617  -26.626  46.811 0.0000000000
45475  14.473  -27.638  45.608 0.0000000000
39848  8.591  -32.928  54.009 0.0000000000
67017  43.440  -6.822  30.244 0.0000000000
63991  38.766  -9.611  31.502 0.0000000000
63992  38.085  -10.073  31.471 0.0000000000
62978  36.923  -10.920  31.416 0.0000000000
61877  35.824  -11.892  31.387 0.0000000000
61846  37.178  -12.210  33.042 0.0000000000
60702  36.475  -12.463  32.645 0.0000000000
60720  34.907  -13.003  31.550 0.0000000000
59615  34.334  -14.301  31.936 0.0000000000
58522  33.894  -15.220  31.750 0.0000000000
56441  33.658  -17.224  30.831 0.0000000000
57457  34.576  -16.143  34.004 0.0000000000
55342  34.168  -17.142  32.656 0.0000000000
55352  33.906  -18.283  30.557 0.0000000000
54354  33.644  -19.504  30.145 0.0000000000
53402  32.562  -20.392  29.072 0.0000000000
57391  35.940  -16.108  40.341 0.0000000000
53164  35.708  -18.541  45.681 0.0000000000
53176  36.117  -18.589  44.565 0.0000000000
53209  36.057  -18.735  43.875 0.0000000000
52189  34.383  -19.931  41.779 0.0000000000
53221  35.862  -19.413  42.447 0.0000000000
134559  36.616  -18.386  43.244 0.0000000000
55251  36.618  -18.332  41.497 0.0000000000
56347  36.512  -17.882  40.697 0.0000000000
56357  35.570  -16.740  38.876 0.0000000000
55291  35.652  -18.453  37.532 0.0000000000
143956  34.639  -19.124  36.015 0.0000000000
53314  33.903  -19.641  35.022 0.0000000000
53303  31.813  -19.566  35.901 0.0000000000
53330  31.836  -19.783  33.686 0.0000000000
53329  32.755  -20.242  33.392 0.0000000000
54333  30.861  -19.878  30.674 0.0000000000
67045  42.743  -6.828  28.662 0.0000000000
66021  41.118  -7.818  26.953 0.0000000000
65023  39.660  -8.412  26.425 0.0000000000
65007  38.214  -8.444  27.655 0.0000000000
65024  38.843  -8.717  26.051 0.0000000000
65045  38.738  -9.122  25.188 0.0000000000
79575  56.356  4.349  14.481 0.0000000000
67027  44.882  -6.456  29.615 0.0000000000
124953  44.781  -6.517  28.745 0.0000000000
67028  44.068  -6.600  29.274 0.0000000000
68133  46.223  -6.077  29.477 0.0000000000
140991  21.614  -23.716  41.778 0.0000000000
140290  21.478  -24.212  41.475 0.0000000000
49949  21.566  -23.534  42.482 0.0000000000
136678  21.897  -22.123  42.272 0.0000000000
146080  22.192  -21.456  41.935 0.0000000000
51090  21.812  -22.919  41.740 0.0000000000
49960  21.772  -23.545  40.951 0.0000000000
71259  44.015  -2.753  22.831 0.0000000000
71248  45.559  -3.097  23.934 0.0000000000
71247  46.585  -3.089  24.232 0.0000000000
42057  11.010  -29.940  51.963 0.0000000000
43112  11.436  -29.403  51.480 0.0000000000
42071  10.660  -30.705  50.710 0.0000000000
42064  10.579  -30.554  51.588 0.0000000000
40956  10.093  -31.033  52.053 0.0000000000
124797  36.361  -14.999  38.508 0.0000000000
57412  35.595  -15.759  37.143 0.0000000000
57404  35.426  -16.269  37.990 0.0000000000
54151  36.945  -17.478  48.022 0.0000000000
54167  36.444  -17.727  47.260 0.0000000000
50041  26.810  -23.305  35.612 0.0000000000
50018  27.295  -22.793  36.527 0.0000000000
140744  27.204  -23.056  35.433 0.0000000000
61878  35.187  -12.185  31.037 0.0000000000
61893  34.800  -11.912  30.249 0.0000000000
130152  57.143  4.781  17.969 0.0000000000
79565  56.878  4.967  17.040 0.0000000000
80551  57.362  5.547  15.561 0.0000000000
79568  56.759  5.063  16.063 0.0000000000
67105  45.905  -7.343  24.896 0.0000000000
66063  45.305  -7.839  25.120 0.0000000000
65058  41.106  -8.457  25.012 0.0000000000
65059  40.156  -8.705  24.705 0.0000000000
66069  39.567  -8.999  24.066 0.0000000000
66033  46.883  -7.171  25.908 0.0000000000
67090  47.442  -6.558  25.817 0.0000000000
67091  46.845  -6.979  25.451 0.0000000000
67104  46.658  -6.822  25.113 0.0000000000
45523  18.752  -26.464  40.959 0.0000000000
45542  18.256  -27.554  40.311 0.0000000000
45524  17.651  -27.129  41.118 0.0000000000
53183  29.021  -19.362  44.838 0.0000000000
131101  23.864  -20.609  38.899 0.0000000000
52249  24.555  -20.840  38.287 0.0000000000
51142  24.802  -21.271  37.569 0.0000000000
51169  23.422  -22.426  36.197 0.0000000000
51156  23.371  -21.852  36.919 0.0000000000
56453  33.485  -17.616  29.753 0.0000000000
75284  52.547  0.928  20.704 0.0000000000
75300  52.368  1.051  20.069 0.0000000000
52126  24.174  -21.472  47.319 0.0000000000
52125  24.705  -21.347  47.844 0.0000000000
52136  25.045  -20.815  47.067 0.0000000000
73268  50.630  -0.957  24.652 0.0000000000
141606  51.044  -0.370  24.147 0.0000000000
74239  51.179  -0.071  23.339 0.0000000000
47663  21.308  -25.092  46.059 0.0000000000
139014  20.787  -25.278  45.066 0.0000000000
46629  20.768  -25.417  45.792 0.0000000000
46618  15.969  -25.655  45.785 0.0000000000
46632  15.617  -26.223  45.338 0.0000000000
46619  15.241  -26.226  46.140 0.0000000000
45402  14.043  -26.718  50.931 0.0000000000
43135  12.681  -28.984  47.954 0.0000000000
59576  37.246  -14.076  34.971 0.0000000000
58511  35.422  -14.447  33.754 0.0000000000
58502  35.650  -14.626  34.419 0.0000000000
53326  34.325  -19.474  33.598 0.0000000000
54309  34.512  -18.911  33.469 0.0000000000
53345  33.723  -20.383  32.082 0.0000000000
52174  31.886  -19.139  42.494 0.0000000000
144406  32.659  -19.252  42.359 0.0000000000
51051  31.961  -19.536  41.829 0.0000000000
146695  32.715  -20.011  38.529 0.0000000000
51133  33.907  -20.529  39.538 0.0000000000
143850  33.920  -20.249  38.968 0.0000000000
52244  34.773  -20.064  39.046 0.0000000000
52259  34.297  -19.836  37.953 0.0000000000
141647  34.243  -19.628  37.102 0.0000000000
52274  33.874  -19.793  37.235 0.0000000000
65980  39.844  -8.196  30.573 0.0000000000
65991  39.543  -7.790  29.630 0.0000000000
65992  38.753  -8.098  29.329 0.0000000000
66017  45.261  -7.663  26.624 0.0000000000
66019  43.473  -7.570  26.828 0.0000000000
65021  41.965  -8.470  26.001 0.0000000000
69121  48.487  -5.114  29.225 0.0000000000
124429  46.021  -6.717  27.766 0.0000000000
68144  47.364  -6.142  28.019 0.0000000000
67058  46.446  -7.101  27.004 0.0000000000
47717  20.779  -24.940  41.432 0.0000000000
46678  20.470  -25.423  40.908 0.0000000000
46679  19.979  -25.574  41.187 0.0000000000
46666  19.837  -25.086  42.059 0.0000000000
53211  25.476  -19.962  43.906 0.0000000000
52181  26.278  -19.963  43.173 0.0000000000
53251  22.762  -20.793  40.716 0.0000000000
147979  23.678  -20.214  41.079 0.0000000000
53267  22.836  -20.739  39.962 0.0000000000
52234  23.110  -20.851  39.103 0.0000000000
52235  22.562  -21.502  39.428 0.0000000000
51143  22.354  -22.290  38.864 0.0000000000
126660  21.617  -24.576  40.152 0.0000000000
48810  21.802  -24.517  39.472 0.0000000000
70190  48.394  -4.688  25.284 0.0000000000
137649  48.316  -3.873  25.055 0.0000000000
72242  48.594  -2.982  24.804 0.0000000000
72251  48.320  -2.095  24.292 0.0000000000
73279  48.112  -1.323  23.536 0.0000000000
73291  46.005  -1.501  22.224 0.0000000000
46605  20.581  -25.622  48.482 0.0000000000
46591  19.930  -25.637  48.868 0.0000000000
47616  18.426  -25.387  48.447 0.0000000000
47617  17.434  -25.315  48.466 0.0000000000
47634  16.860  -25.143  47.747 0.0000000000
47618  16.461  -25.398  48.419 0.0000000000
45404  12.850  -27.601  51.913 0.0000000000
45417  12.851  -27.716  50.937 0.0000000000
43120  11.498  -29.524  50.589 0.0000000000
43119  11.918  -28.980  50.082 0.0000000000
43137  11.741  -29.896  48.907 0.0000000000
130706  11.276  -30.378  49.379 0.0000000000
40998  10.448  -31.607  49.471 0.0000000000
39871  9.373  -32.452  51.353 0.0000000000
38706  8.949  -33.002  51.948 0.0000000000
58461  37.116  -14.556  36.888 0.0000000000
58473  37.658  -14.235  36.657 0.0000000000
58474  36.997  -14.495  36.361 0.0000000000
57424  36.191  -15.021  36.072 0.0000000000
57436  35.861  -15.022  35.465 0.0000000000
56385  35.230  -16.960  36.393 0.0000000000
56393  35.073  -17.130  35.636 0.0000000000
55311  35.024  -18.268  35.706 0.0000000000
55321  34.785  -18.523  34.998 0.0000000000
140277  29.030  -21.595  39.708 0.0000000000
49982  29.281  -21.514  39.590 0.0000000000
49993  28.996  -21.641  39.066 0.0000000000
51153  29.083  -21.417  38.574 0.0000000000
52264  29.346  -20.914  38.076 0.0000000000
52263  30.266  -20.541  38.439 0.0000000000
52276  29.766  -20.319  37.468 0.0000000000
52289  27.860  -21.001  35.333 0.0000000000
64004  36.976  -9.714  30.062 0.0000000000
64005  36.256  -10.106  29.635 0.0000000000
63002  34.861  -10.982  28.764 0.0000000000
64019  35.385  -10.382  28.200 0.0000000000
63016  34.770  -10.991  27.747 0.0000000000
80554  57.416  5.457  14.603 0.0000000000
80558  57.620  5.269  13.709 0.0000000000
70201  44.096  -4.120  24.044 0.0000000000
69175  44.307  -4.986  24.414 0.0000000000
142160  43.144  -5.757  24.164 0.0000000000
68193  42.240  -5.978  23.794 0.0000000000
67115  41.936  -6.911  23.985 0.0000000000
66065  43.526  -8.087  25.057 0.0000000000
66066  42.820  -8.304  25.169 0.0000000000
66074  40.676  -8.047  23.853 0.0000000000
67109  41.614  -7.781  24.284 0.0000000000
69128  48.821  -5.493  28.130 0.0000000000
69119  50.316  -5.041  28.331 0.0000000000
68142  49.145  -5.903  27.293 0.0000000000
67076  48.874  -5.904  26.235 0.0000000000
68153  49.668  -5.623  26.670 0.0000000000
68164  49.382  -5.524  26.222 0.0000000000
69149  50.051  -5.272  26.677 0.0000000000
69158  49.254  -5.245  25.849 0.0000000000
68181  48.149  -5.359  25.471 0.0000000000
135918  46.688  -5.680  25.005 0.0000000000
131965  47.090  -4.885  25.049 0.0000000000
133977  45.829  -5.188  24.729 0.0000000000
70194  45.748  -4.420  24.537 0.0000000000
54190  32.535  -18.247  46.297 0.0000000000
54189  33.614  -18.193  46.529 0.0000000000
54209  32.302  -18.452  45.302 0.0000000000
52156  30.345  -19.176  43.501 0.0000000000
146990  31.592  -18.714  43.896 0.0000000000
52175  30.942  -19.289  42.761 0.0000000000
52192  27.032  -20.278  42.375 0.0000000000
52191  27.452  -20.100  42.750 0.0000000000
52205  26.890  -20.545  41.639 0.0000000000
51103  27.321  -21.247  40.444 0.0000000000
51088  27.920  -21.092  41.278 0.0000000000
51102  27.932  -21.437  40.727 0.0000000000
49948  28.866  -20.993  41.201 0.0000000000
125505  28.361  -21.578  40.300 0.0000000000
49984  28.010  -21.657  39.962 0.0000000000
50007  25.914  -22.082  37.290 0.0000000000
143967  26.481  -22.481  37.347 0.0000000000
124542  26.134  -22.623  36.791 0.0000000000
50020  26.357  -23.043  36.261 0.0000000000
131249  22.138  -23.833  37.933 0.0000000000
50008  22.310  -23.865  36.973 0.0000000000
146568  22.208  -24.773  36.879 0.0000000000
75259  54.173  1.502  22.546 0.0000000000
136845  53.418  1.345  20.550 0.0000000000
76348  54.385  1.654  21.088 0.0000000000
77392  55.066  2.100  20.910 0.0000000000
76356  54.642  1.927  20.405 0.0000000000
75309  51.903  1.347  19.084 0.0000000000
77411  53.996  2.286  18.494 0.0000000000
77409  54.494  2.207  19.195 0.0000000000
125871  55.158  2.672  18.925 0.0000000000
78559  55.334  3.623  16.593 0.0000000000
78558  55.931  3.937  17.090 0.0000000000
52163  22.373  -21.176  44.415 0.0000000000
51043  21.907  -22.232  44.833 0.0000000000
52147  22.454  -21.580  45.368 0.0000000000
49913  22.394  -22.926  46.360 0.0000000000
49914  22.186  -23.761  46.606 0.0000000000
48743  22.365  -23.972  47.408 0.0000000000
51017  24.129  -22.600  48.899 0.0000000000
48719  23.535  -23.742  49.635 0.0000000000
47629  22.363  -24.471  48.010 0.0000000000
47630  22.240  -25.026  48.354 0.0000000000
46588  21.951  -25.363  48.684 0.0000000000
54154  33.825  -17.814  48.268 0.0000000000
53167  29.965  -18.897  46.499 0.0000000000
133120  27.581  -20.232  47.207 0.0000000000
52133  27.901  -19.901  46.589 0.0000000000
52134  27.318  -20.109  46.473 0.0000000000
52143  27.245  -20.000  45.563 0.0000000000
52135  26.577  -20.273  45.980 0.0000000000
53170  23.968  -20.625  46.115 0.0000000000
53185  24.680  -20.249  45.476 0.0000000000
52162  22.924  -20.745  45.075 0.0000000000
149200  42.378  -4.378  23.072 0.0000000000
74247  51.261  0.168  22.399 0.0000000000
75262  52.080  0.485  21.837 0.0000000000
75274  51.524  0.361  21.617 0.0000000000
73289  48.347  -0.736  22.590 0.0000000000
74249  49.283  -0.511  22.381 0.0000000000
146235  49.226  -0.186  20.911 0.0000000000
74266  49.257  0.038  20.251 0.0000000000
131885  50.528  0.286  20.672 0.0000000000
48774  21.449  -24.056  43.809 0.0000000000
48775  21.201  -24.363  43.368 0.0000000000
47697  21.246  -24.516  43.989 0.0000000000
46641  20.293  -25.120  44.266 0.0000000000
47699  20.560  -24.893  43.725 0.0000000000
46667  19.340  -25.274  42.271 0.0000000000
46654  19.157  -25.149  43.116 0.0000000000
149577  18.881  -25.117  46.492 0.0000000000
149680  18.990  -25.129  45.647 0.0000000000
47647  18.500  -24.919  45.940 0.0000000000
47686  17.039  -25.376  44.468 0.0000000000
47685  18.165  -25.161  44.338 0.0000000000
46656  17.310  -25.856  43.188 0.0000000000
46657  16.509  -26.406  43.269 0.0000000000
141645  15.264  -27.253  44.248 0.0000000000
44235  14.938  -28.026  43.785 0.0000000000
44236  14.455  -28.598  44.214 0.0000000000
127782  15.472  -25.846  49.918 0.0000000000
46593  15.050  -25.881  48.747 0.0000000000
44166  12.873  -27.868  50.015 0.0000000000
45432  13.367  -27.369  49.535 0.0000000000
45453  13.458  -27.775  47.666 0.0000000000
45452  14.056  -27.126  47.291 0.0000000000
45462  14.230  -27.393  46.451 0.0000000000
131910  7.824  -34.118  55.259 0.0000000000
37462  7.934  -34.296  54.409 0.0000000000
65978  41.307  -7.918  30.999 0.0000000000
63978  38.362  -10.359  32.015 0.0000000000
62967  37.221  -11.275  32.070 0.0000000000
61876  36.520  -11.583  31.716 0.0000000000
59586  38.259  -13.394  34.826 0.0000000000
60689  37.537  -12.795  33.743 0.0000000000
60691  36.202  -13.118  33.002 0.0000000000
60690  36.800  -12.757  33.294 0.0000000000
60703  35.789  -12.791  32.314 0.0000000000
60704  35.164  -13.183  32.007 0.0000000000
59628  34.501  -13.639  31.578 0.0000000000
59614  34.829  -13.832  32.319 0.0000000000
131412  34.153  -15.653  32.513 0.0000000000
57479  33.786  -16.421  31.721 0.0000000000
56413  34.756  -16.131  34.494 0.0000000000
55335  34.351  -18.097  32.462 0.0000000000
55343  34.270  -18.510  31.514 0.0000000000
124965  34.288  -19.075  30.829 0.0000000000
148699  32.801  -20.272  30.560 0.0000000000
53381  33.071  -20.139  29.935 0.0000000000
53403  31.776  -20.854  29.266 0.0000000000
54207  34.236  -18.556  45.570 0.0000000000
53165  35.020  -18.615  45.623 0.0000000000
53179  34.672  -18.804  44.802 0.0000000000
53194  35.194  -19.198  43.687 0.0000000000
53193  35.605  -18.908  44.243 0.0000000000
134931  35.855  -18.868  43.866 0.0000000000
54216  36.428  -18.328  44.605 0.0000000000
132906  35.851  -19.103  43.221 0.0000000000
49968  31.529  -20.903  40.152 0.0000000000
126061  32.628  -20.340  41.103 0.0000000000
51084  33.312  -20.518  40.751 0.0000000000
52217  35.471  -19.965  40.900 0.0000000000
127109  35.212  -20.130  40.956 0.0000000000
53230  35.823  -19.638  41.604 0.0000000000
131571  36.160  -19.274  42.235 0.0000000000
54236  36.452  -18.961  41.939 0.0000000000
55244  36.693  -18.447  42.541 0.0000000000
54257  36.097  -18.758  40.141 0.0000000000
128062  36.026  -18.626  39.262 0.0000000000
56348  36.074  -17.152  39.890 0.0000000000
136558  36.067  -17.897  39.053 0.0000000000
55278  35.873  -18.404  38.284 0.0000000000
54278  35.558  -18.769  37.888 0.0000000000
53291  34.344  -19.478  36.684 0.0000000000
125765  34.508  -19.315  36.450 0.0000000000
149051  34.291  -19.454  36.268 0.0000000000
139318  34.321  -19.392  35.738 0.0000000000
53304  30.754  -19.486  36.203 0.0000000000
54294  30.939  -19.340  35.218 0.0000000000
149914  30.972  -19.430  33.385 0.0000000000
54302  31.017  -19.332  34.215 0.0000000000
53347  31.967  -20.146  32.631 0.0000000000
142543  32.093  -20.260  31.794 0.0000000000
54321  31.028  -19.679  31.686 0.0000000000
149739  42.984  -6.891  30.011 0.0000000000
67029  43.244  -6.763  29.398 0.0000000000
131676  42.269  -6.968  29.182 0.0000000000
137126  39.926  -7.813  27.864 0.0000000000
67064  40.653  -7.577  27.720 0.0000000000
66022  40.221  -8.058  27.095 0.0000000000
66039  40.679  -8.270  26.387 0.0000000000
64993  37.349  -8.817  28.387 0.0000000000
65008  37.353  -8.922  27.316 0.0000000000
65046  37.719  -9.427  25.376 0.0000000000
145655  38.175  -9.028  25.871 0.0000000000
82477  60.855  7.424  12.748 0.0000000000
82476  61.732  7.761  12.473 0.0000000000
78566  56.040  3.615  14.133 0.0000000000
132115  45.184  -6.734  27.956 0.0000000000
67060  44.810  -7.138  27.297 0.0000000000
67043  44.389  -6.673  28.145 0.0000000000
133012  43.177  -6.989  27.609 0.0000000000
146383  21.345  -24.818  40.544 0.0000000000
48801  21.197  -24.698  41.132 0.0000000000
47708  20.732  -24.700  42.315 0.0000000000
53213  23.454  -20.167  43.223 0.0000000000
53224  23.338  -20.236  42.296 0.0000000000
53225  22.586  -20.820  42.072 0.0000000000
52207  22.464  -21.129  41.308 0.0000000000
51124  22.181  -22.322  39.820 0.0000000000
137237  21.983  -23.074  40.164 0.0000000000
72263  45.419  -1.924  22.794 0.0000000000
71240  47.366  -3.638  24.634 0.0000000000
71246  47.268  -2.825  24.318 0.0000000000
72261  46.822  -2.149  23.786 0.0000000000
73280  47.358  -1.583  23.533 0.0000000000
46575  19.893  -25.689  49.908 0.0000000000
42076  11.133  -30.193  50.220 0.0000000000
40985  10.274  -31.382  50.329 0.0000000000
40973  9.755  -31.724  51.710 0.0000000000
40957  9.694  -31.507  52.553 0.0000000000
58452  37.092  -14.629  37.641 0.0000000000
56375  35.347  -16.853  37.014 0.0000000000
126446  35.436  -17.910  36.975 0.0000000000
50004  27.806  -22.333  37.584 0.0000000000
51139  28.545  -21.786  38.367 0.0000000000
51166  27.952  -22.122  37.201 0.0000000000
131507  27.900  -21.900  36.496 0.0000000000
52278  28.169  -21.186  36.365 0.0000000000
149401  27.467  -22.650  35.556 0.0000000000
62990  35.840  -10.850  30.205 0.0000000000
62991  35.107  -11.211  29.774 0.0000000000
62992  34.446  -11.661  29.239 0.0000000000
79563  56.718  4.236  18.468 0.0000000000
79562  57.376  4.673  18.908 0.0000000000
81509  58.749  6.577  16.085 0.0000000000
80547  58.033  6.096  16.056 0.0000000000
134190  45.732  -6.073  24.728 0.0000000000
136278  44.915  -6.242  24.571 0.0000000000
68186  44.306  -6.766  24.511 0.0000000000
125568  42.663  -8.495  25.747 0.0000000000
66054  42.007  -8.414  25.168 0.0000000000
66068  40.062  -8.617  23.939 0.0000000000
67078  47.890  -6.496  26.494 0.0000000000
68155  48.534  -6.254  26.861 0.0000000000
67089  48.135  -6.122  25.979 0.0000000000
67102  47.748  -6.011  25.661 0.0000000000
68182  47.896  -5.852  25.586 0.0000000000
68183  47.068  -6.159  25.221 0.0000000000
68184  46.345  -6.619  24.876 0.0000000000
136111  17.025  -27.922  41.056 0.0000000000
137867  16.194  -27.806  42.021 0.0000000000
54191  30.911  -18.578  46.290 0.0000000000
54210  31.324  -18.492  45.287 0.0000000000
54192  30.494  -18.711  45.520 0.0000000000
53199  29.835  -19.124  44.265 0.0000000000
52157  29.474  -19.427  43.723 0.0000000000
52221  24.954  -20.192  40.156 0.0000000000
52220  25.939  -20.472  40.591 0.0000000000
51104  26.550  -20.948  40.062 0.0000000000
51123  26.220  -21.075  39.084 0.0000000000
51140  26.560  -21.590  38.567 0.0000000000
51141  25.702  -21.338  38.029 0.0000000000
51154  25.261  -21.684  37.252 0.0000000000
51167  25.265  -22.199  36.588 0.0000000000
50022  24.864  -22.718  35.781 0.0000000000
51181  23.884  -22.749  35.599 0.0000000000
57491  33.442  -16.189  30.786 0.0000000000
75272  53.206  1.094  21.451 0.0000000000
75271  53.854  1.388  21.667 0.0000000000
75283  53.076  1.162  20.847 0.0000000000
76378  52.395  1.763  18.361 0.0000000000
130955  52.748  2.156  17.730 0.0000000000
77417  53.364  2.421  17.619 0.0000000000
77416  54.088  2.721  17.419 0.0000000000
77425  54.090  2.919  16.271 0.0000000000
51036  22.675  -21.954  46.167 0.0000000000
52137  23.508  -21.477  46.651 0.0000000000
51024  23.467  -22.277  47.415 0.0000000000
125554  25.769  -20.475  46.160 0.0000000000
135205  26.072  -20.598  46.912 0.0000000000
133180  52.583  0.731  23.884 0.0000000000
74261  48.672  -0.423  21.522 0.0000000000
47681  21.326  -24.615  44.769 0.0000000000
128997  21.016  -24.865  44.236 0.0000000000
47682  21.126  -25.053  45.115 0.0000000000
46642  19.665  -25.182  44.509 0.0000000000
47648  17.489  -24.828  46.101 0.0000000000
47667  16.781  -25.208  45.433 0.0000000000
46645  16.334  -26.111  44.124 0.0000000000
44206  13.026  -28.489  47.581 0.0000000000
44217  13.343  -28.438  46.918 0.0000000000
62965  38.689  -10.780  32.606 0.0000000000
62958  38.296  -11.405  33.015 0.0000000000
61858  37.549  -11.603  32.722 0.0000000000
59563  37.942  -13.881  35.787 0.0000000000
59575  37.846  -13.778  35.211 0.0000000000
59587  37.685  -13.615  34.680 0.0000000000
59599  37.443  -13.371  34.242 0.0000000000
59601  35.855  -13.754  33.438 0.0000000000
59602  35.102  -14.131  33.031 0.0000000000
58512  34.667  -14.985  33.242 0.0000000000
57468  34.329  -16.116  33.226 0.0000000000
56404  34.680  -17.784  34.455 0.0000000000
54319  34.503  -18.774  32.756 0.0000000000
142496  34.223  -19.649  31.167 0.0000000000
53344  34.331  -19.976  31.896 0.0000000000
53196  33.409  -18.824  43.911 0.0000000000
53195  34.278  -18.920  44.068 0.0000000000
52153  33.812  -18.992  43.473 0.0000000000
52152  34.559  -19.213  43.422 0.0000000000
129283  34.499  -19.558  42.578 0.0000000000
51135  32.159  -20.601  39.651 0.0000000000
51100  33.133  -20.678  40.217 0.0000000000
51116  33.532  -20.671  39.853 0.0000000000
52218  34.964  -20.369  39.891 0.0000000000
129742  35.297  -20.069  40.112 0.0000000000
54244  35.891  -19.293  40.488 0.0000000000
53265  35.312  -19.780  39.460 0.0000000000
52243  35.042  -19.751  38.774 0.0000000000
141757  35.171  -19.488  38.402 0.0000000000
125691  35.318  -19.255  38.160 0.0000000000
150563  34.723  -19.530  37.633 0.0000000000
52287  33.874  -19.704  36.488 0.0000000000
54313  28.365  -19.912  34.054 0.0000000000
54303  30.067  -19.225  34.529 0.0000000000
54312  29.246  -19.398  33.761 0.0000000000
54323  29.461  -19.356  32.607 0.0000000000
54322  30.032  -19.364  31.801 0.0000000000
54335  29.289  -19.700  31.501 0.0000000000
65989  41.206  -7.585  30.192 0.0000000000
67032  41.072  -7.277  29.262 0.0000000000
64032  35.996  -9.908  26.768 0.0000000000
65009  36.639  -9.436  27.064 0.0000000000
65026  36.587  -9.645  26.343 0.0000000000
136733  59.799  6.998  13.619 0.0000000000
66034  46.373  -7.538  26.093 0.0000000000
133761  45.742  -7.935  26.030 0.0000000000
66052  44.385  -8.401  25.818 0.0000000000
66036  43.743  -8.246  26.184 0.0000000000
65022  41.150  -8.423  25.885 0.0000000000
67057  47.723  -6.475  27.147 0.0000000000
125507  47.200  -6.860  26.733 0.0000000000
67079  46.741  -7.228  26.390 0.0000000000
46691  20.692  -25.829  40.123 0.0000000000
46693  19.578  -26.208  40.617 0.0000000000
46681  18.913  -25.807  41.717 0.0000000000
52159  27.392  -19.863  44.555 0.0000000000
52158  27.876  -19.767  44.749 0.0000000000
52180  26.872  -19.942  43.394 0.0000000000
52193  26.258  -20.107  42.255 0.0000000000
53223  24.359  -19.870  42.602 0.0000000000
53231  25.325  -19.872  41.983 0.0000000000
53248  25.178  -20.047  41.080 0.0000000000
53266  23.772  -20.300  39.758 0.0000000000
52266  23.100  -21.538  37.785 0.0000000000
51157  22.569  -22.249  37.765 0.0000000000
136080  22.086  -23.080  39.371 0.0000000000
48819  21.973  -24.461  38.576 0.0000000000
75301  51.479  0.876  19.717 0.0000000000
75310  50.930  1.113  18.629 0.0000000000
51016  24.861  -21.665  48.725 0.0000000000
51015  26.311  -21.286  49.491 0.0000000000
72235  50.546  -2.717  25.801 0.0000000000
72241  49.253  -2.723  25.032 0.0000000000
73269  49.999  -1.478  24.707 0.0000000000
73270  49.541  -1.324  24.229 0.0000000000
135821  50.094  -0.952  24.163 0.0000000000
73277  49.853  -0.737  23.555 0.0000000000
124760  48.814  -0.840  23.123 0.0000000000
73302  46.949  -0.792  21.070 0.0000000000
46604  21.127  -25.430  47.286 0.0000000000
46616  20.716  -25.464  46.615 0.0000000000
47631  19.246  -25.280  46.980 0.0000000000
46592  19.251  -25.479  48.405 0.0000000000
47632  18.846  -25.292  47.709 0.0000000000
137321  17.222  -24.878  46.987 0.0000000000
146491  16.408  -25.155  47.067 0.0000000000
45403  13.447  -27.157  51.417 0.0000000000
44179  12.400  -28.493  49.601 0.0000000000
43136  12.206  -29.447  48.410 0.0000000000
144790  11.627  -30.763  47.937 0.0000000000
40997  10.952  -31.080  49.000 0.0000000000
58472  38.356  -14.038  37.011 0.0000000000
58485  38.002  -13.989  36.377 0.0000000000
58486  37.577  -14.122  35.961 0.0000000000
58493  36.656  -14.432  35.284 0.0000000000
57448  35.788  -14.756  34.935 0.0000000000
57449  35.143  -15.558  34.918 0.0000000000
56403  34.863  -16.771  34.839 0.0000000000
57437  35.391  -15.898  35.872 0.0000000000
138657  34.486  -19.002  34.364 0.0000000000
141881  30.350  -20.646  41.089 0.0000000000
51086  31.122  -20.237  41.097 0.0000000000
49970  29.982  -21.216  40.408 0.0000000000
49980  30.880  -21.088  40.091 0.0000000000
51119  30.570  -21.133  39.871 0.0000000000
51138  29.334  -21.481  39.179 0.0000000000
51137  30.181  -21.135  39.471 0.0000000000
51136  31.113  -20.794  39.631 0.0000000000
52246  31.820  -20.209  39.154 0.0000000000
52262  31.192  -20.109  38.635 0.0000000000
52261  32.049  -19.923  38.342 0.0000000000
52275  32.957  -19.821  37.588 0.0000000000
53294  30.543  -19.769  37.032 0.0000000000
124431  29.779  -19.759  36.472 0.0000000000
53305  29.008  -19.872  35.731 0.0000000000
53306  28.372  -20.495  35.829 0.0000000000
53318  28.297  -20.175  35.032 0.0000000000
64978  38.180  -8.744  30.083 0.0000000000
64979  37.442  -9.012  29.483 0.0000000000
130936  36.043  -9.858  28.625 0.0000000000
64018  35.965  -9.816  27.648 0.0000000000
81521  59.180  6.805  14.806 0.0000000000
81517  58.598  6.478  15.348 0.0000000000
81522  58.559  6.345  14.502 0.0000000000
81529  58.559  6.159  13.803 0.0000000000
80557  58.257  5.679  13.342 0.0000000000
70200  45.165  -3.847  24.219 0.0000000000
70202  42.976  -4.148  23.611 0.0000000000
69170  44.108  -5.789  24.413 0.0000000000
69177  42.480  -5.026  23.611 0.0000000000
67107  43.881  -7.561  24.722 0.0000000000
128227  42.156  -8.205  24.781 0.0000000000
69138  49.835  -5.687  27.113 0.0000000000
70181  49.765  -4.858  26.101 0.0000000000
70182  49.105  -4.798  25.595 0.0000000000
149349  48.122  -4.879  25.212 0.0000000000
139314  47.752  -5.345  25.306 0.0000000000
69168  47.853  -5.073  25.203 0.0000000000
70192  47.379  -4.475  24.939 0.0000000000
71241  46.115  -3.816  24.416 0.0000000000
147018  34.987  -18.033  46.902 0.0000000000
54188  34.570  -18.280  46.505 0.0000000000
53181  32.904  -18.641  44.514 0.0000000000
53197  32.314  -18.766  43.732 0.0000000000
132196  31.874  -18.911  43.105 0.0000000000
51052  31.147  -19.584  41.993 0.0000000000
52178  28.100  -19.794  43.586 0.0000000000
135850  28.742  -19.879  43.110 0.0000000000
51055  28.633  -20.229  42.554 0.0000000000
51072  27.452  -20.674  41.640 0.0000000000
51070  28.474  -20.605  41.876 0.0000000000
51054  29.150  -20.258  42.451 0.0000000000
51068  29.481  -20.518  41.767 0.0000000000
129030  30.021  -20.360  41.651 0.0000000000
49946  29.716  -20.799  41.232 0.0000000000
127610  29.436  -21.300  40.466 0.0000000000
49983  28.662  -21.633  39.879 0.0000000000
125463  28.264  -21.801  39.279 0.0000000000
49996  27.104  -21.997  38.568 0.0000000000
137291  26.980  -22.469  37.849 0.0000000000
50005  27.471  -22.465  37.746 0.0000000000
50019  26.840  -23.110  36.390 0.0000000000
51170  22.737  -22.811  36.711 0.0000000000
50024  22.696  -23.605  36.062 0.0000000000
60721  34.432  -13.114  31.051 0.0000000000
76358  53.582  1.453  20.120 0.0000000000
76369  54.249  1.759  19.916 0.0000000000
77408  54.950  2.306  19.743 0.0000000000
77401  56.170  3.123  20.254 0.0000000000
78552  56.297  3.649  18.959 0.0000000000
130499  55.203  3.009  18.137 0.0000000000
78555  56.139  3.754  18.019 0.0000000000
79573  56.239  4.530  15.560 0.0000000000
51073  21.809  -22.259  43.186 0.0000000000
147659  21.691  -22.672  43.759 0.0000000000
138587  21.685  -22.879  44.304 0.0000000000
49928  21.599  -23.626  44.587 0.0000000000
51037  22.145  -22.583  45.594 0.0000000000
48765  21.572  -24.147  45.199 0.0000000000
48755  21.803  -24.224  46.084 0.0000000000
47644  21.618  -24.725  46.554 0.0000000000
49905  23.373  -23.017  48.282 0.0000000000
51008  24.085  -23.156  49.650 0.0000000000
49896  23.145  -23.768  48.933 0.0000000000
49906  22.706  -23.792  48.144 0.0000000000
128876  21.913  -24.854  47.470 0.0000000000
47645  21.461  -25.122  47.085 0.0000000000
46603  21.530  -25.413  48.004 0.0000000000
133724  21.100  -25.561  48.220 0.0000000000
46590  21.019  -25.626  49.005 0.0000000000
46573  21.652  -25.571  50.108 0.0000000000
46574  20.743  -25.646  50.184 0.0000000000
54139  36.504  -17.431  48.663 0.0000000000
54152  35.475  -17.597  48.511 0.0000000000
54168  34.487  -17.888  47.382 0.0000000000
54169  33.600  -17.986  47.496 0.0000000000
54171  31.548  -18.341  47.090 0.0000000000
52141  28.344  -19.555  45.832 0.0000000000
53152  29.257  -19.332  47.247 0.0000000000
52144  26.865  -20.117  45.159 0.0000000000
53200  25.505  -20.161  44.828 0.0000000000
53184  25.455  -20.353  45.578 0.0000000000
53201  24.542  -19.981  44.585 0.0000000000
53203  22.758  -20.603  43.657 0.0000000000
52182  22.231  -21.351  43.465 0.0000000000
149796  53.885  1.352  23.116 0.0000000000
75253  52.840  0.825  22.863 0.0000000000
144985  52.037  0.566  21.125 0.0000000000
73287  49.969  -0.423  22.754 0.0000000000
74248  50.561  -0.119  22.401 0.0000000000
74260  49.610  -0.237  21.478 0.0000000000
74259  50.389  0.052  21.289 0.0000000000
75286  50.996  0.542  20.230 0.0000000000
75303  49.800  0.354  18.886 0.0000000000
48784  21.387  -24.014  43.004 0.0000000000
48785  21.113  -24.435  42.691 0.0000000000
47709  20.330  -24.798  42.739 0.0000000000
46630  20.165  -25.419  45.967 0.0000000000
47664  19.469  -25.250  45.319 0.0000000000
47684  19.011  -25.142  44.641 0.0000000000
46643  19.007  -25.159  43.934 0.0000000000
46655  18.241  -25.448  43.306 0.0000000000
46669  17.775  -25.978  42.501 0.0000000000
45508  17.288  -26.669  41.953 0.0000000000
45509  16.463  -27.049  42.423 0.0000000000
45510  15.802  -27.669  42.638 0.0000000000
46658  15.838  -26.790  43.781 0.0000000000
143100  15.690  -25.603  48.362 0.0000000000
46607  15.147  -25.908  47.151 0.0000000000
45415  13.939  -26.759  49.972 0.0000000000
45431  13.868  -26.856  49.062 0.0000000000
45442  13.373  -27.514  48.628 0.0000000000
46594  14.357  -26.456  48.641 0.0000000000
46608  14.565  -26.346  47.815 0.0000000000
45461  14.725  -26.967  46.057 0.0000000000
133721  14.208  -28.411  45.086 0.0000000000
39847  9.315  -31.930  53.157 0.0000000000
38695  8.862  -32.742  52.988 0.0000000000
149675  8.532  -33.274  53.290 0.0000000000
38681  8.190  -33.541  54.684 0.0000000000
67016  44.305  -6.660  30.357 0.0000000000
65979  40.627  -8.074  30.757 0.0000000000
64963  39.342  -8.847  31.113 0.0000000000
64965  38.134  -9.514  30.907 0.0000000000
129865  37.429  -10.119  30.975 0.0000000000
62977  37.655  -10.642  31.762 0.0000000000
62979  36.206  -11.260  31.037 0.0000000000
61845  37.945  -12.051  33.381 0.0000000000
61860  36.121  -12.164  31.998 0.0000000000
60719  35.428  -12.545  31.655 0.0000000000
135167  34.921  -12.660  31.256 0.0000000000
58534  33.489  -15.195  30.958 0.0000000000
56420  34.355  -17.118  33.348 0.0000000000
56431  34.010  -17.527  31.762 0.0000000000
54353  33.816  -18.932  29.666 0.0000000000
54373  33.476  -19.497  28.839 0.0000000000
149580  33.105  -19.862  29.202 0.0000000000
57392  35.896  -15.715  39.979 0.0000000000
124443  36.017  -18.165  46.489 0.0000000000
54186  36.059  -18.427  46.013 0.0000000000
53178  35.362  -18.772  44.898 0.0000000000
53177  35.922  -18.672  45.045 0.0000000000
54206  36.401  -18.346  45.229 0.0000000000
54224  36.680  -18.076  44.456 0.0000000000
51066  32.884  -19.762  41.793 0.0000000000
52190  33.814  -19.716  42.039 0.0000000000
52188  35.065  -19.741  42.239 0.0000000000
51083  34.180  -20.326  41.013 0.0000000000
52171  35.535  -19.457  42.704 0.0000000000
53220  36.138  -19.001  43.048 0.0000000000
54225  36.386  -18.469  43.697 0.0000000000
135920  36.646  -18.109  43.802 0.0000000000
55237  36.866  -17.907  43.308 0.0000000000
54243  36.257  -18.877  41.021 0.0000000000
56339  36.342  -16.964  40.890 0.0000000000
146812  35.595  -17.392  38.210 0.0000000000
56366  35.594  -17.757  37.585 0.0000000000
54285  35.375  -18.727  36.988 0.0000000000
53280  35.168  -19.142  37.438 0.0000000000
54286  34.981  -18.923  36.666 0.0000000000
54293  35.094  -18.687  36.305 0.0000000000
53313  34.235  -19.393  34.667 0.0000000000
53327  33.948  -19.832  33.846 0.0000000000
53292  32.520  -19.704  36.669 0.0000000000
53302  32.911  -19.780  35.556 0.0000000000
53317  31.939  -19.541  34.838 0.0000000000
135415  33.431  -19.810  34.948 0.0000000000
53316  32.787  -19.925  34.420 0.0000000000
53315  33.461  -20.055  34.096 0.0000000000
53328  33.557  -20.282  33.092 0.0000000000
53346  32.833  -20.417  32.411 0.0000000000
53361  31.818  -20.183  30.784 0.0000000000
54334  30.121  -19.627  30.984 0.0000000000
53383  31.269  -20.340  30.012 0.0000000000
67062  42.352  -7.072  27.682 0.0000000000
67046  41.834  -7.018  28.624 0.0000000000
67063  41.496  -7.320  27.652 0.0000000000
66020  42.013  -7.626  26.934 0.0000000000
126572  40.245  -8.482  25.778 0.0000000000
66003  38.725  -8.165  28.345 0.0000000000
125989  38.128  -8.767  26.624 0.0000000000
65006  38.824  -8.463  26.798 0.0000000000
138850  39.463  -8.673  25.681 0.0000000000
135024  39.779  -8.770  25.189 0.0000000000
147287  56.374  3.938  13.889 0.0000000000
46628  21.056  -25.284  45.673 0.0000000000
47646  19.352  -25.252  46.170 0.0000000000
48792  21.413  -24.141  42.219 0.0000000000
49947  29.295  -20.822  41.336 0.0000000000
49956  31.579  -20.734  40.448 0.0000000000
49957  30.940  -20.656  40.702 0.0000000000
49958  29.840  -21.069  40.797 0.0000000000
49959  29.357  -21.093  40.908 0.0000000000
49969  30.753  -21.012  40.361 0.0000000000
49972  28.478  -21.347  40.825 0.0000000000
49981  30.219  -21.256  40.096 0.0000000000
49986  22.039  -23.825  39.052 0.0000000000
49995  27.658  -22.113  38.523 0.0000000000
51053  29.679  -20.113  42.327 0.0000000000
51065  33.537  -20.166  41.409 0.0000000000
51067  31.938  -20.045  41.312 0.0000000000
51069  29.013  -20.615  41.830 0.0000000000
51071  27.830  -20.545  41.944 0.0000000000
51089  27.424  -21.005  41.139 0.0000000000
51099  34.001  -20.572  40.354 0.0000000000
51101  32.206  -20.744  40.247 0.0000000000
51105  22.003  -22.552  40.746 0.0000000000
51114  34.555  -20.546  40.010 0.0000000000
51115  34.221  -20.568  39.729 0.0000000000
51118  31.433  -20.939  39.942 0.0000000000
51121  27.830  -21.583  40.057 0.0000000000
51152  29.803  -21.127  38.898 0.0000000000
51168  24.203  -22.137  36.207 0.0000000000
52161  26.226  -20.066  44.172 0.0000000000
52177  29.175  -19.794  43.177 0.0000000000
52194  22.204  -21.420  42.635 0.0000000000
52203  35.477  -19.798  41.758 0.0000000000
52204  34.913  -20.072  41.379 0.0000000000
52230  35.002  -20.157  39.495 0.0000000000
52232  34.393  -20.353  39.328 0.0000000000
52233  25.678  -20.617  39.668 0.0000000000
52245  32.944  -20.281  39.076 0.0000000000
52250  23.490  -21.049  38.328 0.0000000000
52258  34.597  -19.523  37.411 0.0000000000
53186  23.719  -20.345  45.275 0.0000000000
53210  35.543  -19.150  43.449 0.0000000000
53232  24.173  -19.987  41.588 0.0000000000
53247  35.685  -19.714  40.762 0.0000000000
53250  23.323  -20.384  40.596 0.0000000000
53274  35.352  -19.437  38.812 0.0000000000
53281  35.008  -19.467  37.947 0.0000000000
53282  31.959  -19.786  37.610 0.0000000000
53300  34.114  -19.572  36.007 0.0000000000
53384  30.371  -20.328  30.302 0.0000000000
54217  31.881  -18.576  44.422 0.0000000000
54231  36.424  -18.808  42.803 0.0000000000
54295  29.921  -19.371  35.536 0.0000000000
54310  31.260  -19.675  32.801 0.0000000000
55257  36.359  -18.430  40.649 0.0000000000
55258  36.280  -18.224  39.943 0.0000000000
55312  34.850  -18.834  35.850 0.0000000000
57397  35.656  -16.045  39.551 0.0000000000
59520  36.685  -14.873  39.247 0.0000000000
64964  38.673  -9.005  30.850 0.0000000000
66035  44.805  -8.150  26.170 0.0000000000
66050  46.357  -7.502  25.670 0.0000000000
67030  42.544  -6.976  29.731 0.0000000000
67047  41.046  -7.284  28.371 0.0000000000
67092  46.359  -7.325  25.225 0.0000000000
68165  49.156  -5.837  26.374 0.0000000000
68173  48.228  -5.711  25.723 0.0000000000
69127  49.726  -5.451  27.773 0.0000000000
69166  48.577  -5.167  25.502 0.0000000000
71230  48.972  -3.870  25.342 0.0000000000
72262  46.173  -1.758  23.205 0.0000000000
76385  52.129  1.955  17.252 0.0000000000
79581  56.743  4.226  13.682 0.0000000000
124448  32.422  -20.599  40.577 0.0000000000
124985  29.064  -21.496  40.161 0.0000000000
128668  28.489  -19.652  43.929 0.0000000000
128822  21.148  -25.603  49.737 0.0000000000
130455  35.495  -17.806  47.375 0.0000000000
131068  28.255  -21.596  37.080 0.0000000000
133430  21.941  -25.454  49.526 0.0000000000
134063  28.696  -21.714  39.337 0.0000000000
136894  45.132  -8.167  25.658 0.0000000000
137486  34.503  -20.043  38.741 0.0000000000
141341  30.687  -20.102  41.545 0.0000000000
143529  33.915  -20.680  40.009 0.0000000000
143862  35.559  -19.662  40.070 0.0000000000
145017  49.502  -1.916  24.720 0.0000000000
145697  35.078  -20.295  40.349 0.0000000000
146446  28.752  -21.499  40.327 0.0000000000
147203  22.095  -23.814  38.489 0.0000000000
147331  30.339  -20.970  40.675 0.0000000000
148439  36.411  -14.930  37.082 0.0000000000
149293  47.540  -5.762  25.378 0.0000000000
149997  36.400  -18.375  44.944 0.0000000000
150076  31.552  -19.946  38.141 0.0000000000
150230  26.986  -20.180  46.180 0.0000000000
