#!ascii label  , from subject sub-LJ002 vox2ras=TkReg
1740
35085  13.831  -36.758  49.437 0.0000000000
137078  50.949  -11.805  22.185 0.0000000000
44299  32.723  -29.042  40.821 0.0000000000
49927  42.336  -23.764  44.162 0.0000000000
41121  25.009  -31.779  41.246 0.0000000000
40993  20.582  -31.742  49.937 0.0000000000
73336  58.798  -2.124  18.333 0.0000000000
67074  61.567  -6.604  27.137 0.0000000000
57465  41.533  -17.898  32.425 0.0000000000
77492  62.008  2.876  10.795 0.0000000000
45450  30.706  -28.441  47.668 0.0000000000
39904  16.117  -32.933  49.082 0.0000000000
138241  59.835  -3.659  22.642 0.0000000000
68199  55.688  -5.640  21.736 0.0000000000
63013  50.558  -11.736  27.875 0.0000000000
64976  55.636  -9.655  29.048 0.0000000000
60763  46.074  -13.483  27.198 0.0000000000
130298  37.805  -23.782  36.340 0.0000000000
47716  37.276  -26.130  41.561 0.0000000000
41016  28.764  -31.423  47.851 0.0000000000
39855  26.668  -32.771  52.434 0.0000000000
41032  23.385  -32.259  46.174 0.0000000000
130071  18.123  -32.422  45.207 0.0000000000
127738  27.920  -28.847  41.512 0.0000000000
76355  63.437  1.401  19.789 0.0000000000
72246  63.762  -1.748  23.898 0.0000000000
125928  57.024  -10.001  24.200 0.0000000000
59585  46.592  -14.738  33.299 0.0000000000
52256  42.821  -21.269  37.572 0.0000000000
75340  60.580  -0.130  14.138 0.0000000000
77431  64.522  2.625  15.617 0.0000000000
75362  66.484  1.110  12.158 0.0000000000
126592  30.578  -28.781  50.918 0.0000000000
37514  14.988  -34.911  49.392 0.0000000000
140435  15.854  -32.539  52.894 0.0000000000
37493  14.562  -34.824  52.234 0.0000000000
70244  54.623  -4.919  19.940 0.0000000000
62962  50.611  -11.546  31.137 0.0000000000
125270  53.103  -10.803  31.169 0.0000000000
30663  10.038  -40.665  53.381 0.0000000000
60849  46.234  -13.500  23.847 0.0000000000
45577  32.866  -28.205  37.345 0.0000000000
47744  35.084  -26.077  37.848 0.0000000000
46690  35.309  -27.188  41.007 0.0000000000
41048  27.035  -32.051  44.778 0.0000000000
39912  26.062  -32.795  47.110 0.0000000000
41068  24.148  -32.324  43.868 0.0000000000
43213  26.704  -29.562  41.370 0.0000000000
43183  27.936  -29.475  44.271 0.0000000000
126765  23.638  -31.828  51.187 0.0000000000
137098  60.691  -0.235  19.134 0.0000000000
75258  63.790  0.304  21.902 0.0000000000
74257  60.941  -0.991  21.384 0.0000000000
68180  61.794  -6.331  24.792 0.0000000000
131175  62.664  -3.501  25.680 0.0000000000
132414  50.924  -9.215  21.114 0.0000000000
65086  54.698  -9.717  21.160 0.0000000000
64086  54.470  -10.896  23.273 0.0000000000
58533  41.374  -16.046  30.013 0.0000000000
59626  43.794  -14.607  30.143 0.0000000000
57463  44.585  -16.439  32.892 0.0000000000
49967  39.989  -24.226  39.935 0.0000000000
51162  40.311  -22.313  36.866 0.0000000000
51096  42.154  -22.110  40.543 0.0000000000
73363  57.406  -1.377  15.494 0.0000000000
75341  58.019  -0.024  13.900 0.0000000000
130408  59.517  -0.701  15.670 0.0000000000
76391  61.383  1.156  16.507 0.0000000000
78600  66.903  3.734  10.673 0.0000000000
77474  65.227  2.698  11.857 0.0000000000
76405  65.781  1.986  14.028 0.0000000000
76423  63.967  1.810  12.647 0.0000000000
45492  31.939  -28.280  44.052 0.0000000000
136354  34.110  -27.661  44.180 0.0000000000
45447  33.142  -27.524  47.277 0.0000000000
40994  18.398  -31.606  49.507 0.0000000000
127059  19.889  -31.376  52.792 0.0000000000
40970  17.480  -31.403  51.959 0.0000000000
71314  57.455  -3.627  17.770 0.0000000000
73300  58.703  -1.883  21.109 0.0000000000
150087  56.397  -3.693  20.702 0.0000000000
69182  58.733  -4.851  22.053 0.0000000000
66072  60.316  -8.051  23.046 0.0000000000
143178  50.736  -11.998  24.941 0.0000000000
64061  53.579  -10.482  25.759 0.0000000000
64015  53.026  -10.545  28.081 0.0000000000
54331  39.898  -19.435  31.361 0.0000000000
128121  43.854  -21.054  45.313 0.0000000000
147355  11.863  -37.582  49.573 0.0000000000
35053  13.662  -36.763  52.845 0.0000000000
32783  12.226  -38.357  53.294 0.0000000000
137642  47.751  -11.558  21.683 0.0000000000
61973  48.784  -12.831  24.578 0.0000000000
61926  48.354  -12.614  27.239 0.0000000000
61872  48.339  -12.528  30.592 0.0000000000
48872  34.758  -24.553  34.660 0.0000000000
47741  37.238  -25.393  38.864 0.0000000000
148217  39.997  -25.775  42.683 0.0000000000
47680  36.110  -26.229  44.844 0.0000000000
48753  38.429  -25.018  45.793 0.0000000000
42069  29.176  -30.326  50.628 0.0000000000
39853  28.404  -32.256  53.002 0.0000000000
39875  28.030  -32.509  50.108 0.0000000000
39892  24.950  -32.532  49.134 0.0000000000
41004  22.124  -31.996  48.361 0.0000000000
41089  21.692  -31.856  43.255 0.0000000000
41053  20.401  -31.635  45.407 0.0000000000
41020  19.309  -31.766  47.302 0.0000000000
39915  17.151  -32.963  47.142 0.0000000000
37531  15.577  -34.678  47.135 0.0000000000
36289  13.639  -35.815  47.369 0.0000000000
44350  31.173  -29.236  36.843 0.0000000000
136136  27.994  -28.918  37.634 0.0000000000
146645  29.918  -29.225  40.693 0.0000000000
135086  28.830  -28.516  44.225 0.0000000000
44205  29.568  -29.025  47.463 0.0000000000
72268  64.334  -2.515  22.400 0.0000000000
72248  62.171  -2.285  23.813 0.0000000000
68212  52.939  -6.268  21.381 0.0000000000
65082  57.928  -9.128  21.844 0.0000000000
66048  59.904  -8.728  25.403 0.0000000000
65018  56.274  -9.486  26.742 0.0000000000
66014  58.763  -8.746  27.683 0.0000000000
60766  43.371  -14.261  27.432 0.0000000000
60715  46.349  -13.524  30.393 0.0000000000
60671  48.495  -13.337  33.552 0.0000000000
52308  40.581  -21.289  33.982 0.0000000000
143246  42.101  -19.149  35.858 0.0000000000
54235  44.306  -20.272  41.818 0.0000000000
55263  45.058  -19.065  39.653 0.0000000000
56382  44.413  -17.840  36.552 0.0000000000
57420  47.149  -16.600  36.638 0.0000000000
59533  48.936  -14.892  37.247 0.0000000000
76425  61.358  1.137  12.255 0.0000000000
76408  62.143  1.488  15.093 0.0000000000
77414  63.759  2.318  17.349 0.0000000000
147129  31.231  -28.823  51.955 0.0000000000
124460  14.749  -35.441  49.888 0.0000000000
140393  14.702  -34.694  51.338 0.0000000000
36226  14.462  -35.445  51.328 0.0000000000
62952  50.700  -11.799  32.295 0.0000000000
62951  51.568  -11.592  32.526 0.0000000000
30671  8.482  -40.690  52.770 0.0000000000
44328  32.766  -29.093  38.604 0.0000000000
45569  33.793  -27.918  38.594 0.0000000000
45522  34.027  -28.323  41.038 0.0000000000
149520  25.826  -32.098  43.237 0.0000000000
39959  25.800  -32.253  43.933 0.0000000000
39960  24.467  -32.349  42.902 0.0000000000
43233  25.646  -29.611  39.196 0.0000000000
41120  25.899  -31.060  41.050 0.0000000000
42153  26.767  -30.601  42.448 0.0000000000
40979  22.409  -31.793  50.610 0.0000000000
40965  22.008  -31.449  52.300 0.0000000000
74288  60.054  -0.799  18.897 0.0000000000
125448  60.927  -0.538  20.632 0.0000000000
73321  59.534  -1.416  19.553 0.0000000000
68171  61.890  -6.147  25.745 0.0000000000
69156  62.281  -4.921  26.554 0.0000000000
64114  50.676  -10.694  21.332 0.0000000000
130352  52.765  -10.576  21.469 0.0000000000
63064  52.916  -11.392  22.796 0.0000000000
56439  40.593  -17.372  30.848 0.0000000000
57477  41.672  -16.870  31.096 0.0000000000
58510  42.988  -16.590  31.570 0.0000000000
57455  42.946  -17.411  33.006 0.0000000000
48790  41.551  -24.215  41.633 0.0000000000
147362  41.184  -23.261  40.486 0.0000000000
51050  42.813  -22.679  42.610 0.0000000000
72325  58.294  -2.256  16.955 0.0000000000
73362  58.856  -1.270  15.874 0.0000000000
73343  59.480  -0.914  17.402 0.0000000000
74296  60.150  -0.213  17.516 0.0000000000
77489  65.013  2.644  10.884 0.0000000000
77476  63.540  1.837  11.181 0.0000000000
76422  64.593  2.321  12.294 0.0000000000
138843  62.464  1.938  11.155 0.0000000000
138224  30.792  -28.351  45.490 0.0000000000
138901  32.136  -28.099  46.173 0.0000000000
45448  32.287  -27.869  47.492 0.0000000000
41010  17.133  -31.976  49.256 0.0000000000
40983  17.541  -31.512  50.868 0.0000000000
40984  16.883  -31.755  51.234 0.0000000000
38693  15.453  -33.066  53.563 0.0000000000
39845  16.698  -32.287  54.263 0.0000000000
71316  55.656  -4.038  17.382 0.0000000000
71299  56.974  -4.165  18.605 0.0000000000
70257  56.036  -4.430  18.192 0.0000000000
131427  54.704  -4.904  21.321 0.0000000000
70209  56.090  -4.543  22.074 0.0000000000
69194  57.333  -5.626  21.700 0.0000000000
68198  59.661  -6.433  21.898 0.0000000000
67128  58.559  -7.313  21.252 0.0000000000
63030  50.724  -11.778  26.423 0.0000000000
64046  51.994  -11.036  26.934 0.0000000000
64031  51.818  -11.161  27.788 0.0000000000
140356  55.903  -2.616  16.357 0.0000000000
32795  12.099  -38.354  51.135 0.0000000000
32791  11.531  -38.937  51.703 0.0000000000
63097  47.025  -11.430  21.690 0.0000000000
61996  47.846  -12.606  22.627 0.0000000000
61997  46.986  -12.692  22.588 0.0000000000
60813  45.813  -13.816  25.568 0.0000000000
60783  47.193  -13.346  25.971 0.0000000000
61945  46.948  -13.216  26.952 0.0000000000
134860  48.454  -12.333  29.251 0.0000000000
129717  46.927  -12.780  28.940 0.0000000000
48855  33.887  -24.999  34.843 0.0000000000
47726  36.070  -26.300  39.835 0.0000000000
47742  36.474  -25.627  38.503 0.0000000000
126539  37.464  -26.007  40.733 0.0000000000
47714  38.952  -25.794  41.141 0.0000000000
126330  38.710  -25.959  41.998 0.0000000000
46626  34.636  -26.993  45.684 0.0000000000
46639  35.526  -26.772  44.507 0.0000000000
138143  35.762  -25.924  46.476 0.0000000000
136077  38.083  -24.677  47.119 0.0000000000
48752  40.157  -24.638  45.681 0.0000000000
42075  28.894  -30.954  48.724 0.0000000000
40977  28.464  -31.828  50.778 0.0000000000
39888  28.211  -32.371  49.192 0.0000000000
41017  24.250  -32.531  46.569 0.0000000000
39901  25.214  -32.652  48.466 0.0000000000
41002  24.269  -32.468  47.424 0.0000000000
41003  23.456  -32.118  48.717 0.0000000000
41033  22.932  -32.050  46.938 0.0000000000
41124  21.654  -31.852  41.679 0.0000000000
127252  18.691  -32.069  43.717 0.0000000000
143273  19.628  -31.902  43.982 0.0000000000
148669  19.319  -31.835  45.203 0.0000000000
41034  19.522  -31.697  46.458 0.0000000000
41056  18.363  -32.064  45.925 0.0000000000
149159  18.213  -32.035  47.338 0.0000000000
39937  17.677  -32.661  45.822 0.0000000000
36268  15.120  -35.205  47.607 0.0000000000
44395  31.195  -28.537  35.466 0.0000000000
44375  29.788  -29.001  35.908 0.0000000000
44319  27.261  -29.015  39.706 0.0000000000
133553  27.713  -28.957  39.045 0.0000000000
44317  29.707  -29.409  39.289 0.0000000000
44303  28.534  -29.014  40.731 0.0000000000
44265  29.792  -28.612  42.474 0.0000000000
44286  28.432  -28.718  42.397 0.0000000000
42101  28.613  -30.521  46.362 0.0000000000
43171  28.721  -29.490  46.099 0.0000000000
42081  28.952  -30.345  47.854 0.0000000000
139222  29.344  -29.642  49.501 0.0000000000
39854  27.560  -32.636  52.968 0.0000000000
35039  13.471  -37.173  54.604 0.0000000000
35043  13.798  -36.604  53.969 0.0000000000
74263  64.313  0.256  21.074 0.0000000000
74237  63.702  -0.782  23.163 0.0000000000
73282  64.482  -0.895  22.488 0.0000000000
72256  64.334  -2.224  23.197 0.0000000000
71243  64.110  -2.810  23.815 0.0000000000
72259  58.588  -2.663  22.272 0.0000000000
72257  60.582  -2.489  22.773 0.0000000000
71245  60.892  -3.002  23.309 0.0000000000
71216  63.180  -3.665  26.235 0.0000000000
64097  56.282  -10.275  22.798 0.0000000000
137411  55.981  -9.599  21.313 0.0000000000
65066  57.719  -9.766  23.517 0.0000000000
65064  59.308  -9.112  23.899 0.0000000000
65038  58.502  -9.315  25.289 0.0000000000
65005  54.781  -9.872  27.691 0.0000000000
65020  54.820  -9.859  26.759 0.0000000000
64990  55.570  -9.635  28.137 0.0000000000
60788  41.982  -14.875  26.719 0.0000000000
59597  45.679  -14.904  32.118 0.0000000000
60717  44.934  -13.936  30.028 0.0000000000
60687  46.185  -14.315  31.652 0.0000000000
60685  47.410  -13.602  32.277 0.0000000000
59584  47.264  -14.250  33.646 0.0000000000
146881  35.943  -23.640  33.894 0.0000000000
51192  37.067  -23.093  34.110 0.0000000000
52242  41.451  -21.963  37.554 0.0000000000
52286  40.144  -22.103  35.516 0.0000000000
147514  42.034  -21.186  36.025 0.0000000000
53311  41.509  -20.535  34.745 0.0000000000
150010  42.741  -19.837  37.196 0.0000000000
54223  44.382  -20.192  43.911 0.0000000000
55262  45.565  -18.800  39.830 0.0000000000
56365  44.328  -18.211  37.886 0.0000000000
124901  45.706  -17.812  38.026 0.0000000000
148304  45.830  -17.380  36.713 0.0000000000
56361  47.161  -17.511  38.341 0.0000000000
74320  59.625  -0.372  13.932 0.0000000000
75349  60.995  0.203  13.368 0.0000000000
75357  61.760  0.573  13.030 0.0000000000
75339  61.388  0.540  14.619 0.0000000000
76375  62.357  1.392  18.354 0.0000000000
76389  62.518  1.908  17.043 0.0000000000
76374  63.178  1.718  18.305 0.0000000000
76372  64.231  1.692  18.340 0.0000000000
77472  67.151  2.938  11.833 0.0000000000
77441  64.803  2.715  14.751 0.0000000000
148316  65.411  1.124  15.962 0.0000000000
76387  65.229  1.614  16.397 0.0000000000
44176  30.612  -28.420  49.449 0.0000000000
45426  31.896  -27.558  49.254 0.0000000000
45413  31.108  -28.344  51.042 0.0000000000
38729  15.649  -33.560  49.464 0.0000000000
39881  15.798  -32.737  50.909 0.0000000000
38715  15.306  -33.348  51.311 0.0000000000
38705  14.917  -33.892  52.840 0.0000000000
38694  14.971  -33.804  53.913 0.0000000000
127391  53.289  -5.345  19.383 0.0000000000
70218  53.480  -5.421  20.952 0.0000000000
124809  50.101  -11.702  29.256 0.0000000000
64002  51.658  -11.179  29.586 0.0000000000
63974  51.381  -11.306  31.097 0.0000000000
63954  53.067  -11.259  33.078 0.0000000000
31709  10.186  -39.637  51.716 0.0000000000
31710  9.448  -39.802  51.854 0.0000000000
30664  9.084  -41.116  53.262 0.0000000000
61990  45.976  -12.918  22.573 0.0000000000
128991  45.104  -13.985  25.757 0.0000000000
47771  33.600  -25.971  36.083 0.0000000000
46729  33.827  -26.830  37.314 0.0000000000
46717  34.865  -26.866  38.883 0.0000000000
46676  35.938  -26.887  41.840 0.0000000000
41030  28.149  -31.990  46.036 0.0000000000
39910  27.797  -32.558  47.296 0.0000000000
39934  26.522  -32.472  45.443 0.0000000000
39936  25.004  -32.596  45.249 0.0000000000
41050  23.461  -32.292  45.238 0.0000000000
39950  17.514  -32.862  44.762 0.0000000000
39952  15.603  -33.071  43.953 0.0000000000
44306  26.513  -29.267  39.819 0.0000000000
44288  27.045  -29.180  41.152 0.0000000000
44267  27.632  -28.950  42.442 0.0000000000
127413  27.185  -29.821  42.692 0.0000000000
42129  27.525  -30.482  44.023 0.0000000000
40962  25.079  -32.154  51.748 0.0000000000
75297  62.105  0.735  19.661 0.0000000000
75269  63.653  0.620  21.318 0.0000000000
75270  62.879  0.433  21.181 0.0000000000
74255  62.587  -0.167  21.731 0.0000000000
132721  62.744  -1.311  23.337 0.0000000000
70199  60.867  -4.540  23.354 0.0000000000
137312  61.234  -3.670  23.757 0.0000000000
70189  61.972  -4.412  25.112 0.0000000000
69146  62.838  -4.455  27.317 0.0000000000
67135  51.922  -7.626  21.346 0.0000000000
66092  51.905  -8.782  21.061 0.0000000000
64110  54.432  -10.497  21.794 0.0000000000
64072  55.569  -10.389  24.022 0.0000000000
64975  56.402  -9.454  29.440 0.0000000000
59642  41.183  -15.361  28.606 0.0000000000
59652  42.517  -14.599  28.678 0.0000000000
59627  42.634  -15.134  29.884 0.0000000000
58517  44.293  -15.441  31.350 0.0000000000
58500  45.397  -15.991  33.364 0.0000000000
131379  38.775  -23.721  37.866 0.0000000000
144214  38.490  -23.299  36.367 0.0000000000
51113  40.051  -23.115  38.787 0.0000000000
51111  41.428  -22.291  39.414 0.0000000000
52228  42.723  -21.646  39.553 0.0000000000
74314  56.875  -0.750  15.062 0.0000000000
138243  57.312  0.412  13.921 0.0000000000
74313  57.787  -0.873  14.996 0.0000000000
74311  59.400  -0.695  14.720 0.0000000000
75333  60.201  -0.177  15.458 0.0000000000
126605  60.824  0.233  15.125 0.0000000000
75324  60.774  0.614  16.716 0.0000000000
75318  60.775  0.438  17.516 0.0000000000
129116  65.547  3.442  9.934 0.0000000000
77488  65.833  3.153  11.319 0.0000000000
78578  66.136  2.933  12.629 0.0000000000
76412  66.037  1.851  13.509 0.0000000000
78579  65.351  2.926  12.904 0.0000000000
77449  64.984  2.875  13.917 0.0000000000
77451  63.749  2.531  14.570 0.0000000000
44262  32.381  -28.535  42.756 0.0000000000
45505  33.691  -28.173  42.595 0.0000000000
125197  32.805  -28.102  43.963 0.0000000000
45468  33.668  -27.617  45.677 0.0000000000
46601  34.445  -26.607  47.516 0.0000000000
125121  19.813  -31.646  50.014 0.0000000000
40967  20.285  -31.343  51.851 0.0000000000
125123  18.865  -31.302  51.302 0.0000000000
127714  18.752  -31.260  52.366 0.0000000000
40971  16.848  -31.732  52.441 0.0000000000
40937  17.733  -31.806  53.894 0.0000000000
72303  58.046  -3.169  18.018 0.0000000000
73322  58.908  -1.897  20.136 0.0000000000
71283  57.941  -3.215  19.533 0.0000000000
72282  57.327  -2.786  21.311 0.0000000000
71255  57.932  -3.119  22.406 0.0000000000
70227  55.855  -4.204  20.274 0.0000000000
135053  57.298  -3.699  22.362 0.0000000000
70206  59.305  -4.156  22.402 0.0000000000
68192  61.040  -6.295  23.153 0.0000000000
140161  61.259  -6.937  23.508 0.0000000000
67088  61.247  -7.702  25.472 0.0000000000
63066  51.551  -11.901  23.688 0.0000000000
64075  52.875  -11.070  24.530 0.0000000000
63045  52.231  -11.208  25.059 0.0000000000
64029  53.285  -10.414  27.402 0.0000000000
63999  54.302  -10.153  29.125 0.0000000000
64000  53.119  -10.574  29.760 0.0000000000
63986  54.107  -10.257  30.043 0.0000000000
64961  55.033  -9.971  30.354 0.0000000000
55340  40.583  -18.323  31.791 0.0000000000
51034  43.289  -21.958  45.065 0.0000000000
74315  55.950  -0.682  15.280 0.0000000000
73364  56.524  -1.404  15.559 0.0000000000
72326  57.505  -2.572  16.538 0.0000000000
80589  62.003  5.050  9.722 0.0000000000
79603  61.537  4.592  10.307 0.0000000000
33935  13.464  -37.334  50.142 0.0000000000
135738  13.888  -37.027  50.842 0.0000000000
33931  12.814  -37.975  51.596 0.0000000000
33925  12.746  -37.896  52.603 0.0000000000
32777  12.339  -38.306  54.314 0.0000000000
31698  11.166  -39.481  53.595 0.0000000000
64116  49.071  -10.478  21.286 0.0000000000
143267  48.333  -10.348  21.318 0.0000000000
142416  49.730  -11.947  21.906 0.0000000000
61986  49.505  -12.617  23.289 0.0000000000
61972  49.497  -12.641  24.164 0.0000000000
61942  49.349  -12.463  25.999 0.0000000000
61974  47.057  -13.213  24.004 0.0000000000
61943  48.557  -12.721  26.325 0.0000000000
63014  49.775  -12.101  27.635 0.0000000000
127803  49.298  -12.045  29.121 0.0000000000
62974  49.564  -11.896  30.362 0.0000000000
62954  49.311  -12.298  31.658 0.0000000000
48853  36.279  -24.456  35.572 0.0000000000
47770  34.375  -25.609  36.331 0.0000000000
48827  35.907  -24.983  36.931 0.0000000000
48825  37.439  -24.595  37.550 0.0000000000
48808  38.731  -24.853  39.312 0.0000000000
47712  40.469  -25.270  41.391 0.0000000000
48763  41.777  -24.462  43.953 0.0000000000
45504  34.394  -27.843  42.567 0.0000000000
46664  35.766  -27.011  42.809 0.0000000000
47696  36.822  -26.297  43.223 0.0000000000
47641  37.139  -25.335  46.208 0.0000000000
47659  37.316  -25.534  45.305 0.0000000000
131329  37.982  -25.879  43.739 0.0000000000
47676  39.347  -25.467  44.276 0.0000000000
140909  40.968  -24.322  45.436 0.0000000000
49919  41.885  -23.374  45.731 0.0000000000
43104  30.046  -30.375  51.945 0.0000000000
42056  29.309  -31.015  52.192 0.0000000000
130630  28.033  -32.438  52.210 0.0000000000
39867  26.864  -32.862  51.316 0.0000000000
39899  27.068  -32.922  48.581 0.0000000000
39877  26.541  -32.898  50.395 0.0000000000
39878  25.673  -32.664  50.444 0.0000000000
124550  23.955  -31.933  50.231 0.0000000000
40991  23.318  -31.962  49.573 0.0000000000
125120  21.808  -31.914  49.249 0.0000000000
125114  23.019  -32.071  42.417 0.0000000000
41088  22.630  -31.970  43.193 0.0000000000
126127  22.228  -31.882  44.017 0.0000000000
125111  19.902  -31.825  43.168 0.0000000000
126125  20.384  -31.781  44.036 0.0000000000
132393  21.935  -31.790  45.911 0.0000000000
132366  21.322  -31.749  46.288 0.0000000000
125116  20.741  -31.913  47.721 0.0000000000
146164  19.776  -31.819  48.548 0.0000000000
41008  18.513  -31.778  48.544 0.0000000000
41022  17.999  -31.951  48.040 0.0000000000
140112  16.967  -32.620  47.928 0.0000000000
39926  17.077  -33.184  46.244 0.0000000000
38740  16.603  -33.603  46.797 0.0000000000
38736  15.886  -33.731  48.560 0.0000000000
37522  15.612  -34.580  48.052 0.0000000000
137946  14.511  -35.772  48.070 0.0000000000
35099  14.158  -36.246  48.822 0.0000000000
35101  12.494  -36.656  48.465 0.0000000000
35086  11.962  -37.121  49.085 0.0000000000
45592  31.910  -27.958  35.727 0.0000000000
131576  31.967  -28.878  37.010 0.0000000000
44329  32.005  -29.439  38.412 0.0000000000
44330  29.743  -29.321  37.548 0.0000000000
148347  30.398  -29.619  38.820 0.0000000000
44300  31.230  -29.391  40.632 0.0000000000
44264  30.547  -28.632  42.457 0.0000000000
45494  30.159  -28.396  43.884 0.0000000000
126823  29.921  -28.407  45.367 0.0000000000
44233  28.539  -28.709  44.563 0.0000000000
44224  29.116  -28.713  45.769 0.0000000000
44204  29.786  -28.773  47.229 0.0000000000
43134  29.640  -29.141  49.028 0.0000000000
43117  29.688  -29.666  50.713 0.0000000000
146636  14.188  -35.939  52.201 0.0000000000
36205  14.466  -35.249  53.887 0.0000000000
74254  64.416  -0.151  21.830 0.0000000000
73298  60.204  -1.541  21.757 0.0000000000
126642  61.396  -1.546  22.458 0.0000000000
72247  62.827  -1.819  23.977 0.0000000000
142718  62.474  -2.997  24.851 0.0000000000
71237  62.958  -2.795  25.254 0.0000000000
72237  63.557  -2.354  24.533 0.0000000000
143314  51.707  -5.586  20.148 0.0000000000
68210  54.345  -6.303  21.533 0.0000000000
135152  53.495  -8.178  20.845 0.0000000000
67145  55.256  -7.698  20.729 0.0000000000
67130  56.582  -7.267  20.842 0.0000000000
66073  59.549  -8.716  22.994 0.0000000000
66062  59.976  -8.771  24.472 0.0000000000
66030  60.571  -8.205  25.916 0.0000000000
147891  54.384  -10.555  24.633 0.0000000000
65041  55.569  -9.897  25.551 0.0000000000
125000  56.986  -9.460  26.191 0.0000000000
65002  57.085  -9.254  28.201 0.0000000000
124537  57.157  -9.255  27.175 0.0000000000
134997  57.632  -9.252  26.454 0.0000000000
66032  58.940  -8.870  26.747 0.0000000000
67056  60.368  -7.785  28.035 0.0000000000
60814  43.417  -14.431  25.464 0.0000000000
60786  44.566  -14.010  26.481 0.0000000000
144464  43.670  -13.965  28.558 0.0000000000
137220  44.700  -13.467  29.049 0.0000000000
61909  46.100  -13.039  28.774 0.0000000000
61873  47.610  -12.825  30.243 0.0000000000
61841  48.776  -12.711  32.246 0.0000000000
61817  49.898  -12.952  34.220 0.0000000000
51179  38.695  -22.700  35.132 0.0000000000
53341  40.366  -20.276  32.708 0.0000000000
55328  41.246  -18.780  33.339 0.0000000000
130653  42.041  -18.323  33.951 0.0000000000
52169  43.699  -21.297  43.335 0.0000000000
53219  43.294  -21.339  41.607 0.0000000000
53244  43.965  -20.738  40.456 0.0000000000
54234  44.854  -19.701  41.592 0.0000000000
142192  44.155  -19.855  39.059 0.0000000000
55277  43.465  -18.796  37.853 0.0000000000
56384  42.895  -18.508  36.195 0.0000000000
56400  43.144  -18.194  34.813 0.0000000000
57445  44.237  -17.243  34.359 0.0000000000
149909  46.139  -16.235  34.980 0.0000000000
58483  46.705  -15.865  35.270 0.0000000000
128058  48.642  -16.732  38.943 0.0000000000
58458  48.622  -15.738  37.626 0.0000000000
59559  47.722  -14.727  35.269 0.0000000000
60637  49.133  -14.032  36.016 0.0000000000
78592  61.195  3.298  11.025 0.0000000000
77477  61.406  2.365  11.378 0.0000000000
76424  62.361  0.948  12.559 0.0000000000
76414  63.164  1.808  14.083 0.0000000000
77443  63.371  2.533  15.388 0.0000000000
76398  62.088  1.727  15.808 0.0000000000
77423  62.624  2.159  16.067 0.0000000000
77420  64.402  2.536  16.380 0.0000000000
76381  64.597  1.802  17.554 0.0000000000
42054  30.417  -30.532  52.345 0.0000000000
43103  30.848  -29.962  52.135 0.0000000000
35074  14.422  -36.185  49.644 0.0000000000
36237  14.486  -35.881  50.482 0.0000000000
35075  14.139  -36.683  50.251 0.0000000000
62942  50.984  -12.023  33.111 0.0000000000
44315  32.927  -29.190  39.433 0.0000000000
44314  33.512  -28.756  39.780 0.0000000000
44298  33.468  -28.747  40.561 0.0000000000
41106  25.681  -31.697  41.878 0.0000000000
41086  25.383  -32.147  42.678 0.0000000000
41107  24.766  -32.173  42.052 0.0000000000
41137  25.181  -31.369  40.606 0.0000000000
125122  21.822  -31.802  50.239 0.0000000000
125125  21.868  -31.622  51.227 0.0000000000
125124  21.039  -31.652  50.830 0.0000000000
73335  59.367  -1.379  18.430 0.0000000000
67087  61.614  -6.889  26.049 0.0000000000
68163  61.956  -5.858  26.814 0.0000000000
147939  51.011  -11.286  21.627 0.0000000000
64112  52.202  -11.040  21.710 0.0000000000
63075  52.260  -11.494  22.380 0.0000000000
57466  41.154  -17.540  31.513 0.0000000000
144762  41.018  -17.050  30.834 0.0000000000
57476  41.912  -17.403  31.905 0.0000000000
130053  42.661  -17.161  32.189 0.0000000000
57456  42.193  -17.685  32.730 0.0000000000
48771  42.252  -24.067  43.362 0.0000000000
49944  42.444  -23.572  42.712 0.0000000000
49935  42.704  -23.295  43.439 0.0000000000
73344  58.848  -1.774  17.598 0.0000000000
136718  58.858  -1.505  16.707 0.0000000000
130308  59.870  -0.666  18.099 0.0000000000
77491  62.967  2.493  10.559 0.0000000000
128973  30.856  -28.346  46.912 0.0000000000
45459  31.729  -28.169  46.867 0.0000000000
45449  31.436  -28.186  47.631 0.0000000000
39893  16.508  -32.321  49.614 0.0000000000
40996  16.969  -31.837  50.197 0.0000000000
72313  55.229  -3.511  16.918 0.0000000000
70275  55.152  -4.585  17.996 0.0000000000
69186  54.851  -5.197  21.563 0.0000000000
139772  55.960  -5.080  22.099 0.0000000000
69195  56.402  -5.628  21.757 0.0000000000
68206  57.999  -6.488  21.222 0.0000000000
68207  57.042  -6.468  21.178 0.0000000000
126361  50.453  -11.850  27.165 0.0000000000
63029  51.168  -11.461  27.217 0.0000000000
63012  51.159  -11.454  28.028 0.0000000000
32796  11.214  -38.582  50.780 0.0000000000
63098  46.149  -11.288  21.709 0.0000000000
63081  46.536  -12.109  22.082 0.0000000000
60784  46.375  -13.608  26.247 0.0000000000
61908  47.507  -12.655  28.490 0.0000000000
61928  46.678  -13.026  28.057 0.0000000000
46688  36.814  -26.235  41.029 0.0000000000
47725  36.769  -26.139  40.255 0.0000000000
47715  38.092  -25.963  41.337 0.0000000000
47706  37.801  -26.029  42.198 0.0000000000
46600  35.272  -26.142  47.126 0.0000000000
46612  35.247  -26.346  46.133 0.0000000000
47643  36.023  -25.557  47.105 0.0000000000
144073  28.639  -31.676  49.642 0.0000000000
41001  28.583  -31.993  48.565 0.0000000000
147841  23.642  -32.335  46.972 0.0000000000
41018  23.425  -32.189  47.764 0.0000000000
41075  18.205  -32.357  44.345 0.0000000000
41074  19.112  -31.991  44.462 0.0000000000
126062  18.729  -32.096  45.183 0.0000000000
41055  19.022  -31.751  45.859 0.0000000000
44304  27.624  -29.034  40.563 0.0000000000
124568  28.669  -28.848  41.620 0.0000000000
42091  28.759  -30.906  47.124 0.0000000000
140598  28.957  -29.931  46.989 0.0000000000
33917  13.207  -37.656  54.972 0.0000000000
148943  13.666  -37.124  55.010 0.0000000000
76354  63.966  1.360  19.988 0.0000000000
75294  64.202  0.944  20.304 0.0000000000
73273  63.776  -1.249  23.529 0.0000000000
73272  64.261  -1.403  23.346 0.0000000000
72245  64.030  -2.091  23.953 0.0000000000
71253  60.070  -3.043  22.737 0.0000000000
138019  60.505  -3.707  23.072 0.0000000000
65067  56.976  -10.073  23.155 0.0000000000
65055  57.886  -9.632  24.614 0.0000000000
65054  58.702  -9.373  24.494 0.0000000000
64991  54.868  -9.938  28.623 0.0000000000
60768  41.682  -14.934  27.336 0.0000000000
58499  45.883  -15.184  32.947 0.0000000000
59596  46.381  -14.524  32.470 0.0000000000
60673  47.058  -14.098  32.788 0.0000000000
50038  36.735  -23.950  35.151 0.0000000000
50055  37.098  -23.484  34.758 0.0000000000
50037  37.463  -23.644  35.417 0.0000000000
52257  42.200  -21.694  37.292 0.0000000000
126263  41.820  -21.828  36.849 0.0000000000
52271  42.285  -21.288  36.663 0.0000000000
53289  42.196  -20.386  36.098 0.0000000000
53288  42.638  -20.514  36.976 0.0000000000
55248  46.515  -18.525  40.888 0.0000000000
56355  45.837  -18.387  39.185 0.0000000000
56354  46.772  -18.058  39.319 0.0000000000
56373  46.395  -17.523  37.734 0.0000000000
147754  47.566  -17.626  39.112 0.0000000000
75350  59.832  0.128  13.245 0.0000000000
75359  60.051  0.819  12.665 0.0000000000
76368  62.779  1.377  19.170 0.0000000000
76367  63.770  1.617  19.011 0.0000000000
141348  66.939  2.462  12.184 0.0000000000
76435  66.985  1.732  11.825 0.0000000000
77430  65.091  2.307  15.316 0.0000000000
137781  65.369  1.740  15.727 0.0000000000
77419  64.973  2.230  16.090 0.0000000000
44164  30.621  -28.570  50.330 0.0000000000
45428  31.098  -28.042  50.240 0.0000000000
38730  15.214  -34.191  49.846 0.0000000000
38723  15.444  -33.451  50.364 0.0000000000
38716  14.886  -33.993  51.777 0.0000000000
37482  14.653  -34.588  53.351 0.0000000000
70246  52.642  -5.482  19.558 0.0000000000
70230  53.371  -5.428  20.316 0.0000000000
62986  50.284  -11.567  30.036 0.0000000000
143069  51.070  -11.383  30.034 0.0000000000
63990  50.853  -11.432  30.582 0.0000000000
142934  8.771  -39.342  51.510 0.0000000000
46742  32.490  -27.260  36.003 0.0000000000
130723  33.007  -26.559  36.113 0.0000000000
45576  33.513  -27.627  37.729 0.0000000000
45556  34.410  -27.803  39.834 0.0000000000
45568  34.395  -27.503  39.115 0.0000000000
141934  34.935  -27.176  39.862 0.0000000000
126837  35.601  -26.756  40.183 0.0000000000
39933  27.384  -32.286  45.659 0.0000000000
39949  25.015  -32.436  44.365 0.0000000000
41049  24.220  -32.440  44.819 0.0000000000
43214  26.110  -30.042  40.592 0.0000000000
43225  26.089  -29.565  39.821 0.0000000000
44268  27.226  -29.193  41.892 0.0000000000
141067  27.059  -29.484  42.084 0.0000000000
41067  27.079  -31.483  44.002 0.0000000000
42144  27.056  -30.811  43.223 0.0000000000
41066  27.591  -31.227  44.484 0.0000000000
41047  27.923  -31.424  45.234 0.0000000000
40963  24.200  -31.882  51.990 0.0000000000
75298  61.326  0.284  19.355 0.0000000000
75281  62.420  0.602  20.477 0.0000000000
74264  61.543  0.131  20.198 0.0000000000
74256  61.813  -0.165  21.085 0.0000000000
74245  61.758  -0.869  21.927 0.0000000000
132344  62.587  -0.574  22.329 0.0000000000
73284  62.269  -1.141  22.698 0.0000000000
69174  61.248  -5.446  23.622 0.0000000000
69173  61.718  -5.448  24.493 0.0000000000
66094  50.341  -8.512  21.288 0.0000000000
66093  51.133  -8.179  21.279 0.0000000000
64100  54.095  -10.914  22.492 0.0000000000
64111  53.579  -10.701  21.750 0.0000000000
150005  55.812  -10.453  23.291 0.0000000000
59654  40.685  -15.314  27.992 0.0000000000
58546  41.322  -15.696  29.417 0.0000000000
59641  42.053  -15.121  29.166 0.0000000000
134137  41.961  -15.657  29.891 0.0000000000
57464  43.624  -16.761  32.359 0.0000000000
130214  43.717  -16.064  31.532 0.0000000000
58509  44.434  -15.965  32.036 0.0000000000
58508  45.181  -15.628  32.508 0.0000000000
49978  39.676  -23.839  39.202 0.0000000000
49990  39.320  -23.558  38.397 0.0000000000
49977  40.369  -23.408  39.557 0.0000000000
51081  42.324  -22.426  41.335 0.0000000000
51097  41.665  -22.353  40.063 0.0000000000
52229  42.046  -21.987  39.869 0.0000000000
52216  42.649  -21.666  40.386 0.0000000000
73350  59.478  -0.768  16.491 0.0000000000
74312  58.693  -0.966  15.162 0.0000000000
75325  60.171  -0.017  16.345 0.0000000000
74287  60.427  -0.160  18.253 0.0000000000
75308  61.083  0.378  18.465 0.0000000000
75307  61.867  0.856  18.782 0.0000000000
148390  66.347  3.149  12.128 0.0000000000
77459  65.872  3.059  12.267 0.0000000000
77460  65.150  2.860  12.795 0.0000000000
77461  64.558  2.607  13.188 0.0000000000
77450  64.487  2.743  13.943 0.0000000000
76413  63.899  2.221  13.649 0.0000000000
44246  31.687  -28.441  43.333 0.0000000000
143759  32.406  -28.331  43.456 0.0000000000
45458  32.617  -27.920  46.752 0.0000000000
140401  32.932  -27.882  46.133 0.0000000000
45457  33.409  -27.554  46.518 0.0000000000
46614  33.889  -27.082  46.992 0.0000000000
46602  33.670  -27.035  47.836 0.0000000000
126826  19.248  -31.688  49.146 0.0000000000
125563  19.023  -31.494  50.228 0.0000000000
40969  18.149  -31.267  51.602 0.0000000000
133895  18.125  -31.327  52.649 0.0000000000
40953  18.647  -31.475  53.257 0.0000000000
150521  18.143  -31.550  53.448 0.0000000000
39870  15.740  -32.655  51.870 0.0000000000
39869  16.272  -32.159  51.543 0.0000000000
135728  16.217  -32.156  52.419 0.0000000000
71282  58.423  -2.826  18.735 0.0000000000
71298  57.783  -3.546  18.654 0.0000000000
71284  56.708  -4.032  19.761 0.0000000000
71273  57.211  -3.364  20.368 0.0000000000
72271  57.554  -2.597  21.928 0.0000000000
72272  56.990  -2.970  21.865 0.0000000000
70259  54.651  -4.929  18.910 0.0000000000
70243  55.281  -4.678  19.641 0.0000000000
70228  55.046  -4.488  20.722 0.0000000000
70208  56.751  -4.232  22.295 0.0000000000
71257  56.622  -3.810  22.153 0.0000000000
69183  57.548  -4.613  22.174 0.0000000000
70207  58.251  -3.856  22.380 0.0000000000
134300  59.774  -5.346  22.218 0.0000000000
67121  60.103  -7.273  22.277 0.0000000000
67120  60.801  -7.141  22.915 0.0000000000
67114  61.020  -7.604  23.667 0.0000000000
67113  61.526  -7.076  24.219 0.0000000000
67101  61.220  -7.764  24.548 0.0000000000
131565  50.836  -12.159  24.145 0.0000000000
131125  51.477  -11.707  24.735 0.0000000000
142434  51.697  -11.376  25.541 0.0000000000
64030  52.560  -10.795  27.554 0.0000000000
64045  52.767  -10.705  26.770 0.0000000000
64014  53.862  -10.197  28.257 0.0000000000
149306  53.682  -10.352  29.203 0.0000000000
63988  52.653  -10.822  30.465 0.0000000000
127393  52.359  -10.873  29.796 0.0000000000
126353  53.882  -10.457  30.977 0.0000000000
144558  54.564  -10.207  30.804 0.0000000000
64950  55.326  -10.043  31.135 0.0000000000
55341  40.048  -18.448  31.192 0.0000000000
54330  40.340  -18.876  31.803 0.0000000000
73365  55.627  -1.371  15.762 0.0000000000
72312  57.051  -3.282  16.955 0.0000000000
72327  56.635  -2.682  16.399 0.0000000000
72311  57.844  -2.981  17.276 0.0000000000
79614  62.215  4.177  9.934 0.0000000000
33945  12.519  -37.566  49.767 0.0000000000
33930  13.443  -37.527  51.128 0.0000000000
33936  12.744  -37.866  50.621 0.0000000000
32790  12.254  -38.499  52.161 0.0000000000
33921  12.738  -37.787  53.600 0.0000000000
31703  10.118  -40.111  52.404 0.0000000000
31702  10.913  -39.566  52.323 0.0000000000
135701  10.690  -40.112  53.109 0.0000000000
65092  48.712  -9.523  21.241 0.0000000000
138530  47.132  -10.045  21.287 0.0000000000
64117  47.604  -10.732  21.407 0.0000000000
63096  48.488  -11.256  21.500 0.0000000000
127086  49.031  -12.026  21.922 0.0000000000
63078  49.585  -12.396  22.486 0.0000000000
130853  48.176  -12.824  23.273 0.0000000000
61987  48.798  -12.792  23.689 0.0000000000
61957  49.463  -12.556  25.068 0.0000000000
148720  46.140  -13.339  23.162 0.0000000000
61989  46.653  -13.129  23.210 0.0000000000
61944  47.772  -12.969  26.629 0.0000000000
61959  47.964  -13.022  25.709 0.0000000000
63032  49.132  -12.347  26.932 0.0000000000
63015  48.904  -12.353  27.827 0.0000000000
143822  49.336  -12.162  28.377 0.0000000000
63001  48.687  -12.321  28.617 0.0000000000
62976  48.149  -12.467  29.835 0.0000000000
62988  48.998  -12.165  29.775 0.0000000000
62975  48.835  -12.266  30.280 0.0000000000
62953  50.036  -12.045  31.973 0.0000000000
50057  35.545  -23.992  34.361 0.0000000000
48854  35.532  -24.563  35.179 0.0000000000
47757  34.038  -26.134  36.896 0.0000000000
47756  34.765  -25.850  37.106 0.0000000000
47754  36.201  -25.283  37.710 0.0000000000
48818  36.961  -25.085  38.038 0.0000000000
48826  36.704  -24.827  37.227 0.0000000000
48817  37.715  -24.841  38.347 0.0000000000
48816  38.400  -24.557  38.657 0.0000000000
48809  38.026  -25.144  39.129 0.0000000000
47713  39.701  -25.763  41.849 0.0000000000
47722  39.715  -25.431  40.897 0.0000000000
126847  40.560  -25.505  42.259 0.0000000000
47691  41.215  -25.157  42.716 0.0000000000
48773  41.151  -25.017  43.604 0.0000000000
127124  33.839  -27.974  43.101 0.0000000000
45490  34.325  -27.698  43.482 0.0000000000
46651  35.608  -26.985  43.703 0.0000000000
46638  36.040  -26.604  44.133 0.0000000000
46650  36.236  -26.652  43.424 0.0000000000
47679  36.548  -26.312  44.056 0.0000000000
48740  38.776  -24.650  46.680 0.0000000000
48741  37.911  -24.935  46.417 0.0000000000
47658  38.046  -25.346  45.137 0.0000000000
47678  37.624  -25.727  44.548 0.0000000000
47677  38.447  -25.583  44.402 0.0000000000
47694  38.857  -25.784  43.588 0.0000000000
47657  38.885  -25.219  45.060 0.0000000000
146978  41.446  -23.896  45.533 0.0000000000
42062  29.499  -30.337  51.379 0.0000000000
42063  28.919  -31.025  51.290 0.0000000000
39865  27.991  -32.401  51.241 0.0000000000
39866  27.469  -32.711  51.787 0.0000000000
39876  27.419  -32.766  50.767 0.0000000000
39911  26.984  -32.735  47.153 0.0000000000
138591  27.431  -32.806  47.847 0.0000000000
133795  26.531  -32.870  47.869 0.0000000000
141928  25.474  -32.771  48.968 0.0000000000
39900  26.043  -32.914  48.676 0.0000000000
39891  25.738  -32.802  49.584 0.0000000000
40978  25.233  -32.359  50.893 0.0000000000
39879  24.880  -32.334  50.069 0.0000000000
142879  22.837  -32.062  48.288 0.0000000000
143718  22.680  -31.994  48.990 0.0000000000
143963  22.527  -31.882  49.827 0.0000000000
125112  21.192  -31.827  42.468 0.0000000000
125113  22.120  -31.921  42.458 0.0000000000
41109  19.649  -31.598  42.142 0.0000000000
41110  19.201  -31.731  42.750 0.0000000000
41073  19.907  -31.703  44.801 0.0000000000
41072  20.809  -31.636  44.811 0.0000000000
41052  21.126  -31.674  45.593 0.0000000000
126128  20.146  -31.756  47.067 0.0000000000
41006  20.463  -31.895  48.472 0.0000000000
125115  19.912  -31.826  47.855 0.0000000000
41007  19.188  -31.814  48.151 0.0000000000
39914  17.635  -32.312  47.484 0.0000000000
39902  17.362  -32.135  48.384 0.0000000000
39938  16.930  -33.353  45.256 0.0000000000
38746  15.984  -34.246  46.512 0.0000000000
38741  16.144  -33.913  47.553 0.0000000000
36288  14.463  -35.422  47.128 0.0000000000
138605  13.792  -36.182  48.154 0.0000000000
36269  12.998  -36.224  47.914 0.0000000000
35102  11.527  -36.493  48.401 0.0000000000
44374  30.755  -29.043  36.072 0.0000000000
44373  31.614  -28.723  36.237 0.0000000000
44349  31.584  -29.341  37.635 0.0000000000
131241  28.314  -28.880  36.772 0.0000000000
44351  29.325  -29.093  36.785 0.0000000000
135643  28.824  -29.055  37.578 0.0000000000
128049  29.473  -29.199  40.318 0.0000000000
44301  30.376  -29.439  40.167 0.0000000000
43223  31.239  -29.607  39.869 0.0000000000
44283  31.158  -29.002  41.622 0.0000000000
139171  30.371  -29.189  41.046 0.0000000000
45495  29.341  -28.446  43.681 0.0000000000
45506  29.949  -28.429  43.086 0.0000000000
45485  29.573  -28.406  44.545 0.0000000000
43195  27.769  -29.196  43.669 0.0000000000
44248  28.271  -28.719  43.778 0.0000000000
44226  28.388  -28.965  44.814 0.0000000000
43160  29.234  -29.210  46.846 0.0000000000
44216  29.113  -28.921  46.241 0.0000000000
150388  29.474  -28.871  46.807 0.0000000000
44215  29.517  -28.740  46.475 0.0000000000
44190  29.935  -28.931  48.169 0.0000000000
44191  29.532  -29.241  48.208 0.0000000000
147014  29.322  -29.819  50.103 0.0000000000
141626  30.001  -29.828  51.365 0.0000000000
40929  29.156  -32.093  53.088 0.0000000000
40966  21.197  -31.377  52.108 0.0000000000
40951  20.593  -31.472  53.070 0.0000000000
35063  13.831  -36.875  51.689 0.0000000000
36191  14.488  -36.052  54.996 0.0000000000
36195  14.294  -35.973  54.357 0.0000000000
36194  14.776  -35.270  54.890 0.0000000000
37450  15.406  -34.982  55.381 0.0000000000
75268  63.998  0.582  21.510 0.0000000000
75257  64.140  0.204  21.948 0.0000000000
133904  64.484  -1.708  22.696 0.0000000000
73310  59.502  -1.471  20.631 0.0000000000
73299  59.376  -1.768  21.592 0.0000000000
72249  61.415  -2.425  23.320 0.0000000000
73276  61.146  -2.049  22.791 0.0000000000
73275  61.982  -1.772  23.231 0.0000000000
71238  61.952  -3.605  24.617 0.0000000000
71228  63.178  -3.192  25.739 0.0000000000
71227  63.320  -2.850  25.264 0.0000000000
71236  63.614  -2.952  25.170 0.0000000000
128408  63.932  -3.377  24.647 0.0000000000
69207  51.076  -5.721  20.283 0.0000000000
69206  52.018  -5.765  20.535 0.0000000000
69197  53.228  -5.717  21.187 0.0000000000
129583  53.520  -6.530  21.507 0.0000000000
135108  52.582  -8.091  21.062 0.0000000000
66090  54.223  -8.822  20.705 0.0000000000
134478  57.225  -9.502  21.851 0.0000000000
66089  56.249  -8.931  20.880 0.0000000000
65083  57.143  -8.999  21.258 0.0000000000
66088  56.929  -8.220  20.792 0.0000000000
127374  57.771  -8.448  21.148 0.0000000000
66087  58.388  -8.510  21.578 0.0000000000
66080  58.837  -8.774  22.274 0.0000000000
65053  59.270  -9.125  24.905 0.0000000000
66047  60.657  -8.339  24.962 0.0000000000
132736  53.426  -11.038  24.067 0.0000000000
64074  53.645  -10.720  24.829 0.0000000000
65019  55.544  -9.712  26.332 0.0000000000
65042  54.906  -9.990  25.868 0.0000000000
65040  56.229  -9.669  25.811 0.0000000000
65999  58.656  -8.717  28.619 0.0000000000
66015  57.923  -9.065  27.922 0.0000000000
65017  58.089  -9.035  27.028 0.0000000000
130411  42.990  -14.562  26.448 0.0000000000
144764  43.818  -14.275  26.123 0.0000000000
60787  43.790  -14.203  26.818 0.0000000000
59640  42.852  -14.621  29.349 0.0000000000
60735  43.253  -14.204  28.907 0.0000000000
59639  43.539  -14.276  29.539 0.0000000000
60716  45.598  -13.755  30.202 0.0000000000
60733  44.742  -13.647  29.490 0.0000000000
60732  45.259  -13.370  29.334 0.0000000000
61910  45.230  -13.290  28.738 0.0000000000
147860  45.776  -13.170  29.204 0.0000000000
61892  46.458  -13.028  29.352 0.0000000000
61874  46.809  -13.144  29.942 0.0000000000
60672  47.799  -13.598  33.026 0.0000000000
61842  48.023  -13.124  32.032 0.0000000000
61830  48.408  -13.105  32.795 0.0000000000
61829  48.995  -12.884  33.074 0.0000000000
61818  49.171  -13.116  33.910 0.0000000000
51150  39.773  -22.675  37.195 0.0000000000
51164  38.904  -22.822  35.955 0.0000000000
51163  39.750  -22.499  36.275 0.0000000000
124464  40.307  -21.790  34.722 0.0000000000
143420  39.351  -22.141  34.658 0.0000000000
129976  39.448  -21.668  33.360 0.0000000000
52321  39.520  -21.327  32.705 0.0000000000
53325  40.163  -20.895  32.835 0.0000000000
54299  41.474  -19.638  34.508 0.0000000000
54300  41.144  -19.611  33.746 0.0000000000
55319  41.571  -18.847  34.140 0.0000000000
55327  41.666  -18.464  33.686 0.0000000000
141544  41.922  -18.634  34.409 0.0000000000
51049  43.380  -21.998  43.899 0.0000000000
52151  43.770  -21.265  44.325 0.0000000000
131402  44.296  -20.410  43.321 0.0000000000
53218  43.974  -20.819  42.868 0.0000000000
53229  43.761  -20.840  41.996 0.0000000000
147343  43.543  -21.090  41.485 0.0000000000
134339  43.875  -20.760  41.299 0.0000000000
55256  45.469  -19.114  40.552 0.0000000000
55250  45.362  -19.280  41.379 0.0000000000
54255  44.766  -19.596  40.000 0.0000000000
54256  44.381  -20.019  39.828 0.0000000000
55264  44.500  -19.264  39.061 0.0000000000
53273  43.357  -19.422  38.003 0.0000000000
55276  44.058  -18.705  38.278 0.0000000000
56374  44.743  -17.861  37.297 0.0000000000
144138  43.912  -18.130  37.267 0.0000000000
56383  43.575  -18.144  36.462 0.0000000000
135900  43.327  -18.175  35.606 0.0000000000
56391  44.109  -17.811  35.742 0.0000000000
57446  43.461  -17.684  34.240 0.0000000000
57423  45.000  -17.457  35.861 0.0000000000
57421  46.576  -16.751  36.209 0.0000000000
57422  45.895  -17.143  36.117 0.0000000000
57432  46.334  -16.544  35.592 0.0000000000
58471  46.963  -16.191  35.943 0.0000000000
56353  48.226  -17.380  39.471 0.0000000000
128744  48.947  -16.850  39.944 0.0000000000
58449  48.977  -15.936  38.489 0.0000000000
58469  48.286  -15.415  36.816 0.0000000000
59546  48.031  -15.081  36.005 0.0000000000
59545  48.680  -14.625  36.433 0.0000000000
59558  48.413  -14.340  35.639 0.0000000000
78606  61.005  4.130  10.810 0.0000000000
75352  57.762  0.715  13.488 0.0000000000
76439  61.109  1.789  11.869 0.0000000000
76438  61.961  1.455  11.775 0.0000000000
76415  62.558  1.461  14.419 0.0000000000
75347  62.552  1.025  13.547 0.0000000000
76407  62.896  2.125  14.922 0.0000000000
75332  60.863  0.700  16.000 0.0000000000
76399  61.460  1.078  15.552 0.0000000000
142035  61.556  1.323  16.052 0.0000000000
76383  63.204  2.038  17.516 0.0000000000
77422  62.993  2.318  16.691 0.0000000000
77421  63.727  2.551  16.576 0.0000000000
77413  64.326  2.350  17.148 0.0000000000
76382  64.219  2.114  17.785 0.0000000000
130219  64.460  1.359  18.141 0.0000000000
78601  66.246  3.594  10.519 0.0000000000
130893  66.718  4.073  9.843 0.0000000000
44147  31.091  -29.242  52.053 0.0000000000
128382  14.912  -34.743  50.107 0.0000000000
37503  14.705  -35.060  50.648 0.0000000000
142253  50.442  -11.726  31.638 0.0000000000
62961  51.075  -11.523  31.725 0.0000000000
45570  33.169  -28.451  38.141 0.0000000000
44327  33.401  -28.645  38.978 0.0000000000
45539  34.033  -28.300  40.198 0.0000000000
45538  34.584  -27.791  40.589 0.0000000000
41085  26.481  -31.809  43.504 0.0000000000
39947  26.493  -32.090  44.182 0.0000000000
145249  25.098  -32.338  43.497 0.0000000000
42183  25.466  -30.254  39.690 0.0000000000
43207  26.354  -30.226  41.359 0.0000000000
43206  26.705  -30.004  41.966 0.0000000000
42154  26.378  -30.902  41.833 0.0000000000
41105  26.303  -31.536  42.640 0.0000000000
124889  23.097  -31.845  50.452 0.0000000000
40964  23.345  -31.664  52.239 0.0000000000
125631  22.720  -31.660  51.468 0.0000000000
127072  22.648  -31.530  52.517 0.0000000000
40949  22.202  -31.548  53.280 0.0000000000
74278  60.953  -0.247  19.871 0.0000000000
74279  60.293  -0.857  19.987 0.0000000000
73309  60.189  -1.189  21.058 0.0000000000
69165  61.964  -5.318  25.444 0.0000000000
145341  51.011  -10.097  21.098 0.0000000000
65089  51.637  -9.843  21.077 0.0000000000
64113  51.473  -10.711  21.402 0.0000000000
63074  52.899  -11.190  21.996 0.0000000000
64087  53.635  -11.141  23.250 0.0000000000
57488  41.168  -16.522  30.432 0.0000000000
58519  42.409  -16.399  31.003 0.0000000000
146890  42.320  -16.903  31.538 0.0000000000
57454  43.819  -17.167  33.475 0.0000000000
48791  40.948  -24.516  41.133 0.0000000000
49966  40.740  -23.830  40.372 0.0000000000
49955  41.294  -23.643  40.974 0.0000000000
49953  42.385  -23.062  42.016 0.0000000000
51064  42.620  -22.474  41.931 0.0000000000
73351  58.039  -1.817  16.081 0.0000000000
149889  58.158  -1.261  15.509 0.0000000000
128949  59.926  -0.300  16.947 0.0000000000
77490  64.032  2.374  10.558 0.0000000000
77475  64.435  2.166  11.402 0.0000000000
76436  64.002  1.716  11.844 0.0000000000
76437  63.142  1.311  11.948 0.0000000000
45483  31.361  -28.326  44.779 0.0000000000
45482  32.337  -28.241  44.755 0.0000000000
45470  31.742  -28.265  45.511 0.0000000000
41009  17.816  -31.823  48.902 0.0000000000
40982  18.258  -31.426  50.533 0.0000000000
40995  17.655  -31.664  49.849 0.0000000000
71315  56.585  -3.924  17.527 0.0000000000
70242  56.108  -4.502  19.188 0.0000000000
70229  54.259  -4.991  20.542 0.0000000000
70210  55.394  -4.721  21.685 0.0000000000
69184  56.585  -4.881  22.163 0.0000000000
69193  58.297  -5.647  21.692 0.0000000000
69192  59.109  -5.763  21.803 0.0000000000
68205  58.867  -6.497  21.511 0.0000000000
67127  59.349  -7.313  21.710 0.0000000000
66079  59.584  -8.103  22.252 0.0000000000
63047  51.043  -11.703  25.589 0.0000000000
124787  51.487  -11.381  26.292 0.0000000000
64016  52.398  -10.884  28.348 0.0000000000
71326  56.055  -3.319  16.797 0.0000000000
136485  11.779  -37.966  50.176 0.0000000000
32784  11.688  -39.010  52.835 0.0000000000
63079  48.216  -12.082  22.036 0.0000000000
63080  47.406  -12.116  22.094 0.0000000000
61988  47.452  -12.937  23.282 0.0000000000
130704  46.000  -13.734  24.719 0.0000000000
60830  46.651  -13.467  24.576 0.0000000000
60812  46.576  -13.566  25.337 0.0000000000
61927  47.579  -12.839  27.599 0.0000000000
61907  48.168  -12.528  28.112 0.0000000000
62989  47.707  -12.555  29.164 0.0000000000
46716  35.323  -26.341  38.572 0.0000000000
47743  35.762  -25.855  38.151 0.0000000000
47732  35.951  -26.095  38.964 0.0000000000
47731  36.676  -25.899  39.359 0.0000000000
130264  37.584  -25.759  39.786 0.0000000000
47730  38.471  -25.415  39.819 0.0000000000
47724  38.288  -25.771  40.515 0.0000000000
47705  39.242  -25.886  42.737 0.0000000000
46652  34.844  -27.274  44.112 0.0000000000
46625  35.409  -26.534  45.296 0.0000000000
47661  35.910  -26.054  45.754 0.0000000000
48729  38.580  -24.419  47.690 0.0000000000
127763  39.301  -24.842  45.785 0.0000000000
140659  28.833  -31.063  50.422 0.0000000000
39913  25.096  -32.702  47.045 0.0000000000
136717  25.639  -32.762  47.833 0.0000000000
142814  24.910  -32.564  47.830 0.0000000000
129452  24.336  -32.361  48.382 0.0000000000
40990  24.148  -32.173  49.341 0.0000000000
41019  22.499  -32.004  47.629 0.0000000000
142724  20.419  -31.752  42.531 0.0000000000
41091  19.194  -31.903  43.404 0.0000000000
148349  19.174  -31.976  43.910 0.0000000000
41054  19.749  -31.683  45.649 0.0000000000
41035  18.698  -31.837  46.743 0.0000000000
130859  18.035  -32.200  46.683 0.0000000000
39925  17.551  -32.641  46.688 0.0000000000
37536  15.261  -34.693  46.289 0.0000000000
148656  30.444  -28.852  35.413 0.0000000000
126334  30.256  -29.250  36.771 0.0000000000
44332  28.289  -28.997  38.340 0.0000000000
44331  29.222  -29.218  38.369 0.0000000000
131818  28.633  -29.061  39.141 0.0000000000
44318  28.871  -29.083  39.869 0.0000000000
44302  29.461  -29.029  41.208 0.0000000000
44284  30.097  -28.852  41.824 0.0000000000
44285  29.250  -28.754  42.086 0.0000000000
45507  29.200  -28.566  42.860 0.0000000000
45496  28.620  -28.607  43.349 0.0000000000
42114  28.342  -30.347  45.557 0.0000000000
43172  28.341  -29.474  45.161 0.0000000000
43146  29.251  -29.493  47.685 0.0000000000
146720  29.194  -29.791  48.689 0.0000000000
43118  29.014  -30.394  49.698 0.0000000000
35044  13.272  -37.234  53.773 0.0000000000
35038  13.993  -36.604  54.794 0.0000000000
74243  63.874  -0.214  22.563 0.0000000000
74242  64.243  -0.292  22.384 0.0000000000
74236  64.130  -0.697  23.001 0.0000000000
146017  58.395  -2.222  21.930 0.0000000000
72270  59.105  -2.229  22.075 0.0000000000
72258  59.602  -2.485  22.351 0.0000000000
70178  62.825  -4.046  26.567 0.0000000000
69199  51.530  -6.084  20.801 0.0000000000
64109  55.216  -10.322  21.872 0.0000000000
65085  55.491  -9.851  21.453 0.0000000000
65076  56.025  -10.103  21.930 0.0000000000
65074  57.518  -9.692  22.532 0.0000000000
65073  58.280  -9.402  22.797 0.0000000000
143953  58.941  -9.166  23.102 0.0000000000
65065  58.497  -9.470  23.735 0.0000000000
66049  59.125  -9.023  25.823 0.0000000000
64028  54.044  -10.071  27.155 0.0000000000
64043  54.173  -10.137  26.254 0.0000000000
65004  55.537  -9.628  27.226 0.0000000000
65003  56.304  -9.417  27.678 0.0000000000
65998  59.523  -8.314  28.378 0.0000000000
129032  42.105  -14.892  25.920 0.0000000000
59611  44.781  -14.860  31.017 0.0000000000
59625  44.509  -14.447  30.393 0.0000000000
59610  45.469  -14.619  31.338 0.0000000000
60700  45.957  -14.104  30.839 0.0000000000
60699  46.652  -13.743  31.174 0.0000000000
60698  47.325  -13.398  31.536 0.0000000000
60686  46.855  -13.940  31.980 0.0000000000
60660  47.952  -13.842  34.022 0.0000000000
52273  40.683  -22.145  36.152 0.0000000000
52285  41.037  -21.779  35.365 0.0000000000
52298  41.160  -21.279  34.648 0.0000000000
53312  41.115  -20.526  34.133 0.0000000000
52284  41.790  -21.082  35.362 0.0000000000
54292  41.811  -19.883  35.250 0.0000000000
53192  44.086  -20.719  44.588 0.0000000000
54214  44.314  -20.290  44.507 0.0000000000
54213  44.650  -19.731  44.494 0.0000000000
54222  44.618  -19.888  43.454 0.0000000000
55275  44.613  -18.719  38.670 0.0000000000
56356  45.153  -18.633  38.999 0.0000000000
126170  45.035  -17.945  37.958 0.0000000000
56381  45.270  -17.560  36.632 0.0000000000
57411  45.639  -17.615  37.319 0.0000000000
57409  47.170  -17.043  37.422 0.0000000000
74321  58.805  -0.412  13.993 0.0000000000
75351  58.757  0.233  13.442 0.0000000000
75358  60.869  0.806  12.599 0.0000000000
75348  61.963  0.753  14.067 0.0000000000
132904  61.841  1.470  17.056 0.0000000000
124618  62.439  1.652  17.672 0.0000000000
76373  63.875  1.956  18.161 0.0000000000
147169  63.981  1.772  18.604 0.0000000000
78590  67.082  3.349  11.354 0.0000000000
76434  67.323  2.287  11.489 0.0000000000
142005  67.250  1.578  11.087 0.0000000000
77440  65.414  2.401  14.493 0.0000000000
76396  65.453  1.887  15.069 0.0000000000
75331  65.402  0.456  15.751 0.0000000000
139734  30.644  -28.481  48.304 0.0000000000
45439  31.211  -28.145  48.507 0.0000000000
127115  31.172  -27.973  49.426 0.0000000000
45427  31.686  -27.617  50.150 0.0000000000
44155  31.417  -28.520  51.750 0.0000000000
39894  15.921  -32.810  49.972 0.0000000000
38724  14.979  -34.189  50.759 0.0000000000
38704  15.288  -33.208  52.345 0.0000000000
132893  15.507  -33.396  54.382 0.0000000000
38680  15.287  -33.984  54.714 0.0000000000
70260  53.711  -5.062  18.685 0.0000000000
70245  53.975  -5.174  19.666 0.0000000000
70217  54.060  -5.153  20.885 0.0000000000
68200  55.064  -5.670  21.627 0.0000000000
62999  50.694  -11.580  28.619 0.0000000000
64017  51.565  -11.253  28.694 0.0000000000
64003  50.882  -11.456  29.385 0.0000000000
63989  51.737  -11.146  30.402 0.0000000000
126357  52.238  -11.075  31.075 0.0000000000
63966  51.900  -11.335  31.718 0.0000000000
63973  52.692  -11.120  31.675 0.0000000000
31708  10.666  -39.169  51.297 0.0000000000
32792  9.642  -39.144  51.145 0.0000000000
31704  8.625  -39.948  52.150 0.0000000000
30670  9.283  -40.520  52.507 0.0000000000
30655  9.723  -40.940  54.275 0.0000000000
60831  45.422  -13.789  24.063 0.0000000000
125540  45.221  -13.959  24.952 0.0000000000
60785  45.531  -13.819  26.429 0.0000000000
46741  33.506  -26.524  36.660 0.0000000000
46728  34.468  -26.408  37.595 0.0000000000
46718  34.278  -27.112  38.185 0.0000000000
147770  34.814  -26.555  38.211 0.0000000000
46703  35.455  -26.579  39.383 0.0000000000
46689  36.145  -26.533  40.840 0.0000000000
46675  36.606  -26.427  41.700 0.0000000000
137793  28.545  -31.672  47.214 0.0000000000
39909  28.385  -32.259  47.699 0.0000000000
39920  28.205  -32.133  46.864 0.0000000000
39921  27.560  -32.465  46.523 0.0000000000
39922  26.561  -32.663  46.286 0.0000000000
39948  25.929  -32.417  44.810 0.0000000000
39935  25.760  -32.630  45.728 0.0000000000
39923  25.671  -32.730  46.461 0.0000000000
39924  24.981  -32.655  46.123 0.0000000000
41031  24.202  -32.502  45.693 0.0000000000
139779  17.879  -32.286  43.343 0.0000000000
39951  16.609  -33.155  44.300 0.0000000000
44320  26.688  -29.086  39.395 0.0000000000
44305  26.989  -29.109  40.319 0.0000000000
138964  27.388  -29.067  41.070 0.0000000000
126901  27.841  -28.784  42.223 0.0000000000
44250  27.431  -29.223  42.581 0.0000000000
43196  27.492  -29.745  43.519 0.0000000000
42115  27.999  -30.368  44.742 0.0000000000
41046  28.375  -31.217  45.902 0.0000000000
75296  62.836  1.150  19.987 0.0000000000
75280  63.409  1.024  20.567 0.0000000000
146230  63.292  0.265  21.686 0.0000000000
74244  63.254  -0.149  22.206 0.0000000000
73283  63.142  -0.724  22.902 0.0000000000
73274  63.301  -1.265  23.542 0.0000000000
70198  61.503  -4.519  24.154 0.0000000000
70179  62.292  -4.328  25.967 0.0000000000
132585  50.382  -7.151  21.277 0.0000000000
66091  52.859  -8.984  20.865 0.0000000000
65088  52.410  -9.774  21.073 0.0000000000
65087  53.232  -9.980  21.133 0.0000000000
131085  53.964  -10.126  21.276 0.0000000000
64098  55.594  -10.479  22.600 0.0000000000
64084  56.306  -10.231  23.728 0.0000000000
64960  55.756  -9.680  30.008 0.0000000000
60751  41.296  -15.096  27.828 0.0000000000
60750  42.137  -14.749  27.993 0.0000000000
59653  41.855  -14.965  28.437 0.0000000000
141457  43.193  -14.724  29.895 0.0000000000
58518  43.136  -15.974  30.952 0.0000000000
150205  43.700  -15.534  31.009 0.0000000000
59612  44.069  -15.034  30.719 0.0000000000
59598  44.962  -15.200  31.755 0.0000000000
147605  46.127  -15.458  33.778 0.0000000000
50016  38.478  -23.625  37.127 0.0000000000
50003  39.187  -23.201  37.568 0.0000000000
51132  39.896  -22.911  37.996 0.0000000000
51098  41.078  -22.863  39.952 0.0000000000
51112  40.724  -22.667  39.103 0.0000000000
51149  40.534  -22.321  37.656 0.0000000000
51130  41.148  -22.146  38.495 0.0000000000
134600  42.172  -21.838  38.056 0.0000000000
52240  42.896  -21.558  38.542 0.0000000000
74322  57.309  -0.204  14.439 0.0000000000
137074  58.309  -0.617  14.465 0.0000000000
140233  60.191  -0.353  14.673 0.0000000000
75319  60.350  0.157  16.996 0.0000000000
76384  61.248  0.966  17.085 0.0000000000
75317  61.626  1.044  17.820 0.0000000000
78602  64.669  2.992  9.940 0.0000000000
131441  65.533  3.149  10.514 0.0000000000
78591  66.468  3.324  11.498 0.0000000000
77473  66.700  3.144  12.010 0.0000000000
147597  66.743  2.892  12.334 0.0000000000
76421  66.564  1.969  12.689 0.0000000000
77448  66.098  2.505  13.249 0.0000000000
77439  65.586  2.547  13.788 0.0000000000
149362  64.959  2.909  13.460 0.0000000000
78565  65.224  2.756  14.071 0.0000000000
136482  64.471  2.714  14.537 0.0000000000
77442  64.116  2.707  15.174 0.0000000000
44282  32.316  -28.821  41.776 0.0000000000
138921  33.295  -28.668  41.400 0.0000000000
44281  33.139  -28.499  42.273 0.0000000000
44245  33.139  -28.239  43.133 0.0000000000
45491  33.607  -27.916  43.749 0.0000000000
45469  32.718  -28.096  45.506 0.0000000000
45481  33.393  -27.917  44.673 0.0000000000
45480  34.286  -27.419  44.873 0.0000000000
46627  34.077  -27.228  46.302 0.0000000000
46613  34.592  -26.711  46.611 0.0000000000
45438  32.012  -27.774  48.293 0.0000000000
46587  32.563  -27.355  48.776 0.0000000000
45437  32.843  -27.412  48.068 0.0000000000
46569  33.437  -26.646  49.729 0.0000000000
46586  33.365  -26.958  48.783 0.0000000000
41138  24.335  -31.781  40.533 0.0000000000
40980  20.268  -31.611  50.712 0.0000000000
40981  19.611  -31.468  51.027 0.0000000000
40968  19.445  -31.265  52.109 0.0000000000
40952  19.282  -31.414  53.037 0.0000000000
39880  16.363  -32.222  50.551 0.0000000000
39858  16.562  -31.997  53.419 0.0000000000
40955  17.191  -31.727  53.458 0.0000000000
40954  17.587  -31.533  53.012 0.0000000000
72310  58.427  -2.569  17.787 0.0000000000
137873  58.958  -2.072  19.153 0.0000000000
72289  58.449  -2.528  19.743 0.0000000000
150108  58.361  -2.204  20.562 0.0000000000
143876  57.406  -3.756  19.365 0.0000000000
72290  57.877  -2.711  20.465 0.0000000000
72281  57.991  -2.314  21.302 0.0000000000
72260  57.884  -2.729  22.217 0.0000000000
71254  59.005  -3.171  22.510 0.0000000000
70258  55.467  -4.700  18.753 0.0000000000
71258  55.980  -4.127  21.768 0.0000000000
71275  55.904  -3.891  21.272 0.0000000000
71264  56.550  -3.482  21.861 0.0000000000
71256  57.213  -3.144  22.193 0.0000000000
70205  60.168  -4.468  22.719 0.0000000000
69181  60.609  -5.416  22.876 0.0000000000
68191  61.502  -6.306  23.920 0.0000000000
68197  60.398  -6.341  22.468 0.0000000000
67100  61.673  -7.078  25.096 0.0000000000
63076  51.595  -11.826  22.748 0.0000000000
63065  52.261  -11.653  23.226 0.0000000000
63057  52.217  -11.499  24.146 0.0000000000
64062  52.927  -10.830  25.386 0.0000000000
63046  52.285  -10.991  26.012 0.0000000000
127848  53.007  -10.675  26.108 0.0000000000
64044  53.473  -10.388  26.580 0.0000000000
64977  54.957  -9.948  29.533 0.0000000000
64001  52.292  -10.909  29.118 0.0000000000
128462  53.003  -10.560  28.871 0.0000000000
63987  53.366  -10.556  30.501 0.0000000000
147504  55.564  -9.841  30.588 0.0000000000
56440  40.122  -17.710  30.683 0.0000000000
56430  40.573  -17.858  31.383 0.0000000000
56419  40.996  -18.057  32.103 0.0000000000
51035  42.637  -22.766  45.452 0.0000000000
51042  42.861  -22.864  44.340 0.0000000000
145722  43.444  -21.505  45.968 0.0000000000
73353  56.197  -2.065  16.001 0.0000000000
73352  57.063  -2.064  15.923 0.0000000000
78604  62.526  3.333  10.190 0.0000000000
78605  61.716  3.735  10.498 0.0000000000
33924  13.319  -37.437  52.112 0.0000000000
35054  13.120  -37.390  52.972 0.0000000000
143400  12.914  -37.740  54.475 0.0000000000
32778  11.728  -38.859  54.017 0.0000000000
32772  11.989  -38.954  54.773 0.0000000000
32771  12.663  -38.354  54.941 0.0000000000
66095  49.497  -8.814  21.266 0.0000000000
65091  49.609  -9.764  21.171 0.0000000000
64115  49.902  -10.621  21.275 0.0000000000
63094  50.295  -11.469  21.654 0.0000000000
63095  49.420  -11.326  21.524 0.0000000000
63077  50.272  -12.150  22.339 0.0000000000
61985  50.096  -12.470  22.965 0.0000000000
61971  50.165  -12.448  23.718 0.0000000000
61995  48.751  -12.566  22.734 0.0000000000
63058  50.154  -12.337  24.608 0.0000000000
63048  50.208  -12.146  25.611 0.0000000000
128405  47.980  -13.004  24.109 0.0000000000
60811  47.379  -13.267  24.951 0.0000000000
125746  48.174  -13.027  24.966 0.0000000000
63000  49.964  -11.878  28.506 0.0000000000
62987  49.633  -11.842  29.741 0.0000000000
62973  50.216  -11.626  30.657 0.0000000000
62963  49.890  -11.850  31.163 0.0000000000
62943  50.236  -12.238  32.811 0.0000000000
50071  35.452  -23.636  33.397 0.0000000000
50039  36.113  -24.178  34.911 0.0000000000
50017  37.012  -24.174  35.919 0.0000000000
47789  33.379  -25.590  35.254 0.0000000000
47788  33.988  -25.432  35.638 0.0000000000
48842  34.746  -25.016  35.634 0.0000000000
47755  35.483  -25.564  37.381 0.0000000000
47769  35.149  -25.289  36.582 0.0000000000
48841  35.686  -24.856  36.041 0.0000000000
48840  36.484  -24.653  36.387 0.0000000000
48839  37.202  -24.356  36.760 0.0000000000
49992  38.159  -24.175  37.883 0.0000000000
49979  39.003  -24.198  38.944 0.0000000000
48807  39.364  -24.563  39.552 0.0000000000
47723  39.033  -25.484  40.387 0.0000000000
48798  39.600  -24.977  40.185 0.0000000000
48797  40.298  -24.778  40.613 0.0000000000
48783  41.177  -25.001  41.862 0.0000000000
48772  41.775  -24.686  43.127 0.0000000000
140614  33.885  -28.255  41.905 0.0000000000
45521  34.606  -27.835  41.550 0.0000000000
46677  35.197  -27.378  42.160 0.0000000000
46665  35.020  -27.353  43.145 0.0000000000
46663  36.424  -26.590  42.560 0.0000000000
47707  37.044  -26.205  42.377 0.0000000000
129981  36.346  -25.632  46.347 0.0000000000
47660  36.603  -25.780  45.518 0.0000000000
128283  36.874  -25.925  44.705 0.0000000000
130972  37.203  -26.048  43.897 0.0000000000
47695  37.495  -26.028  43.051 0.0000000000
126289  38.335  -25.921  42.884 0.0000000000
47693  39.751  -25.711  43.439 0.0000000000
139164  39.751  -25.029  44.971 0.0000000000
48764  40.479  -24.818  44.949 0.0000000000
47675  40.327  -25.239  44.140 0.0000000000
130437  41.102  -24.709  44.506 0.0000000000
48751  41.710  -24.043  44.889 0.0000000000
142785  42.300  -23.405  44.911 0.0000000000
40945  29.582  -31.395  52.754 0.0000000000
146450  29.005  -31.682  52.737 0.0000000000
40961  28.578  -31.847  51.983 0.0000000000
144894  28.006  -32.664  48.416 0.0000000000
39889  27.596  -32.769  49.278 0.0000000000
39890  26.724  -32.964  49.413 0.0000000000
130104  27.345  -32.902  49.982 0.0000000000
39868  25.981  -32.661  51.372 0.0000000000
129603  24.521  -31.988  50.976 0.0000000000
40992  21.247  -31.801  49.859 0.0000000000
41122  24.105  -32.082  41.459 0.0000000000
41108  23.877  -32.257  42.272 0.0000000000
41087  23.550  -32.229  43.088 0.0000000000
41069  23.167  -32.042  43.898 0.0000000000
41070  22.820  -32.015  44.696 0.0000000000
41051  22.672  -31.997  45.544 0.0000000000
41090  20.799  -31.783  43.271 0.0000000000
126126  21.275  -31.738  44.067 0.0000000000
41071  21.833  -31.783  44.952 0.0000000000
144881  22.592  -31.962  46.275 0.0000000000
126142  22.006  -31.860  46.803 0.0000000000
125117  21.622  -31.943  47.641 0.0000000000
132394  20.467  -31.691  46.197 0.0000000000
126129  21.054  -31.810  46.948 0.0000000000
41005  21.284  -31.966  48.424 0.0000000000
125118  20.138  -31.800  49.196 0.0000000000
41021  18.630  -31.901  47.670 0.0000000000
39903  16.732  -32.469  48.747 0.0000000000
38745  16.409  -33.831  45.836 0.0000000000
144198  16.671  -33.244  47.546 0.0000000000
38735  16.421  -33.125  48.250 0.0000000000
37513  15.421  -34.366  48.979 0.0000000000
37523  15.107  -35.150  48.513 0.0000000000
36251  14.724  -35.690  49.041 0.0000000000
35100  13.414  -36.584  48.646 0.0000000000
33944  12.990  -37.065  49.231 0.0000000000
138842  11.108  -36.795  48.910 0.0000000000
33946  11.124  -37.447  49.448 0.0000000000
46743  32.083  -27.223  35.336 0.0000000000
45591  32.381  -28.158  36.585 0.0000000000
149193  32.430  -28.573  37.160 0.0000000000
44348  32.456  -28.947  37.719 0.0000000000
44316  32.327  -29.441  39.120 0.0000000000
43222  32.173  -29.481  40.042 0.0000000000
142067  30.126  -29.531  38.318 0.0000000000
43264  30.662  -29.454  37.567 0.0000000000
43247  31.038  -29.616  38.434 0.0000000000
43231  31.600  -29.602  39.184 0.0000000000
126757  31.953  -29.247  41.002 0.0000000000
44263  31.490  -28.644  42.525 0.0000000000
44247  30.803  -28.431  43.196 0.0000000000
45493  31.052  -28.377  43.997 0.0000000000
45484  30.430  -28.341  44.713 0.0000000000
130333  30.367  -28.454  46.163 0.0000000000
44266  28.051  -28.760  42.935 0.0000000000
44225  28.710  -28.947  45.551 0.0000000000
149734  28.759  -28.725  45.179 0.0000000000
45473  29.130  -28.532  45.125 0.0000000000
45472  29.643  -28.603  45.981 0.0000000000
45460  30.084  -28.537  46.893 0.0000000000
45451  30.237  -28.675  47.793 0.0000000000
44189  30.366  -28.600  48.605 0.0000000000
138532  30.098  -28.725  48.982 0.0000000000
44177  30.151  -28.865  49.680 0.0000000000
43125  29.709  -29.366  49.908 0.0000000000
44165  30.170  -29.055  50.475 0.0000000000
40950  21.454  -31.505  53.142 0.0000000000
36227  14.180  -36.314  51.123 0.0000000000
36216  14.352  -35.293  52.979 0.0000000000
36206  14.107  -35.958  53.350 0.0000000000
37472  14.841  -34.541  54.345 0.0000000000
37461  15.172  -34.586  55.010 0.0000000000
75279  63.987  0.911  20.882 0.0000000000
75278  64.162  0.494  21.291 0.0000000000
73286  59.697  -1.973  22.055 0.0000000000
74246  60.899  -1.396  21.941 0.0000000000
73267  63.406  -1.804  24.048 0.0000000000
71244  61.847  -2.920  24.005 0.0000000000
72239  62.631  -2.469  24.503 0.0000000000
72238  63.166  -2.331  24.677 0.0000000000
71235  63.856  -2.623  24.504 0.0000000000
126582  51.878  -5.482  19.661 0.0000000000
69205  52.823  -5.625  20.756 0.0000000000
68201  54.412  -5.663  21.496 0.0000000000
68209  55.252  -6.331  21.470 0.0000000000
68213  51.970  -6.637  21.347 0.0000000000
67134  52.880  -7.170  21.439 0.0000000000
65104  54.854  -8.896  20.697 0.0000000000
67146  54.518  -7.989  20.688 0.0000000000
67133  53.871  -7.160  21.328 0.0000000000
67132  54.770  -7.051  21.204 0.0000000000
67131  55.643  -7.082  20.990 0.0000000000
68208  56.078  -6.385  21.358 0.0000000000
67129  57.636  -7.458  20.923 0.0000000000
66086  58.906  -8.060  21.632 0.0000000000
134594  59.979  -8.654  23.673 0.0000000000
66061  60.608  -8.302  24.031 0.0000000000
67075  61.142  -7.500  26.463 0.0000000000
64088  52.893  -11.319  23.664 0.0000000000
134174  54.077  -10.880  24.019 0.0000000000
64060  54.289  -10.320  25.378 0.0000000000
64073  54.821  -10.659  24.029 0.0000000000
65057  56.114  -10.035  24.798 0.0000000000
65056  56.992  -9.728  25.233 0.0000000000
64989  56.328  -9.434  28.588 0.0000000000
66000  57.855  -9.084  28.825 0.0000000000
65039  57.712  -9.435  25.673 0.0000000000
65016  58.321  -9.162  26.174 0.0000000000
66031  59.766  -8.575  26.357 0.0000000000
66013  59.627  -8.411  27.352 0.0000000000
66012  60.441  -7.981  26.925 0.0000000000
67055  61.059  -7.224  27.572 0.0000000000
126010  44.350  -14.173  25.361 0.0000000000
60764  45.168  -13.694  27.320 0.0000000000
60749  43.004  -14.316  28.170 0.0000000000
60748  43.719  -14.000  28.070 0.0000000000
60734  44.039  -13.795  29.129 0.0000000000
60747  44.353  -13.652  28.469 0.0000000000
148050  44.910  -13.495  28.061 0.0000000000
61929  45.668  -13.285  28.074 0.0000000000
61891  47.282  -12.799  29.562 0.0000000000
61857  47.126  -13.253  30.696 0.0000000000
61856  47.836  -12.918  31.057 0.0000000000
61855  48.545  -12.594  31.384 0.0000000000
61840  49.502  -12.453  32.520 0.0000000000
61828  49.698  -12.678  33.371 0.0000000000
50036  38.183  -23.208  35.668 0.0000000000
51191  37.796  -23.001  34.775 0.0000000000
51178  39.441  -22.416  35.438 0.0000000000
51202  38.358  -22.218  33.645 0.0000000000
54318  40.261  -19.670  32.171 0.0000000000
53324  40.675  -20.555  33.342 0.0000000000
54308  40.752  -19.572  32.962 0.0000000000
55334  40.801  -18.700  32.460 0.0000000000
56412  41.367  -18.302  32.897 0.0000000000
56411  41.827  -18.140  33.226 0.0000000000
133182  43.041  -22.559  43.443 0.0000000000
52170  43.230  -21.916  42.904 0.0000000000
52187  42.948  -21.918  41.907 0.0000000000
53208  44.114  -20.691  43.815 0.0000000000
52186  43.486  -21.304  42.378 0.0000000000
52202  42.736  -21.735  41.092 0.0000000000
53245  43.288  -21.251  40.944 0.0000000000
53264  43.341  -21.224  40.051 0.0000000000
52227  43.528  -21.173  39.041 0.0000000000
54229  44.734  -19.823  42.506 0.0000000000
55243  45.260  -19.320  42.291 0.0000000000
54242  44.466  -20.083  40.834 0.0000000000
53263  43.978  -20.605  39.502 0.0000000000
53272  43.710  -20.271  38.574 0.0000000000
53279  43.103  -20.259  37.714 0.0000000000
54277  42.888  -19.173  37.356 0.0000000000
55300  42.602  -18.855  36.535 0.0000000000
142682  43.811  -18.465  37.805 0.0000000000
55290  43.229  -18.539  37.128 0.0000000000
55309  42.432  -18.764  35.859 0.0000000000
56392  42.663  -18.550  35.325 0.0000000000
56401  42.714  -18.148  34.170 0.0000000000
56410  42.431  -17.911  33.471 0.0000000000
57447  43.057  -17.651  33.688 0.0000000000
57444  44.830  -16.764  33.781 0.0000000000
124816  45.007  -16.939  34.517 0.0000000000
58484  45.659  -16.299  34.299 0.0000000000
127539  46.419  -15.654  34.562 0.0000000000
59560  47.043  -15.149  34.915 0.0000000000
57403  48.006  -17.174  38.606 0.0000000000
125988  47.764  -16.955  37.908 0.0000000000
58441  49.188  -16.250  39.228 0.0000000000
57402  48.351  -16.527  38.102 0.0000000000
57408  47.895  -16.353  37.232 0.0000000000
58470  47.629  -15.872  36.360 0.0000000000
58482  47.350  -15.479  35.623 0.0000000000
59572  46.807  -14.933  34.129 0.0000000000
59571  47.470  -14.464  34.492 0.0000000000
60649  48.146  -14.071  34.871 0.0000000000
60648  48.869  -13.791  35.221 0.0000000000
60647  49.561  -13.562  35.588 0.0000000000
60658  49.357  -13.364  34.752 0.0000000000
138687  63.246  1.351  13.077 0.0000000000
76390  62.140  1.757  16.414 0.0000000000
76397  62.698  2.161  15.600 0.0000000000
77433  63.164  2.495  16.016 0.0000000000
77432  63.850  2.665  15.865 0.0000000000
76388  64.884  2.119  16.837 0.0000000000
143176  65.034  1.524  16.987 0.0000000000
41029  28.482  -31.456  46.559 0.0000000000
43224  26.585  -29.405  40.504 0.0000000000
43232  30.732  -29.643  39.287 0.0000000000
44234  28.087  -28.937  44.077 0.0000000000
44249  27.834  -28.981  43.254 0.0000000000
44287  27.483  -28.976  41.728 0.0000000000
44333  27.436  -28.849  38.200 0.0000000000
44376  28.950  -28.934  36.122 0.0000000000
45440  30.774  -28.312  48.878 0.0000000000
45471  31.232  -28.294  46.207 0.0000000000
45557  33.960  -28.179  39.409 0.0000000000
46640  34.970  -27.013  44.898 0.0000000000
46730  33.109  -27.309  36.810 0.0000000000
47692  40.547  -25.518  43.145 0.0000000000
48754  37.753  -25.226  45.760 0.0000000000
48781  42.085  -24.213  42.741 0.0000000000
48782  41.680  -24.584  42.360 0.0000000000
48799  39.052  -25.091  39.844 0.0000000000
49945  42.056  -23.878  42.140 0.0000000000
49954  41.892  -23.339  41.449 0.0000000000
49965  41.662  -22.810  40.650 0.0000000000
49991  38.734  -24.045  38.351 0.0000000000
50056  36.417  -23.681  34.367 0.0000000000
51131  40.464  -22.586  38.404 0.0000000000
51151  39.053  -22.970  36.771 0.0000000000
52239  43.391  -21.029  38.236 0.0000000000
52241  42.037  -21.960  39.024 0.0000000000
52272  41.049  -22.074  36.879 0.0000000000
52299  39.817  -21.722  33.970 0.0000000000
52309  40.089  -21.326  33.326 0.0000000000
54203  44.469  -20.029  45.238 0.0000000000
54230  44.291  -20.371  42.639 0.0000000000
54241  45.033  -19.464  40.675 0.0000000000
54270  43.855  -19.279  38.452 0.0000000000
54284  42.475  -19.525  36.679 0.0000000000
55310  42.194  -18.782  35.175 0.0000000000
56362  46.195  -17.929  38.510 0.0000000000
56363  45.392  -18.186  38.509 0.0000000000
56364  44.716  -18.364  38.373 0.0000000000
56402  42.284  -18.564  34.612 0.0000000000
57410  46.412  -17.167  36.857 0.0000000000
57433  45.546  -16.865  35.190 0.0000000000
57434  44.601  -17.311  35.101 0.0000000000
57435  43.804  -17.743  34.958 0.0000000000
58520  41.846  -16.221  30.472 0.0000000000
58531  43.284  -15.228  30.440 0.0000000000
58532  42.554  -15.778  30.419 0.0000000000
60659  48.671  -13.577  34.399 0.0000000000
60701  45.204  -14.272  30.635 0.0000000000
60718  44.248  -14.075  29.788 0.0000000000
60765  44.257  -13.899  27.546 0.0000000000
60767  42.527  -14.616  27.380 0.0000000000
60850  45.618  -13.513  23.242 0.0000000000
61827  50.446  -12.488  33.667 0.0000000000
61875  45.913  -13.331  29.717 0.0000000000
61958  48.722  -12.787  25.438 0.0000000000
62964  49.081  -12.210  30.877 0.0000000000
63031  49.952  -12.128  26.630 0.0000000000
63067  50.812  -12.201  23.115 0.0000000000
63093  51.604  -11.453  21.932 0.0000000000
64059  55.085  -10.218  24.900 0.0000000000
64085  55.214  -10.670  23.292 0.0000000000
64099  54.862  -10.704  22.531 0.0000000000
65075  56.801  -9.930  22.277 0.0000000000
65084  56.604  -9.555  21.551 0.0000000000
65090  50.366  -9.942  21.086 0.0000000000
65103  55.460  -9.276  20.975 0.0000000000
66104  56.030  -7.977  20.639 0.0000000000
66105  55.396  -8.485  20.654 0.0000000000
67136  51.161  -7.283  21.370 0.0000000000
67137  49.774  -7.888  21.278 0.0000000000
68211  53.718  -5.936  21.480 0.0000000000
69185  55.487  -5.083  21.892 0.0000000000
69196  54.073  -5.406  21.258 0.0000000000
69198  52.421  -5.956  21.029 0.0000000000
70216  55.269  -4.480  21.334 0.0000000000
70231  52.413  -5.600  20.216 0.0000000000
71274  56.671  -3.292  21.367 0.0000000000
73285  60.441  -1.915  22.301 0.0000000000
76420  66.513  2.617  12.624 0.0000000000
78568  65.550  2.816  13.444 0.0000000000
124967  41.624  -21.700  36.132 0.0000000000
125119  20.928  -31.872  49.170 0.0000000000
125956  41.297  -15.070  26.818 0.0000000000
127143  53.737  -9.319  20.862 0.0000000000
128830  28.040  -29.000  39.872 0.0000000000
130849  41.839  -19.011  34.912 0.0000000000
132413  50.145  -9.238  21.192 0.0000000000
132959  37.787  -24.073  37.151 0.0000000000
133733  58.310  -7.996  21.172 0.0000000000
134669  33.011  -29.152  40.139 0.0000000000
135374  27.556  -29.310  43.153 0.0000000000
138145  54.631  -4.734  21.044 0.0000000000
138166  52.110  -10.413  21.323 0.0000000000
143116  23.556  -32.250  44.504 0.0000000000
146351  48.070  -12.456  28.759 0.0000000000
147455  45.282  -13.557  29.727 0.0000000000
148297  52.691  -10.708  29.388 0.0000000000
148399  42.667  -18.440  34.725 0.0000000000
148501  39.794  -22.093  35.095 0.0000000000
149355  28.006  -32.647  47.800 0.0000000000
150184  53.449  -11.124  22.440 0.0000000000
150321  44.237  -18.481  38.190 0.0000000000
