#!ascii label  , from subject sub-LJ002 vox2ras=TkReg
1044
52047  13.257  -23.022  54.357 0.0000000000
130622  6.348  -29.641  44.194 0.0000000000
43085  6.381  -29.085  57.584 0.0000000000
132748  5.112  -23.899  51.682 0.0000000000
141442  5.354  -20.174  42.855 0.0000000000
47535  9.444  -26.032  58.031 0.0000000000
49829  5.936  -23.446  56.304 0.0000000000
48673  16.514  -24.320  54.825 0.0000000000
45368  12.908  -26.732  56.796 0.0000000000
42036  9.344  -30.397  57.332 0.0000000000
57305  5.870  -16.550  51.835 0.0000000000
52127  5.525  -21.767  47.062 0.0000000000
58394  7.304  -15.385  47.969 0.0000000000
39830  5.404  -32.826  55.221 0.0000000000
148278  5.487  -29.159  52.361 0.0000000000
46502  4.992  -25.960  54.987 0.0000000000
131263  5.474  -20.586  54.258 0.0000000000
45444  8.064  -27.473  49.077 0.0000000000
47688  9.356  -25.080  45.095 0.0000000000
51074  10.534  -22.423  42.267 0.0000000000
56369  5.789  -17.514  38.957 0.0000000000
49816  11.138  -24.327  56.896 0.0000000000
49844  9.704  -24.274  54.882 0.0000000000
50945  15.123  -23.452  54.977 0.0000000000
46494  14.657  -25.694  55.861 0.0000000000
49813  13.558  -24.194  56.775 0.0000000000
46479  11.190  -26.522  57.934 0.0000000000
58386  6.395  -15.656  49.496 0.0000000000
40920  5.572  -31.287  56.042 0.0000000000
127614  5.449  -28.993  54.966 0.0000000000
45376  5.470  -27.356  56.414 0.0000000000
53066  7.505  -20.217  54.801 0.0000000000
52025  5.775  -21.801  55.339 0.0000000000
43083  7.924  -29.748  58.383 0.0000000000
39815  8.141  -32.595  56.853 0.0000000000
40915  6.775  -31.814  57.592 0.0000000000
38668  5.539  -34.084  56.564 0.0000000000
45420  5.366  -26.583  51.925 0.0000000000
44168  6.180  -28.099  50.867 0.0000000000
47607  5.522  -25.336  49.972 0.0000000000
52165  5.514  -21.367  45.150 0.0000000000
48758  6.839  -23.768  45.868 0.0000000000
49939  6.687  -22.787  44.212 0.0000000000
48777  10.104  -24.237  43.199 0.0000000000
52197  7.176  -21.455  42.410 0.0000000000
45362  7.953  -27.492  58.494 0.0000000000
46491  5.930  -26.154  57.225 0.0000000000
125596  8.019  -25.506  56.632 0.0000000000
50967  7.871  -22.657  54.704 0.0000000000
46505  17.998  -25.398  53.842 0.0000000000
46547  16.487  -25.824  52.311 0.0000000000
137465  15.684  -25.938  54.344 0.0000000000
45383  13.714  -27.073  54.695 0.0000000000
43089  10.903  -28.792  56.848 0.0000000000
43077  9.357  -28.423  58.542 0.0000000000
139738  5.463  -20.872  51.778 0.0000000000
51018  5.486  -22.979  49.211 0.0000000000
54162  5.578  -19.178  49.221 0.0000000000
144358  5.887  -18.680  47.298 0.0000000000
56305  6.405  -18.006  45.551 0.0000000000
137506  15.365  -22.052  52.013 0.0000000000
127337  21.841  -25.452  51.572 0.0000000000
137328  23.522  -22.717  54.181 0.0000000000
50957  19.215  -23.264  53.591 0.0000000000
52059  17.461  -22.619  53.132 0.0000000000
38697  5.443  -33.728  53.275 0.0000000000
40988  5.460  -31.822  51.555 0.0000000000
42051  5.450  -30.600  53.374 0.0000000000
130038  5.314  -27.480  53.509 0.0000000000
47571  4.871  -24.873  53.324 0.0000000000
48665  5.375  -24.665  56.120 0.0000000000
49847  5.239  -23.608  54.603 0.0000000000
138014  5.296  -22.191  53.505 0.0000000000
55157  5.601  -18.609  53.446 0.0000000000
42072  5.778  -30.997  50.193 0.0000000000
43150  7.196  -30.041  48.211 0.0000000000
133210  8.649  -28.597  46.977 0.0000000000
47637  5.832  -24.526  48.000 0.0000000000
148295  9.071  -26.016  47.127 0.0000000000
44237  9.447  -27.829  45.048 0.0000000000
46672  10.140  -26.932  42.900 0.0000000000
46694  10.631  -25.906  40.542 0.0000000000
58408  8.506  -15.501  45.124 0.0000000000
127770  7.147  -16.727  42.946 0.0000000000
59498  6.564  -14.246  41.092 0.0000000000
125006  4.976  -18.859  40.790 0.0000000000
53256  8.298  -20.097  40.841 0.0000000000
50965  12.150  -23.331  55.244 0.0000000000
49855  11.343  -23.587  54.820 0.0000000000
50984  12.701  -22.748  52.755 0.0000000000
50963  14.145  -23.160  54.857 0.0000000000
50930  14.293  -23.691  55.851 0.0000000000
138777  13.392  -23.365  55.490 0.0000000000
49824  12.488  -23.833  56.588 0.0000000000
43198  5.313  -29.672  43.382 0.0000000000
44254  6.354  -28.902  43.264 0.0000000000
42038  5.904  -30.170  56.863 0.0000000000
43088  5.660  -29.227  56.495 0.0000000000
44126  5.665  -28.249  56.696 0.0000000000
46561  18.130  -25.647  50.934 0.0000000000
43084  7.187  -29.765  58.228 0.0000000000
40912  7.075  -31.228  57.886 0.0000000000
40913  6.568  -31.158  57.570 0.0000000000
136214  5.936  -31.959  56.864 0.0000000000
47586  5.103  -24.925  52.038 0.0000000000
46564  5.341  -25.731  51.331 0.0000000000
142131  5.165  -24.745  51.245 0.0000000000
53215  5.466  -20.750  43.591 0.0000000000
51044  5.822  -22.441  44.455 0.0000000000
51079  5.705  -21.566  43.401 0.0000000000
51059  7.033  -22.400  43.607 0.0000000000
147222  6.087  -21.441  42.459 0.0000000000
46484  8.351  -26.599  58.158 0.0000000000
47537  7.679  -26.239  57.691 0.0000000000
48653  9.000  -25.825  57.417 0.0000000000
49858  8.333  -23.502  54.420 0.0000000000
127268  8.526  -21.164  53.641 0.0000000000
47553  17.265  -24.953  54.460 0.0000000000
46506  17.248  -25.433  54.035 0.0000000000
47554  16.274  -25.129  54.934 0.0000000000
46496  13.557  -26.231  56.489 0.0000000000
45373  14.020  -26.640  55.497 0.0000000000
45379  12.886  -27.368  55.753 0.0000000000
44122  11.892  -27.706  56.808 0.0000000000
47529  10.410  -26.244  58.150 0.0000000000
45359  10.467  -27.305  58.290 0.0000000000
132576  9.402  -26.821  58.492 0.0000000000
137318  8.678  -27.565  58.700 0.0000000000
55175  5.557  -18.316  52.101 0.0000000000
140990  5.518  -19.686  50.171 0.0000000000
56261  5.611  -17.733  50.538 0.0000000000
58396  6.617  -15.847  48.569 0.0000000000
56278  6.174  -17.279  48.341 0.0000000000
57339  6.512  -16.586  47.897 0.0000000000
129013  6.282  -18.056  46.220 0.0000000000
57354  6.852  -16.829  46.488 0.0000000000
49837  20.193  -23.807  53.771 0.0000000000
128616  5.465  -33.298  53.926 0.0000000000
132165  5.464  -32.367  53.394 0.0000000000
40941  5.440  -31.142  54.162 0.0000000000
129699  5.305  -27.387  54.914 0.0000000000
140995  5.348  -27.891  54.174 0.0000000000
129698  5.257  -27.119  54.215 0.0000000000
148932  4.985  -25.786  53.532 0.0000000000
47570  4.975  -25.353  53.759 0.0000000000
48656  5.705  -24.984  56.832 0.0000000000
47546  5.369  -25.374  56.509 0.0000000000
49830  5.518  -23.604  56.054 0.0000000000
53070  5.582  -20.924  54.647 0.0000000000
50951  5.465  -22.422  54.845 0.0000000000
52050  5.239  -22.051  54.322 0.0000000000
50980  5.206  -22.397  53.937 0.0000000000
53078  5.149  -21.147  53.679 0.0000000000
53097  5.393  -20.152  53.660 0.0000000000
55150  5.519  -19.086  53.768 0.0000000000
46548  15.611  -26.072  51.956 0.0000000000
46562  15.499  -26.030  50.998 0.0000000000
148235  9.647  -30.585  56.224 0.0000000000
40924  9.293  -31.430  55.044 0.0000000000
138245  9.236  -31.236  56.064 0.0000000000
37443  7.442  -33.869  56.756 0.0000000000
38667  7.862  -33.280  56.507 0.0000000000
148966  5.404  -33.417  55.724 0.0000000000
38671  5.352  -33.876  55.347 0.0000000000
42066  5.491  -30.482  51.888 0.0000000000
40987  5.551  -31.429  50.696 0.0000000000
42065  5.641  -30.527  51.187 0.0000000000
45434  6.789  -27.704  50.212 0.0000000000
43128  7.100  -29.216  49.646 0.0000000000
44195  8.105  -28.446  48.690 0.0000000000
43149  7.842  -29.323  47.985 0.0000000000
44194  8.609  -27.670  48.263 0.0000000000
126370  5.445  -22.431  48.486 0.0000000000
48723  5.445  -23.900  48.879 0.0000000000
135682  5.722  -23.474  47.287 0.0000000000
48757  7.699  -24.281  45.720 0.0000000000
47670  8.028  -24.883  46.281 0.0000000000
47668  9.386  -25.598  45.783 0.0000000000
44218  9.424  -27.444  46.212 0.0000000000
45487  9.957  -27.133  44.441 0.0000000000
45499  9.714  -27.391  43.478 0.0000000000
137974  10.152  -26.240  44.049 0.0000000000
48787  10.467  -24.057  42.678 0.0000000000
47710  10.737  -25.494  42.120 0.0000000000
48786  10.977  -24.502  41.967 0.0000000000
60574  8.729  -13.780  43.655 0.0000000000
150432  7.751  -16.116  44.153 0.0000000000
58423  7.810  -15.238  42.820 0.0000000000
125373  5.482  -15.045  39.150 0.0000000000
58437  5.842  -15.324  40.207 0.0000000000
56349  5.516  -17.030  40.567 0.0000000000
56358  5.189  -17.878  40.063 0.0000000000
54249  6.443  -19.782  40.378 0.0000000000
55269  6.645  -18.940  39.558 0.0000000000
48651  10.761  -24.824  57.344 0.0000000000
126254  9.200  -25.345  56.629 0.0000000000
49843  10.689  -24.014  55.308 0.0000000000
50944  15.843  -23.499  54.689 0.0000000000
47547  15.587  -25.000  55.407 0.0000000000
49821  15.071  -24.008  55.627 0.0000000000
48648  14.020  -24.479  56.620 0.0000000000
47541  13.205  -25.394  57.160 0.0000000000
144827  11.985  -26.404  57.597 0.0000000000
48644  12.281  -24.896  57.497 0.0000000000
48646  11.145  -25.003  57.631 0.0000000000
59436  6.258  -15.240  51.597 0.0000000000
134208  5.815  -16.361  50.745 0.0000000000
59439  6.505  -14.537  50.939 0.0000000000
60507  7.196  -14.285  50.047 0.0000000000
59447  7.548  -14.581  48.835 0.0000000000
39819  5.529  -32.041  55.583 0.0000000000
42043  5.446  -30.557  54.855 0.0000000000
133129  5.487  -30.360  55.617 0.0000000000
44133  5.422  -28.231  55.404 0.0000000000
137266  5.183  -26.596  55.376 0.0000000000
52036  7.117  -21.573  55.359 0.0000000000
52024  6.163  -21.926  55.696 0.0000000000
53057  6.628  -21.307  55.489 0.0000000000
54085  5.978  -20.389  55.139 0.0000000000
54092  5.915  -19.737  54.766 0.0000000000
56220  6.222  -18.246  54.308 0.0000000000
143810  8.673  -30.494  57.969 0.0000000000
40918  8.893  -31.178  57.140 0.0000000000
124417  7.847  -31.949  57.510 0.0000000000
39811  7.420  -32.726  57.340 0.0000000000
38664  6.462  -33.489  57.238 0.0000000000
37442  5.928  -34.216  56.991 0.0000000000
39813  5.843  -32.783  56.960 0.0000000000
39814  5.666  -32.633  56.528 0.0000000000
45405  5.484  -27.768  52.144 0.0000000000
44169  5.782  -28.481  51.522 0.0000000000
45419  5.688  -27.407  51.426 0.0000000000
45418  6.071  -27.068  50.692 0.0000000000
46581  6.561  -26.616  49.888 0.0000000000
52138  5.466  -21.835  46.204 0.0000000000
48748  5.811  -23.190  46.451 0.0000000000
49932  5.774  -22.678  45.230 0.0000000000
48768  6.569  -23.341  45.171 0.0000000000
48779  8.000  -23.446  44.475 0.0000000000
48766  9.786  -24.581  43.834 0.0000000000
49937  8.481  -23.202  43.926 0.0000000000
49951  9.027  -22.832  43.430 0.0000000000
51075  9.659  -22.316  42.794 0.0000000000
57415  6.926  -16.730  37.962 0.0000000000
55283  7.671  -17.908  38.392 0.0000000000
56377  8.465  -17.347  37.699 0.0000000000
44121  6.457  -28.202  57.747 0.0000000000
45371  5.998  -27.464  57.306 0.0000000000
46486  6.689  -26.744  57.703 0.0000000000
47543  6.863  -25.662  57.239 0.0000000000
48664  6.324  -24.279  56.565 0.0000000000
48662  8.277  -24.933  56.006 0.0000000000
48676  7.757  -24.258  55.683 0.0000000000
50950  7.238  -22.530  55.435 0.0000000000
52049  7.598  -21.895  55.039 0.0000000000
46528  18.705  -25.534  52.915 0.0000000000
46546  18.030  -25.625  51.887 0.0000000000
46514  17.807  -25.610  53.218 0.0000000000
131527  15.181  -26.062  54.961 0.0000000000
45382  14.356  -26.784  54.387 0.0000000000
127257  13.706  -27.082  53.312 0.0000000000
43093  10.568  -29.479  55.648 0.0000000000
43086  10.323  -29.224  57.108 0.0000000000
45364  11.296  -27.302  57.718 0.0000000000
43081  10.432  -28.369  57.828 0.0000000000
42030  9.214  -29.961  57.949 0.0000000000
150434  8.500  -29.297  58.455 0.0000000000
43080  7.516  -29.061  58.411 0.0000000000
130289  5.278  -22.548  52.186 0.0000000000
49880  5.300  -23.460  51.069 0.0000000000
53122  5.500  -21.320  50.996 0.0000000000
53135  5.511  -21.045  49.267 0.0000000000
53145  5.483  -20.779  48.520 0.0000000000
56270  5.690  -17.319  49.889 0.0000000000
132287  5.660  -19.246  48.378 0.0000000000
53158  5.600  -20.222  47.029 0.0000000000
132249  5.666  -19.964  46.254 0.0000000000
129888  5.865  -19.352  45.000 0.0000000000
55239  5.759  -19.302  43.893 0.0000000000
52074  14.496  -22.400  52.906 0.0000000000
46543  20.614  -25.604  51.644 0.0000000000
135958  25.045  -22.654  53.797 0.0000000000
141772  24.363  -22.036  54.668 0.0000000000
149518  23.939  -23.731  53.270 0.0000000000
47558  22.986  -24.254  53.071 0.0000000000
46509  21.673  -24.901  52.726 0.0000000000
46511  20.126  -25.393  52.826 0.0000000000
48671  18.582  -24.556  54.178 0.0000000000
49854  17.805  -23.773  54.169 0.0000000000
50973  18.783  -23.002  53.384 0.0000000000
50959  17.218  -23.425  54.118 0.0000000000
52043  16.087  -22.842  53.957 0.0000000000
52062  14.928  -22.557  53.549 0.0000000000
40958  5.461  -31.372  52.705 0.0000000000
43114  5.476  -29.763  52.421 0.0000000000
42046  5.433  -30.312  54.124 0.0000000000
141947  5.436  -29.134  53.448 0.0000000000
44150  5.409  -28.188  53.036 0.0000000000
139349  5.190  -26.778  53.062 0.0000000000
47585  4.943  -25.500  52.668 0.0000000000
48692  5.007  -24.312  52.934 0.0000000000
144215  5.314  -26.293  56.766 0.0000000000
46493  5.254  -26.006  56.468 0.0000000000
47556  5.101  -25.384  55.242 0.0000000000
142643  5.498  -23.105  55.615 0.0000000000
49846  5.311  -23.676  55.224 0.0000000000
47557  5.125  -24.818  54.789 0.0000000000
49860  5.165  -23.603  53.990 0.0000000000
49867  5.207  -23.617  53.294 0.0000000000
141319  5.338  -22.712  52.880 0.0000000000
52090  5.372  -21.839  52.942 0.0000000000
54126  5.502  -19.149  52.582 0.0000000000
56246  5.789  -17.652  52.747 0.0000000000
56227  5.991  -17.902  53.759 0.0000000000
57279  6.144  -16.973  53.269 0.0000000000
58346  6.243  -15.922  52.317 0.0000000000
145174  8.998  -32.277  53.751 0.0000000000
39818  8.319  -32.643  56.067 0.0000000000
43130  6.005  -30.118  50.566 0.0000000000
42078  6.260  -30.619  49.491 0.0000000000
43175  7.669  -29.403  45.377 0.0000000000
48712  5.403  -24.356  49.689 0.0000000000
47622  5.671  -25.099  48.938 0.0000000000
142858  7.033  -25.729  48.553 0.0000000000
48732  6.089  -24.134  47.144 0.0000000000
47620  7.003  -25.211  47.762 0.0000000000
45443  8.436  -26.749  48.465 0.0000000000
45465  9.331  -27.334  46.924 0.0000000000
44228  8.951  -28.392  45.567 0.0000000000
44239  7.705  -29.021  44.488 0.0000000000
45501  7.914  -28.299  43.048 0.0000000000
47701  10.499  -25.579  42.869 0.0000000000
46695  9.895  -27.018  41.080 0.0000000000
59451  8.353  -14.745  47.442 0.0000000000
60543  9.032  -14.385  46.678 0.0000000000
131042  7.954  -15.601  46.442 0.0000000000
57353  7.754  -16.097  45.525 0.0000000000
56321  6.792  -17.283  43.683 0.0000000000
55238  5.782  -18.735  42.975 0.0000000000
143393  6.875  -15.675  41.822 0.0000000000
57379  5.859  -17.503  41.745 0.0000000000
55246  5.152  -19.217  41.674 0.0000000000
53238  6.158  -20.504  41.259 0.0000000000
52210  8.607  -20.978  42.107 0.0000000000
133508  9.581  -20.919  41.997 0.0000000000
53234  10.526  -20.978  41.677 0.0000000000
133440  12.768  -23.201  54.758 0.0000000000
50977  12.004  -23.271  54.330 0.0000000000
50976  12.714  -23.040  53.879 0.0000000000
52046  13.826  -22.901  54.338 0.0000000000
50947  13.831  -23.332  55.304 0.0000000000
50964  13.454  -23.225  54.963 0.0000000000
50948  12.858  -23.326  55.428 0.0000000000
43187  5.787  -29.924  44.006 0.0000000000
44241  5.967  -29.375  43.647 0.0000000000
44255  5.551  -29.076  42.987 0.0000000000
44240  6.717  -29.210  43.984 0.0000000000
43087  5.948  -29.193  57.060 0.0000000000
44125  5.965  -28.261  57.195 0.0000000000
46560  19.368  -25.652  50.822 0.0000000000
46545  18.898  -25.591  51.711 0.0000000000
144425  6.722  -29.697  57.892 0.0000000000
42033  6.848  -30.449  57.933 0.0000000000
42034  6.349  -30.142  57.448 0.0000000000
48698  5.043  -24.349  52.247 0.0000000000
131200  5.115  -24.348  51.467 0.0000000000
52183  5.565  -21.258  43.524 0.0000000000
52200  5.581  -21.114  42.902 0.0000000000
52199  5.748  -21.310  42.654 0.0000000000
53226  5.445  -20.607  42.665 0.0000000000
47531  9.083  -26.502  58.271 0.0000000000
47536  8.681  -26.167  57.875 0.0000000000
48672  17.266  -24.494  54.557 0.0000000000
141883  16.700  -24.737  54.778 0.0000000000
45374  13.427  -26.814  56.076 0.0000000000
45375  12.601  -27.267  56.508 0.0000000000
44127  12.159  -27.817  56.173 0.0000000000
47534  10.142  -25.889  58.019 0.0000000000
46481  9.937  -26.708  58.465 0.0000000000
47530  9.748  -26.368  58.288 0.0000000000
56253  5.628  -17.496  51.555 0.0000000000
55184  5.566  -18.194  51.197 0.0000000000
58395  6.950  -15.443  48.374 0.0000000000
57338  6.936  -15.890  47.683 0.0000000000
57349  6.814  -16.500  47.195 0.0000000000
145367  7.196  -16.206  46.780 0.0000000000
136096  5.395  -33.312  54.724 0.0000000000
39849  5.444  -32.306  54.266 0.0000000000
139346  5.139  -26.528  54.616 0.0000000000
145168  5.069  -25.897  54.203 0.0000000000
47565  5.051  -25.390  54.534 0.0000000000
49818  5.712  -24.346  56.539 0.0000000000
148374  5.564  -20.452  54.466 0.0000000000
128492  5.474  -21.351  54.563 0.0000000000
53077  5.330  -21.209  54.162 0.0000000000
53087  5.369  -20.493  53.840 0.0000000000
54100  5.461  -19.854  53.951 0.0000000000
139256  9.344  -30.798  56.706 0.0000000000
147992  9.052  -31.266  56.622 0.0000000000
142580  7.060  -34.342  56.873 0.0000000000
38682  5.376  -34.066  54.613 0.0000000000
43113  5.531  -29.742  51.904 0.0000000000
45433  7.364  -27.318  49.630 0.0000000000
44180  7.468  -28.320  49.563 0.0000000000
51025  5.504  -22.431  47.543 0.0000000000
49907  5.479  -22.976  48.178 0.0000000000
49916  5.601  -22.865  47.187 0.0000000000
47669  8.634  -24.859  45.704 0.0000000000
46633  9.627  -26.368  45.868 0.0000000000
46647  9.917  -26.143  45.056 0.0000000000
49962  10.647  -23.320  42.392 0.0000000000
60565  9.190  -13.666  44.396 0.0000000000
59475  8.550  -14.527  43.539 0.0000000000
60575  8.150  -13.686  42.997 0.0000000000
58453  5.370  -15.817  38.888 0.0000000000
58445  5.507  -15.576  39.655 0.0000000000
57398  5.412  -16.432  39.574 0.0000000000
57399  5.376  -17.132  40.133 0.0000000000
55286  5.446  -17.897  39.492 0.0000000000
55270  5.995  -18.919  39.568 0.0000000000
55284  6.645  -18.375  39.051 0.0000000000
49817  10.276  -24.707  56.677 0.0000000000
49826  10.935  -24.104  56.212 0.0000000000
49863  11.030  -23.534  53.755 0.0000000000
49841  15.431  -23.753  55.125 0.0000000000
131381  13.870  -23.772  56.288 0.0000000000
49822  14.216  -24.006  56.341 0.0000000000
47540  13.850  -25.036  56.776 0.0000000000
48649  13.412  -24.769  57.084 0.0000000000
48643  12.752  -25.147  57.425 0.0000000000
48650  12.925  -24.555  57.224 0.0000000000
49825  11.698  -23.881  56.415 0.0000000000
49815  11.785  -24.251  57.014 0.0000000000
49812  11.317  -24.590  57.312 0.0000000000
59440  6.205  -14.972  51.081 0.0000000000
60496  7.395  -13.900  50.449 0.0000000000
60506  7.640  -14.056  49.763 0.0000000000
60519  7.446  -14.348  49.440 0.0000000000
60518  7.879  -14.261  49.111 0.0000000000
40922  5.482  -31.158  55.417 0.0000000000
42039  5.618  -30.227  56.273 0.0000000000
44129  5.494  -28.258  56.135 0.0000000000
45380  5.374  -27.367  55.765 0.0000000000
136691  5.290  -26.608  56.135 0.0000000000
53067  7.096  -20.707  55.224 0.0000000000
54090  7.074  -19.790  54.999 0.0000000000
54091  6.532  -19.725  54.962 0.0000000000
55140  6.410  -19.008  54.663 0.0000000000
126193  6.804  -18.302  54.641 0.0000000000
42031  8.137  -30.576  58.141 0.0000000000
40910  8.379  -31.186  57.683 0.0000000000
40914  7.263  -31.944  57.649 0.0000000000
39812  6.738  -32.584  57.431 0.0000000000
149370  6.963  -33.131  57.372 0.0000000000
146009  6.141  -32.885  57.234 0.0000000000
40917  5.796  -31.099  56.647 0.0000000000
142778  5.743  -31.876  56.453 0.0000000000
39816  5.585  -32.343  56.085 0.0000000000
45406  5.323  -26.977  52.526 0.0000000000
46582  5.449  -25.685  50.707 0.0000000000
127442  5.526  -26.425  51.108 0.0000000000
134636  5.742  -26.151  50.350 0.0000000000
46597  5.880  -25.785  49.656 0.0000000000
52148  5.462  -21.771  45.608 0.0000000000
51038  5.635  -22.456  45.515 0.0000000000
51046  5.502  -21.876  45.184 0.0000000000
49940  6.191  -22.732  44.441 0.0000000000
49930  6.443  -23.045  44.683 0.0000000000
49929  7.093  -23.266  44.639 0.0000000000
150470  7.661  -23.584  44.831 0.0000000000
48778  8.951  -23.860  44.281 0.0000000000
49938  7.516  -22.927  44.080 0.0000000000
51077  7.519  -21.937  43.055 0.0000000000
51058  8.007  -22.543  43.580 0.0000000000
51076  8.518  -22.075  43.104 0.0000000000
52196  8.001  -21.480  42.531 0.0000000000
58464  6.760  -15.860  37.742 0.0000000000
57414  7.467  -16.476  37.568 0.0000000000
143672  7.508  -17.181  37.895 0.0000000000
128169  8.014  -16.976  37.578 0.0000000000
44120  7.106  -28.032  58.301 0.0000000000
45367  6.568  -27.416  57.800 0.0000000000
45366  7.163  -27.260  58.152 0.0000000000
47542  7.818  -25.939  57.242 0.0000000000
48654  6.960  -25.183  56.824 0.0000000000
48663  7.164  -24.476  56.204 0.0000000000
48661  9.291  -24.865  55.943 0.0000000000
48674  9.237  -24.549  55.351 0.0000000000
49845  8.018  -23.861  55.179 0.0000000000
49859  7.728  -23.232  55.080 0.0000000000
139917  7.258  -23.480  55.735 0.0000000000
52048  8.083  -21.783  54.340 0.0000000000
46513  18.306  -25.494  53.438 0.0000000000
144040  17.583  -25.527  53.731 0.0000000000
46507  16.481  -25.540  54.299 0.0000000000
46515  16.729  -25.659  53.875 0.0000000000
46516  15.817  -26.036  53.616 0.0000000000
47548  14.881  -25.162  55.783 0.0000000000
47555  15.376  -25.447  55.346 0.0000000000
46500  14.996  -25.927  55.375 0.0000000000
45377  14.207  -26.742  55.006 0.0000000000
45384  14.407  -26.790  53.689 0.0000000000
45385  13.776  -27.055  54.028 0.0000000000
133337  13.280  -27.332  53.691 0.0000000000
44135  12.482  -27.923  54.339 0.0000000000
43092  11.024  -28.869  56.145 0.0000000000
43090  10.442  -29.402  56.473 0.0000000000
46478  11.708  -26.131  57.766 0.0000000000
45363  11.967  -27.051  57.427 0.0000000000
46483  11.515  -26.700  57.753 0.0000000000
44114  10.036  -27.962  58.343 0.0000000000
45365  10.741  -27.664  58.006 0.0000000000
44119  9.766  -28.970  58.054 0.0000000000
131631  9.065  -29.234  58.332 0.0000000000
44116  8.362  -28.130  58.767 0.0000000000
44117  7.721  -28.359  58.556 0.0000000000
149408  7.305  -28.606  58.378 0.0000000000
52100  5.343  -21.679  51.961 0.0000000000
141874  5.431  -22.341  51.158 0.0000000000
138919  5.478  -20.723  50.064 0.0000000000
54149  5.524  -20.221  49.240 0.0000000000
54163  5.532  -19.921  48.446 0.0000000000
57321  6.058  -16.169  50.032 0.0000000000
57322  5.784  -16.716  50.173 0.0000000000
57331  5.982  -16.926  49.415 0.0000000000
137479  5.971  -18.174  48.108 0.0000000000
133512  5.811  -18.960  47.889 0.0000000000
54181  5.603  -19.694  47.752 0.0000000000
126792  5.711  -19.441  47.132 0.0000000000
55217  5.812  -19.178  46.634 0.0000000000
55225  6.128  -18.665  45.688 0.0000000000
55231  6.166  -18.665  44.768 0.0000000000
52073  14.780  -22.178  52.312 0.0000000000
140001  14.052  -22.096  52.192 0.0000000000
46557  22.132  -25.483  50.945 0.0000000000
46558  21.963  -25.540  50.660 0.0000000000
45400  21.654  -25.566  51.194 0.0000000000
46542  21.246  -25.547  51.609 0.0000000000
50940  23.841  -22.140  54.523 0.0000000000
52031  24.191  -21.615  54.808 0.0000000000
49833  24.149  -22.513  54.323 0.0000000000
130960  24.393  -22.768  54.004 0.0000000000
49850  23.825  -23.058  53.906 0.0000000000
47567  23.570  -24.098  52.970 0.0000000000
48681  23.514  -23.703  53.510 0.0000000000
47560  21.351  -24.624  53.175 0.0000000000
46510  21.027  -25.260  52.540 0.0000000000
137047  20.514  -25.016  53.172 0.0000000000
49852  19.868  -23.454  53.698 0.0000000000
48670  19.473  -24.322  53.870 0.0000000000
49838  18.889  -23.874  54.067 0.0000000000
49839  18.033  -24.212  54.300 0.0000000000
49853  18.658  -23.763  53.940 0.0000000000
52058  18.471  -22.609  53.050 0.0000000000
50974  17.815  -23.033  53.589 0.0000000000
50975  16.916  -22.908  53.807 0.0000000000
50960  16.362  -23.235  54.298 0.0000000000
52072  16.103  -22.265  52.503 0.0000000000
52061  15.718  -22.536  53.378 0.0000000000
140077  15.266  -22.358  52.784 0.0000000000
139869  5.421  -34.049  52.634 0.0000000000
38708  5.464  -33.158  52.539 0.0000000000
142652  5.454  -31.586  53.465 0.0000000000
147413  5.461  -31.873  53.023 0.0000000000
42059  5.463  -30.503  52.541 0.0000000000
43107  5.457  -29.764  53.042 0.0000000000
140189  5.455  -29.766  55.164 0.0000000000
132426  5.437  -29.683  54.506 0.0000000000
44141  5.406  -28.421  53.517 0.0000000000
140809  5.449  -28.974  52.890 0.0000000000
127629  5.372  -27.596  52.807 0.0000000000
47576  4.827  -25.393  53.172 0.0000000000
140855  4.956  -25.981  53.141 0.0000000000
47577  4.861  -24.902  52.748 0.0000000000
46487  6.112  -26.873  57.386 0.0000000000
46492  5.530  -26.672  56.995 0.0000000000
47549  5.259  -25.230  55.919 0.0000000000
50935  5.696  -22.649  55.843 0.0000000000
50936  5.600  -22.375  55.252 0.0000000000
50952  5.367  -23.010  54.758 0.0000000000
130345  5.438  -23.058  55.279 0.0000000000
48678  5.196  -24.245  55.024 0.0000000000
48686  5.125  -24.210  54.355 0.0000000000
138870  5.248  -23.083  53.813 0.0000000000
50989  5.308  -22.894  53.409 0.0000000000
50997  5.282  -23.279  52.844 0.0000000000
145478  5.564  -18.737  53.294 0.0000000000
129578  5.478  -19.257  53.295 0.0000000000
55167  5.601  -18.521  52.932 0.0000000000
130171  5.691  -18.203  53.045 0.0000000000
125363  17.110  -25.691  51.514 0.0000000000
39828  8.930  -32.186  54.592 0.0000000000
134415  9.300  -31.619  54.044 0.0000000000
40919  8.305  -31.904  57.186 0.0000000000
40921  8.670  -31.829  56.536 0.0000000000
136012  5.374  -34.522  53.438 0.0000000000
39884  5.471  -32.168  50.402 0.0000000000
40999  5.607  -31.759  49.852 0.0000000000
134607  5.885  -31.403  49.237 0.0000000000
43121  6.162  -29.131  50.835 0.0000000000
43139  6.879  -29.965  49.152 0.0000000000
42084  6.606  -30.671  48.495 0.0000000000
137278  8.079  -29.249  47.048 0.0000000000
43164  7.351  -30.012  47.122 0.0000000000
43163  7.613  -29.679  46.236 0.0000000000
44220  8.377  -28.958  46.136 0.0000000000
51009  5.413  -22.995  50.179 0.0000000000
49888  5.382  -23.480  50.014 0.0000000000
139634  5.570  -23.858  48.173 0.0000000000
48722  5.449  -24.217  48.913 0.0000000000
48721  5.550  -24.328  48.507 0.0000000000
47621  6.213  -25.203  48.270 0.0000000000
139913  5.965  -23.330  46.185 0.0000000000
137129  6.325  -23.689  46.351 0.0000000000
47651  8.560  -25.470  46.959 0.0000000000
47652  7.417  -24.886  46.925 0.0000000000
47619  7.988  -25.467  47.584 0.0000000000
46595  7.905  -25.915  48.301 0.0000000000
46609  8.746  -26.133  47.711 0.0000000000
45455  9.047  -27.043  47.742 0.0000000000
45454  9.251  -26.565  47.109 0.0000000000
44227  9.376  -27.787  45.769 0.0000000000
44238  8.718  -28.472  44.718 0.0000000000
44229  8.315  -28.906  45.254 0.0000000000
44252  8.321  -28.435  43.848 0.0000000000
45511  9.522  -27.437  42.603 0.0000000000
45526  9.290  -27.467  41.703 0.0000000000
47702  10.248  -25.520  43.595 0.0000000000
138971  10.318  -24.954  43.233 0.0000000000
47719  10.946  -25.369  41.254 0.0000000000
46683  10.508  -26.259  41.447 0.0000000000
142242  10.194  -26.488  40.630 0.0000000000
60542  9.711  -13.658  46.040 0.0000000000
142882  8.977  -14.883  45.959 0.0000000000
59457  8.538  -14.954  46.650 0.0000000000
144128  8.490  -15.353  45.999 0.0000000000
58405  7.649  -15.945  46.254 0.0000000000
58404  8.075  -15.756  45.732 0.0000000000
57371  7.648  -16.079  43.318 0.0000000000
57372  7.294  -16.587  43.963 0.0000000000
56322  6.279  -18.036  43.314 0.0000000000
56330  6.459  -17.415  42.629 0.0000000000
60599  6.715  -13.543  41.439 0.0000000000
59487  7.169  -14.123  41.748 0.0000000000
58424  7.270  -15.050  42.081 0.0000000000
58430  6.828  -15.004  41.414 0.0000000000
56341  4.982  -18.376  40.760 0.0000000000
128229  5.913  -16.825  41.156 0.0000000000
56340  5.248  -17.775  41.040 0.0000000000
126791  5.355  -18.154  41.621 0.0000000000
54237  5.083  -19.272  41.119 0.0000000000
141419  5.352  -19.735  41.210 0.0000000000
53259  5.632  -19.816  40.814 0.0000000000
53257  6.841  -19.992  40.628 0.0000000000
145001  7.455  -20.266  41.002 0.0000000000
53236  8.123  -20.529  41.417 0.0000000000
53235  8.952  -20.463  41.443 0.0000000000
140879  7.700  -18.670  39.289 0.0000000000
49842  11.560  -23.644  55.721 0.0000000000
128601  11.828  -23.227  53.229 0.0000000000
50962  14.845  -23.181  54.718 0.0000000000
50946  14.385  -23.433  55.280 0.0000000000
50931  13.733  -23.498  55.790 0.0000000000
49823  13.297  -23.741  56.438 0.0000000000
137475  12.979  -24.104  56.956 0.0000000000
50932  13.006  -23.434  55.954 0.0000000000
50949  12.270  -23.460  55.929 0.0000000000
44272  5.988  -28.599  42.524 0.0000000000
44271  6.932  -28.501  42.769 0.0000000000
42032  7.455  -30.539  58.145 0.0000000000
140286  6.303  -32.065  57.253 0.0000000000
40916  6.126  -31.122  57.147 0.0000000000
142088  5.199  -25.664  52.051 0.0000000000
47594  5.210  -25.187  51.461 0.0000000000
47608  5.321  -24.999  50.557 0.0000000000
53204  5.528  -20.671  44.556 0.0000000000
51045  5.622  -22.177  44.795 0.0000000000
126155  5.635  -21.871  44.082 0.0000000000
51061  5.781  -22.036  43.806 0.0000000000
51060  6.201  -22.337  43.784 0.0000000000
51078  5.955  -21.764  43.183 0.0000000000
137370  6.573  -21.803  42.896 0.0000000000
147271  8.190  -26.960  58.339 0.0000000000
46485  7.555  -26.748  58.074 0.0000000000
48685  8.784  -24.151  54.840 0.0000000000
49866  8.746  -23.338  53.667 0.0000000000
50966  8.349  -22.821  53.861 0.0000000000
52065  8.609  -22.197  53.373 0.0000000000
47564  17.668  -25.211  54.152 0.0000000000
149094  14.090  -25.836  56.283 0.0000000000
46495  14.230  -26.239  55.865 0.0000000000
45378  13.598  -27.036  55.346 0.0000000000
44128  11.482  -28.281  56.529 0.0000000000
44123  11.256  -28.158  57.082 0.0000000000
47528  10.961  -26.043  58.050 0.0000000000
45360  9.907  -27.225  58.570 0.0000000000
135345  9.492  -27.760  58.670 0.0000000000
44115  8.978  -27.966  58.867 0.0000000000
45361  9.258  -27.323  58.653 0.0000000000
46482  8.737  -27.034  58.482 0.0000000000
54127  5.440  -20.051  52.117 0.0000000000
54138  5.498  -20.298  51.077 0.0000000000
54137  5.515  -19.146  51.384 0.0000000000
54148  5.567  -18.634  50.329 0.0000000000
57330  6.311  -16.412  48.974 0.0000000000
56288  6.130  -17.924  47.455 0.0000000000
55216  6.048  -18.495  46.587 0.0000000000
56298  6.328  -17.703  46.871 0.0000000000
57355  6.537  -17.478  46.326 0.0000000000
56304  6.774  -17.292  45.611 0.0000000000
46523  22.446  -25.169  51.624 0.0000000000
49834  22.922  -22.971  54.099 0.0000000000
48669  20.464  -24.016  53.752 0.0000000000
138029  20.123  -22.875  53.574 0.0000000000
52060  16.544  -22.550  53.248 0.0000000000
147738  5.466  -32.957  53.138 0.0000000000
44137  5.398  -28.250  54.726 0.0000000000
139345  5.146  -26.481  53.751 0.0000000000
47545  5.520  -25.426  56.895 0.0000000000
48657  5.508  -24.858  56.533 0.0000000000
49819  5.462  -24.282  56.202 0.0000000000
53059  5.857  -20.951  55.211 0.0000000000
52026  5.774  -21.596  55.242 0.0000000000
148160  5.618  -21.943  55.075 0.0000000000
50968  5.296  -22.379  54.354 0.0000000000
135057  5.222  -23.097  54.138 0.0000000000
52051  5.124  -21.847  53.858 0.0000000000
52066  5.224  -21.682  53.925 0.0000000000
52078  5.292  -21.544  53.607 0.0000000000
53088  5.338  -20.986  53.931 0.0000000000
54108  5.471  -19.406  53.671 0.0000000000
127428  16.198  -25.858  51.511 0.0000000000
42042  9.688  -30.699  55.500 0.0000000000
39817  8.821  -32.015  55.577 0.0000000000
126297  5.382  -33.938  56.021 0.0000000000
135570  5.429  -34.150  53.936 0.0000000000
40975  5.465  -31.173  51.996 0.0000000000
144903  5.446  -31.833  51.019 0.0000000000
40974  5.494  -31.206  51.385 0.0000000000
44181  6.752  -28.718  50.256 0.0000000000
43138  7.524  -29.261  48.938 0.0000000000
44208  8.443  -28.563  47.763 0.0000000000
49897  5.476  -23.480  48.977 0.0000000000
48734  5.574  -23.405  47.898 0.0000000000
48733  5.722  -23.930  47.639 0.0000000000
48745  7.308  -24.380  46.269 0.0000000000
146393  8.845  -25.309  46.272 0.0000000000
46621  9.312  -25.988  46.545 0.0000000000
45464  9.509  -26.831  46.380 0.0000000000
45476  9.735  -27.120  45.554 0.0000000000
45488  9.279  -27.930  44.115 0.0000000000
46660  10.118  -26.836  43.618 0.0000000000
48776  10.574  -24.815  42.676 0.0000000000
59468  8.987  -14.796  44.752 0.0000000000
58415  8.524  -15.293  44.193 0.0000000000
58416  8.093  -15.643  43.754 0.0000000000
59509  6.027  -14.322  40.419 0.0000000000
58431  6.339  -15.132  40.776 0.0000000000
124739  5.992  -16.090  40.609 0.0000000000
56350  5.162  -17.840  40.529 0.0000000000
55259  5.074  -18.602  40.440 0.0000000000
149634  5.652  -19.590  40.452 0.0000000000
54265  6.104  -19.492  40.075 0.0000000000
149452  6.920  -19.677  40.224 0.0000000000
54248  7.561  -19.732  40.336 0.0000000000
48647  9.749  -25.743  57.806 0.0000000000
48652  9.974  -25.304  57.355 0.0000000000
49827  10.062  -24.442  55.766 0.0000000000
129723  16.173  -23.874  54.782 0.0000000000
49820  15.735  -24.171  55.218 0.0000000000
48659  15.160  -24.560  55.625 0.0000000000
132229  14.607  -23.917  55.887 0.0000000000
48660  14.558  -24.268  56.069 0.0000000000
47539  14.428  -24.782  56.229 0.0000000000
46488  13.657  -25.631  56.714 0.0000000000
46489  13.023  -26.058  57.030 0.0000000000
45369  12.242  -27.155  57.067 0.0000000000
46490  12.418  -26.533  57.295 0.0000000000
47532  12.462  -25.875  57.479 0.0000000000
139693  12.072  -25.518  57.632 0.0000000000
49814  12.401  -24.364  57.196 0.0000000000
48645  11.617  -25.240  57.666 0.0000000000
140701  11.495  -25.752  57.797 0.0000000000
47533  10.921  -25.644  57.881 0.0000000000
135400  10.484  -25.376  57.721 0.0000000000
58357  6.061  -15.951  51.667 0.0000000000
57313  5.899  -16.085  51.256 0.0000000000
58369  6.051  -15.487  51.168 0.0000000000
147921  6.123  -15.273  50.887 0.0000000000
131370  6.244  -15.452  50.369 0.0000000000
60497  6.914  -14.164  50.728 0.0000000000
59443  6.743  -14.562  50.331 0.0000000000
58377  6.554  -15.021  49.917 0.0000000000
128361  6.702  -15.189  49.026 0.0000000000
59453  7.198  -14.990  48.599 0.0000000000
40925  5.442  -31.655  54.922 0.0000000000
43091  5.478  -29.292  55.765 0.0000000000
52023  6.663  -22.096  55.771 0.0000000000
50934  6.301  -22.652  56.031 0.0000000000
53058  6.062  -21.122  55.398 0.0000000000
53068  6.589  -20.482  55.275 0.0000000000
53069  5.753  -20.420  54.814 0.0000000000
54093  5.591  -19.763  54.259 0.0000000000
55141  5.877  -19.097  54.397 0.0000000000
42037  8.918  -30.665  57.638 0.0000000000
39810  7.924  -32.503  57.200 0.0000000000
40911  7.693  -31.279  57.913 0.0000000000
38663  7.166  -33.616  57.147 0.0000000000
37441  6.574  -34.321  57.028 0.0000000000
38665  5.803  -33.500  56.993 0.0000000000
38666  5.549  -33.404  56.541 0.0000000000
135148  5.457  -33.171  56.114 0.0000000000
150579  5.454  -32.826  55.757 0.0000000000
133543  5.536  -28.866  52.028 0.0000000000
46580  7.507  -26.496  49.094 0.0000000000
51031  5.571  -22.353  46.643 0.0000000000
51039  5.507  -22.161  45.920 0.0000000000
49923  5.748  -22.861  45.973 0.0000000000
48759  6.218  -23.330  45.708 0.0000000000
49931  6.112  -23.020  45.027 0.0000000000
125375  7.313  -23.676  45.213 0.0000000000
48756  8.375  -24.129  45.005 0.0000000000
48767  9.340  -24.567  44.535 0.0000000000
47687  9.875  -25.357  44.356 0.0000000000
49936  9.399  -23.665  43.647 0.0000000000
49950  9.928  -23.390  43.085 0.0000000000
143153  5.923  -15.134  38.313 0.0000000000
57416  6.302  -17.089  38.399 0.0000000000
56368  6.519  -17.786  38.619 0.0000000000
146140  7.001  -17.350  38.209 0.0000000000
57429  8.573  -16.785  37.316 0.0000000000
47538  6.789  -26.150  57.520 0.0000000000
47544  6.096  -25.503  57.131 0.0000000000
48655  6.170  -24.960  56.922 0.0000000000
49828  6.557  -23.426  56.219 0.0000000000
48675  8.492  -24.485  55.469 0.0000000000
50933  6.776  -22.750  55.997 0.0000000000
52035  7.568  -21.101  54.965 0.0000000000
125708  19.245  -25.537  52.311 0.0000000000
125108  18.400  -25.583  52.509 0.0000000000
46529  17.455  -25.677  52.508 0.0000000000
147520  17.266  -25.617  53.582 0.0000000000
46530  16.777  -25.783  53.205 0.0000000000
46531  15.780  -26.101  52.867 0.0000000000
132205  14.308  -26.758  52.890 0.0000000000
46499  15.831  -25.604  54.815 0.0000000000
46501  14.603  -26.366  55.254 0.0000000000
46508  14.828  -26.429  54.703 0.0000000000
45381  15.038  -26.494  54.033 0.0000000000
45391  13.532  -27.105  52.410 0.0000000000
148277  12.839  -27.659  53.736 0.0000000000
42041  10.074  -30.076  55.982 0.0000000000
42040  9.846  -30.018  56.779 0.0000000000
45370  11.597  -27.544  57.302 0.0000000000
44118  11.020  -27.960  57.573 0.0000000000
45358  10.994  -27.030  58.020 0.0000000000
44124  10.706  -28.598  57.342 0.0000000000
142202  10.222  -28.972  57.580 0.0000000000
42035  9.782  -29.599  57.487 0.0000000000
43082  8.616  -29.937  58.278 0.0000000000
43078  8.739  -28.654  58.644 0.0000000000
43079  8.127  -28.868  58.556 0.0000000000
130211  6.919  -28.937  58.130 0.0000000000
49875  5.166  -23.517  51.890 0.0000000000
51004  5.287  -23.080  51.626 0.0000000000
125227  5.429  -22.952  50.894 0.0000000000
136812  5.398  -22.541  50.316 0.0000000000
52107  5.366  -21.739  49.954 0.0000000000
125698  5.418  -22.413  49.467 0.0000000000
52114  5.448  -21.684  48.751 0.0000000000
148738  5.412  -21.945  47.911 0.0000000000
125927  5.432  -21.286  47.822 0.0000000000
142632  5.675  -16.991  50.727 0.0000000000
137179  5.642  -18.146  49.576 0.0000000000
55199  5.729  -18.545  48.672 0.0000000000
53159  5.486  -20.475  47.749 0.0000000000
134782  5.515  -20.988  47.057 0.0000000000
53172  5.471  -21.361  46.467 0.0000000000
53188  5.435  -21.339  45.841 0.0000000000
53187  5.520  -20.719  45.541 0.0000000000
55226  5.870  -19.302  45.909 0.0000000000
54211  5.648  -20.018  45.275 0.0000000000
54218  5.593  -19.920  44.461 0.0000000000
54226  5.442  -20.080  43.646 0.0000000000
52064  13.395  -22.765  53.673 0.0000000000
133618  13.673  -22.468  52.872 0.0000000000
46544  19.915  -25.638  51.536 0.0000000000
49849  24.838  -22.599  54.077 0.0000000000
47568  23.079  -24.500  52.508 0.0000000000
47575  22.641  -24.896  52.106 0.0000000000
48682  22.725  -23.922  53.600 0.0000000000
46525  21.443  -25.435  51.986 0.0000000000
46526  20.587  -25.493  52.180 0.0000000000
126909  19.933  -25.548  52.181 0.0000000000
144993  19.336  -25.496  52.645 0.0000000000
47550  19.822  -24.443  53.751 0.0000000000
47551  19.007  -24.793  53.968 0.0000000000
47563  18.436  -25.166  53.974 0.0000000000
47552  18.141  -24.929  54.222 0.0000000000
141026  17.869  -24.668  54.382 0.0000000000
50958  18.201  -23.430  53.805 0.0000000000
49840  17.081  -23.950  54.496 0.0000000000
50943  16.524  -23.573  54.474 0.0000000000
50961  15.600  -23.177  54.522 0.0000000000
52044  15.301  -22.817  54.125 0.0000000000
52045  14.537  -22.832  54.264 0.0000000000
52063  14.146  -22.602  53.643 0.0000000000
39861  5.470  -32.264  52.658 0.0000000000
132130  5.472  -31.794  52.122 0.0000000000
127613  5.408  -28.861  54.146 0.0000000000
43098  5.436  -29.706  53.757 0.0000000000
44160  5.462  -28.430  52.544 0.0000000000
46533  5.132  -26.228  52.598 0.0000000000
45372  5.622  -27.398  56.843 0.0000000000
138274  5.376  -26.649  56.638 0.0000000000
135495  5.331  -25.984  56.856 0.0000000000
46497  5.143  -25.960  55.722 0.0000000000
49831  5.354  -23.821  55.760 0.0000000000
48677  5.279  -24.395  55.618 0.0000000000
143969  5.206  -24.817  55.349 0.0000000000
47566  5.053  -24.820  54.044 0.0000000000
48689  5.053  -24.246  53.632 0.0000000000
49872  5.147  -23.756  52.451 0.0000000000
136581  5.225  -23.214  52.324 0.0000000000
53109  5.374  -20.920  52.607 0.0000000000
53098  5.336  -20.926  53.370 0.0000000000
54116  5.377  -20.043  53.021 0.0000000000
130638  5.674  -17.858  52.511 0.0000000000
136452  5.727  -17.181  52.122 0.0000000000
55149  5.697  -18.726  54.023 0.0000000000
56228  5.697  -18.350  53.540 0.0000000000
56235  5.954  -17.671  53.388 0.0000000000
56236  5.772  -18.039  53.201 0.0000000000
57280  5.945  -17.393  52.959 0.0000000000
57293  5.870  -17.003  52.430 0.0000000000
57304  6.016  -16.445  52.171 0.0000000000
150466  17.142  -25.670  50.616 0.0000000000
46577  17.583  -25.616  49.961 0.0000000000
134543  16.316  -25.781  50.737 0.0000000000
39829  8.521  -32.799  55.103 0.0000000000
43122  5.753  -29.516  51.418 0.0000000000
43129  6.533  -29.679  50.033 0.0000000000
144326  6.213  -31.167  48.679 0.0000000000
43186  6.952  -29.569  44.701 0.0000000000
48705  5.196  -23.927  50.799 0.0000000000
47595  5.249  -24.382  50.604 0.0000000000
47623  5.460  -24.683  49.430 0.0000000000
46596  6.397  -25.812  49.080 0.0000000000
49915  5.671  -23.039  46.855 0.0000000000
48747  5.898  -23.566  46.821 0.0000000000
48746  6.720  -24.193  46.613 0.0000000000
47653  6.602  -24.616  47.186 0.0000000000
47636  6.221  -24.721  47.635 0.0000000000
44207  8.971  -27.898  47.407 0.0000000000
44219  9.112  -28.112  46.449 0.0000000000
44253  7.284  -28.752  43.572 0.0000000000
46659  10.330  -26.268  43.233 0.0000000000
46671  10.433  -26.270  42.427 0.0000000000
46684  10.060  -26.962  42.037 0.0000000000
60532  8.125  -14.515  48.363 0.0000000000
59452  7.758  -15.020  47.946 0.0000000000
58401  7.556  -15.595  47.149 0.0000000000
127570  7.266  -16.534  45.786 0.0000000000
57362  7.580  -16.397  44.867 0.0000000000
57363  7.085  -17.028  44.767 0.0000000000
56313  6.523  -17.863  44.527 0.0000000000
133662  6.130  -18.562  43.885 0.0000000000
54232  5.363  -19.458  42.653 0.0000000000
57378  7.270  -15.912  42.467 0.0000000000
57386  6.457  -15.888  41.243 0.0000000000
127081  6.590  -16.586  41.976 0.0000000000
56331  5.817  -18.115  42.342 0.0000000000
55245  5.341  -18.726  42.016 0.0000000000
125282  5.241  -19.835  41.909 0.0000000000
53240  5.411  -20.234  41.811 0.0000000000
52212  5.863  -21.026  41.856 0.0000000000
52198  6.496  -21.136  41.892 0.0000000000
53258  6.316  -20.084  40.796 0.0000000000
53237  6.726  -20.439  41.198 0.0000000000
52211  7.464  -20.881  41.777 0.0000000000
52195  8.831  -21.621  42.658 0.0000000000
147751  9.375  -21.479  42.410 0.0000000000
135661  7.170  -18.362  38.963 0.0000000000
54263  7.998  -19.130  39.719 0.0000000000
140501  9.795  -20.462  41.432 0.0000000000
51092  11.074  -22.837  41.908 0.0000000000
44134  13.184  -27.391  54.265 0.0000000000
45399  21.885  -25.571  50.952 0.0000000000
46480  10.574  -26.720  58.226 0.0000000000
46498  16.802  -25.292  54.392 0.0000000000
46512  19.010  -25.495  53.026 0.0000000000
46524  22.118  -25.227  51.984 0.0000000000
46527  19.719  -25.473  52.638 0.0000000000
46541  22.065  -25.470  51.215 0.0000000000
46556  22.464  -25.252  51.145 0.0000000000
47574  23.053  -24.717  52.002 0.0000000000
48658  16.033  -24.653  55.167 0.0000000000
48666  23.152  -23.334  53.885 0.0000000000
48680  24.112  -23.300  53.611 0.0000000000
48713  5.362  -23.937  49.819 0.0000000000
49811  11.757  -24.695  57.438 0.0000000000
49922  5.883  -23.054  45.737 0.0000000000
49924  5.653  -22.677  46.289 0.0000000000
50929  14.803  -23.697  55.451 0.0000000000
50941  23.151  -22.342  54.385 0.0000000000
50972  19.735  -22.674  53.378 0.0000000000
52164  5.546  -21.491  44.392 0.0000000000
52209  10.139  -21.666  42.209 0.0000000000
52213  5.568  -20.792  42.167 0.0000000000
53171  5.490  -20.773  46.337 0.0000000000
53239  5.702  -20.309  41.373 0.0000000000
54250  6.012  -19.859  40.536 0.0000000000
54251  5.224  -19.299  40.703 0.0000000000
54264  6.734  -19.413  39.941 0.0000000000
54266  5.470  -19.169  40.151 0.0000000000
55252  5.024  -18.642  41.199 0.0000000000
55268  7.170  -18.842  39.469 0.0000000000
55271  5.405  -18.515  39.799 0.0000000000
55285  5.950  -18.227  39.197 0.0000000000
56279  5.839  -17.704  48.987 0.0000000000
56367  7.276  -17.801  38.382 0.0000000000
57312  6.000  -15.754  50.789 0.0000000000
57350  6.598  -17.064  47.070 0.0000000000
57393  5.608  -16.260  40.119 0.0000000000
57405  5.546  -16.718  38.866 0.0000000000
57406  5.364  -17.244  39.548 0.0000000000
58409  8.101  -15.876  44.793 0.0000000000
58465  6.075  -16.223  38.281 0.0000000000
59435  6.433  -14.689  51.309 0.0000000000
59444  6.350  -14.928  50.652 0.0000000000
59448  7.017  -14.628  49.444 0.0000000000
59458  8.073  -15.228  46.960 0.0000000000
59476  8.043  -14.413  42.826 0.0000000000
130327  5.747  -16.720  51.393 0.0000000000
135689  14.251  -25.354  56.311 0.0000000000
137587  8.282  -15.046  43.368 0.0000000000
140482  5.979  -20.114  40.888 0.0000000000
142359  7.302  -19.294  39.848 0.0000000000
143135  6.364  -17.299  47.528 0.0000000000
143950  7.518  -18.341  38.912 0.0000000000
144351  9.243  -25.945  57.879 0.0000000000
148010  21.757  -25.174  52.287 0.0000000000
148612  21.135  -24.996  52.882 0.0000000000
150278  9.614  -27.048  58.590 0.0000000000
