#!ascii label  , from subject sub-LJ002 vox2ras=TkReg
1104
51253  31.981  -22.697  29.739 0.0000000000
72318  50.134  -2.276  17.111 0.0000000000
61999  41.051  -12.702  22.254 0.0000000000
43197  14.735  -29.667  43.099 0.0000000000
50041  26.810  -23.305  35.612 0.0000000000
67141  41.097  -7.223  21.709 0.0000000000
44337  21.092  -28.288  37.976 0.0000000000
42161  19.226  -30.959  40.770 0.0000000000
45596  24.336  -27.681  36.123 0.0000000000
71317  54.762  -4.042  17.311 0.0000000000
55362  33.734  -18.480  29.174 0.0000000000
126756  36.145  -16.083  26.456 0.0000000000
53380  37.876  -20.861  30.075 0.0000000000
76402  52.680  1.420  15.863 0.0000000000
133569  56.075  0.887  14.227 0.0000000000
73324  46.415  -1.503  19.449 0.0000000000
68220  49.595  -6.242  20.629 0.0000000000
138175  45.236  -6.807  20.345 0.0000000000
63082  45.624  -12.009  22.047 0.0000000000
47807  32.366  -25.572  34.052 0.0000000000
37546  13.961  -34.515  45.506 0.0000000000
37524  9.983  -34.553  48.236 0.0000000000
37483  8.160  -34.452  52.358 0.0000000000
51221  28.373  -22.157  32.426 0.0000000000
45619  28.483  -27.981  33.947 0.0000000000
63049  35.650  -10.978  24.889 0.0000000000
60769  40.943  -15.158  27.126 0.0000000000
79591  58.402  4.596  12.419 0.0000000000
72316  52.360  -3.088  16.993 0.0000000000
141997  52.097  -5.327  18.906 0.0000000000
53424  33.081  -20.378  28.363 0.0000000000
53439  35.633  -20.463  27.471 0.0000000000
51270  35.069  -22.223  29.583 0.0000000000
75312  49.639  0.166  17.930 0.0000000000
76379  51.405  1.515  17.701 0.0000000000
74305  50.945  -0.653  16.513 0.0000000000
74304  53.366  -0.587  15.939 0.0000000000
32785  8.033  -38.621  51.771 0.0000000000
70253  45.328  -4.136  19.598 0.0000000000
71277  43.504  -3.731  20.691 0.0000000000
131615  40.685  -9.815  21.574 0.0000000000
65096  43.199  -9.543  21.170 0.0000000000
63084  42.822  -11.825  21.907 0.0000000000
133072  42.928  -14.037  23.108 0.0000000000
42164  16.894  -30.286  41.366 0.0000000000
41092  18.470  -31.901  42.849 0.0000000000
41094  15.978  -31.955  42.798 0.0000000000
38751  15.913  -33.721  44.842 0.0000000000
41076  13.953  -31.955  43.955 0.0000000000
39905  10.983  -32.183  47.631 0.0000000000
38725  8.888  -33.916  50.176 0.0000000000
50076  27.802  -22.985  33.856 0.0000000000
47844  28.439  -25.321  32.665 0.0000000000
47830  27.147  -25.911  33.467 0.0000000000
43249  24.616  -29.772  37.964 0.0000000000
44354  26.136  -28.730  37.689 0.0000000000
56452  39.164  -17.236  29.065 0.0000000000
59669  38.391  -15.365  26.722 0.0000000000
149200  42.378  -4.378  23.072 0.0000000000
66074  40.676  -8.047  23.853 0.0000000000
64089  38.683  -10.146  22.948 0.0000000000
42202  22.457  -30.852  38.132 0.0000000000
125455  22.181  -31.895  40.910 0.0000000000
42188  20.002  -30.372  39.375 0.0000000000
43227  17.835  -29.273  40.362 0.0000000000
137867  16.194  -27.806  42.021 0.0000000000
145549  25.244  -25.733  34.254 0.0000000000
48861  22.824  -24.202  35.627 0.0000000000
45598  22.662  -27.344  36.492 0.0000000000
58534  33.489  -15.195  30.958 0.0000000000
60772  33.607  -14.136  27.697 0.0000000000
56480  34.019  -17.501  27.238 0.0000000000
55375  37.975  -18.978  27.878 0.0000000000
78567  55.530  3.159  14.531 0.0000000000
75344  54.712  1.200  14.890 0.0000000000
73365  55.627  -1.371  15.762 0.0000000000
72305  47.476  -2.158  18.211 0.0000000000
70264  49.651  -4.334  18.378 0.0000000000
71285  46.921  -4.102  18.995 0.0000000000
68222  47.193  -6.815  20.373 0.0000000000
133976  47.961  -8.948  21.140 0.0000000000
132092  42.505  -6.944  20.829 0.0000000000
65107  44.656  -8.995  20.922 0.0000000000
50089  32.570  -23.934  32.314 0.0000000000
50086  35.039  -23.379  32.533 0.0000000000
133578  48.670  -0.116  19.819 0.0000000000
43174  13.277  -29.936  45.267 0.0000000000
41058  12.342  -32.068  45.615 0.0000000000
37540  11.766  -34.078  46.360 0.0000000000
36271  11.162  -35.831  48.033 0.0000000000
36252  9.727  -36.037  49.061 0.0000000000
124805  8.202  -36.404  50.772 0.0000000000
35045  7.703  -36.060  53.015 0.0000000000
35035  6.833  -36.409  55.666 0.0000000000
52348  29.862  -21.355  30.390 0.0000000000
48905  30.573  -24.375  32.282 0.0000000000
46772  30.693  -26.907  33.584 0.0000000000
45607  26.216  -27.861  35.415 0.0000000000
145660  37.897  -12.322  23.347 0.0000000000
60794  35.401  -13.769  25.959 0.0000000000
128452  37.533  -13.913  24.321 0.0000000000
59706  39.986  -14.776  23.724 0.0000000000
51216  37.207  -22.275  32.522 0.0000000000
78593  60.467  3.670  11.280 0.0000000000
77452  56.986  2.561  13.137 0.0000000000
76427  59.395  1.631  12.434 0.0000000000
72317  51.436  -3.045  17.076 0.0000000000
70278  52.574  -4.450  17.817 0.0000000000
71300  51.095  -3.904  17.588 0.0000000000
51292  32.913  -21.939  28.631 0.0000000000
51291  33.727  -21.926  28.426 0.0000000000
51272  33.452  -22.477  29.215 0.0000000000
73345  49.778  -1.488  17.072 0.0000000000
74306  50.156  -0.750  16.867 0.0000000000
73357  50.656  -1.611  16.795 0.0000000000
73356  51.682  -1.587  16.546 0.0000000000
32786  7.453  -38.757  52.674 0.0000000000
72274  44.451  -2.413  21.290 0.0000000000
71260  43.251  -3.210  22.322 0.0000000000
63104  40.862  -11.267  21.731 0.0000000000
63103  41.555  -11.016  21.600 0.0000000000
140312  42.111  -12.560  22.188 0.0000000000
60864  43.530  -13.536  22.711 0.0000000000
60866  41.637  -13.507  22.570 0.0000000000
42157  15.788  -30.101  42.134 0.0000000000
41112  16.713  -31.557  42.278 0.0000000000
41095  15.038  -31.324  43.009 0.0000000000
39963  15.337  -32.339  43.317 0.0000000000
41096  14.249  -31.199  43.554 0.0000000000
140744  27.204  -23.056  35.433 0.0000000000
48875  27.336  -24.281  33.986 0.0000000000
48876  26.781  -24.477  34.180 0.0000000000
42184  24.665  -30.870  39.142 0.0000000000
62992  34.446  -11.661  29.239 0.0000000000
57490  40.100  -16.706  29.785 0.0000000000
66076  39.559  -8.977  23.267 0.0000000000
66069  39.567  -8.999  24.066 0.0000000000
43268  21.457  -29.251  37.770 0.0000000000
42203  21.665  -30.693  38.442 0.0000000000
142760  20.858  -29.052  38.243 0.0000000000
149810  18.846  -27.829  39.767 0.0000000000
45543  17.528  -27.940  40.671 0.0000000000
44289  17.170  -28.745  40.814 0.0000000000
51181  23.884  -22.749  35.599 0.0000000000
46719  21.776  -26.309  37.532 0.0000000000
136004  22.196  -26.152  36.804 0.0000000000
44357  21.804  -28.524  37.301 0.0000000000
43267  22.243  -29.487  37.272 0.0000000000
57516  33.085  -16.147  28.779 0.0000000000
56465  33.674  -18.020  28.628 0.0000000000
53401  36.696  -21.026  28.799 0.0000000000
53438  36.487  -20.074  27.499 0.0000000000
54371  38.045  -20.010  28.841 0.0000000000
54370  38.716  -19.551  29.311 0.0000000000
53379  38.717  -20.510  30.414 0.0000000000
76385  52.129  1.955  17.252 0.0000000000
77435  54.353  2.542  15.382 0.0000000000
76401  53.400  1.638  15.569 0.0000000000
137678  53.890  -2.395  16.545 0.0000000000
73366  54.762  -1.423  16.011 0.0000000000
72328  55.262  -2.822  16.557 0.0000000000
72306  46.895  -1.820  18.695 0.0000000000
133830  47.532  -2.899  18.230 0.0000000000
71286  46.352  -3.331  18.899 0.0000000000
69212  45.118  -5.333  20.032 0.0000000000
69226  46.342  -5.044  19.728 0.0000000000
68223  46.167  -6.793  20.323 0.0000000000
67148  47.416  -7.671  20.692 0.0000000000
67150  45.693  -7.591  20.473 0.0000000000
69188  41.592  -5.601  22.489 0.0000000000
132631  42.062  -5.504  21.212 0.0000000000
67140  41.859  -7.397  21.140 0.0000000000
64121  43.722  -10.277  21.425 0.0000000000
65095  44.137  -9.617  21.194 0.0000000000
140151  44.953  -10.473  21.534 0.0000000000
64118  46.689  -10.618  21.445 0.0000000000
126225  32.748  -24.969  33.636 0.0000000000
48888  33.608  -24.424  33.642 0.0000000000
73302  46.949  -0.792  21.070 0.0000000000
74282  47.938  -0.472  19.701 0.0000000000
74291  47.990  -0.811  18.596 0.0000000000
41141  20.759  -31.427  40.520 0.0000000000
142724  20.419  -31.752  42.531 0.0000000000
140305  15.106  -34.058  45.036 0.0000000000
38752  15.593  -34.241  45.633 0.0000000000
37536  15.261  -34.693  46.289 0.0000000000
37538  13.469  -34.912  46.067 0.0000000000
42102  12.742  -30.226  45.942 0.0000000000
42116  12.948  -30.822  45.146 0.0000000000
42103  12.195  -30.593  46.701 0.0000000000
39906  10.360  -32.728  48.228 0.0000000000
136557  11.085  -32.822  47.005 0.0000000000
38743  10.653  -33.869  47.321 0.0000000000
148890  11.915  -35.563  47.268 0.0000000000
36272  10.534  -35.276  48.042 0.0000000000
35103  10.577  -36.094  48.554 0.0000000000
36273  9.855  -35.314  48.603 0.0000000000
134376  8.304  -34.272  51.706 0.0000000000
36238  8.417  -35.623  50.360 0.0000000000
126855  8.092  -35.007  51.844 0.0000000000
35064  7.794  -36.609  52.036 0.0000000000
36217  7.994  -35.079  52.775 0.0000000000
54336  28.757  -19.757  32.191 0.0000000000
53362  29.632  -20.076  30.770 0.0000000000
52334  28.939  -21.259  31.359 0.0000000000
50107  30.546  -23.358  31.665 0.0000000000
50091  28.946  -22.897  32.130 0.0000000000
46788  29.062  -26.736  32.916 0.0000000000
47828  29.563  -26.042  32.645 0.0000000000
44415  30.011  -28.235  34.185 0.0000000000
46759  24.428  -26.584  35.093 0.0000000000
46774  25.544  -26.586  34.402 0.0000000000
45608  25.436  -27.588  35.495 0.0000000000
44333  27.436  -28.849  38.200 0.0000000000
69223  49.584  -5.402  19.619 0.0000000000
69222  50.420  -5.463  19.711 0.0000000000
68219  50.589  -6.106  20.657 0.0000000000
64078  36.487  -10.465  24.666 0.0000000000
64091  37.573  -10.860  23.665 0.0000000000
63070  36.807  -11.844  23.933 0.0000000000
58585  34.513  -15.191  26.748 0.0000000000
131190  34.284  -14.338  26.859 0.0000000000
128108  35.947  -14.923  26.195 0.0000000000
59668  39.814  -15.335  27.066 0.0000000000
60792  37.909  -14.587  25.747 0.0000000000
60818  39.352  -14.797  25.440 0.0000000000
59707  39.129  -14.594  23.854 0.0000000000
60817  40.388  -14.965  25.668 0.0000000000
138905  42.156  -14.745  25.033 0.0000000000
125149  35.964  -22.647  32.158 0.0000000000
79590  59.119  4.773  12.069 0.0000000000
76409  56.034  1.684  13.896 0.0000000000
77444  56.096  2.659  13.727 0.0000000000
75353  56.838  1.092  13.708 0.0000000000
76417  58.301  1.042  13.113 0.0000000000
75350  59.832  0.128  13.245 0.0000000000
141405  21.317  -26.383  38.441 0.0000000000
45559  20.118  -27.430  39.160 0.0000000000
71318  53.837  -3.892  17.304 0.0000000000
70276  54.251  -4.637  17.926 0.0000000000
70277  53.342  -4.579  17.863 0.0000000000
54372  33.841  -19.162  28.442 0.0000000000
54395  34.219  -19.666  27.530 0.0000000000
53423  34.262  -20.523  27.588 0.0000000000
52389  35.038  -21.464  28.049 0.0000000000
52346  36.389  -21.711  30.313 0.0000000000
75309  51.903  1.347  19.084 0.0000000000
75320  50.542  0.951  17.515 0.0000000000
75327  51.042  1.073  16.703 0.0000000000
75326  51.905  1.037  16.151 0.0000000000
141335  53.119  0.163  15.745 0.0000000000
131503  52.693  -1.267  16.255 0.0000000000
139790  52.543  -2.238  16.655 0.0000000000
32793  8.777  -38.606  51.062 0.0000000000
73313  45.715  -1.555  20.578 0.0000000000
125213  45.763  -2.774  19.205 0.0000000000
72284  44.491  -2.786  20.421 0.0000000000
70234  44.030  -4.175  20.188 0.0000000000
133560  44.117  -5.186  20.192 0.0000000000
66099  40.893  -8.167  21.704 0.0000000000
66098  42.080  -8.198  21.116 0.0000000000
65098  41.589  -9.531  21.342 0.0000000000
64122  42.881  -10.327  21.404 0.0000000000
63083  44.718  -11.911  22.014 0.0000000000
146301  44.236  -12.823  22.394 0.0000000000
60851  44.816  -13.757  23.406 0.0000000000
46756  32.541  -26.539  35.317 0.0000000000
42162  18.438  -30.766  40.901 0.0000000000
41111  18.737  -31.527  42.158 0.0000000000
137216  17.911  -31.536  42.153 0.0000000000
141519  17.543  -31.905  42.583 0.0000000000
39961  17.263  -32.708  43.808 0.0000000000
38760  14.806  -33.499  44.387 0.0000000000
38761  13.872  -33.398  44.659 0.0000000000
145837  11.933  -30.515  47.515 0.0000000000
41012  10.681  -31.875  48.603 0.0000000000
38731  9.836  -33.212  48.784 0.0000000000
38732  9.292  -33.732  49.337 0.0000000000
144672  9.184  -33.258  50.068 0.0000000000
38717  8.980  -33.270  50.924 0.0000000000
38695  8.862  -32.742  52.988 0.0000000000
51204  27.923  -22.191  33.227 0.0000000000
139440  28.818  -23.773  32.349 0.0000000000
137235  27.857  -23.844  33.537 0.0000000000
47829  27.836  -25.796  33.033 0.0000000000
46790  27.445  -26.589  33.408 0.0000000000
136391  24.367  -28.838  36.800 0.0000000000
45579  25.723  -28.468  36.875 0.0000000000
44335  25.831  -28.975  38.120 0.0000000000
143624  50.561  -7.791  21.347 0.0000000000
63033  34.722  -11.145  26.595 0.0000000000
57515  38.174  -17.018  27.679 0.0000000000
130548  37.943  -15.895  26.913 0.0000000000
58557  38.909  -15.990  27.938 0.0000000000
58555  40.342  -15.598  28.465 0.0000000000
79592  57.915  5.020  12.900 0.0000000000
32774  6.248  -39.090  54.988 0.0000000000
69178  41.840  -5.499  23.191 0.0000000000
68194  41.343  -6.245  23.138 0.0000000000
67123  40.547  -7.784  22.293 0.0000000000
66081  40.235  -8.560  22.080 0.0000000000
147946  39.625  -9.904  22.104 0.0000000000
126336  39.647  -11.539  22.286 0.0000000000
41154  24.133  -31.535  39.602 0.0000000000
127368  23.263  -31.970  40.937 0.0000000000
41156  22.367  -31.606  39.290 0.0000000000
42170  20.826  -31.065  39.677 0.0000000000
42172  19.531  -30.691  40.090 0.0000000000
44322  19.817  -28.463  39.072 0.0000000000
43237  18.919  -29.283  39.620 0.0000000000
42173  18.784  -30.398  40.284 0.0000000000
43216  17.327  -29.761  40.859 0.0000000000
43208  15.996  -29.263  41.852 0.0000000000
43209  15.268  -29.259  42.542 0.0000000000
48858  25.975  -23.961  34.761 0.0000000000
48859  25.076  -24.143  34.657 0.0000000000
47811  24.126  -25.086  34.659 0.0000000000
46760  23.712  -26.162  35.305 0.0000000000
48843  22.505  -24.486  36.215 0.0000000000
46746  22.719  -26.508  36.295 0.0000000000
45597  23.387  -27.295  36.168 0.0000000000
44355  23.496  -28.835  36.716 0.0000000000
43250  23.688  -30.142  37.597 0.0000000000
131258  33.804  -13.860  30.648 0.0000000000
60752  33.676  -13.033  29.068 0.0000000000
59643  33.232  -14.561  29.781 0.0000000000
57528  33.391  -16.023  27.754 0.0000000000
131303  35.514  -17.148  26.525 0.0000000000
55399  34.413  -18.415  27.127 0.0000000000
55427  35.827  -18.342  26.577 0.0000000000
56478  36.906  -17.534  26.673 0.0000000000
55361  38.520  -18.398  28.425 0.0000000000
55351  39.649  -18.307  30.315 0.0000000000
77434  54.974  2.803  14.967 0.0000000000
77446  54.778  2.005  14.782 0.0000000000
75343  55.414  0.647  14.730 0.0000000000
74316  53.940  0.034  15.550 0.0000000000
133766  54.946  -0.561  15.538 0.0000000000
72320  48.670  -2.101  17.544 0.0000000000
71302  49.283  -3.582  17.872 0.0000000000
143854  48.584  -3.351  17.932 0.0000000000
70250  48.256  -4.758  19.061 0.0000000000
141047  47.982  -5.240  19.674 0.0000000000
70252  46.093  -4.244  19.351 0.0000000000
69225  47.161  -5.228  19.749 0.0000000000
138256  48.662  -6.143  20.373 0.0000000000
67138  48.895  -7.715  21.057 0.0000000000
66096  48.718  -8.560  21.191 0.0000000000
71267  42.694  -3.789  21.828 0.0000000000
69215  42.617  -5.267  20.766 0.0000000000
138153  44.327  -6.772  20.400 0.0000000000
66111  42.709  -8.418  20.960 0.0000000000
66109  44.277  -8.271  20.670 0.0000000000
67151  44.781  -7.557  20.490 0.0000000000
65105  46.306  -9.128  21.016 0.0000000000
50120  31.648  -23.122  30.551 0.0000000000
146414  33.437  -23.122  30.995 0.0000000000
50088  33.454  -23.810  32.445 0.0000000000
50058  34.720  -23.988  33.914 0.0000000000
74289  49.234  0.009  18.406 0.0000000000
138934  48.515  -0.892  17.922 0.0000000000
44251  14.759  -28.871  43.361 0.0000000000
142149  14.066  -29.067  44.600 0.0000000000
43184  14.271  -29.523  43.842 0.0000000000
135179  13.743  -31.123  44.045 0.0000000000
39954  13.387  -32.471  44.621 0.0000000000
134857  13.113  -33.315  45.135 0.0000000000
41037  11.455  -32.228  46.767 0.0000000000
38747  12.080  -33.377  45.948 0.0000000000
37548  12.379  -34.017  45.849 0.0000000000
36306  12.991  -35.357  46.633 0.0000000000
36269  12.998  -36.224  47.914 0.0000000000
33947  10.105  -37.394  49.649 0.0000000000
36254  8.794  -35.231  49.785 0.0000000000
141932  9.097  -36.604  49.797 0.0000000000
142158  9.120  -37.771  50.365 0.0000000000
33932  8.284  -37.842  51.158 0.0000000000
33927  7.538  -37.953  52.422 0.0000000000
33922  7.267  -37.816  53.385 0.0000000000
145579  7.534  -35.869  54.270 0.0000000000
35040  7.234  -36.638  54.805 0.0000000000
33918  7.025  -38.074  54.458 0.0000000000
52369  31.233  -21.372  29.343 0.0000000000
52370  30.423  -21.180  29.869 0.0000000000
51254  31.109  -22.560  29.846 0.0000000000
142958  31.301  -23.423  31.400 0.0000000000
48904  31.502  -24.464  32.501 0.0000000000
48890  32.024  -25.017  33.183 0.0000000000
48906  29.519  -24.435  32.268 0.0000000000
47827  30.618  -26.016  33.058 0.0000000000
47808  31.826  -26.223  34.121 0.0000000000
128813  25.918  -25.396  34.052 0.0000000000
46773  26.267  -26.926  34.131 0.0000000000
45620  27.590  -27.983  34.376 0.0000000000
45594  25.883  -28.103  36.264 0.0000000000
44377  27.561  -28.596  36.119 0.0000000000
133248  28.342  -28.783  35.897 0.0000000000
70263  50.670  -4.619  18.382 0.0000000000
144578  38.377  -9.940  23.622 0.0000000000
64103  38.745  -11.183  22.757 0.0000000000
63088  39.202  -12.066  22.583 0.0000000000
61912  33.745  -13.204  27.990 0.0000000000
61946  34.488  -12.925  26.557 0.0000000000
61961  35.094  -12.482  25.442 0.0000000000
126453  36.755  -14.790  26.154 0.0000000000
60821  36.326  -13.541  25.039 0.0000000000
60840  36.583  -13.008  24.286 0.0000000000
60858  37.812  -13.495  23.622 0.0000000000
60869  39.045  -13.606  22.993 0.0000000000
60867  40.661  -13.581  22.598 0.0000000000
59721  41.741  -14.572  23.539 0.0000000000
51235  34.953  -22.656  31.139 0.0000000000
51249  36.192  -22.052  31.092 0.0000000000
52332  37.704  -21.548  31.433 0.0000000000
52310  38.720  -21.826  33.032 0.0000000000
53343  39.252  -21.002  31.949 0.0000000000
80583  60.940  5.023  10.718 0.0000000000
79581  56.743  4.226  13.682 0.0000000000
78582  57.737  4.178  12.696 0.0000000000
75352  57.762  0.715  13.488 0.0000000000
77464  57.882  2.492  12.715 0.0000000000
78581  58.265  3.387  12.388 0.0000000000
78580  59.213  3.229  12.050 0.0000000000
77478  60.560  2.379  11.799 0.0000000000
71320  50.565  -3.086  17.293 0.0000000000
51273  32.427  -22.300  29.125 0.0000000000
125930  32.786  -22.686  29.732 0.0000000000
137100  50.820  -2.450  16.988 0.0000000000
32779  7.129  -38.797  53.658 0.0000000000
63087  40.517  -11.837  22.071 0.0000000000
63086  41.372  -11.845  21.948 0.0000000000
42145  15.118  -30.307  42.670 0.0000000000
41113  15.775  -31.042  42.357 0.0000000000
42146  14.505  -30.403  43.298 0.0000000000
48856  26.905  -23.693  34.715 0.0000000000
48857  26.491  -23.800  34.784 0.0000000000
42169  24.931  -31.171  39.958 0.0000000000
42168  25.552  -30.767  40.366 0.0000000000
61893  34.800  -11.912  30.249 0.0000000000
45582  21.531  -27.369  37.608 0.0000000000
56466  33.275  -17.192  28.812 0.0000000000
52364  37.020  -21.222  29.704 0.0000000000
53400  37.568  -20.673  29.195 0.0000000000
53399  38.386  -20.296  29.608 0.0000000000
76393  52.281  1.770  16.404 0.0000000000
77427  52.735  2.266  16.829 0.0000000000
76392  52.910  2.130  16.009 0.0000000000
72314  54.417  -3.142  16.805 0.0000000000
72329  54.592  -2.236  16.377 0.0000000000
72313  55.229  -3.511  16.918 0.0000000000
33937  10.711  -37.988  50.122 0.0000000000
71304  46.930  -2.681  18.524 0.0000000000
72291  46.278  -2.335  18.947 0.0000000000
69213  44.734  -6.031  20.230 0.0000000000
139893  45.629  -6.037  20.183 0.0000000000
68202  41.216  -6.289  22.119 0.0000000000
68215  41.760  -6.423  21.284 0.0000000000
63100  44.312  -10.973  21.676 0.0000000000
64120  44.429  -10.208  21.434 0.0000000000
63099  45.259  -11.164  21.731 0.0000000000
48874  33.070  -25.264  34.472 0.0000000000
73312  46.314  -1.189  20.354 0.0000000000
73311  47.039  -0.797  20.032 0.0000000000
73323  47.234  -1.090  19.090 0.0000000000
41142  19.992  -31.247  40.700 0.0000000000
41125  20.580  -31.650  41.546 0.0000000000
137019  19.690  -31.389  41.319 0.0000000000
38753  14.374  -34.020  45.013 0.0000000000
37545  14.789  -34.486  45.566 0.0000000000
37537  14.411  -34.972  46.268 0.0000000000
38737  10.151  -33.695  47.961 0.0000000000
37533  10.557  -34.532  47.598 0.0000000000
128413  7.957  -35.780  52.054 0.0000000000
52325  28.061  -21.246  32.630 0.0000000000
54324  28.590  -19.780  33.027 0.0000000000
52335  28.510  -20.798  31.803 0.0000000000
52324  28.505  -21.470  31.986 0.0000000000
51220  29.007  -22.038  31.804 0.0000000000
45630  28.711  -27.371  33.355 0.0000000000
142762  29.404  -27.285  33.308 0.0000000000
45618  29.310  -27.881  33.725 0.0000000000
130752  29.824  -28.743  34.971 0.0000000000
44416  29.150  -28.474  34.406 0.0000000000
46758  25.108  -26.972  34.940 0.0000000000
45609  24.701  -27.291  35.579 0.0000000000
69209  49.198  -5.756  20.067 0.0000000000
69208  50.075  -5.775  20.177 0.0000000000
64065  35.887  -10.379  25.441 0.0000000000
63059  36.869  -11.094  23.969 0.0000000000
63060  36.098  -11.568  24.369 0.0000000000
58584  35.440  -15.535  26.411 0.0000000000
60770  40.230  -15.229  26.800 0.0000000000
60790  39.856  -15.020  26.232 0.0000000000
60789  40.652  -15.135  26.524 0.0000000000
141397  41.290  -15.041  26.216 0.0000000000
80569  58.722  5.476  12.582 0.0000000000
133479  58.818  4.000  12.140 0.0000000000
47745  21.375  -25.680  39.196 0.0000000000
46704  20.947  -26.213  39.329 0.0000000000
144005  21.087  -25.643  39.882 0.0000000000
71319  52.916  -3.818  17.344 0.0000000000
70262  51.803  -4.686  18.168 0.0000000000
70261  52.778  -5.091  18.568 0.0000000000
54373  33.476  -19.497  28.839 0.0000000000
54396  33.692  -20.005  27.898 0.0000000000
146154  33.600  -20.741  27.843 0.0000000000
51271  34.439  -22.269  29.007 0.0000000000
52367  34.526  -21.825  28.385 0.0000000000
52366  35.265  -21.868  28.862 0.0000000000
52365  36.163  -21.550  29.274 0.0000000000
52347  35.660  -21.894  29.707 0.0000000000
75311  50.192  0.665  18.303 0.0000000000
75321  50.075  0.367  17.491 0.0000000000
75328  50.450  0.212  16.806 0.0000000000
126086  51.339  0.228  16.327 0.0000000000
74317  52.377  -0.069  15.964 0.0000000000
141648  51.789  -0.673  16.256 0.0000000000
72331  51.876  -2.443  16.802 0.0000000000
72315  53.321  -2.970  16.842 0.0000000000
73304  45.583  -1.574  21.295 0.0000000000
72283  45.068  -2.035  20.695 0.0000000000
71265  43.859  -2.993  20.953 0.0000000000
71276  44.083  -3.439  20.370 0.0000000000
70235  43.177  -4.617  20.546 0.0000000000
65099  40.743  -8.992  21.595 0.0000000000
63102  42.449  -11.049  21.617 0.0000000000
63101  43.341  -11.037  21.642 0.0000000000
136426  43.766  -11.882  21.976 0.0000000000
60852  43.861  -14.022  23.474 0.0000000000
60833  43.709  -14.308  24.503 0.0000000000
73303  46.202  -1.229  21.255 0.0000000000
42163  17.644  -30.559  41.103 0.0000000000
41126  18.143  -31.162  41.548 0.0000000000
42155  17.263  -31.084  41.734 0.0000000000
41093  16.938  -32.300  42.952 0.0000000000
39962  16.282  -32.703  43.435 0.0000000000
39964  14.622  -31.907  43.479 0.0000000000
39953  14.702  -32.641  43.805 0.0000000000
145885  14.098  -32.822  44.211 0.0000000000
40998  10.448  -31.607  49.471 0.0000000000
39895  10.135  -32.392  49.105 0.0000000000
39896  9.597  -32.865  49.598 0.0000000000
39882  9.923  -32.108  49.954 0.0000000000
38706  8.949  -33.002  51.948 0.0000000000
126320  27.516  -22.675  34.836 0.0000000000
146150  27.686  -22.201  34.043 0.0000000000
52311  27.733  -21.398  33.672 0.0000000000
50092  28.212  -23.144  32.849 0.0000000000
48893  27.255  -25.142  33.601 0.0000000000
48892  27.924  -24.751  33.094 0.0000000000
44336  25.086  -29.150  37.415 0.0000000000
43248  25.431  -29.405  38.446 0.0000000000
64033  35.316  -10.378  27.195 0.0000000000
56463  38.652  -17.413  28.406 0.0000000000
57514  38.694  -16.593  28.191 0.0000000000
57504  39.012  -16.801  28.739 0.0000000000
57502  40.712  -16.211  29.763 0.0000000000
58548  39.981  -16.063  29.078 0.0000000000
58547  40.695  -15.795  29.061 0.0000000000
32767  5.637  -38.483  55.544 0.0000000000
67117  40.551  -7.625  23.010 0.0000000000
66075  40.081  -8.316  22.954 0.0000000000
65078  39.327  -9.571  22.615 0.0000000000
64102  39.409  -10.496  22.291 0.0000000000
41163  22.911  -31.424  38.609 0.0000000000
41155  23.251  -31.697  39.364 0.0000000000
42186  22.175  -31.246  38.669 0.0000000000
43235  20.874  -30.466  38.890 0.0000000000
42171  20.205  -30.995  40.038 0.0000000000
45560  19.467  -27.615  39.504 0.0000000000
44308  18.421  -28.679  39.905 0.0000000000
44307  19.147  -28.567  39.473 0.0000000000
43226  18.504  -29.657  40.032 0.0000000000
43215  18.043  -30.114  40.523 0.0000000000
44290  16.442  -28.424  41.484 0.0000000000
43217  16.634  -29.421  41.281 0.0000000000
44269  15.784  -28.443  42.208 0.0000000000
50043  25.668  -23.372  35.481 0.0000000000
50045  23.385  -23.629  35.344 0.0000000000
48860  24.016  -24.411  34.733 0.0000000000
135627  23.264  -24.512  35.223 0.0000000000
47793  23.553  -25.264  35.074 0.0000000000
46731  22.128  -26.945  36.851 0.0000000000
44379  22.994  -28.074  36.479 0.0000000000
44378  23.919  -28.177  36.449 0.0000000000
42210  22.781  -30.295  37.511 0.0000000000
43266  23.131  -29.576  37.058 0.0000000000
42201  23.311  -30.858  38.070 0.0000000000
42185  23.788  -31.268  38.789 0.0000000000
59630  33.455  -14.684  30.606 0.0000000000
56481  33.396  -16.867  27.923 0.0000000000
57527  33.945  -16.525  27.198 0.0000000000
56508  34.716  -16.924  26.725 0.0000000000
53440  34.943  -20.152  27.239 0.0000000000
54419  34.709  -19.273  27.085 0.0000000000
54416  37.311  -19.575  27.613 0.0000000000
54417  36.651  -19.290  26.981 0.0000000000
55397  36.666  -18.389  26.680 0.0000000000
133525  37.411  -18.750  27.196 0.0000000000
56464  38.007  -18.006  27.612 0.0000000000
54351  39.593  -19.199  30.573 0.0000000000
54369  39.231  -18.985  29.826 0.0000000000
76378  52.395  1.763  18.361 0.0000000000
78562  55.271  3.553  15.471 0.0000000000
77424  54.704  3.260  15.885 0.0000000000
76400  54.129  1.784  15.223 0.0000000000
76410  55.380  1.441  14.429 0.0000000000
141625  55.465  -0.019  15.110 0.0000000000
71322  48.950  -2.804  17.617 0.0000000000
72304  48.152  -2.629  17.882 0.0000000000
71303  47.226  -3.471  18.545 0.0000000000
70265  47.729  -4.142  18.697 0.0000000000
70251  47.450  -4.705  19.256 0.0000000000
71287  45.529  -3.468  19.362 0.0000000000
69211  46.596  -5.866  20.104 0.0000000000
69210  47.754  -5.910  20.124 0.0000000000
68221  48.048  -6.666  20.552 0.0000000000
142318  48.812  -6.821  20.794 0.0000000000
142169  47.702  -7.136  20.603 0.0000000000
66106  47.356  -8.470  20.931 0.0000000000
67139  48.079  -8.122  20.959 0.0000000000
70211  42.717  -3.768  22.751 0.0000000000
70212  42.237  -4.359  22.254 0.0000000000
68225  42.524  -6.049  20.770 0.0000000000
69214  43.240  -5.622  20.484 0.0000000000
68224  43.353  -6.627  20.544 0.0000000000
65097  42.369  -9.001  21.122 0.0000000000
65109  43.084  -8.832  20.958 0.0000000000
65108  43.783  -8.924  20.907 0.0000000000
66108  45.192  -8.317  20.664 0.0000000000
65106  45.536  -9.028  20.948 0.0000000000
50106  32.137  -23.566  31.424 0.0000000000
50105  33.036  -23.505  31.556 0.0000000000
48873  34.043  -24.423  34.116 0.0000000000
50059  34.053  -24.062  33.525 0.0000000000
74280  49.131  0.091  19.311 0.0000000000
73338  47.518  -1.474  18.465 0.0000000000
73337  48.119  -1.591  17.918 0.0000000000
41140  22.711  -31.836  40.093 0.0000000000
141661  23.372  -32.109  41.755 0.0000000000
41123  22.588  -31.985  41.701 0.0000000000
38745  16.409  -33.831  45.836 0.0000000000
44235  14.938  -28.026  43.785 0.0000000000
43173  13.721  -29.109  45.301 0.0000000000
43185  13.794  -29.765  44.589 0.0000000000
42130  13.991  -30.425  43.965 0.0000000000
42131  13.465  -30.569  44.550 0.0000000000
42117  12.444  -31.155  45.771 0.0000000000
41057  12.823  -31.741  45.091 0.0000000000
39939  12.801  -32.503  45.172 0.0000000000
39940  12.441  -32.907  45.538 0.0000000000
41023  11.578  -31.282  47.270 0.0000000000
38742  11.110  -33.568  46.910 0.0000000000
39928  11.505  -33.094  46.454 0.0000000000
37539  12.575  -34.655  46.145 0.0000000000
36290  11.978  -35.091  46.777 0.0000000000
36270  11.967  -36.024  47.774 0.0000000000
35087  10.358  -36.764  49.148 0.0000000000
138842  11.108  -36.795  48.910 0.0000000000
35088  9.551  -36.694  49.488 0.0000000000
37515  9.002  -34.555  49.597 0.0000000000
35076  8.694  -36.524  50.146 0.0000000000
33940  8.541  -37.269  50.558 0.0000000000
144467  8.036  -37.002  51.248 0.0000000000
35055  7.556  -37.097  52.721 0.0000000000
35046  7.382  -36.781  53.735 0.0000000000
36196  7.751  -35.031  54.326 0.0000000000
138206  7.279  -35.981  55.214 0.0000000000
144125  7.156  -37.326  54.347 0.0000000000
131554  6.753  -37.340  55.294 0.0000000000
53403  31.776  -20.854  29.266 0.0000000000
53385  29.747  -20.715  30.487 0.0000000000
51275  30.861  -21.879  29.565 0.0000000000
51255  30.325  -22.065  30.228 0.0000000000
51236  30.800  -22.895  30.785 0.0000000000
135289  30.822  -23.930  32.186 0.0000000000
48891  31.159  -25.126  32.721 0.0000000000
48907  28.656  -24.617  32.521 0.0000000000
47843  29.133  -25.299  32.420 0.0000000000
47809  31.244  -26.342  33.678 0.0000000000
46771  31.375  -26.944  34.158 0.0000000000
46757  31.953  -26.776  34.734 0.0000000000
45605  31.459  -27.658  34.886 0.0000000000
48878  25.536  -24.826  34.296 0.0000000000
48877  26.259  -24.623  34.255 0.0000000000
45622  25.846  -27.272  34.781 0.0000000000
45621  26.636  -27.608  34.574 0.0000000000
144208  27.036  -27.216  33.870 0.0000000000
45578  26.358  -28.511  37.100 0.0000000000
136136  27.994  -28.918  37.634 0.0000000000
44352  27.244  -28.652  37.197 0.0000000000
131241  28.314  -28.880  36.772 0.0000000000
70248  50.014  -5.003  19.023 0.0000000000
142084  38.512  -9.553  24.284 0.0000000000
64063  37.908  -9.679  24.621 0.0000000000
63068  38.046  -11.446  23.279 0.0000000000
64090  38.190  -10.612  23.342 0.0000000000
63089  38.562  -12.156  22.960 0.0000000000
60753  33.464  -13.733  28.535 0.0000000000
60795  34.733  -13.708  26.435 0.0000000000
61962  34.950  -13.105  25.935 0.0000000000
144205  34.694  -12.476  26.032 0.0000000000
60822  35.552  -13.206  25.439 0.0000000000
58582  37.406  -15.325  26.482 0.0000000000
59682  37.679  -14.844  26.168 0.0000000000
60820  37.257  -14.042  25.125 0.0000000000
132845  36.883  -13.584  24.605 0.0000000000
60839  37.142  -13.366  24.010 0.0000000000
60857  38.660  -13.961  23.415 0.0000000000
60856  39.453  -14.233  23.240 0.0000000000
60868  39.735  -13.619  22.736 0.0000000000
60855  40.303  -14.359  23.042 0.0000000000
60854  41.232  -14.253  22.949 0.0000000000
59722  40.899  -14.778  23.585 0.0000000000
60815  42.713  -14.650  25.538 0.0000000000
50103  34.598  -23.081  31.793 0.0000000000
144686  34.121  -22.881  30.996 0.0000000000
51217  36.483  -22.708  32.677 0.0000000000
51233  36.529  -22.252  31.872 0.0000000000
52333  36.889  -21.780  31.221 0.0000000000
146552  37.258  -21.913  31.881 0.0000000000
52322  38.825  -21.488  32.308 0.0000000000
53342  39.908  -20.613  32.296 0.0000000000
79598  59.774  5.050  11.619 0.0000000000
79597  60.355  4.541  11.192 0.0000000000
140099  55.744  3.973  15.020 0.0000000000
78570  56.618  3.488  13.446 0.0000000000
134884  57.117  3.976  13.151 0.0000000000
78569  57.391  3.345  12.857 0.0000000000
76428  58.472  1.691  12.732 0.0000000000
77463  58.799  2.457  12.346 0.0000000000
77462  59.725  2.395  12.079 0.0000000000
127417  52.032  -3.866  17.431 0.0000000000
52391  33.069  -21.253  28.195 0.0000000000
139163  49.545  -0.876  17.173 0.0000000000
74297  49.813  -0.248  17.227 0.0000000000
72332  51.302  -2.229  16.816 0.0000000000
131243  7.912  -39.450  52.295 0.0000000000
72264  44.587  -2.294  22.284 0.0000000000
72275  43.840  -2.761  21.833 0.0000000000
71266  43.304  -3.372  21.444 0.0000000000
64124  40.752  -10.600  21.607 0.0000000000
144473  41.318  -10.271  21.460 0.0000000000
63085  42.070  -11.654  21.851 0.0000000000
61998  43.181  -12.735  22.259 0.0000000000
60865  42.585  -13.482  22.590 0.0000000000
42156  16.432  -30.708  41.882 0.0000000000
40986  9.815  -31.907  50.828 0.0000000000
50060  27.407  -23.488  34.428 0.0000000000
43234  25.025  -30.028  38.811 0.0000000000
42183  25.466  -30.254  39.690 0.0000000000
63003  34.433  -11.524  28.319 0.0000000000
148747  40.218  -17.195  30.318 0.0000000000
57503  39.533  -16.725  29.192 0.0000000000
57489  40.609  -16.836  30.342 0.0000000000
66068  40.062  -8.617  23.939 0.0000000000
65068  38.946  -9.422  23.630 0.0000000000
43251  21.930  -30.141  37.836 0.0000000000
43252  21.164  -29.864  38.299 0.0000000000
43236  20.333  -29.441  38.752 0.0000000000
45541  19.085  -26.970  40.059 0.0000000000
45542  18.256  -27.554  40.311 0.0000000000
44309  17.805  -28.460  40.365 0.0000000000
149517  21.767  -25.461  38.283 0.0000000000
47758  22.055  -25.469  37.254 0.0000000000
45581  22.208  -27.872  36.806 0.0000000000
44356  22.609  -28.769  36.836 0.0000000000
57492  33.097  -15.523  30.003 0.0000000000
57505  33.190  -16.642  29.743 0.0000000000
136217  33.573  -17.598  28.062 0.0000000000
53422  36.250  -20.767  28.028 0.0000000000
53421  37.212  -20.334  28.270 0.0000000000
54394  37.808  -19.664  28.216 0.0000000000
54393  38.376  -19.249  28.598 0.0000000000
54352  39.063  -19.806  30.057 0.0000000000
53378  39.422  -20.077  30.809 0.0000000000
77417  53.364  2.421  17.619 0.0000000000
77436  53.649  2.332  15.724 0.0000000000
75335  54.013  0.970  15.282 0.0000000000
73355  53.823  -1.548  16.201 0.0000000000
73354  55.388  -2.090  16.174 0.0000000000
73353  56.197  -2.065  16.001 0.0000000000
140356  55.903  -2.616  16.357 0.0000000000
70233  44.796  -4.532  19.909 0.0000000000
69227  45.580  -4.788  19.759 0.0000000000
139898  45.853  -5.414  19.963 0.0000000000
67149  46.581  -7.583  20.520 0.0000000000
141662  46.846  -8.161  20.735 0.0000000000
69187  41.943  -4.923  22.791 0.0000000000
69200  41.880  -5.068  21.920 0.0000000000
69201  41.623  -5.740  21.762 0.0000000000
65094  45.037  -9.753  21.251 0.0000000000
146400  45.830  -9.614  21.194 0.0000000000
64119  45.774  -10.382  21.451 0.0000000000
50075  32.364  -24.474  32.884 0.0000000000
50074  32.959  -24.249  32.883 0.0000000000
48889  33.095  -24.576  33.359 0.0000000000
132862  33.387  -24.769  34.023 0.0000000000
73301  47.691  -0.681  21.856 0.0000000000
74268  47.826  -0.512  20.796 0.0000000000
74281  48.449  -0.292  19.160 0.0000000000
143585  21.345  -31.737  40.953 0.0000000000
41124  21.654  -31.852  41.679 0.0000000000
36287  15.008  -35.062  46.864 0.0000000000
36305  13.824  -35.362  46.665 0.0000000000
43161  13.196  -29.255  46.192 0.0000000000
39916  10.652  -33.131  47.453 0.0000000000
37532  11.187  -34.424  47.025 0.0000000000
36291  11.275  -35.290  47.439 0.0000000000
35102  11.527  -36.493  48.401 0.0000000000
38718  8.557  -34.094  50.939 0.0000000000
37504  8.579  -34.696  50.290 0.0000000000
37494  8.224  -34.863  51.024 0.0000000000
36228  8.079  -35.652  51.221 0.0000000000
149736  7.994  -36.289  51.452 0.0000000000
35036  6.211  -36.821  56.002 0.0000000000
53363  29.086  -20.491  31.118 0.0000000000
51256  29.595  -21.852  31.027 0.0000000000
51237  30.136  -22.587  31.101 0.0000000000
51219  29.654  -22.719  31.647 0.0000000000
50090  29.858  -23.591  32.064 0.0000000000
46805  28.686  -26.009  32.660 0.0000000000
45629  30.058  -27.523  33.609 0.0000000000
45617  30.760  -27.650  34.154 0.0000000000
44396  30.655  -28.374  34.796 0.0000000000
46775  24.906  -26.339  34.611 0.0000000000
44334  26.388  -28.942  38.541 0.0000000000
44353  26.717  -28.741  37.965 0.0000000000
139140  26.974  -28.902  38.839 0.0000000000
70249  49.125  -4.874  18.960 0.0000000000
69207  51.076  -5.721  20.283 0.0000000000
64047  36.762  -9.791  25.542 0.0000000000
64064  37.217  -9.835  24.830 0.0000000000
64077  37.298  -10.296  24.214 0.0000000000
63069  37.391  -11.682  23.621 0.0000000000
59670  33.838  -14.930  27.282 0.0000000000
59684  35.163  -14.548  26.312 0.0000000000
59683  36.011  -14.334  25.945 0.0000000000
129458  39.124  -15.288  26.776 0.0000000000
59681  38.595  -14.990  26.312 0.0000000000
59680  39.462  -15.139  26.526 0.0000000000
60791  38.928  -14.805  25.947 0.0000000000
60819  38.286  -14.427  25.066 0.0000000000
60838  38.318  -14.301  24.039 0.0000000000
126161  38.934  -14.646  24.585 0.0000000000
60837  39.714  -14.867  24.642 0.0000000000
60836  40.630  -14.953  24.548 0.0000000000
60835  41.528  -14.869  24.356 0.0000000000
60816  41.346  -14.925  25.352 0.0000000000
50071  35.452  -23.636  33.397 0.0000000000
51218  35.775  -23.097  32.699 0.0000000000
50070  36.333  -23.259  33.475 0.0000000000
51192  37.067  -23.093  34.110 0.0000000000
124759  37.117  -22.709  33.293 0.0000000000
78594  59.662  4.034  11.682 0.0000000000
77445  55.425  2.280  14.310 0.0000000000
77453  56.643  1.891  13.421 0.0000000000
76416  59.098  0.920  12.892 0.0000000000
75359  60.051  0.819  12.665 0.0000000000
45558  20.807  -27.212  38.628 0.0000000000
46705  20.430  -26.520  39.550 0.0000000000
48819  21.973  -24.461  38.576 0.0000000000
70260  53.711  -5.062  18.685 0.0000000000
52406  34.917  -20.902  27.561 0.0000000000
52390  34.128  -21.282  27.881 0.0000000000
145914  35.530  -21.041  27.857 0.0000000000
52388  35.832  -21.334  28.438 0.0000000000
75310  50.930  1.113  18.629 0.0000000000
76394  51.655  1.560  16.740 0.0000000000
147977  52.645  0.694  15.822 0.0000000000
72330  53.262  -2.082  16.504 0.0000000000
32798  9.382  -38.381  50.616 0.0000000000
73325  45.883  -1.609  19.953 0.0000000000
72292  45.790  -2.103  19.527 0.0000000000
135176  45.468  -1.945  20.062 0.0000000000
72293  45.174  -2.621  19.775 0.0000000000
71288  44.720  -3.580  19.848 0.0000000000
143761  41.460  -7.901  21.394 0.0000000000
130710  41.505  -8.629  21.333 0.0000000000
137759  42.431  -9.747  21.276 0.0000000000
64123  42.063  -10.314  21.401 0.0000000000
60863  45.019  -13.249  22.748 0.0000000000
60850  45.618  -13.513  23.242 0.0000000000
139923  44.313  -13.571  22.878 0.0000000000
60831  45.422  -13.789  24.063 0.0000000000
47791  32.323  -26.171  34.606 0.0000000000
47772  33.043  -26.068  35.558 0.0000000000
130723  33.007  -26.559  36.113 0.0000000000
126163  18.981  -31.268  41.461 0.0000000000
147685  17.335  -31.530  42.162 0.0000000000
39952  15.603  -33.071  43.953 0.0000000000
138651  13.669  -33.941  45.110 0.0000000000
41011  11.205  -31.284  48.165 0.0000000000
38738  9.658  -33.929  48.588 0.0000000000
39883  9.455  -32.628  50.446 0.0000000000
142831  8.626  -33.648  51.607 0.0000000000
38707  8.448  -33.668  52.552 0.0000000000
139431  28.298  -24.047  32.822 0.0000000000
46789  28.245  -26.675  33.087 0.0000000000
45631  27.868  -27.373  33.585 0.0000000000
45595  25.148  -27.929  36.190 0.0000000000
45580  24.951  -28.459  36.670 0.0000000000
130521  25.659  -28.790  37.321 0.0000000000
44321  26.088  -29.214  39.078 0.0000000000
141450  49.592  -7.026  21.078 0.0000000000
68214  50.220  -6.562  21.007 0.0000000000
64049  35.454  -10.395  26.243 0.0000000000
129338  35.128  -10.987  25.548 0.0000000000
57526  37.129  -16.892  26.771 0.0000000000
58570  37.040  -16.147  26.611 0.0000000000
57525  37.752  -16.592  27.060 0.0000000000
58569  38.562  -15.805  27.313 0.0000000000
57513  39.268  -16.264  28.596 0.0000000000
58556  39.602  -15.778  28.244 0.0000000000
58568  39.218  -15.588  27.393 0.0000000000
59655  40.039  -15.463  27.759 0.0000000000
59667  40.539  -15.279  27.384 0.0000000000
74323  56.266  0.078  14.744 0.0000000000
75342  56.733  0.458  14.179 0.0000000000
32773  6.842  -38.756  54.546 0.0000000000
70202  42.976  -4.148  23.611 0.0000000000
69177  42.480  -5.026  23.611 0.0000000000
67122  40.802  -6.969  22.610 0.0000000000
66082  39.749  -8.925  22.515 0.0000000000
65077  39.967  -9.392  21.945 0.0000000000
143181  40.045  -10.199  21.830 0.0000000000
64101  40.152  -11.003  21.854 0.0000000000
41138  24.335  -31.781  40.533 0.0000000000
41139  23.566  -31.819  40.089 0.0000000000
41157  21.646  -31.641  40.083 0.0000000000
42187  21.544  -31.229  39.124 0.0000000000
44338  20.435  -28.317  38.583 0.0000000000
131955  19.533  -29.383  39.272 0.0000000000
137653  19.172  -30.008  39.714 0.0000000000
139605  16.324  -29.970  41.679 0.0000000000
50044  24.498  -23.434  35.119 0.0000000000
48879  24.691  -24.996  34.459 0.0000000000
47792  24.354  -25.739  34.700 0.0000000000
46744  23.946  -26.910  35.700 0.0000000000
146568  22.208  -24.773  36.879 0.0000000000
47774  22.457  -25.465  36.354 0.0000000000
47794  22.847  -24.943  35.630 0.0000000000
47773  23.064  -25.831  35.725 0.0000000000
46745  23.333  -26.528  35.847 0.0000000000
43265  24.082  -29.440  37.171 0.0000000000
42200  24.211  -30.521  38.362 0.0000000000
60736  33.890  -13.054  30.198 0.0000000000
60737  33.459  -13.771  29.500 0.0000000000
59656  33.272  -14.521  28.646 0.0000000000
58549  33.047  -15.219  29.079 0.0000000000
58558  33.248  -15.370  28.278 0.0000000000
59671  33.448  -14.864  27.874 0.0000000000
58571  33.945  -15.688  27.190 0.0000000000
57540  34.623  -16.056  26.742 0.0000000000
57539  35.438  -16.444  26.501 0.0000000000
55376  33.983  -18.743  27.928 0.0000000000
128679  33.894  -18.107  27.783 0.0000000000
54418  35.712  -19.634  26.949 0.0000000000
55398  35.299  -18.771  26.732 0.0000000000
56479  35.075  -17.849  26.645 0.0000000000
56507  36.064  -17.682  26.515 0.0000000000
57538  36.329  -16.849  26.539 0.0000000000
56477  37.595  -17.346  27.090 0.0000000000
136317  39.021  -17.910  29.089 0.0000000000
127787  38.885  -18.738  29.134 0.0000000000
55360  39.277  -18.262  29.654 0.0000000000
56451  39.639  -17.470  29.795 0.0000000000
75336  53.278  0.815  15.572 0.0000000000
74303  54.177  -0.808  15.879 0.0000000000
75334  54.737  0.370  15.166 0.0000000000
72319  49.339  -2.152  17.291 0.0000000000
71321  49.736  -2.955  17.460 0.0000000000
141852  48.647  -4.114  18.393 0.0000000000
128402  47.964  -3.469  18.224 0.0000000000
69224  48.754  -5.319  19.581 0.0000000000
137794  46.779  -4.685  19.414 0.0000000000
140382  48.483  -5.681  19.951 0.0000000000
67137  49.774  -7.888  21.278 0.0000000000
149540  49.205  -8.248  21.232 0.0000000000
67147  48.149  -7.353  20.802 0.0000000000
70219  42.908  -3.948  21.092 0.0000000000
70220  42.408  -4.600  21.286 0.0000000000
144297  43.938  -6.049  20.351 0.0000000000
67153  42.603  -7.779  20.873 0.0000000000
148819  43.143  -7.416  20.677 0.0000000000
66110  43.356  -8.189  20.750 0.0000000000
67152  43.878  -7.494  20.547 0.0000000000
66107  46.135  -8.371  20.701 0.0000000000
145116  46.745  -8.680  20.900 0.0000000000
137413  46.470  -9.836  21.246 0.0000000000
138530  47.132  -10.045  21.287 0.0000000000
65093  47.810  -9.799  21.265 0.0000000000
50119  32.649  -23.112  30.562 0.0000000000
50104  33.838  -23.315  31.691 0.0000000000
50087  34.283  -23.559  32.396 0.0000000000
50073  33.488  -24.181  33.174 0.0000000000
134763  33.978  -23.884  32.933 0.0000000000
50072  34.625  -23.786  33.087 0.0000000000
75303  49.800  0.354  18.886 0.0000000000
74290  48.692  -0.374  18.454 0.0000000000
74298  49.149  -0.497  17.698 0.0000000000
73346  48.962  -1.344  17.436 0.0000000000
125113  22.120  -31.921  42.458 0.0000000000
41109  19.649  -31.598  42.142 0.0000000000
44270  15.252  -28.267  42.929 0.0000000000
44236  14.455  -28.598  44.214 0.0000000000
41077  13.326  -31.445  44.513 0.0000000000
41036  11.935  -31.616  46.334 0.0000000000
39927  11.915  -32.539  46.069 0.0000000000
145988  12.598  -33.586  45.561 0.0000000000
37547  13.075  -34.209  45.530 0.0000000000
136625  12.564  -35.734  47.244 0.0000000000
36289  13.639  -35.815  47.369 0.0000000000
33938  9.794  -37.918  50.181 0.0000000000
37525  9.442  -34.549  48.886 0.0000000000
36253  9.251  -35.281  49.222 0.0000000000
35089  8.995  -36.014  49.625 0.0000000000
33939  9.248  -37.179  50.003 0.0000000000
32799  8.789  -37.988  50.712 0.0000000000
33926  7.793  -37.515  51.843 0.0000000000
133309  8.123  -34.305  52.978 0.0000000000
37473  7.973  -34.633  53.616 0.0000000000
143287  7.805  -35.329  53.597 0.0000000000
36197  7.493  -35.338  55.106 0.0000000000
59629  33.903  -14.435  31.311 0.0000000000
53425  32.497  -20.876  28.653 0.0000000000
52368  32.134  -21.524  28.798 0.0000000000
51274  31.558  -22.080  29.300 0.0000000000
53404  30.943  -20.814  29.675 0.0000000000
132206  31.567  -23.939  32.165 0.0000000000
47842  30.114  -25.228  32.412 0.0000000000
47826  31.593  -25.712  33.445 0.0000000000
47810  26.588  -25.459  33.832 0.0000000000
127997  26.019  -26.117  33.952 0.0000000000
46791  26.738  -26.406  33.731 0.0000000000
44417  28.401  -28.458  34.621 0.0000000000
45593  26.661  -28.340  36.277 0.0000000000
45606  27.054  -28.238  35.286 0.0000000000
44398  27.955  -28.585  35.228 0.0000000000
44397  28.909  -28.810  35.287 0.0000000000
71301  50.162  -3.776  17.775 0.0000000000
70247  51.358  -5.237  18.947 0.0000000000
143250  50.699  -5.193  19.150 0.0000000000
70232  51.170  -5.454  19.718 0.0000000000
140225  50.982  -6.578  21.125 0.0000000000
65060  39.272  -9.093  24.550 0.0000000000
64076  37.929  -10.122  23.927 0.0000000000
62000  39.981  -12.640  22.388 0.0000000000
61894  34.114  -12.351  29.709 0.0000000000
61911  34.020  -12.276  28.437 0.0000000000
63017  34.360  -11.764  27.481 0.0000000000
60771  34.133  -13.490  27.120 0.0000000000
61930  34.165  -12.631  27.348 0.0000000000
63034  34.448  -12.100  26.599 0.0000000000
63050  34.769  -11.758  25.783 0.0000000000
139296  35.263  -11.684  24.995 0.0000000000
58583  36.465  -15.434  26.373 0.0000000000
59696  36.866  -14.286  25.668 0.0000000000
60793  35.998  -13.827  25.607 0.0000000000
61960  35.791  -12.573  24.751 0.0000000000
61976  36.483  -12.340  24.178 0.0000000000
61975  37.220  -12.641  23.736 0.0000000000
147366  37.790  -12.927  23.434 0.0000000000
61991  38.380  -13.086  23.143 0.0000000000
62001  39.118  -12.889  22.732 0.0000000000
60853  42.089  -14.093  22.958 0.0000000000
143992  42.420  -14.354  23.482 0.0000000000
60834  42.898  -14.533  24.754 0.0000000000
51252  33.487  -22.838  30.229 0.0000000000
51251  34.453  -22.593  30.055 0.0000000000
51250  35.494  -22.230  30.482 0.0000000000
51234  35.330  -22.836  31.988 0.0000000000
129878  35.737  -22.429  31.469 0.0000000000
52345  37.347  -21.373  30.613 0.0000000000
135040  37.769  -22.617  33.882 0.0000000000
51203  37.848  -22.224  33.119 0.0000000000
52323  38.007  -21.792  32.285 0.0000000000
52331  38.511  -21.302  31.671 0.0000000000
52344  38.147  -20.996  30.939 0.0000000000
53358  38.989  -20.739  31.210 0.0000000000
53357  39.694  -20.307  31.593 0.0000000000
78566  56.040  3.615  14.133 0.0000000000
79574  56.955  4.885  14.117 0.0000000000
79580  57.317  4.595  13.340 0.0000000000
76418  57.522  1.621  13.125 0.0000000000
149789  58.277  4.046  12.374 0.0000000000
77479  60.053  3.115  11.733 0.0000000000
46787  29.896  -26.765  33.157 0.0000000000
47790  32.795  -25.845  34.879 0.0000000000
51190  38.495  -22.462  34.323 0.0000000000
51193  27.682  -21.683  34.647 0.0000000000
51202  38.358  -22.218  33.645 0.0000000000
52300  38.997  -21.943  33.859 0.0000000000
52349  29.364  -21.110  30.774 0.0000000000
53348  28.371  -20.345  32.408 0.0000000000
53364  28.704  -20.175  31.734 0.0000000000
54435  36.055  -18.938  26.635 0.0000000000
57524  38.352  -16.288  27.542 0.0000000000
58572  33.548  -15.381  27.635 0.0000000000
59654  40.685  -15.314  27.992 0.0000000000
59705  43.038  -14.368  23.858 0.0000000000
66097  47.110  -9.270  21.101 0.0000000000
144758  42.324  -14.643  24.142 0.0000000000
144890  37.398  -18.031  26.933 0.0000000000
