#!ascii label  , from subject sub-LJ002 vox2ras=TkReg
680
42048  30.597  -30.785  52.587 0.0000000000
61827  50.446  -12.488  33.667 0.0000000000
63940  59.283  -10.419  34.547 0.0000000000
131346  49.988  -18.284  44.276 0.0000000000
47627  35.753  -25.675  47.967 0.0000000000
44153  34.712  -28.384  52.069 0.0000000000
63942  54.913  -10.776  34.932 0.0000000000
60601  54.849  -12.561  40.168 0.0000000000
141720  45.728  -19.238  46.241 0.0000000000
49883  40.549  -23.658  49.997 0.0000000000
69145  63.563  -4.897  27.147 0.0000000000
147927  59.856  -7.791  30.708 0.0000000000
128054  46.902  -18.264  40.230 0.0000000000
59500  51.050  -14.282  41.070 0.0000000000
45411  32.268  -27.296  50.822 0.0000000000
43101  32.300  -29.469  52.401 0.0000000000
62940  52.516  -11.665  33.764 0.0000000000
63883  55.609  -11.071  38.319 0.0000000000
147281  53.199  -11.790  37.769 0.0000000000
49917  46.098  -23.513  45.294 0.0000000000
47579  37.118  -25.716  51.617 0.0000000000
48717  37.674  -24.740  48.865 0.0000000000
47589  39.444  -25.301  50.817 0.0000000000
134727  62.732  -4.814  27.952 0.0000000000
132971  63.454  -7.785  28.628 0.0000000000
68129  62.542  -6.135  29.315 0.0000000000
64940  57.897  -9.025  32.360 0.0000000000
64974  57.782  -9.070  29.653 0.0000000000
65955  59.626  -8.511  32.770 0.0000000000
63960  60.810  -9.732  31.908 0.0000000000
61836  59.390  -11.871  33.069 0.0000000000
54200  47.296  -18.618  45.816 0.0000000000
56328  46.312  -18.311  43.263 0.0000000000
57368  47.992  -16.880  44.164 0.0000000000
57389  49.511  -16.329  40.673 0.0000000000
58413  50.257  -15.561  43.794 0.0000000000
58418  52.488  -15.158  42.662 0.0000000000
55241  51.755  -18.434  43.025 0.0000000000
47582  35.022  -26.026  51.461 0.0000000000
63962  55.297  -10.259  32.069 0.0000000000
135165  57.498  -9.534  35.151 0.0000000000
62888  57.470  -11.205  37.497 0.0000000000
59530  56.403  -13.489  37.941 0.0000000000
52108  43.291  -21.901  48.279 0.0000000000
52129  45.065  -21.310  47.338 0.0000000000
52150  46.296  -21.419  45.488 0.0000000000
135357  48.197  -20.820  43.006 0.0000000000
127777  51.096  -21.090  42.247 0.0000000000
49912  40.958  -23.459  47.177 0.0000000000
132828  42.622  -23.367  49.344 0.0000000000
137214  64.293  -6.949  25.271 0.0000000000
136566  60.960  -7.089  29.791 0.0000000000
140591  61.917  -7.808  30.645 0.0000000000
130841  61.371  -11.525  29.963 0.0000000000
60625  50.601  -13.357  37.801 0.0000000000
61728  53.123  -12.831  41.089 0.0000000000
58433  53.908  -15.621  40.767 0.0000000000
40944  31.628  -31.466  52.438 0.0000000000
144135  31.392  -30.362  52.501 0.0000000000
40943  32.360  -30.956  52.254 0.0000000000
62931  51.946  -12.107  34.292 0.0000000000
62922  52.842  -12.069  35.550 0.0000000000
135224  52.276  -12.377  36.121 0.0000000000
46534  38.650  -25.562  51.236 0.0000000000
68152  62.113  -5.540  27.955 0.0000000000
69118  62.668  -5.645  28.803 0.0000000000
68140  62.020  -5.884  28.868 0.0000000000
65941  58.605  -8.850  33.909 0.0000000000
65957  58.679  -8.602  32.906 0.0000000000
64926  59.510  -9.315  33.801 0.0000000000
64925  60.013  -9.723  33.140 0.0000000000
55219  48.565  -17.868  45.185 0.0000000000
56300  47.897  -17.181  45.151 0.0000000000
56308  49.263  -16.984  44.857 0.0000000000
148546  49.296  -16.131  44.249 0.0000000000
56307  50.594  -17.030  44.218 0.0000000000
56306  51.051  -16.678  43.842 0.0000000000
54219  51.269  -18.816  43.328 0.0000000000
46554  33.590  -26.631  51.286 0.0000000000
45388  35.021  -27.278  52.339 0.0000000000
45386  36.277  -26.791  52.097 0.0000000000
63964  53.792  -10.849  32.700 0.0000000000
63972  53.719  -10.705  31.799 0.0000000000
63951  55.460  -10.306  33.554 0.0000000000
64929  56.277  -9.926  33.929 0.0000000000
64896  56.349  -10.074  35.615 0.0000000000
63907  57.569  -10.209  36.854 0.0000000000
64884  56.061  -10.344  36.350 0.0000000000
62839  55.142  -11.634  39.303 0.0000000000
62838  55.726  -11.749  39.007 0.0000000000
60608  55.449  -12.998  39.587 0.0000000000
58446  55.358  -14.750  38.599 0.0000000000
58438  55.229  -14.557  39.200 0.0000000000
51010  43.997  -22.340  48.425 0.0000000000
137634  44.275  -21.230  47.595 0.0000000000
49898  44.909  -22.555  47.416 0.0000000000
51041  46.282  -22.360  45.212 0.0000000000
133391  47.241  -20.728  43.879 0.0000000000
49894  38.929  -24.117  49.173 0.0000000000
48728  39.386  -24.194  47.496 0.0000000000
49902  40.730  -23.348  48.324 0.0000000000
51013  41.973  -22.557  49.129 0.0000000000
49882  41.713  -23.114  49.513 0.0000000000
70168  63.159  -4.209  26.878 0.0000000000
141859  64.126  -5.980  26.012 0.0000000000
65997  63.258  -8.356  28.996 0.0000000000
65975  59.012  -8.307  30.979 0.0000000000
66000  57.855  -9.084  28.825 0.0000000000
128934  59.414  -8.241  29.376 0.0000000000
65998  59.523  -8.314  28.378 0.0000000000
67026  60.143  -7.636  30.160 0.0000000000
68122  61.490  -6.938  30.066 0.0000000000
67004  60.610  -7.725  31.275 0.0000000000
149526  60.537  -11.361  31.532 0.0000000000
149302  61.072  -11.022  30.982 0.0000000000
53174  44.751  -19.960  46.132 0.0000000000
143803  45.006  -19.352  44.060 0.0000000000
56336  46.770  -18.338  41.860 0.0000000000
149672  45.700  -19.044  41.205 0.0000000000
150405  50.252  -15.321  40.881 0.0000000000
147931  49.360  -15.819  38.918 0.0000000000
59513  50.165  -14.876  39.458 0.0000000000
60626  49.991  -13.778  37.319 0.0000000000
60611  51.220  -13.605  39.580 0.0000000000
60615  51.645  -12.977  39.311 0.0000000000
60590  52.138  -13.573  41.561 0.0000000000
57381  52.891  -16.873  41.933 0.0000000000
58426  53.448  -15.206  41.521 0.0000000000
56332  53.310  -17.123  41.047 0.0000000000
56351  53.497  -17.084  39.377 0.0000000000
44154  32.097  -28.227  51.964 0.0000000000
43100  33.296  -29.326  52.313 0.0000000000
42067  34.046  -29.980  51.520 0.0000000000
42061  33.529  -30.207  51.921 0.0000000000
63943  54.172  -11.281  34.950 0.0000000000
138569  55.459  -10.641  36.557 0.0000000000
62908  54.211  -11.386  36.674 0.0000000000
62890  54.017  -11.478  37.803 0.0000000000
62840  54.450  -11.738  39.636 0.0000000000
47599  36.221  -25.322  50.376 0.0000000000
48718  36.920  -25.075  48.694 0.0000000000
48702  37.693  -24.868  50.983 0.0000000000
48701  38.763  -24.642  50.704 0.0000000000
49876  40.002  -24.010  50.247 0.0000000000
47587  40.958  -24.558  50.116 0.0000000000
47598  40.687  -25.562  50.080 0.0000000000
69134  63.258  -4.897  27.786 0.0000000000
67052  63.816  -6.366  27.477 0.0000000000
69117  63.130  -5.367  28.445 0.0000000000
67038  63.334  -6.721  28.967 0.0000000000
129505  62.703  -7.479  29.742 0.0000000000
127630  56.210  -9.704  30.904 0.0000000000
64947  57.802  -9.092  31.428 0.0000000000
135240  58.961  -8.410  32.254 0.0000000000
127842  59.597  -8.274  32.252 0.0000000000
65964  60.552  -8.050  31.723 0.0000000000
64938  60.370  -9.358  32.563 0.0000000000
131007  60.319  -11.121  32.092 0.0000000000
55221  46.803  -18.357  45.932 0.0000000000
55229  45.741  -18.540  45.196 0.0000000000
56310  46.758  -17.798  44.673 0.0000000000
56316  47.240  -17.438  44.012 0.0000000000
56335  47.527  -17.750  42.248 0.0000000000
56344  48.289  -17.530  40.507 0.0000000000
57383  48.824  -16.662  42.415 0.0000000000
58428  50.038  -15.434  42.284 0.0000000000
58427  50.676  -14.839  42.702 0.0000000000
59478  51.712  -14.403  42.627 0.0000000000
58411  51.506  -15.315  43.428 0.0000000000
136178  52.301  -16.935  42.786 0.0000000000
55247  52.507  -18.483  41.719 0.0000000000
46570  32.732  -27.091  49.506 0.0000000000
134392  33.950  -26.461  49.215 0.0000000000
47600  35.490  -25.649  49.887 0.0000000000
47581  35.885  -25.856  51.691 0.0000000000
45393  37.211  -26.637  51.600 0.0000000000
64949  56.172  -9.859  31.870 0.0000000000
64911  57.901  -9.192  34.362 0.0000000000
64892  58.682  -9.719  35.204 0.0000000000
62907  58.434  -11.032  36.304 0.0000000000
61790  58.046  -11.665  36.747 0.0000000000
60633  57.358  -13.065  36.822 0.0000000000
63882  56.098  -10.933  38.173 0.0000000000
61779  56.954  -11.971  38.030 0.0000000000
136052  42.991  -22.070  46.185 0.0000000000
52131  43.329  -21.447  46.858 0.0000000000
53163  44.340  -20.615  46.753 0.0000000000
54164  45.112  -20.299  46.888 0.0000000000
51033  45.454  -22.596  46.692 0.0000000000
52139  45.978  -21.180  46.278 0.0000000000
54182  46.212  -19.441  46.358 0.0000000000
53173  47.182  -19.252  45.799 0.0000000000
53189  47.770  -19.213  45.096 0.0000000000
54221  49.115  -19.421  43.831 0.0000000000
54220  50.913  -19.664  43.193 0.0000000000
52166  49.423  -21.039  42.693 0.0000000000
51029  42.174  -22.330  47.670 0.0000000000
51012  42.676  -22.320  48.828 0.0000000000
49900  43.803  -23.352  48.295 0.0000000000
47596  41.952  -24.526  49.350 0.0000000000
48726  42.866  -24.416  48.457 0.0000000000
69164  63.968  -5.186  24.828 0.0000000000
67055  61.059  -7.224  27.572 0.0000000000
68141  61.694  -6.525  29.548 0.0000000000
67023  62.243  -7.197  30.080 0.0000000000
64956  62.179  -8.837  30.450 0.0000000000
64946  61.223  -9.126  31.480 0.0000000000
143513  61.717  -10.487  30.392 0.0000000000
63985  61.844  -11.001  29.826 0.0000000000
55235  45.145  -19.330  43.261 0.0000000000
60647  49.561  -13.562  35.588 0.0000000000
61805  50.818  -12.945  35.426 0.0000000000
61781  51.820  -12.547  37.802 0.0000000000
61756  52.942  -12.195  39.896 0.0000000000
61741  53.598  -12.472  40.617 0.0000000000
59489  52.727  -13.694  41.851 0.0000000000
60587  53.879  -13.563  41.114 0.0000000000
59499  54.568  -14.005  40.448 0.0000000000
149495  54.599  -15.400  39.624 0.0000000000
53216  51.305  -20.227  42.546 0.0000000000
54233  51.813  -19.804  41.787 0.0000000000
42047  31.011  -30.781  52.633 0.0000000000
39831  31.056  -31.828  52.610 0.0000000000
40927  30.530  -31.225  52.722 0.0000000000
43096  30.943  -30.356  52.440 0.0000000000
139101  31.577  -30.814  52.541 0.0000000000
62932  51.202  -12.314  33.970 0.0000000000
62923  52.112  -12.316  35.182 0.0000000000
61815  51.367  -12.521  34.859 0.0000000000
67054  61.605  -6.390  28.152 0.0000000000
64910  59.106  -9.602  34.535 0.0000000000
65940  59.063  -8.938  33.985 0.0000000000
147896  59.441  -9.857  34.252 0.0000000000
54212  49.065  -18.524  44.534 0.0000000000
55218  48.801  -17.340  45.064 0.0000000000
55228  49.291  -17.714  44.796 0.0000000000
55227  49.975  -17.413  44.534 0.0000000000
55232  50.659  -18.022  43.988 0.0000000000
55233  50.611  -18.803  43.701 0.0000000000
44143  34.402  -27.946  52.407 0.0000000000
138684  34.352  -27.348  52.364 0.0000000000
124754  54.319  -10.934  34.120 0.0000000000
63952  54.541  -10.645  33.308 0.0000000000
127862  55.060  -10.528  34.167 0.0000000000
127758  55.737  -10.228  34.247 0.0000000000
63941  55.634  -10.353  34.892 0.0000000000
63926  55.517  -10.518  35.704 0.0000000000
61754  55.300  -12.119  39.635 0.0000000000
59510  55.618  -13.928  38.910 0.0000000000
59511  55.178  -13.937  39.718 0.0000000000
49899  44.301  -22.877  48.049 0.0000000000
51020  44.454  -22.147  48.006 0.0000000000
49909  44.738  -23.292  47.259 0.0000000000
49893  39.580  -23.819  49.275 0.0000000000
49904  39.109  -24.085  48.448 0.0000000000
49903  39.906  -23.755  48.396 0.0000000000
49892  40.464  -23.469  49.372 0.0000000000
49891  41.327  -23.079  49.170 0.0000000000
130939  41.110  -23.392  49.643 0.0000000000
70167  63.295  -4.458  27.091 0.0000000000
144417  63.408  -3.940  26.373 0.0000000000
70166  63.633  -4.534  26.589 0.0000000000
149297  63.851  -5.178  26.571 0.0000000000
68162  63.890  -5.689  26.883 0.0000000000
65974  59.648  -7.957  31.227 0.0000000000
65987  59.308  -8.187  30.351 0.0000000000
67014  60.321  -7.608  30.944 0.0000000000
61866  60.439  -12.078  30.876 0.0000000000
143595  45.274  -19.493  46.021 0.0000000000
54202  44.936  -19.508  45.412 0.0000000000
55223  45.481  -19.020  45.660 0.0000000000
55248  46.515  -18.525  40.888 0.0000000000
56346  46.207  -18.538  40.017 0.0000000000
58434  50.530  -14.939  41.574 0.0000000000
59501  50.497  -14.877  40.532 0.0000000000
59512  50.871  -14.234  40.007 0.0000000000
59523  50.584  -14.058  39.012 0.0000000000
60604  51.435  -13.715  40.555 0.0000000000
60591  51.610  -13.843  41.456 0.0000000000
56333  52.886  -17.767  41.490 0.0000000000
56343  52.995  -17.850  40.722 0.0000000000
56352  53.063  -17.664  39.794 0.0000000000
44146  31.662  -28.871  52.202 0.0000000000
44145  32.611  -28.628  52.320 0.0000000000
42052  32.822  -30.179  52.271 0.0000000000
62950  52.261  -11.534  33.033 0.0000000000
63954  53.067  -11.259  33.078 0.0000000000
62939  53.443  -11.414  34.134 0.0000000000
63928  54.001  -11.462  35.722 0.0000000000
62929  53.432  -11.689  35.143 0.0000000000
138067  52.907  -12.060  36.356 0.0000000000
62909  53.380  -11.788  36.965 0.0000000000
130026  54.104  -11.525  39.097 0.0000000000
62891  53.530  -11.631  38.493 0.0000000000
48703  37.096  -25.268  51.382 0.0000000000
139223  36.967  -25.041  50.733 0.0000000000
48695  37.709  -25.187  51.307 0.0000000000
48693  38.910  -24.970  50.937 0.0000000000
48700  39.558  -24.586  50.494 0.0000000000
47588  40.209  -24.971  50.488 0.0000000000
69147  62.403  -4.965  27.443 0.0000000000
69146  62.838  -4.455  27.317 0.0000000000
70155  63.093  -4.546  27.613 0.0000000000
139445  62.957  -5.009  28.232 0.0000000000
68128  63.043  -5.923  29.051 0.0000000000
67022  63.140  -7.506  29.301 0.0000000000
130923  62.723  -6.679  29.505 0.0000000000
64948  57.036  -9.458  31.680 0.0000000000
139742  57.060  -9.402  30.924 0.0000000000
65956  59.284  -8.489  32.900 0.0000000000
65967  58.556  -8.626  32.015 0.0000000000
65966  59.196  -8.267  31.717 0.0000000000
127542  60.021  -8.305  32.289 0.0000000000
64939  60.022  -8.957  33.003 0.0000000000
62937  59.988  -10.708  32.930 0.0000000000
62949  59.887  -11.503  32.567 0.0000000000
144557  59.816  -11.978  32.175 0.0000000000
56302  46.459  -18.182  45.387 0.0000000000
56301  47.203  -17.715  45.318 0.0000000000
57359  48.305  -16.766  44.722 0.0000000000
56309  47.593  -17.221  44.789 0.0000000000
56326  47.684  -17.305  43.263 0.0000000000
57376  48.366  -16.688  43.402 0.0000000000
56325  48.138  -17.191  42.606 0.0000000000
57357  49.718  -15.994  44.238 0.0000000000
57366  49.519  -15.838  43.856 0.0000000000
58421  50.140  -15.344  43.292 0.0000000000
58420  50.797  -15.058  43.354 0.0000000000
59469  51.299  -14.850  43.230 0.0000000000
58412  50.889  -15.364  43.652 0.0000000000
56314  51.675  -16.851  43.418 0.0000000000
56324  52.023  -17.753  42.959 0.0000000000
56323  52.528  -17.781  42.242 0.0000000000
55240  52.162  -18.524  42.463 0.0000000000
45427  31.686  -27.617  50.150 0.0000000000
45426  31.896  -27.558  49.254 0.0000000000
140055  32.273  -27.264  50.062 0.0000000000
46538  34.294  -26.469  51.847 0.0000000000
146396  33.637  -26.488  50.511 0.0000000000
46553  34.220  -26.247  51.006 0.0000000000
47613  34.699  -26.046  49.260 0.0000000000
47601  34.850  -25.941  50.446 0.0000000000
47591  35.653  -25.631  50.968 0.0000000000
136789  54.531  -10.388  31.506 0.0000000000
64950  55.326  -10.043  31.135 0.0000000000
64912  56.989  -9.595  34.520 0.0000000000
64928  57.073  -9.496  33.636 0.0000000000
129747  58.180  -9.459  35.148 0.0000000000
63925  58.564  -10.277  35.871 0.0000000000
64881  58.029  -9.976  36.279 0.0000000000
63892  57.698  -10.571  37.085 0.0000000000
62887  58.052  -10.922  36.935 0.0000000000
61778  57.534  -12.257  37.215 0.0000000000
63910  55.408  -10.755  37.232 0.0000000000
149448  56.001  -10.741  37.939 0.0000000000
61753  56.282  -12.171  38.655 0.0000000000
131504  56.569  -12.724  38.197 0.0000000000
60624  56.990  -12.884  37.577 0.0000000000
149500  56.330  -14.022  37.491 0.0000000000
51028  42.800  -21.930  47.251 0.0000000000
52118  43.304  -21.582  47.712 0.0000000000
52115  44.530  -21.551  47.695 0.0000000000
53148  44.132  -20.997  47.326 0.0000000000
53146  44.811  -20.891  47.323 0.0000000000
53162  44.871  -20.261  46.754 0.0000000000
53161  45.309  -20.555  46.901 0.0000000000
49908  45.188  -23.083  46.831 0.0000000000
49918  45.632  -23.282  46.153 0.0000000000
139162  46.045  -21.947  45.940 0.0000000000
53160  45.939  -20.233  46.508 0.0000000000
136456  46.367  -20.467  45.931 0.0000000000
130347  46.529  -19.626  46.163 0.0000000000
143047  46.789  -19.921  45.638 0.0000000000
53190  47.244  -19.893  44.881 0.0000000000
53207  48.046  -19.811  43.960 0.0000000000
131311  48.432  -19.082  44.609 0.0000000000
147672  48.964  -20.206  43.245 0.0000000000
53206  50.075  -20.143  43.109 0.0000000000
47642  36.711  -25.224  47.061 0.0000000000
48731  37.153  -24.955  47.882 0.0000000000
48738  40.552  -24.101  46.365 0.0000000000
140909  40.968  -24.322  45.436 0.0000000000
49920  41.238  -23.732  46.154 0.0000000000
49911  41.635  -23.016  46.868 0.0000000000
49881  42.338  -22.862  49.296 0.0000000000
51022  42.230  -22.270  48.591 0.0000000000
49890  43.009  -22.787  49.079 0.0000000000
48714  43.225  -23.523  48.838 0.0000000000
47624  43.054  -24.796  47.582 0.0000000000
139719  64.168  -6.168  25.036 0.0000000000
137724  64.293  -7.104  24.281 0.0000000000
67053  63.656  -7.052  28.178 0.0000000000
147757  57.100  -9.303  29.759 0.0000000000
64988  57.079  -9.285  29.068 0.0000000000
67040  60.280  -7.678  29.143 0.0000000000
67056  60.368  -7.785  28.035 0.0000000000
67039  61.182  -6.903  28.831 0.0000000000
67012  61.616  -7.202  30.392 0.0000000000
65973  62.475  -8.074  30.096 0.0000000000
64937  60.571  -8.682  32.141 0.0000000000
65963  61.053  -8.296  31.602 0.0000000000
62971  61.330  -11.181  30.477 0.0000000000
63984  62.274  -10.039  29.985 0.0000000000
56318  46.142  -18.254  43.987 0.0000000000
55234  45.527  -18.743  44.188 0.0000000000
55242  45.730  -18.776  43.058 0.0000000000
57390  48.951  -16.933  41.143 0.0000000000
58457  49.216  -15.171  37.988 0.0000000000
60636  49.767  -13.686  36.457 0.0000000000
60635  50.407  -13.371  36.910 0.0000000000
61795  50.252  -13.328  35.983 0.0000000000
61782  51.046  -12.951  37.358 0.0000000000
61793  51.678  -12.650  36.773 0.0000000000
61757  52.302  -12.767  40.275 0.0000000000
124587  52.274  -12.489  39.496 0.0000000000
61742  53.023  -12.511  40.640 0.0000000000
148525  53.499  -12.223  40.283 0.0000000000
58419  51.906  -14.816  43.065 0.0000000000
60576  52.155  -13.845  42.026 0.0000000000
59477  52.413  -14.362  42.333 0.0000000000
58425  53.945  -14.582  41.012 0.0000000000
58432  54.399  -15.075  40.269 0.0000000000
57387  54.253  -15.907  40.009 0.0000000000
57401  53.912  -16.540  38.881 0.0000000000
53205  50.913  -20.499  42.734 0.0000000000
43102  31.428  -29.741  52.354 0.0000000000
42053  31.996  -30.227  52.488 0.0000000000
62941  51.737  -11.848  33.450 0.0000000000
62930  52.725  -11.911  34.643 0.0000000000
61792  52.553  -12.197  37.163 0.0000000000
129486  37.451  -26.023  51.646 0.0000000000
47578  37.849  -25.581  51.456 0.0000000000
46535  38.069  -25.935  51.493 0.0000000000
46552  38.604  -26.260  51.132 0.0000000000
69135  62.575  -5.297  28.420 0.0000000000
68130  62.194  -6.194  29.376 0.0000000000
64927  58.010  -8.917  33.380 0.0000000000
150286  58.638  -8.701  33.470 0.0000000000
136841  58.992  -8.635  33.482 0.0000000000
65939  59.391  -8.722  33.350 0.0000000000
62938  59.660  -10.297  33.831 0.0000000000
54199  48.044  -18.544  45.284 0.0000000000
55220  47.673  -17.898  45.440 0.0000000000
141495  48.289  -17.385  45.196 0.0000000000
56299  48.575  -16.938  44.991 0.0000000000
57358  49.091  -16.429  44.581 0.0000000000
57367  48.783  -16.325  44.166 0.0000000000
131753  49.839  -16.572  44.485 0.0000000000
57356  50.482  -16.053  44.069 0.0000000000
56315  51.315  -17.677  43.577 0.0000000000
46540  32.967  -27.023  51.416 0.0000000000
45396  33.285  -27.332  51.997 0.0000000000
46522  33.959  -27.027  52.184 0.0000000000
46521  34.714  -26.798  52.228 0.0000000000
46520  35.560  -26.649  52.225 0.0000000000
45387  35.781  -27.054  52.311 0.0000000000
150426  53.185  -10.936  31.700 0.0000000000
63963  54.478  -10.554  32.362 0.0000000000
127832  55.160  -10.391  32.826 0.0000000000
64942  56.073  -9.969  32.916 0.0000000000
64913  56.319  -9.968  34.740 0.0000000000
137066  56.859  -9.722  35.195 0.0000000000
64895  57.131  -9.740  35.842 0.0000000000
64883  56.750  -10.046  36.522 0.0000000000
63908  56.969  -10.202  37.089 0.0000000000
130701  55.262  -11.344  38.793 0.0000000000
62867  55.660  -11.334  38.640 0.0000000000
147906  55.770  -12.366  39.167 0.0000000000
60607  56.032  -13.060  38.705 0.0000000000
138094  55.876  -14.229  38.074 0.0000000000
58439  54.934  -15.173  39.106 0.0000000000
52117  43.781  -21.437  47.774 0.0000000000
52116  43.964  -21.753  48.207 0.0000000000
51019  44.888  -21.947  47.595 0.0000000000
51032  45.982  -22.707  45.913 0.0000000000
52149  46.696  -21.829  44.277 0.0000000000
53191  46.697  -20.675  44.987 0.0000000000
52168  47.618  -21.844  43.162 0.0000000000
48716  38.399  -24.356  48.624 0.0000000000
48730  37.863  -24.654  47.864 0.0000000000
48729  38.580  -24.419  47.690 0.0000000000
48740  38.776  -24.650  46.680 0.0000000000
48739  39.745  -24.411  46.547 0.0000000000
48727  40.201  -23.856  47.349 0.0000000000
49901  41.528  -22.770  48.215 0.0000000000
48706  42.016  -23.451  49.552 0.0000000000
70177  63.830  -4.273  25.875 0.0000000000
69155  63.974  -5.165  25.887 0.0000000000
138703  58.450  -8.672  30.351 0.0000000000
65988  58.564  -8.676  29.521 0.0000000000
65999  58.656  -8.717  28.619 0.0000000000
67025  60.845  -7.264  30.432 0.0000000000
67013  61.025  -7.358  30.738 0.0000000000
67003  61.196  -7.700  31.177 0.0000000000
62960  60.759  -10.803  31.548 0.0000000000
128548  60.788  -11.503  31.010 0.0000000000
62972  60.957  -11.817  30.347 0.0000000000
53175  44.249  -20.500  45.829 0.0000000000
56337  46.225  -18.549  42.443 0.0000000000
142889  45.706  -18.966  41.975 0.0000000000
55249  46.088  -18.753  41.507 0.0000000000
55255  45.881  -18.850  40.665 0.0000000000
137294  49.980  -15.693  41.222 0.0000000000
57396  49.497  -16.221  39.862 0.0000000000
58435  49.981  -15.633  40.260 0.0000000000
58448  49.570  -15.266  38.684 0.0000000000
148063  49.593  -14.819  38.216 0.0000000000
59532  49.619  -14.430  37.741 0.0000000000
59524  49.980  -14.525  38.513 0.0000000000
60617  50.306  -13.895  38.137 0.0000000000
60616  50.922  -13.434  38.645 0.0000000000
61769  51.247  -12.927  38.301 0.0000000000
60610  51.706  -13.247  40.150 0.0000000000
61729  52.576  -13.029  41.056 0.0000000000
57373  52.938  -15.753  42.019 0.0000000000
57380  53.413  -16.226  41.291 0.0000000000
57388  53.728  -16.470  40.499 0.0000000000
57395  53.880  -16.516  39.691 0.0000000000
56342  53.442  -17.156  40.202 0.0000000000
45412  31.688  -27.794  50.905 0.0000000000
45398  31.734  -28.100  51.458 0.0000000000
45397  32.414  -27.640  51.576 0.0000000000
45390  32.934  -27.905  52.208 0.0000000000
44144  33.538  -28.344  52.388 0.0000000000
43099  34.055  -28.774  52.244 0.0000000000
43109  34.361  -29.139  51.817 0.0000000000
42060  33.876  -29.468  51.997 0.0000000000
40942  33.099  -30.787  51.980 0.0000000000
125085  53.173  -11.058  32.204 0.0000000000
63953  53.835  -11.015  33.444 0.0000000000
63927  54.788  -11.041  35.892 0.0000000000
142076  54.960  -10.957  36.785 0.0000000000
62889  54.862  -11.069  37.508 0.0000000000
62921  53.442  -11.740  36.052 0.0000000000
139804  54.835  -11.243  38.442 0.0000000000
129226  54.816  -11.463  39.123 0.0000000000
61755  54.685  -12.019  39.969 0.0000000000
133441  36.019  -25.364  49.476 0.0000000000
47611  36.207  -25.314  48.734 0.0000000000
48710  36.745  -25.125  49.615 0.0000000000
150243  37.273  -24.959  49.294 0.0000000000
48709  37.617  -24.821  50.007 0.0000000000
139563  38.193  -24.812  51.041 0.0000000000
125929  38.306  -24.657  50.546 0.0000000000
48708  38.443  -24.432  49.643 0.0000000000
141832  38.874  -24.441  50.253 0.0000000000
48699  40.434  -24.220  50.235 0.0000000000
126886  41.110  -25.820  49.541 0.0000000000
68151  63.589  -5.341  27.526 0.0000000000
149987  63.445  -5.463  28.015 0.0000000000
68139  63.439  -6.020  28.450 0.0000000000
65986  62.923  -8.279  29.517 0.0000000000
64959  56.666  -9.460  30.228 0.0000000000
64958  57.626  -9.135  30.480 0.0000000000
65976  58.453  -8.656  31.162 0.0000000000
143514  59.663  -8.079  31.767 0.0000000000
65965  60.045  -7.953  31.685 0.0000000000
63961  60.392  -10.240  32.375 0.0000000000
61849  60.258  -11.753  31.642 0.0000000000
55222  46.076  -18.631  45.924 0.0000000000
56311  46.097  -18.254  44.738 0.0000000000
56317  46.636  -17.906  43.816 0.0000000000
56327  46.928  -17.996  43.004 0.0000000000
56345  47.438  -18.056  41.036 0.0000000000
139048  47.584  -17.919  39.922 0.0000000000
56334  48.230  -17.423  41.656 0.0000000000
57382  49.490  -16.200  41.753 0.0000000000
145936  48.975  -16.203  43.426 0.0000000000
57375  49.473  -15.862  42.900 0.0000000000
59491  51.157  -14.322  42.077 0.0000000000
59479  51.254  -14.560  42.793 0.0000000000
58410  52.069  -15.403  43.160 0.0000000000
57365  51.242  -15.964  43.712 0.0000000000
57364  51.898  -16.048  43.291 0.0000000000
57374  52.446  -16.045  42.659 0.0000000000
47628  34.992  -26.132  48.183 0.0000000000
46555  32.931  -26.833  50.498 0.0000000000
46585  34.185  -26.524  48.440 0.0000000000
47612  35.511  -25.657  48.893 0.0000000000
47590  36.426  -25.401  51.299 0.0000000000
47580  36.560  -25.754  51.670 0.0000000000
47572  35.949  -26.015  51.851 0.0000000000
46518  36.567  -26.072  51.786 0.0000000000
64941  57.060  -9.467  32.640 0.0000000000
65924  58.625  -9.227  34.532 0.0000000000
63924  58.951  -10.299  35.119 0.0000000000
150216  59.081  -10.793  34.945 0.0000000000
61802  58.387  -11.922  35.941 0.0000000000
63906  58.090  -10.422  36.602 0.0000000000
63909  56.131  -10.478  37.236 0.0000000000
63893  56.706  -10.927  37.866 0.0000000000
62866  56.302  -11.404  38.368 0.0000000000
148568  56.864  -11.331  37.984 0.0000000000
52140  43.821  -20.992  46.375 0.0000000000
52130  43.771  -21.111  47.233 0.0000000000
54184  45.299  -19.828  46.484 0.0000000000
51027  45.273  -21.909  47.139 0.0000000000
51026  45.693  -21.925  46.498 0.0000000000
52128  45.529  -21.154  46.847 0.0000000000
54183  45.693  -19.748  46.539 0.0000000000
55207  46.235  -18.996  46.321 0.0000000000
54201  46.724  -18.983  46.197 0.0000000000
142004  47.568  -18.883  45.598 0.0000000000
136524  50.031  -19.135  43.779 0.0000000000
53217  50.520  -21.151  42.515 0.0000000000
52185  49.936  -22.081  42.315 0.0000000000
47643  36.023  -25.557  47.105 0.0000000000
48742  37.439  -24.914  47.069 0.0000000000
49910  42.336  -22.583  46.505 0.0000000000
51021  42.756  -21.977  48.202 0.0000000000
51011  43.392  -22.292  48.594 0.0000000000
49889  43.671  -22.838  48.650 0.0000000000
145281  41.662  -24.126  49.736 0.0000000000
150627  42.231  -23.846  49.492 0.0000000000
48715  42.589  -24.078  49.134 0.0000000000
47609  42.181  -24.910  48.779 0.0000000000
48725  43.530  -23.995  48.063 0.0000000000
42049  30.152  -31.068  52.722 0.0000000000
136956  64.052  -6.398  24.017 0.0000000000
148790  61.908  -6.536  29.733 0.0000000000
67024  62.091  -6.602  29.803 0.0000000000
64973  62.686  -9.107  29.739 0.0000000000
133400  61.599  -8.475  31.095 0.0000000000
63971  61.289  -10.320  31.074 0.0000000000
64957  61.746  -9.563  30.753 0.0000000000
62984  62.182  -11.160  29.228 0.0000000000
142165  45.167  -19.082  44.853 0.0000000000
59544  49.343  -14.197  36.868 0.0000000000
61806  50.089  -13.195  35.081 0.0000000000
61816  50.642  -12.742  34.537 0.0000000000
61804  51.527  -12.676  35.778 0.0000000000
61780  52.662  -12.045  38.354 0.0000000000
61768  51.995  -12.514  38.753 0.0000000000
61767  52.592  -12.175  39.165 0.0000000000
62841  53.718  -11.871  39.778 0.0000000000
62824  54.055  -12.086  40.194 0.0000000000
61740  54.209  -12.440  40.460 0.0000000000
59490  51.690  -14.076  42.152 0.0000000000
60589  52.635  -13.346  41.473 0.0000000000
58417  52.954  -14.884  42.125 0.0000000000
59488  53.283  -14.145  41.738 0.0000000000
60588  53.228  -13.292  41.434 0.0000000000
61727  53.721  -12.851  40.940 0.0000000000
60602  54.387  -13.025  40.640 0.0000000000
60609  54.937  -13.254  40.194 0.0000000000
132609  54.848  -14.729  39.717 0.0000000000
57394  54.442  -15.891  39.140 0.0000000000
149166  51.424  -19.582  42.815 0.0000000000
54228  51.769  -19.124  42.681 0.0000000000
53227  51.547  -20.486  42.074 0.0000000000
131920  51.674  -19.795  42.332 0.0000000000
54227  52.104  -19.212  42.096 0.0000000000
40926  31.034  -31.268  52.672 0.0000000000
46519  36.215  -26.468  52.023 0.0000000000
46536  36.727  -26.286  51.790 0.0000000000
46537  35.263  -26.248  52.017 0.0000000000
46539  33.625  -26.885  51.822 0.0000000000
46568  34.103  -26.250  50.012 0.0000000000
47626  36.453  -25.287  47.877 0.0000000000
48694  38.310  -25.041  51.180 0.0000000000
48707  41.237  -23.744  49.840 0.0000000000
49877  39.423  -24.258  50.265 0.0000000000
49884  39.898  -23.785  49.919 0.0000000000
49885  39.220  -24.128  49.789 0.0000000000
53147  44.620  -20.718  47.134 0.0000000000
58440  49.656  -15.713  39.373 0.0000000000
59522  55.980  -13.706  38.389 0.0000000000
60603  51.979  -13.341  40.892 0.0000000000
61794  50.944  -13.014  36.380 0.0000000000
62842  53.238  -11.827  39.189 0.0000000000
63894  56.498  -10.623  37.626 0.0000000000
63895  55.551  -10.854  37.866 0.0000000000
63965  52.451  -11.336  32.356 0.0000000000
64882  57.413  -9.935  36.467 0.0000000000
64893  58.326  -9.777  35.707 0.0000000000
64894  57.794  -9.702  35.785 0.0000000000
129522  57.178  -10.505  37.395 0.0000000000
129856  44.200  -20.487  45.072 0.0000000000
146913  54.117  -11.442  38.519 0.0000000000
147175  52.755  -18.169  41.235 0.0000000000
