#!ascii label  , from subject sub-LJ002 vox2ras=TkReg
1132
104312  51.233  32.367  15.629 0.0000000000
107310  55.183  37.474  19.603 0.0000000000
139889  48.304  26.780  19.672 0.0000000000
102862  46.047  30.825  13.918 0.0000000000
101482  47.595  29.595  10.199 0.0000000000
125364  54.949  35.046  11.152 0.0000000000
107334  50.105  37.185  17.615 0.0000000000
110246  51.440  40.482  11.355 0.0000000000
97546  54.320  23.329  19.832 0.0000000000
95706  52.019  21.537  14.801 0.0000000000
105073  57.758  33.576  16.820 0.0000000000
146556  53.407  28.280  15.515 0.0000000000
125452  55.105  30.578  21.279 0.0000000000
99990  50.115  26.537  23.035 0.0000000000
109632  53.323  39.778  3.131 0.0000000000
108783  55.618  38.069  10.503 0.0000000000
129412  46.273  25.154  14.922 0.0000000000
103582  49.161  31.573  14.214 0.0000000000
102883  47.841  30.515  11.273 0.0000000000
126270  50.957  30.458  12.216 0.0000000000
106603  53.009  35.480  14.749 0.0000000000
144971  49.699  34.656  14.678 0.0000000000
108748  47.475  38.681  14.711 0.0000000000
96596  57.651  23.045  20.477 0.0000000000
130851  57.069  22.357  17.227 0.0000000000
95667  60.032  22.125  17.342 0.0000000000
106781  54.357  35.254  -0.161 0.0000000000
106561  56.553  35.379  18.170 0.0000000000
103531  57.803  31.873  19.049 0.0000000000
105029  56.082  34.231  21.556 0.0000000000
102058  49.237  28.900  24.962 0.0000000000
101367  52.104  28.562  25.900 0.0000000000
99188  49.420  25.867  23.753 0.0000000000
97512  51.302  23.928  22.261 0.0000000000
141825  52.933  39.015  15.636 0.0000000000
109572  53.769  39.774  10.383 0.0000000000
141025  55.352  38.576  15.348 0.0000000000
107357  57.191  36.266  13.818 0.0000000000
101415  50.038  28.970  18.116 0.0000000000
100729  49.704  27.433  15.495 0.0000000000
100013  47.454  26.048  17.770 0.0000000000
101492  44.641  29.035  9.332 0.0000000000
100057  44.995  27.157  11.362 0.0000000000
105166  56.189  33.529  7.451 0.0000000000
124892  52.213  35.441  8.012 0.0000000000
108007  52.675  38.383  18.547 0.0000000000
105793  54.182  34.833  21.118 0.0000000000
110935  46.401  42.000  7.422 0.0000000000
110288  48.834  40.028  6.934 0.0000000000
108745  50.393  38.586  14.881 0.0000000000
97550  50.702  23.827  19.733 0.0000000000
96619  48.996  22.822  18.209 0.0000000000
95670  53.328  21.710  17.182 0.0000000000
96673  55.022  22.128  13.613 0.0000000000
104301  54.761  32.357  16.712 0.0000000000
142711  54.676  29.592  14.128 0.0000000000
102837  57.294  30.095  15.716 0.0000000000
102829  54.127  29.912  18.495 0.0000000000
102817  50.870  30.218  19.907 0.0000000000
104235  54.878  31.490  24.008 0.0000000000
102079  52.511  29.572  23.474 0.0000000000
100705  49.443  27.460  21.399 0.0000000000
98365  52.388  24.543  20.849 0.0000000000
97528  55.246  24.146  21.931 0.0000000000
109670  53.097  40.036  0.496 0.0000000000
107465  54.143  36.729  3.099 0.0000000000
108089  53.235  37.029  6.586 0.0000000000
106708  56.641  35.243  6.474 0.0000000000
106649  56.697  34.934  10.432 0.0000000000
106601  55.492  35.420  14.207 0.0000000000
147521  50.629  28.209  13.143 0.0000000000
100749  47.709  27.423  13.315 0.0000000000
98408  45.117  24.386  12.161 0.0000000000
95691  48.388  21.871  15.432 0.0000000000
103572  50.468  32.018  15.151 0.0000000000
103594  49.906  30.864  13.344 0.0000000000
103580  50.997  31.110  14.482 0.0000000000
105830  52.392  33.812  16.302 0.0000000000
130473  51.330  35.214  14.904 0.0000000000
105081  50.388  33.534  15.427 0.0000000000
139045  49.246  32.980  14.883 0.0000000000
96594  59.086  22.316  21.065 0.0000000000
96610  59.383  22.333  19.057 0.0000000000
143365  59.646  22.050  19.201 0.0000000000
99271  42.992  25.665  8.785 0.0000000000
107321  55.565  36.971  18.689 0.0000000000
106541  56.214  35.080  19.994 0.0000000000
106543  55.338  35.762  20.735 0.0000000000
100684  47.895  27.493  24.254 0.0000000000
99977  49.466  26.796  24.621 0.0000000000
109483  53.848  39.605  17.752 0.0000000000
108732  54.476  38.915  15.357 0.0000000000
108702  55.087  38.656  17.401 0.0000000000
107347  56.187  37.055  16.712 0.0000000000
101417  48.593  28.132  19.046 0.0000000000
100716  48.320  27.349  17.672 0.0000000000
100010  47.659  26.067  18.625 0.0000000000
102875  44.947  29.908  13.730 0.0000000000
102164  45.347  29.633  12.556 0.0000000000
102895  47.484  30.137  10.019 0.0000000000
102896  46.645  30.110  9.973 0.0000000000
101490  46.120  29.459  9.834 0.0000000000
100775  44.950  28.649  9.587 0.0000000000
100767  46.050  28.531  10.527 0.0000000000
133535  55.576  34.308  8.915 0.0000000000
105894  54.006  34.382  7.610 0.0000000000
124434  53.015  35.611  9.531 0.0000000000
104327  46.416  32.098  14.423 0.0000000000
103586  45.518  31.470  14.381 0.0000000000
107333  51.165  37.545  17.886 0.0000000000
106558  52.186  35.450  19.187 0.0000000000
145784  50.390  35.381  18.424 0.0000000000
109507  48.586  39.216  17.333 0.0000000000
108737  49.013  38.640  15.627 0.0000000000
108708  49.970  39.061  17.490 0.0000000000
109486  51.546  39.375  17.482 0.0000000000
97548  52.150  23.672  19.898 0.0000000000
129339  51.847  22.606  18.795 0.0000000000
96615  53.457  22.418  18.580 0.0000000000
96643  58.455  22.783  15.658 0.0000000000
95685  55.739  22.023  15.728 0.0000000000
125277  56.813  22.522  13.944 0.0000000000
129230  55.430  33.349  16.844 0.0000000000
103557  55.692  31.282  16.295 0.0000000000
104298  57.664  31.921  16.669 0.0000000000
102813  56.342  30.813  20.195 0.0000000000
126612  56.860  30.479  18.805 0.0000000000
125537  54.565  30.519  20.094 0.0000000000
102815  52.609  30.448  19.623 0.0000000000
102801  52.598  30.599  20.584 0.0000000000
104257  52.474  32.746  21.669 0.0000000000
105010  54.578  33.203  22.322 0.0000000000
103493  53.342  31.375  24.347 0.0000000000
132266  51.014  27.498  24.899 0.0000000000
102055  52.893  28.813  25.175 0.0000000000
102071  51.007  28.702  23.513 0.0000000000
102081  50.708  29.129  22.567 0.0000000000
100702  49.857  27.357  22.498 0.0000000000
99209  50.295  25.530  21.065 0.0000000000
99204  50.508  25.674  21.735 0.0000000000
96574  52.512  22.879  22.604 0.0000000000
98340  52.889  24.131  21.833 0.0000000000
109644  54.244  40.725  1.959 0.0000000000
108851  54.196  38.691  1.070 0.0000000000
125368  53.852  38.353  3.018 0.0000000000
110268  50.344  40.445  8.894 0.0000000000
109606  49.443  39.703  6.313 0.0000000000
110267  51.157  40.291  9.130 0.0000000000
108780  55.011  38.785  10.731 0.0000000000
108794  53.431  38.852  9.074 0.0000000000
108071  54.816  37.810  8.698 0.0000000000
107427  54.770  36.519  7.209 0.0000000000
108079  55.986  36.786  8.249 0.0000000000
107411  57.082  35.739  8.838 0.0000000000
108061  56.636  36.332  10.186 0.0000000000
105833  57.421  34.971  15.907 0.0000000000
129980  56.933  35.624  14.544 0.0000000000
147101  56.842  34.575  16.071 0.0000000000
105834  54.630  34.772  15.963 0.0000000000
101438  54.651  28.609  14.302 0.0000000000
101462  52.783  29.088  12.842 0.0000000000
101440  52.327  28.035  14.800 0.0000000000
100024  47.602  26.405  15.783 0.0000000000
100739  48.669  27.298  14.384 0.0000000000
125878  46.634  26.249  14.092 0.0000000000
100040  45.673  26.278  12.874 0.0000000000
98396  45.617  24.482  13.806 0.0000000000
95680  50.430  21.579  16.268 0.0000000000
128474  48.849  22.155  16.863 0.0000000000
95689  50.303  21.514  15.248 0.0000000000
103596  47.874  30.998  13.469 0.0000000000
102872  47.459  30.525  12.601 0.0000000000
102871  48.533  30.607  12.175 0.0000000000
148440  49.196  30.551  11.484 0.0000000000
102177  49.894  30.038  10.615 0.0000000000
106627  53.443  35.759  12.425 0.0000000000
104326  47.726  32.374  14.383 0.0000000000
97544  56.492  23.211  20.247 0.0000000000
96613  55.509  22.442  18.614 0.0000000000
96612  56.865  22.535  18.789 0.0000000000
96622  58.652  22.581  17.422 0.0000000000
105819  57.764  34.728  16.954 0.0000000000
131035  58.516  32.378  17.100 0.0000000000
105050  57.647  33.328  18.740 0.0000000000
105038  57.317  32.841  19.736 0.0000000000
129216  56.464  31.462  21.842 0.0000000000
102764  50.754  30.599  24.081 0.0000000000
102763  51.878  30.721  24.760 0.0000000000
102045  50.844  28.678  25.816 0.0000000000
100681  50.656  27.483  25.295 0.0000000000
99187  49.925  25.941  23.355 0.0000000000
99196  50.284  25.317  22.605 0.0000000000
126449  50.484  24.487  22.419 0.0000000000
140222  50.715  22.998  22.515 0.0000000000
96562  51.875  22.249  22.883 0.0000000000
110324  52.089  40.861  3.165 0.0000000000
131867  51.858  39.459  12.574 0.0000000000
110260  52.375  40.506  10.326 0.0000000000
109537  53.328  39.201  12.882 0.0000000000
108757  54.731  38.814  13.313 0.0000000000
108774  55.556  38.284  12.150 0.0000000000
108052  56.790  36.657  12.502 0.0000000000
108036  56.766  37.199  14.991 0.0000000000
107346  57.104  36.319  16.099 0.0000000000
102128  51.962  29.167  17.431 0.0000000000
101441  51.260  27.831  15.393 0.0000000000
101429  49.902  28.085  16.758 0.0000000000
100720  48.554  27.250  16.728 0.0000000000
99223  46.887  25.305  16.650 0.0000000000
145199  53.001  22.196  12.734 0.0000000000
96676  51.468  21.892  13.125 0.0000000000
101484  43.368  29.012  10.285 0.0000000000
102172  45.556  29.893  11.076 0.0000000000
102181  44.882  29.629  10.413 0.0000000000
101493  43.624  28.828  9.496 0.0000000000
100782  43.740  28.049  9.183 0.0000000000
100072  43.960  27.636  9.347 0.0000000000
99258  44.114  25.750  10.689 0.0000000000
105176  54.423  33.482  5.926 0.0000000000
128900  52.575  34.497  6.127 0.0000000000
107990  54.225  37.895  19.666 0.0000000000
106544  54.668  35.749  20.771 0.0000000000
126975  53.277  35.904  19.738 0.0000000000
105795  52.223  34.259  20.143 0.0000000000
104258  51.606  32.522  21.371 0.0000000000
103514  50.365  31.615  21.795 0.0000000000
102766  48.903  30.000  23.699 0.0000000000
110281  47.507  40.934  6.902 0.0000000000
110927  49.042  41.050  9.210 0.0000000000
140281  50.169  40.740  11.313 0.0000000000
109540  50.893  39.234  12.966 0.0000000000
108734  51.527  38.766  15.842 0.0000000000
109485  52.553  39.588  17.866 0.0000000000
99216  49.000  25.303  20.072 0.0000000000
98378  48.220  24.289  18.882 0.0000000000
97554  50.365  23.120  19.107 0.0000000000
130505  51.189  21.953  17.665 0.0000000000
95678  52.225  21.509  16.293 0.0000000000
95668  54.868  21.819  16.888 0.0000000000
95686  53.861  21.597  15.663 0.0000000000
95720  53.287  21.703  13.957 0.0000000000
104303  52.614  32.512  16.294 0.0000000000
103570  53.015  30.873  15.322 0.0000000000
103558  54.338  31.483  16.246 0.0000000000
102847  55.840  29.597  14.736 0.0000000000
102132  55.967  28.882  15.291 0.0000000000
142941  58.170  30.691  17.526 0.0000000000
102115  56.001  29.441  17.233 0.0000000000
102126  54.238  28.944  16.882 0.0000000000
102118  52.503  29.606  18.062 0.0000000000
102107  51.119  30.009  19.117 0.0000000000
102109  49.588  29.264  19.893 0.0000000000
105780  55.459  34.464  21.624 0.0000000000
104248  56.031  32.028  22.938 0.0000000000
102782  55.993  30.845  23.104 0.0000000000
102747  53.603  30.023  25.598 0.0000000000
102761  54.223  30.168  24.598 0.0000000000
128514  53.734  30.445  22.193 0.0000000000
102786  51.638  30.230  21.429 0.0000000000
102102  49.644  29.035  20.888 0.0000000000
100706  48.757  27.280  20.342 0.0000000000
99210  49.510  25.844  20.671 0.0000000000
98373  50.948  24.417  20.264 0.0000000000
97538  52.720  24.068  20.383 0.0000000000
98341  52.035  24.335  21.757 0.0000000000
98355  53.468  24.383  21.421 0.0000000000
97536  54.662  23.907  20.520 0.0000000000
97527  56.000  23.986  21.522 0.0000000000
108144  53.592  37.432  -0.041 0.0000000000
107473  54.601  35.816  1.622 0.0000000000
106753  55.049  35.190  3.362 0.0000000000
109586  52.558  39.515  9.169 0.0000000000
108097  52.385  37.783  5.322 0.0000000000
107449  53.553  36.575  5.080 0.0000000000
106727  55.244  35.373  5.167 0.0000000000
142925  57.085  34.040  5.260 0.0000000000
105904  57.463  34.153  7.214 0.0000000000
105879  56.934  34.531  9.181 0.0000000000
106650  56.071  34.785  10.996 0.0000000000
107365  56.951  35.869  12.273 0.0000000000
106624  56.267  35.252  12.481 0.0000000000
106625  55.148  35.346  12.776 0.0000000000
106602  54.234  35.481  14.567 0.0000000000
105835  53.538  34.655  16.019 0.0000000000
125741  52.562  30.118  13.383 0.0000000000
101470  51.530  29.572  11.626 0.0000000000
101472  49.742  29.012  11.494 0.0000000000
100737  50.466  27.764  14.042 0.0000000000
124873  49.010  27.713  13.603 0.0000000000
100758  47.672  28.199  12.142 0.0000000000
100047  46.111  27.180  12.475 0.0000000000
100049  44.981  26.249  12.133 0.0000000000
98379  47.626  24.482  18.360 0.0000000000
97563  47.144  23.433  17.028 0.0000000000
97567  46.456  23.430  15.672 0.0000000000
95724  49.125  21.699  13.777 0.0000000000
97581  46.089  23.264  13.821 0.0000000000
94705  58.807  20.900  17.440 0.0000000000
95684  60.060  22.166  15.645 0.0000000000
103571  51.423  31.477  15.186 0.0000000000
105077  51.838  33.469  16.126 0.0000000000
105080  51.170  33.320  15.806 0.0000000000
104313  50.592  32.809  15.516 0.0000000000
95663  59.512  21.923  19.921 0.0000000000
106562  55.754  36.282  19.247 0.0000000000
135923  55.258  36.607  20.176 0.0000000000
108689  54.390  39.087  18.892 0.0000000000
108722  54.584  39.158  17.100 0.0000000000
108016  54.965  38.670  18.448 0.0000000000
130047  55.481  37.920  17.600 0.0000000000
100711  48.370  27.453  19.439 0.0000000000
100713  48.245  27.443  18.598 0.0000000000
133002  47.939  26.816  19.020 0.0000000000
102874  45.764  30.115  13.360 0.0000000000
102186  47.730  30.023  9.939 0.0000000000
102187  46.925  29.960  9.812 0.0000000000
101483  46.816  29.111  10.284 0.0000000000
105881  55.198  34.660  9.658 0.0000000000
106664  53.960  35.106  9.199 0.0000000000
106652  54.176  35.245  10.199 0.0000000000
103585  46.306  31.507  14.260 0.0000000000
140951  45.839  32.005  14.466 0.0000000000
102863  45.236  30.689  14.192 0.0000000000
107324  50.789  36.381  18.040 0.0000000000
107325  49.994  36.031  17.896 0.0000000000
108019  49.592  38.367  17.521 0.0000000000
109488  49.475  39.264  17.250 0.0000000000
108018  50.598  38.521  17.677 0.0000000000
146355  53.565  23.252  19.682 0.0000000000
134060  53.117  22.868  19.227 0.0000000000
96605  53.939  22.772  19.229 0.0000000000
96659  57.585  22.659  14.842 0.0000000000
105068  57.027  32.942  16.853 0.0000000000
105067  58.141  32.644  16.845 0.0000000000
125842  55.915  30.790  21.353 0.0000000000
102799  55.582  30.610  20.451 0.0000000000
102800  53.827  30.573  21.136 0.0000000000
104250  52.710  32.280  22.403 0.0000000000
103506  52.915  31.827  23.302 0.0000000000
100696  50.178  27.115  23.581 0.0000000000
101388  50.604  27.845  23.860 0.0000000000
128274  50.059  27.877  22.912 0.0000000000
99997  49.918  26.730  21.993 0.0000000000
99195  50.310  25.976  22.400 0.0000000000
96573  53.432  22.847  22.784 0.0000000000
110323  53.243  40.741  2.899 0.0000000000
142577  54.075  41.384  1.686 0.0000000000
109631  53.881  40.558  2.515 0.0000000000
148999  53.777  39.209  2.957 0.0000000000
108833  53.028  38.664  3.591 0.0000000000
110262  50.739  40.854  9.710 0.0000000000
110261  51.663  40.621  9.810 0.0000000000
108784  54.992  38.583  9.929 0.0000000000
108062  55.326  37.910  9.301 0.0000000000
108070  55.662  37.297  8.719 0.0000000000
107394  56.169  37.128  9.487 0.0000000000
126804  56.169  37.238  10.317 0.0000000000
105826  57.479  34.413  16.474 0.0000000000
105827  56.748  33.859  16.599 0.0000000000
101425  54.312  28.386  15.101 0.0000000000
101439  53.625  28.371  14.356 0.0000000000
101426  52.764  28.168  15.425 0.0000000000
99229  47.076  26.032  15.562 0.0000000000
100031  46.756  25.927  14.909 0.0000000000
99239  45.895  25.149  14.142 0.0000000000
98395  45.899  24.448  14.647 0.0000000000
129624  50.990  21.479  15.658 0.0000000000
133351  51.195  21.508  14.920 0.0000000000
103583  48.225  31.699  14.147 0.0000000000
103595  48.878  30.997  13.306 0.0000000000
102870  49.693  30.589  12.086 0.0000000000
102881  50.546  30.358  11.340 0.0000000000
102882  49.728  30.384  10.967 0.0000000000
102888  50.637  30.117  10.909 0.0000000000
124600  53.546  35.731  13.885 0.0000000000
106613  52.975  35.916  13.194 0.0000000000
129890  52.489  35.830  13.957 0.0000000000
106605  50.529  35.135  14.693 0.0000000000
106615  50.472  35.787  13.918 0.0000000000
104324  49.553  32.259  14.765 0.0000000000
104325  48.618  32.531  14.523 0.0000000000
96603  56.059  22.785  19.431 0.0000000000
96602  57.389  22.751  19.652 0.0000000000
95665  59.912  22.162  18.266 0.0000000000
128742  59.236  22.480  18.225 0.0000000000
96621  59.735  22.335  17.480 0.0000000000
96634  59.321  22.530  16.886 0.0000000000
96633  59.841  22.279  16.722 0.0000000000
107489  53.762  36.574  -0.271 0.0000000000
106783  53.358  35.953  -0.405 0.0000000000
105820  57.381  34.808  17.540 0.0000000000
105807  57.800  33.977  17.677 0.0000000000
129975  56.959  34.725  18.279 0.0000000000
105790  56.435  34.520  20.322 0.0000000000
128316  56.935  33.748  19.749 0.0000000000
105028  56.623  33.764  20.819 0.0000000000
104264  56.727  32.139  21.345 0.0000000000
105020  56.430  33.135  21.731 0.0000000000
102072  49.416  29.707  24.551 0.0000000000
102750  50.319  29.990  24.852 0.0000000000
102057  50.120  29.263  25.329 0.0000000000
100682  49.854  27.421  25.257 0.0000000000
99983  49.677  26.409  24.144 0.0000000000
99976  50.086  26.878  24.793 0.0000000000
98330  49.452  25.256  23.215 0.0000000000
140448  50.475  23.647  22.462 0.0000000000
96575  51.616  22.983  22.501 0.0000000000
95644  50.983  22.303  22.770 0.0000000000
109528  52.439  38.821  14.070 0.0000000000
109538  52.523  39.150  13.128 0.0000000000
124976  53.210  38.866  14.627 0.0000000000
149392  55.009  38.734  14.852 0.0000000000
108743  54.703  38.772  14.301 0.0000000000
108756  55.320  38.555  13.760 0.0000000000
108769  54.848  38.857  12.416 0.0000000000
108050  56.105  37.924  13.737 0.0000000000
108044  56.189  37.973  14.710 0.0000000000
107331  56.689  36.194  16.933 0.0000000000
106574  57.240  35.366  17.138 0.0000000000
148270  57.663  35.088  16.648 0.0000000000
102129  50.955  29.164  17.736 0.0000000000
101419  51.415  28.683  16.870 0.0000000000
101420  50.428  28.618  17.242 0.0000000000
100012  47.820  26.683  17.148 0.0000000000
146149  47.593  26.348  16.464 0.0000000000
100016  47.311  25.943  16.959 0.0000000000
141039  43.203  28.854  11.161 0.0000000000
102182  43.918  29.290  11.013 0.0000000000
102884  46.932  30.366  11.638 0.0000000000
102892  46.367  30.257  10.681 0.0000000000
102188  46.002  29.835  9.749 0.0000000000
102180  45.764  29.999  10.050 0.0000000000
102189  45.061  29.436  9.719 0.0000000000
102190  44.188  29.311  9.889 0.0000000000
102194  44.336  29.098  9.410 0.0000000000
101499  44.053  28.705  9.220 0.0000000000
100768  45.303  28.073  10.465 0.0000000000
100769  44.536  27.617  10.099 0.0000000000
100065  43.930  26.747  9.887 0.0000000000
100058  44.443  26.545  11.081 0.0000000000
105175  56.607  33.107  6.648 0.0000000000
105167  55.403  33.405  6.730 0.0000000000
106691  53.283  34.765  7.673 0.0000000000
135016  53.197  34.347  6.497 0.0000000000
105919  52.703  34.649  6.754 0.0000000000
106693  51.638  35.354  7.270 0.0000000000
108006  53.542  38.115  19.158 0.0000000000
107313  53.667  37.021  19.557 0.0000000000
107322  52.685  37.156  18.704 0.0000000000
105801  51.898  34.644  19.556 0.0000000000
105025  52.096  33.138  20.996 0.0000000000
102774  50.122  30.694  23.231 0.0000000000
110940  46.828  41.706  6.740 0.0000000000
110934  47.031  41.388  7.687 0.0000000000
110923  48.523  41.457  9.739 0.0000000000
148145  48.907  41.465  10.168 0.0000000000
110916  49.289  41.349  10.450 0.0000000000
108736  49.830  38.709  15.982 0.0000000000
108759  50.163  38.795  13.804 0.0000000000
139581  49.891  39.287  12.910 0.0000000000
108758  50.998  38.731  14.066 0.0000000000
108744  51.072  38.606  15.027 0.0000000000
108706  52.113  39.355  17.953 0.0000000000
108692  52.583  39.165  18.372 0.0000000000
108691  53.436  39.088  18.793 0.0000000000
98375  49.412  24.576  19.787 0.0000000000
97551  49.841  23.830  19.497 0.0000000000
96627  51.966  22.116  17.982 0.0000000000
96617  51.004  22.471  18.467 0.0000000000
95671  52.512  21.701  17.190 0.0000000000
138727  51.678  21.677  17.099 0.0000000000
138918  52.946  21.550  16.584 0.0000000000
133257  56.238  22.343  17.905 0.0000000000
96624  54.924  22.040  17.711 0.0000000000
96623  55.741  22.024  17.066 0.0000000000
95702  55.672  22.087  15.008 0.0000000000
133845  54.799  21.758  15.444 0.0000000000
95703  54.860  21.859  14.444 0.0000000000
95704  53.896  21.665  14.757 0.0000000000
95719  54.158  21.882  13.781 0.0000000000
96674  53.527  22.075  13.181 0.0000000000
124466  54.398  22.309  12.915 0.0000000000
104302  53.564  32.432  16.536 0.0000000000
103559  53.211  31.612  16.071 0.0000000000
102838  56.505  30.205  15.438 0.0000000000
102131  56.640  29.508  15.223 0.0000000000
102143  55.805  29.051  14.540 0.0000000000
102124  56.598  29.330  16.035 0.0000000000
104286  58.484  31.825  18.081 0.0000000000
147595  58.505  31.241  17.536 0.0000000000
103546  58.105  31.186  18.290 0.0000000000
102828  55.279  29.833  18.322 0.0000000000
102827  56.478  29.930  18.047 0.0000000000
102116  54.754  29.402  17.578 0.0000000000
102117  53.578  29.510  17.838 0.0000000000
102830  53.055  30.046  18.690 0.0000000000
102816  51.663  30.381  19.676 0.0000000000
102831  52.035  30.103  18.883 0.0000000000
102108  50.318  29.702  19.453 0.0000000000
102101  50.216  29.725  20.290 0.0000000000
105792  55.089  35.169  21.291 0.0000000000
105781  54.818  34.522  21.591 0.0000000000
104249  54.553  32.360  23.117 0.0000000000
105009  55.429  32.829  22.621 0.0000000000
103504  55.447  31.835  23.430 0.0000000000
103503  55.883  31.269  23.453 0.0000000000
102769  55.405  30.860  23.864 0.0000000000
143154  52.235  29.344  26.082 0.0000000000
102748  52.926  30.386  25.522 0.0000000000
102738  52.937  29.635  25.989 0.0000000000
102069  52.994  29.226  24.533 0.0000000000
102762  53.570  29.747  24.112 0.0000000000
102771  54.346  30.320  23.387 0.0000000000
102772  53.033  30.189  22.680 0.0000000000
143509  52.295  30.317  21.776 0.0000000000
102773  51.972  29.911  22.316 0.0000000000
101401  49.703  28.270  21.881 0.0000000000
135577  50.194  29.087  21.841 0.0000000000
101403  49.175  28.148  20.768 0.0000000000
100001  49.387  26.664  20.961 0.0000000000
98358  50.930  25.107  21.424 0.0000000000
98367  50.675  24.940  20.654 0.0000000000
98366  51.543  24.676  20.747 0.0000000000
97539  52.083  24.261  20.405 0.0000000000
129201  51.103  24.874  21.999 0.0000000000
98339  53.706  24.080  22.034 0.0000000000
98354  54.322  24.280  21.623 0.0000000000
98363  54.055  24.382  20.939 0.0000000000
98353  54.998  24.236  21.215 0.0000000000
110359  53.458  40.917  0.751 0.0000000000
110351  51.979  41.027  0.839 0.0000000000
110360  52.610  40.517  0.604 0.0000000000
108864  53.148  39.143  0.342 0.0000000000
134869  54.158  37.608  2.559 0.0000000000
108121  54.298  37.752  1.466 0.0000000000
107464  54.548  35.959  2.741 0.0000000000
134217  54.980  35.191  2.519 0.0000000000
109573  53.039  40.198  10.751 0.0000000000
109580  52.510  40.198  9.713 0.0000000000
109579  53.282  39.714  9.708 0.0000000000
108081  53.313  37.393  7.429 0.0000000000
108082  52.461  38.054  7.481 0.0000000000
108090  52.527  37.564  6.489 0.0000000000
133644  53.003  37.094  5.765 0.0000000000
137680  52.909  37.275  4.927 0.0000000000
107441  53.768  36.505  6.191 0.0000000000
107439  55.730  35.937  6.863 0.0000000000
106709  55.463  35.577  6.026 0.0000000000
106740  56.087  34.629  4.737 0.0000000000
106726  57.227  34.381  6.125 0.0000000000
105929  57.415  33.579  5.831 0.0000000000
106707  57.341  34.663  6.958 0.0000000000
106662  57.084  35.100  9.569 0.0000000000
106676  57.291  34.912  8.731 0.0000000000
106663  56.674  34.711  9.809 0.0000000000
105874  56.177  34.619  10.197 0.0000000000
108049  56.843  36.906  13.322 0.0000000000
107359  57.122  36.066  13.021 0.0000000000
127953  56.487  35.497  13.831 0.0000000000
106610  56.605  35.494  13.110 0.0000000000
106611  55.914  35.342  13.286 0.0000000000
106612  54.742  35.500  13.616 0.0000000000
105828  54.327  34.145  16.496 0.0000000000
105074  53.966  33.308  16.731 0.0000000000
105075  52.961  33.242  16.523 0.0000000000
102848  53.985  30.067  14.399 0.0000000000
102849  52.887  30.392  14.372 0.0000000000
102859  53.582  29.673  13.687 0.0000000000
125324  52.030  28.582  13.041 0.0000000000
101463  52.053  29.346  12.245 0.0000000000
141376  51.301  28.789  12.366 0.0000000000
101471  50.765  29.454  11.333 0.0000000000
124774  50.288  28.552  12.372 0.0000000000
100718  50.308  27.695  15.918 0.0000000000
100728  50.551  27.589  14.991 0.0000000000
138365  49.876  27.493  14.780 0.0000000000
100030  47.808  26.964  14.291 0.0000000000
130161  48.322  27.441  13.739 0.0000000000
100748  48.457  27.890  12.921 0.0000000000
100750  46.932  27.396  12.827 0.0000000000
100759  46.630  28.132  11.623 0.0000000000
99250  44.995  25.263  12.466 0.0000000000
149204  45.287  25.777  12.716 0.0000000000
98415  44.429  25.088  11.233 0.0000000000
98409  44.685  24.914  11.826 0.0000000000
97556  48.605  23.543  18.626 0.0000000000
97559  48.169  23.216  18.042 0.0000000000
96639  48.248  22.210  16.355 0.0000000000
142902  47.789  23.014  17.392 0.0000000000
96631  47.573  22.741  16.707 0.0000000000
97566  46.913  23.050  16.289 0.0000000000
96646  46.892  22.703  15.479 0.0000000000
142790  50.743  22.255  12.080 0.0000000000
96677  50.609  21.961  12.818 0.0000000000
96697  50.003  22.189  12.159 0.0000000000
103581  50.097  31.384  14.344 0.0000000000
102861  50.863  30.724  13.533 0.0000000000
105836  52.588  34.484  15.962 0.0000000000
106604  51.958  35.509  14.632 0.0000000000
106597  51.976  34.963  15.344 0.0000000000
106598  51.110  34.667  15.285 0.0000000000
105838  50.337  34.326  15.171 0.0000000000
105082  49.574  33.751  15.008 0.0000000000
104314  49.916  32.879  15.221 0.0000000000
96595  58.572  22.757  20.688 0.0000000000
96601  58.598  22.630  19.818 0.0000000000
96600  59.307  22.230  20.017 0.0000000000
107320  56.174  36.146  17.947 0.0000000000
106554  56.248  35.247  19.157 0.0000000000
106555  55.778  35.797  20.192 0.0000000000
144980  56.197  34.676  21.079 0.0000000000
101378  48.891  28.244  24.947 0.0000000000
149582  49.348  27.820  25.189 0.0000000000
99978  48.574  26.730  24.344 0.0000000000
99189  48.833  25.589  23.710 0.0000000000
109504  53.923  39.310  16.596 0.0000000000
109517  53.611  39.067  15.577 0.0000000000
145021  54.734  38.947  16.151 0.0000000000
108731  55.265  38.561  16.354 0.0000000000
108037  56.031  37.944  15.605 0.0000000000
108033  55.748  37.899  16.543 0.0000000000
107332  55.782  36.998  17.714 0.0000000000
101416  49.238  28.614  18.558 0.0000000000
101421  49.526  28.392  17.650 0.0000000000
101422  48.760  27.996  18.123 0.0000000000
100009  47.815  26.780  18.164 0.0000000000
102890  48.095  30.366  10.435 0.0000000000
102891  47.234  30.389  10.487 0.0000000000
101491  45.362  29.335  9.676 0.0000000000
146702  45.584  28.884  9.825 0.0000000000
129827  55.856  33.916  8.222 0.0000000000
105906  55.043  33.908  7.520 0.0000000000
105893  54.795  34.328  8.259 0.0000000000
106678  53.763  34.805  8.329 0.0000000000
125199  52.965  35.366  8.646 0.0000000000
104328  45.926  32.590  14.420 0.0000000000
102864  44.401  30.530  14.412 0.0000000000
137967  51.997  37.702  18.249 0.0000000000
107323  51.706  36.732  18.282 0.0000000000
106564  51.365  35.751  18.581 0.0000000000
138914  48.412  39.051  16.501 0.0000000000
133896  48.237  38.625  15.229 0.0000000000
108726  48.911  39.388  17.077 0.0000000000
108725  49.613  39.373  16.929 0.0000000000
108724  50.314  39.273  16.758 0.0000000000
144268  50.910  39.184  16.636 0.0000000000
109487  50.459  39.294  17.310 0.0000000000
108017  51.721  38.735  18.089 0.0000000000
97549  51.484  24.036  20.075 0.0000000000
96607  51.399  23.202  19.374 0.0000000000
96606  52.325  23.014  19.310 0.0000000000
96616  52.600  22.490  18.646 0.0000000000
96626  52.944  22.011  17.914 0.0000000000
96636  56.379  22.179  16.388 0.0000000000
96644  56.833  22.387  15.548 0.0000000000
150519  56.449  22.359  14.709 0.0000000000
96660  55.720  22.182  14.197 0.0000000000
104300  56.215  32.137  16.772 0.0000000000
103556  57.237  30.947  16.222 0.0000000000
102836  57.864  30.464  16.319 0.0000000000
103532  57.268  31.145  19.374 0.0000000000
147656  57.662  30.665  18.336 0.0000000000
141855  55.730  30.325  19.288 0.0000000000
130856  54.653  30.225  19.108 0.0000000000
102814  53.695  30.342  19.358 0.0000000000
144732  53.413  30.597  20.141 0.0000000000
105024  53.033  33.432  21.371 0.0000000000
105023  54.104  33.900  21.706 0.0000000000
104256  53.574  32.892  22.199 0.0000000000
128401  53.547  32.246  22.954 0.0000000000
103505  53.992  31.768  23.805 0.0000000000
101376  51.407  27.978  25.499 0.0000000000
101366  52.903  28.859  25.789 0.0000000000
101387  51.426  28.114  24.656 0.0000000000
102070  52.085  28.876  24.266 0.0000000000
101394  50.322  28.524  22.720 0.0000000000
99205  50.050  26.136  21.488 0.0000000000
97511  52.269  23.689  22.226 0.0000000000
97510  53.125  23.564  22.328 0.0000000000
97509  53.968  23.542  22.495 0.0000000000
110997  53.510  42.415  1.278 0.0000000000
111008  53.796  41.599  1.223 0.0000000000
109669  53.608  40.006  0.799 0.0000000000
108863  53.760  39.226  0.721 0.0000000000
109657  54.133  39.830  1.416 0.0000000000
146555  54.271  38.337  2.061 0.0000000000
128081  53.718  37.411  3.443 0.0000000000
110279  49.087  40.155  7.869 0.0000000000
109599  49.479  39.774  7.343 0.0000000000
110278  49.887  39.953  8.116 0.0000000000
109588  50.763  39.714  8.321 0.0000000000
109564  54.388  39.378  10.973 0.0000000000
108785  54.138  39.214  9.755 0.0000000000
145883  54.015  38.170  8.719 0.0000000000
127502  54.182  37.037  7.612 0.0000000000
107428  53.846  36.762  6.986 0.0000000000
108080  55.088  37.121  8.045 0.0000000000
127465  55.901  36.424  7.633 0.0000000000
106690  56.873  35.622  7.406 0.0000000000
107426  56.679  36.201  8.146 0.0000000000
107393  56.830  36.077  9.507 0.0000000000
107382  56.683  35.595  10.745 0.0000000000
106592  57.242  35.535  15.333 0.0000000000
135973  57.248  35.897  14.475 0.0000000000
136503  56.911  35.196  15.414 0.0000000000
106593  56.233  35.376  14.808 0.0000000000
106594  55.027  35.251  15.206 0.0000000000
141452  55.587  34.282  16.377 0.0000000000
102153  54.767  29.029  13.736 0.0000000000
102154  54.096  29.117  13.600 0.0000000000
101452  53.604  28.878  13.434 0.0000000000
101453  52.760  28.458  13.650 0.0000000000
141443  51.213  28.202  13.378 0.0000000000
100023  48.255  26.873  15.226 0.0000000000
128362  49.160  27.257  15.009 0.0000000000
141535  47.133  26.508  14.444 0.0000000000
100038  47.092  26.873  13.749 0.0000000000
100039  46.430  26.631  13.309 0.0000000000
99245  46.072  25.875  13.689 0.0000000000
99246  45.514  25.336  13.278 0.0000000000
98403  45.357  24.470  12.975 0.0000000000
96629  49.495  22.234  17.490 0.0000000000
96630  48.558  22.619  17.525 0.0000000000
96638  49.620  21.814  16.620 0.0000000000
96645  49.026  21.800  16.095 0.0000000000
95690  49.356  21.605  15.292 0.0000000000
103597  46.917  30.924  13.714 0.0000000000
102873  46.575  30.328  12.994 0.0000000000
133118  48.750  30.494  10.989 0.0000000000
102185  48.269  30.067  10.193 0.0000000000
102179  48.364  29.875  10.203 0.0000000000
106640  54.116  35.493  11.774 0.0000000000
129546  53.652  35.539  11.050 0.0000000000
107366  52.395  36.148  12.485 0.0000000000
106614  51.489  35.931  13.790 0.0000000000
105089  48.721  33.497  14.651 0.0000000000
105090  47.778  33.272  14.439 0.0000000000
103584  47.180  31.736  14.225 0.0000000000
108727  47.689  39.379  17.001 0.0000000000
108710  48.230  39.034  17.533 0.0000000000
108020  48.785  38.163  17.495 0.0000000000
97545  55.348  23.329  19.998 0.0000000000
96604  54.902  22.779  19.292 0.0000000000
96611  58.379  22.585  18.967 0.0000000000
133176  57.763  22.539  18.102 0.0000000000
96635  58.026  22.600  16.501 0.0000000000
105072  57.808  34.145  16.887 0.0000000000
105066  58.187  33.189  17.135 0.0000000000
134550  58.404  32.688  17.746 0.0000000000
105037  58.060  32.483  18.651 0.0000000000
105799  56.791  34.328  19.084 0.0000000000
104274  57.168  31.993  20.216 0.0000000000
103520  56.736  31.384  20.745 0.0000000000
103512  56.215  30.938  22.216 0.0000000000
147736  51.388  30.994  23.853 0.0000000000
103494  52.131  31.344  23.800 0.0000000000
102749  51.200  30.216  25.074 0.0000000000
102056  51.226  29.481  25.669 0.0000000000
102044  51.817  28.813  26.103 0.0000000000
101377  49.630  28.082  25.417 0.0000000000
100670  50.499  27.977  25.700 0.0000000000
150411  51.002  27.870  25.708 0.0000000000
100691  50.419  27.143  24.570 0.0000000000
99982  49.994  26.598  24.024 0.0000000000
96561  52.808  22.142  23.242 0.0000000000
109633  52.318  40.002  3.448 0.0000000000
109567  52.085  40.005  11.765 0.0000000000
110245  52.270  40.469  11.067 0.0000000000
109566  52.909  39.975  11.482 0.0000000000
109550  53.532  39.551  12.026 0.0000000000
126349  53.897  38.941  13.721 0.0000000000
109536  54.119  39.149  12.681 0.0000000000
109549  54.268  39.333  11.795 0.0000000000
108775  54.948  38.865  11.544 0.0000000000
108779  55.596  38.195  11.299 0.0000000000
108059  56.163  37.344  11.093 0.0000000000
108053  56.204  37.627  12.763 0.0000000000
108043  56.832  37.139  14.167 0.0000000000
108032  56.585  37.143  15.830 0.0000000000
125846  57.221  36.293  15.253 0.0000000000
107345  57.407  35.724  15.765 0.0000000000
105825  57.629  34.890  16.415 0.0000000000
101418  52.571  28.561  16.416 0.0000000000
101427  51.860  28.169  15.941 0.0000000000
101428  50.853  28.184  16.375 0.0000000000
100719  49.406  27.549  16.324 0.0000000000
100715  49.046  27.791  17.198 0.0000000000
100730  48.873  27.167  15.837 0.0000000000
100015  48.135  26.747  16.205 0.0000000000
99222  47.159  25.903  16.212 0.0000000000
99230  46.654  25.358  15.770 0.0000000000
146677  52.095  21.803  13.410 0.0000000000
140620  51.528  21.638  14.007 0.0000000000
96695  52.235  22.140  12.694 0.0000000000
101485  42.645  28.591  10.868 0.0000000000
102885  46.118  30.054  12.035 0.0000000000
101494  42.822  28.571  9.967 0.0000000000
101501  43.009  28.284  9.391 0.0000000000
100776  44.302  28.380  9.278 0.0000000000
100073  43.371  27.031  9.265 0.0000000000
105918  54.146  33.965  6.700 0.0000000000
105931  53.420  33.948  5.760 0.0000000000
106653  52.966  35.777  10.417 0.0000000000
107989  54.694  37.890  19.694 0.0000000000
107311  54.915  37.223  20.012 0.0000000000
107312  54.531  37.224  19.970 0.0000000000
106557  54.231  36.377  20.246 0.0000000000
106545  53.749  35.448  20.472 0.0000000000
129284  52.809  36.309  19.136 0.0000000000
105800  52.765  35.003  19.907 0.0000000000
105794  53.151  34.583  20.582 0.0000000000
105031  52.588  33.845  20.749 0.0000000000
103495  50.943  31.254  22.930 0.0000000000
102765  49.752  30.262  23.937 0.0000000000
110280  48.301  40.442  7.455 0.0000000000
110929  47.405  41.440  8.626 0.0000000000
110928  48.231  41.201  8.917 0.0000000000
110270  48.654  40.672  8.406 0.0000000000
110263  49.847  40.932  9.447 0.0000000000
134438  50.009  41.193  10.139 0.0000000000
110247  50.764  40.854  11.042 0.0000000000
108761  48.215  38.789  14.006 0.0000000000
109554  49.648  39.760  12.288 0.0000000000
109553  50.369  39.784  12.222 0.0000000000
109552  51.227  39.907  12.046 0.0000000000
109539  51.731  38.987  13.515 0.0000000000
141511  51.701  38.705  14.579 0.0000000000
108733  52.371  38.787  15.162 0.0000000000
108723  51.514  39.385  16.900 0.0000000000
109506  52.328  39.509  17.234 0.0000000000
109518  53.045  39.331  16.522 0.0000000000
109484  53.246  39.694  18.075 0.0000000000
108690  54.001  39.248  18.982 0.0000000000
99217  48.399  25.524  19.614 0.0000000000
100008  48.047  26.113  19.380 0.0000000000
98376  48.602  24.791  19.466 0.0000000000
97552  48.992  24.003  19.236 0.0000000000
97555  49.450  23.272  18.862 0.0000000000
96628  50.439  22.080  17.681 0.0000000000
95672  50.860  21.673  17.038 0.0000000000
95679  51.315  21.517  16.328 0.0000000000
95688  51.687  21.487  15.570 0.0000000000
96614  54.398  22.387  18.560 0.0000000000
96625  53.849  21.999  17.841 0.0000000000
95669  54.146  21.756  17.067 0.0000000000
95675  55.285  21.864  16.290 0.0000000000
95676  54.408  21.690  16.292 0.0000000000
95677  53.617  21.593  16.433 0.0000000000
95687  53.059  21.483  15.794 0.0000000000
95705  52.924  21.547  14.855 0.0000000000
95721  52.438  21.639  14.036 0.0000000000
96675  52.767  21.899  13.309 0.0000000000
104311  52.160  31.795  15.745 0.0000000000
103569  54.074  30.704  15.441 0.0000000000
103568  55.288  30.485  15.400 0.0000000000
127423  54.917  29.908  14.560 0.0000000000
101424  55.246  28.678  14.713 0.0000000000
102133  54.918  28.574  15.740 0.0000000000
104297  58.434  31.747  16.851 0.0000000000
103553  58.476  30.964  16.850 0.0000000000
102833  57.909  30.278  16.775 0.0000000000
102826  57.471  30.226  17.700 0.0000000000
102834  57.134  29.742  16.895 0.0000000000
102125  55.501  28.958  16.430 0.0000000000
102134  53.743  28.533  16.196 0.0000000000
102127  53.056  29.072  17.169 0.0000000000
102119  51.501  29.619  18.307 0.0000000000
102120  50.577  29.498  18.603 0.0000000000
102121  49.721  29.229  18.994 0.0000000000
101410  49.097  28.715  19.446 0.0000000000
101411  48.706  28.120  19.914 0.0000000000
105791  55.705  34.996  21.225 0.0000000000
105022  55.073  33.822  21.982 0.0000000000
105021  55.807  33.638  22.060 0.0000000000
104254  56.394  32.150  22.263 0.0000000000
103511  56.216  31.364  22.732 0.0000000000
102783  55.690  30.685  22.336 0.0000000000
103478  52.809  30.973  24.801 0.0000000000
103477  53.652  30.692  25.092 0.0000000000
103476  54.265  30.490  24.955 0.0000000000
102054  53.485  29.373  25.227 0.0000000000
102746  53.778  29.887  25.351 0.0000000000
102745  54.740  30.665  24.381 0.0000000000
145591  54.942  30.497  23.990 0.0000000000
102770  55.350  30.585  23.274 0.0000000000
102784  54.736  30.497  22.288 0.0000000000
102785  52.882  30.516  21.553 0.0000000000
128517  52.151  30.498  21.148 0.0000000000
102802  51.562  30.429  20.537 0.0000000000
102093  51.031  29.654  21.865 0.0000000000
102094  50.435  29.645  21.078 0.0000000000
102803  50.795  30.102  20.550 0.0000000000
148362  49.157  28.681  20.212 0.0000000000
99211  48.677  26.202  20.137 0.0000000000
98374  50.245  24.464  20.041 0.0000000000
97547  52.905  23.451  19.811 0.0000000000
97537  53.618  23.862  20.316 0.0000000000
136619  50.634  25.430  22.064 0.0000000000
98357  51.810  24.672  21.338 0.0000000000
98356  52.668  24.508  21.320 0.0000000000
98364  53.171  24.405  20.851 0.0000000000
97535  55.715  23.794  20.768 0.0000000000
97534  56.778  23.576  21.015 0.0000000000
97525  57.726  23.268  21.222 0.0000000000
108131  54.094  36.916  0.035 0.0000000000
108132  54.045  37.755  0.485 0.0000000000
108120  54.294  36.920  0.946 0.0000000000
107481  54.354  36.070  0.406 0.0000000000
106763  55.261  34.502  1.868 0.0000000000
106762  55.645  34.422  2.941 0.0000000000
105958  56.467  33.530  3.468 0.0000000000
141340  51.636  39.520  3.934 0.0000000000
109622  52.278  39.157  3.807 0.0000000000
109581  51.894  40.034  9.209 0.0000000000
108795  52.353  38.788  8.373 0.0000000000
108826  52.223  38.444  4.475 0.0000000000
108106  52.752  37.860  4.313 0.0000000000
108105  53.261  37.250  4.221 0.0000000000
107456  53.812  36.566  4.039 0.0000000000
107448  54.347  35.885  4.677 0.0000000000
106741  55.127  35.248  4.278 0.0000000000
106752  55.870  34.468  3.861 0.0000000000
105944  56.812  33.703  4.382 0.0000000000
105943  57.323  33.202  5.004 0.0000000000
105165  57.048  33.490  7.215 0.0000000000
105890  57.386  34.690  7.841 0.0000000000
105891  57.130  34.294  8.422 0.0000000000
105155  56.790  33.834  8.012 0.0000000000
105880  56.296  34.434  9.478 0.0000000000
106651  55.385  34.779  10.471 0.0000000000
108055  56.678  36.514  11.706 0.0000000000
107373  56.740  35.722  11.536 0.0000000000
106600  56.983  35.782  13.581 0.0000000000
106609  56.807  35.685  12.716 0.0000000000
106637  56.486  35.210  11.232 0.0000000000
106638  56.203  35.039  11.682 0.0000000000
106639  55.315  35.135  11.962 0.0000000000
126017  54.384  35.489  12.381 0.0000000000
106595  53.832  35.161  15.396 0.0000000000
106596  52.868  35.048  15.451 0.0000000000
105076  52.290  33.176  16.323 0.0000000000
102850  51.906  30.743  14.427 0.0000000000
102860  51.611  30.569  13.746 0.0000000000
127173  51.827  30.300  12.756 0.0000000000
102162  53.044  29.407  13.113 0.0000000000
145313  52.424  29.919  12.514 0.0000000000
102880  51.299  30.128  11.333 0.0000000000
102176  50.582  29.970  10.795 0.0000000000
101480  49.972  29.827  10.668 0.0000000000
101481  49.064  29.485  10.784 0.0000000000
100727  51.551  27.930  14.169 0.0000000000
100738  49.501  27.552  14.242 0.0000000000
100747  49.858  27.972  13.394 0.0000000000
101464  49.335  28.268  12.649 0.0000000000
101473  48.740  28.610  11.815 0.0000000000
124399  48.172  29.059  10.906 0.0000000000
100760  45.724  27.638  11.529 0.0000000000
100048  45.464  26.897  12.160 0.0000000000
98377  47.876  25.216  18.992 0.0000000000
99219  47.429  25.292  18.175 0.0000000000
97560  47.485  23.786  17.779 0.0000000000
98382  47.196  24.597  17.687 0.0000000000
98383  46.825  24.645  17.015 0.0000000000
98385  46.599  24.721  16.342 0.0000000000
98387  46.285  24.404  15.586 0.0000000000
95707  50.628  21.593  14.297 0.0000000000
95708  49.749  21.590  14.467 0.0000000000
95709  48.900  21.663  14.612 0.0000000000
96698  48.997  22.208  12.245 0.0000000000
130629  48.087  21.930  13.705 0.0000000000
95725  48.172  21.848  14.567 0.0000000000
132762  46.979  22.515  14.701 0.0000000000
96647  46.422  23.031  14.949 0.0000000000
133703  46.021  23.713  14.975 0.0000000000
97574  45.787  23.811  14.227 0.0000000000
97582  45.670  23.787  13.425 0.0000000000
94700  59.589  21.696  18.735 0.0000000000
94704  59.781  21.687  17.875 0.0000000000
94708  59.737  21.670  17.022 0.0000000000
95674  59.973  22.144  16.517 0.0000000000
94712  59.647  21.598  16.180 0.0000000000
95681  49.748  21.612  15.903 0.0000000000
95722  50.870  21.738  13.563 0.0000000000
95723  50.109  21.697  13.626 0.0000000000
96618  49.931  22.595  18.354 0.0000000000
96637  50.156  21.802  17.041 0.0000000000
96642  59.382  22.647  16.213 0.0000000000
96678  49.617  21.865  12.922 0.0000000000
97557  47.944  23.821  18.398 0.0000000000
97561  46.974  24.071  17.245 0.0000000000
97564  46.626  23.940  16.518 0.0000000000
98368  49.841  25.112  20.397 0.0000000000
98414  44.892  24.372  11.226 0.0000000000
99220  47.146  25.310  17.400 0.0000000000
99238  46.324  25.656  14.360 0.0000000000
99251  44.541  25.634  11.652 0.0000000000
99984  49.113  26.148  24.181 0.0000000000
100683  48.889  27.533  24.781 0.0000000000
101368  51.317  28.270  25.857 0.0000000000
101375  52.211  28.438  25.361 0.0000000000
101437  55.103  28.910  14.057 0.0000000000
101451  54.454  28.841  13.795 0.0000000000
101474  47.399  28.748  10.953 0.0000000000
101500  43.531  28.358  9.248 0.0000000000
102043  52.695  29.007  26.155 0.0000000000
102053  53.329  29.395  25.851 0.0000000000
102080  51.486  29.350  22.972 0.0000000000
102123  57.433  29.848  15.995 0.0000000000
102163  52.317  29.739  12.376 0.0000000000
102170  51.780  29.934  11.653 0.0000000000
102171  51.198  29.956  11.119 0.0000000000
102178  49.139  30.003  10.332 0.0000000000
102739  52.087  30.019  25.700 0.0000000000
102787  51.047  30.100  21.081 0.0000000000
102858  55.164  29.190  14.082 0.0000000000
102879  51.951  30.123  11.913 0.0000000000
102889  48.975  30.237  10.515 0.0000000000
103491  54.956  30.941  24.436 0.0000000000
103492  54.310  31.120  24.606 0.0000000000
103555  58.124  31.112  16.544 0.0000000000
104255  56.064  32.789  22.394 0.0000000000
104296  58.636  31.756  17.279 0.0000000000
104304  51.839  32.779  16.055 0.0000000000
105030  53.400  34.136  21.110 0.0000000000
105164  57.381  33.663  6.900 0.0000000000
105185  55.243  32.842  5.438 0.0000000000
105829  53.244  34.024  16.455 0.0000000000
105832  57.502  35.267  15.895 0.0000000000
105837  51.673  34.163  15.855 0.0000000000
105892  56.516  34.178  8.759 0.0000000000
105905  57.318  33.961  7.645 0.0000000000
105907  53.278  34.515  7.107 0.0000000000
105917  57.484  33.938  6.575 0.0000000000
105930  56.366  34.892  5.607 0.0000000000
106542  55.979  35.257  20.767 0.0000000000
106556  54.889  36.558  20.365 0.0000000000
106563  52.155  36.220  18.707 0.0000000000
106586  57.461  35.498  16.349 0.0000000000
106623  56.609  35.481  11.986 0.0000000000
106626  54.015  35.656  13.036 0.0000000000
106677  54.641  34.638  8.882 0.0000000000
106692  52.572  34.981  7.339 0.0000000000
106710  52.050  34.937  6.619 0.0000000000
107412  56.468  36.617  8.787 0.0000000000
107425  57.200  35.467  8.204 0.0000000000
107440  54.671  36.127  6.444 0.0000000000
107455  54.422  35.887  3.712 0.0000000000
107474  54.363  36.845  2.079 0.0000000000
108004  54.845  38.420  19.262 0.0000000000
108005  54.239  38.668  19.296 0.0000000000
108015  55.313  37.877  18.680 0.0000000000
108056  56.200  37.458  11.905 0.0000000000
108058  56.566  36.414  10.933 0.0000000000
108072  53.242  38.100  8.260 0.0000000000
108115  53.277  37.917  3.702 0.0000000000
108703  54.477  39.274  18.117 0.0000000000
108704  53.776  39.494  18.498 0.0000000000
108705  52.973  39.515  18.270 0.0000000000
108707  51.076  39.149  17.647 0.0000000000
108709  48.936  38.971  17.510 0.0000000000
108735  50.683  38.701  15.914 0.0000000000
108738  47.431  38.673  16.012 0.0000000000
108746  49.580  38.602  14.720 0.0000000000
108747  48.851  38.639  14.607 0.0000000000
108768  55.482  38.408  13.020 0.0000000000
108781  54.478  39.217  10.329 0.0000000000
108793  54.478  38.464  9.260 0.0000000000
108832  54.093  39.924  2.439 0.0000000000
108840  54.181  39.092  2.157 0.0000000000
109505  53.136  39.624  17.485 0.0000000000
109519  52.302  39.101  16.269 0.0000000000
109527  53.998  38.913  14.707 0.0000000000
109551  52.719  39.567  12.277 0.0000000000
109565  53.689  39.798  11.219 0.0000000000
109587  51.444  39.765  8.728 0.0000000000
110234  50.659  40.383  11.607 0.0000000000
110235  49.901  40.269  11.771 0.0000000000
110255  51.512  40.790  10.609 0.0000000000
110256  50.715  41.016  10.424 0.0000000000
110257  49.956  41.134  10.854 0.0000000000
110269  49.502  40.559  8.671 0.0000000000
110907  49.063  41.245  11.019 0.0000000000
110922  49.307  41.324  9.873 0.0000000000
110930  46.594  41.827  8.329 0.0000000000
110933  47.790  40.888  8.048 0.0000000000
111009  53.433  41.779  0.853 0.0000000000
124589  47.540  22.405  15.928 0.0000000000
124590  47.563  22.198  15.095 0.0000000000
125388  53.045  40.189  10.146 0.0000000000
125715  54.089  37.578  8.183 0.0000000000
125865  56.861  32.777  20.820 0.0000000000
126693  54.426  35.965  5.618 0.0000000000
126695  51.944  39.477  8.732 0.0000000000
129889  51.142  35.549  14.412 0.0000000000
130001  53.574  38.385  0.337 0.0000000000
130656  47.433  26.463  15.049 0.0000000000
132151  50.903  34.041  15.573 0.0000000000
132316  54.466  29.354  13.813 0.0000000000
132901  50.750  39.424  17.131 0.0000000000
133352  52.377  21.492  15.458 0.0000000000
136943  53.083  38.945  13.652 0.0000000000
138054  52.950  35.104  7.984 0.0000000000
140211  56.833  35.541  10.093 0.0000000000
140867  50.034  28.554  25.571 0.0000000000
140971  48.307  39.347  17.168 0.0000000000
141021  48.792  21.877  13.050 0.0000000000
141539  49.145  39.104  16.546 0.0000000000
142583  54.089  36.177  -0.180 0.0000000000
143060  57.159  36.487  14.510 0.0000000000
144238  47.803  39.182  17.381 0.0000000000
144423  55.663  37.847  9.862 0.0000000000
144635  55.144  33.248  6.107 0.0000000000
145059  48.298  38.714  17.548 0.0000000000
145089  54.225  36.459  6.718 0.0000000000
145215  55.391  31.210  23.935 0.0000000000
145535  52.215  31.013  15.086 0.0000000000
145669  55.828  22.350  13.517 0.0000000000
145876  53.985  40.798  1.299 0.0000000000
145909  55.475  38.493  14.444 0.0000000000
146891  55.916  34.909  15.689 0.0000000000
147574  51.186  40.903  10.135 0.0000000000
148150  52.430  35.302  15.071 0.0000000000
148170  54.719  33.525  6.384 0.0000000000
148264  55.731  34.899  11.470 0.0000000000
148332  56.308  31.045  21.324 0.0000000000
148569  52.069  30.566  20.089 0.0000000000
149375  46.126  23.321  14.463 0.0000000000
149877  48.575  21.744  14.161 0.0000000000
149923  48.178  22.509  16.996 0.0000000000
150155  53.434  21.552  15.269 0.0000000000
150232  50.112  39.397  17.149 0.0000000000
150409  47.584  22.149  14.401 0.0000000000
