#!ascii label  , from subject sub-LJ002 vox2ras=TkReg
1548
61939  58.169  -12.274  26.414 0.0000000000
44244  46.517  -29.304  44.005 0.0000000000
39958  31.985  -32.529  43.127 0.0000000000
36294  28.234  -35.444  46.751 0.0000000000
45424  38.968  -27.322  50.157 0.0000000000
38783  40.519  -33.687  42.295 0.0000000000
59666  50.771  -14.833  27.761 0.0000000000
143999  64.668  -8.072  22.947 0.0000000000
57418  52.542  -16.705  36.599 0.0000000000
50035  44.980  -23.702  35.056 0.0000000000
129788  38.393  -28.111  35.600 0.0000000000
39887  32.732  -32.872  50.066 0.0000000000
35108  32.060  -36.775  46.881 0.0000000000
124645  30.274  -36.581  51.148 0.0000000000
43158  35.401  -29.129  46.711 0.0000000000
59555  56.549  -14.100  36.250 0.0000000000
48724  44.169  -23.627  47.676 0.0000000000
49934  47.969  -23.897  43.045 0.0000000000
51109  48.772  -22.353  39.874 0.0000000000
47729  45.818  -26.073  39.225 0.0000000000
47787  42.025  -25.984  35.141 0.0000000000
45554  41.812  -27.577  39.291 0.0000000000
35134  41.445  -37.065  43.010 0.0000000000
37631  40.109  -34.143  38.161 0.0000000000
64058  62.961  -10.411  26.169 0.0000000000
148303  62.606  -10.811  21.733 0.0000000000
36383  35.808  -35.933  39.346 0.0000000000
32851  32.727  -38.155  43.368 0.0000000000
44196  42.147  -28.644  47.446 0.0000000000
42137  41.782  -30.826  43.900 0.0000000000
41043  40.090  -31.676  46.043 0.0000000000
38775  37.160  -33.527  42.614 0.0000000000
60760  55.017  -13.163  27.296 0.0000000000
36203  24.682  -35.024  53.131 0.0000000000
124703  22.117  -34.934  47.699 0.0000000000
64987  62.947  -10.071  29.208 0.0000000000
61867  59.951  -12.336  30.800 0.0000000000
60695  55.399  -13.247  31.778 0.0000000000
58506  51.458  -15.370  32.443 0.0000000000
55332  48.109  -17.868  32.592 0.0000000000
55253  52.588  -18.502  40.999 0.0000000000
54283  48.525  -19.547  36.488 0.0000000000
52342  44.175  -21.491  31.231 0.0000000000
50101  41.982  -23.849  31.224 0.0000000000
42198  38.918  -31.076  39.023 0.0000000000
39850  32.179  -31.856  51.996 0.0000000000
37497  32.076  -35.221  50.693 0.0000000000
38699  30.533  -33.705  52.567 0.0000000000
42068  33.804  -30.691  51.141 0.0000000000
47674  45.136  -26.221  44.414 0.0000000000
46634  47.826  -26.769  43.297 0.0000000000
46673  48.312  -26.336  41.503 0.0000000000
45518  46.239  -28.138  41.615 0.0000000000
45563  43.986  -27.081  39.141 0.0000000000
44277  43.883  -28.269  41.954 0.0000000000
32867  42.032  -38.613  42.142 0.0000000000
35171  43.142  -36.629  40.170 0.0000000000
63027  60.802  -11.481  26.694 0.0000000000
63056  60.844  -11.641  24.835 0.0000000000
61968  58.708  -12.466  24.528 0.0000000000
38793  32.458  -33.463  39.988 0.0000000000
35162  33.247  -37.007  39.617 0.0000000000
37580  31.790  -34.772  42.086 0.0000000000
33959  30.197  -37.110  47.570 0.0000000000
32810  30.611  -38.502  45.789 0.0000000000
128331  29.412  -36.878  44.544 0.0000000000
37566  26.917  -34.624  43.922 0.0000000000
47610  41.578  -25.441  49.158 0.0000000000
44183  40.746  -28.535  48.851 0.0000000000
42095  41.513  -30.887  47.256 0.0000000000
43143  39.209  -29.140  47.192 0.0000000000
140357  33.940  -30.064  44.944 0.0000000000
43193  36.361  -29.754  43.919 0.0000000000
41118  34.789  -31.340  41.457 0.0000000000
37593  36.665  -34.469  41.256 0.0000000000
60762  52.882  -13.916  27.694 0.0000000000
59693  53.494  -14.396  25.402 0.0000000000
58578  51.383  -15.258  26.113 0.0000000000
149648  19.586  -34.602  48.161 0.0000000000
144601  57.659  -12.608  30.930 0.0000000000
61826  58.356  -12.390  33.715 0.0000000000
58480  54.540  -15.340  36.078 0.0000000000
59570  54.117  -14.683  34.359 0.0000000000
57441  52.234  -16.022  34.716 0.0000000000
149541  49.480  -16.556  32.168 0.0000000000
56398  50.190  -17.151  34.259 0.0000000000
50001  46.675  -23.060  37.953 0.0000000000
53271  48.413  -20.783  38.449 0.0000000000
52270  46.599  -21.832  36.005 0.0000000000
53310  46.327  -20.756  33.815 0.0000000000
141865  44.695  -22.454  33.195 0.0000000000
51231  43.382  -22.706  31.351 0.0000000000
48886  43.504  -23.963  33.132 0.0000000000
47824  39.900  -25.902  33.135 0.0000000000
41080  40.759  -32.224  43.573 0.0000000000
42160  40.147  -30.488  41.474 0.0000000000
126284  40.211  -32.355  40.615 0.0000000000
38811  38.055  -33.347  36.467 0.0000000000
68218  63.363  -6.162  20.444 0.0000000000
67143  64.601  -7.868  21.355 0.0000000000
39919  32.467  -32.570  47.069 0.0000000000
142258  32.072  -34.876  45.469 0.0000000000
142364  32.517  -34.559  48.191 0.0000000000
35078  31.573  -36.853  49.635 0.0000000000
35096  29.106  -36.120  49.228 0.0000000000
44162  36.498  -28.041  50.890 0.0000000000
44202  36.952  -28.432  47.753 0.0000000000
43123  35.377  -29.111  49.720 0.0000000000
42089  33.821  -30.479  48.461 0.0000000000
61803  58.031  -12.619  35.617 0.0000000000
58447  54.891  -15.382  38.445 0.0000000000
49942  50.166  -23.802  42.016 0.0000000000
48805  47.428  -24.362  39.648 0.0000000000
47765  45.013  -25.101  36.872 0.0000000000
48852  43.850  -25.027  35.109 0.0000000000
46738  43.365  -26.192  36.912 0.0000000000
46727  42.005  -26.967  37.153 0.0000000000
44346  40.043  -28.034  37.913 0.0000000000
37576  40.938  -35.390  42.603 0.0000000000
38796  40.991  -33.762  39.720 0.0000000000
36382  42.127  -35.191  39.959 0.0000000000
65052  63.895  -9.300  24.871 0.0000000000
138748  64.330  -8.859  22.744 0.0000000000
64083  62.785  -10.418  24.200 0.0000000000
135027  31.972  -36.895  44.990 0.0000000000
47640  42.458  -25.699  47.044 0.0000000000
44221  44.901  -29.548  45.466 0.0000000000
43190  44.530  -30.174  44.086 0.0000000000
42107  43.853  -31.033  45.933 0.0000000000
41042  41.954  -32.184  45.834 0.0000000000
39943  40.241  -33.066  45.129 0.0000000000
43156  38.109  -29.054  45.858 0.0000000000
41063  38.225  -31.714  44.216 0.0000000000
38766  38.719  -34.248  44.051 0.0000000000
36351  38.537  -35.393  43.424 0.0000000000
35160  38.482  -36.691  41.068 0.0000000000
61941  56.518  -12.624  26.734 0.0000000000
61970  56.916  -12.864  24.910 0.0000000000
60829  54.955  -13.730  25.005 0.0000000000
35050  26.915  -35.603  52.652 0.0000000000
36244  26.068  -35.889  49.445 0.0000000000
36235  22.887  -34.970  50.110 0.0000000000
36297  24.901  -35.307  46.358 0.0000000000
147774  63.878  -8.873  26.586 0.0000000000
64027  63.076  -10.731  28.091 0.0000000000
62998  61.278  -11.733  28.826 0.0000000000
61903  59.171  -12.410  28.941 0.0000000000
61904  57.121  -12.557  29.118 0.0000000000
60743  54.868  -13.219  29.181 0.0000000000
60714  53.099  -14.050  30.075 0.0000000000
60669  55.961  -13.520  33.665 0.0000000000
59607  53.202  -14.159  31.777 0.0000000000
59624  51.164  -14.984  30.361 0.0000000000
57486  49.161  -16.019  30.107 0.0000000000
56438  47.428  -17.254  30.160 0.0000000000
56360  52.752  -17.415  38.252 0.0000000000
54240  51.244  -20.001  40.668 0.0000000000
54268  50.444  -19.248  38.846 0.0000000000
55298  50.079  -18.208  36.193 0.0000000000
55318  48.526  -18.527  34.503 0.0000000000
126692  46.401  -19.486  32.351 0.0000000000
48887  41.940  -24.989  32.955 0.0000000000
44261  42.191  -28.710  42.492 0.0000000000
44297  39.852  -28.910  39.991 0.0000000000
43262  38.360  -29.543  37.669 0.0000000000
40000  39.624  -32.872  38.597 0.0000000000
41168  37.753  -31.238  37.166 0.0000000000
39851  31.507  -32.294  52.340 0.0000000000
39832  30.512  -31.777  52.779 0.0000000000
45478  46.091  -28.246  44.409 0.0000000000
148991  46.631  -26.790  44.020 0.0000000000
44243  46.978  -28.753  43.672 0.0000000000
45503  47.405  -28.163  42.507 0.0000000000
44274  46.772  -28.598  42.508 0.0000000000
135520  45.340  -28.107  41.384 0.0000000000
44258  45.518  -29.189  42.807 0.0000000000
61938  59.056  -11.977  26.255 0.0000000000
61952  59.246  -11.978  25.226 0.0000000000
61953  58.389  -12.272  25.422 0.0000000000
145610  32.351  -32.254  41.738 0.0000000000
128578  31.806  -34.413  41.087 0.0000000000
137902  31.771  -34.100  42.826 0.0000000000
140409  29.108  -35.804  46.665 0.0000000000
35113  29.453  -36.440  46.135 0.0000000000
36309  29.039  -35.854  45.696 0.0000000000
137198  28.477  -35.331  44.324 0.0000000000
36311  27.725  -35.108  45.537 0.0000000000
45392  37.904  -26.426  51.381 0.0000000000
45407  39.176  -26.738  50.561 0.0000000000
45422  40.445  -27.166  49.722 0.0000000000
44171  39.512  -27.837  49.487 0.0000000000
44184  40.042  -28.499  48.892 0.0000000000
44185  39.103  -28.279  48.761 0.0000000000
41064  32.562  -31.289  44.500 0.0000000000
42152  34.343  -30.492  42.801 0.0000000000
41103  32.921  -31.295  42.651 0.0000000000
41136  33.711  -31.789  40.777 0.0000000000
59649  52.135  -14.254  28.043 0.0000000000
59664  52.219  -14.319  27.165 0.0000000000
58564  50.978  -14.971  26.817 0.0000000000
127678  59.383  -10.969  34.157 0.0000000000
61837  58.835  -12.226  32.972 0.0000000000
61813  58.904  -11.795  34.628 0.0000000000
57417  53.261  -16.218  36.321 0.0000000000
57430  52.996  -15.863  35.359 0.0000000000
128751  52.432  -16.409  35.700 0.0000000000
57442  51.524  -16.328  34.443 0.0000000000
56389  51.127  -17.137  35.534 0.0000000000
139306  45.997  -23.448  36.819 0.0000000000
51161  46.374  -22.424  36.321 0.0000000000
51176  46.059  -22.414  35.592 0.0000000000
51188  45.908  -22.080  34.767 0.0000000000
50054  44.851  -23.244  34.397 0.0000000000
50069  43.917  -23.526  33.181 0.0000000000
48870  44.451  -23.918  34.493 0.0000000000
39967  40.431  -32.532  42.649 0.0000000000
41116  40.261  -32.045  41.624 0.0000000000
145256  40.443  -32.747  41.091 0.0000000000
146160  64.235  -7.406  21.404 0.0000000000
66078  64.760  -8.123  22.277 0.0000000000
39908  32.602  -32.670  48.042 0.0000000000
146799  32.506  -33.542  47.560 0.0000000000
38734  32.587  -33.585  48.570 0.0000000000
36219  31.210  -36.028  51.294 0.0000000000
35065  32.036  -36.381  49.819 0.0000000000
35067  30.945  -36.805  50.755 0.0000000000
140282  30.403  -36.821  49.794 0.0000000000
149718  29.622  -36.539  50.721 0.0000000000
44152  35.471  -28.075  51.871 0.0000000000
44175  35.963  -28.606  50.321 0.0000000000
43108  35.045  -28.820  51.550 0.0000000000
40989  33.393  -31.575  50.061 0.0000000000
42080  33.625  -31.041  49.283 0.0000000000
137801  33.172  -31.765  49.163 0.0000000000
41014  32.993  -31.069  47.029 0.0000000000
49926  46.586  -23.680  44.517 0.0000000000
52149  46.696  -21.829  44.277 0.0000000000
51047  48.305  -22.973  42.779 0.0000000000
51063  49.397  -23.048  42.374 0.0000000000
49933  48.912  -23.964  42.565 0.0000000000
46686  46.872  -26.565  40.529 0.0000000000
48796  48.221  -25.284  40.662 0.0000000000
46700  46.690  -25.784  39.809 0.0000000000
48815  46.333  -24.636  38.564 0.0000000000
47740  45.434  -25.724  38.411 0.0000000000
47752  44.700  -25.572  37.210 0.0000000000
46724  44.683  -26.056  37.909 0.0000000000
45553  42.676  -27.403  39.391 0.0000000000
45565  42.715  -27.225  38.621 0.0000000000
45566  41.795  -27.479  38.513 0.0000000000
45574  40.621  -27.613  37.427 0.0000000000
45567  40.853  -27.720  38.211 0.0000000000
36347  41.628  -36.165  42.526 0.0000000000
37590  41.761  -35.299  41.639 0.0000000000
36360  42.485  -36.168  41.687 0.0000000000
64057  63.473  -9.884  25.574 0.0000000000
64070  63.387  -9.851  24.532 0.0000000000
64071  62.872  -10.416  25.101 0.0000000000
63063  61.831  -11.639  23.940 0.0000000000
35172  37.256  -36.897  39.554 0.0000000000
136516  35.651  -36.874  38.992 0.0000000000
36293  32.258  -35.961  46.441 0.0000000000
127545  32.001  -36.060  44.576 0.0000000000
35112  32.003  -36.698  45.883 0.0000000000
32826  30.498  -38.867  45.237 0.0000000000
32825  31.184  -39.040  45.497 0.0000000000
46599  41.489  -27.026  48.326 0.0000000000
46598  41.870  -26.330  47.663 0.0000000000
45456  42.365  -28.056  46.626 0.0000000000
147817  43.471  -27.813  45.350 0.0000000000
44222  43.669  -29.633  46.319 0.0000000000
43167  44.397  -30.117  45.910 0.0000000000
44209  43.208  -30.039  46.800 0.0000000000
42096  40.832  -31.127  46.895 0.0000000000
129469  41.565  -31.592  46.773 0.0000000000
41027  40.841  -31.971  46.294 0.0000000000
39942  41.111  -32.633  45.419 0.0000000000
39931  39.879  -32.423  45.561 0.0000000000
44214  36.155  -28.753  47.196 0.0000000000
44212  37.646  -28.694  46.488 0.0000000000
43157  36.210  -28.890  46.227 0.0000000000
41082  36.824  -31.204  42.935 0.0000000000
42139  37.520  -30.951  43.661 0.0000000000
41081  37.635  -32.132  43.546 0.0000000000
38758  38.574  -33.520  44.290 0.0000000000
38767  38.271  -33.873  43.883 0.0000000000
36338  38.904  -35.343  43.707 0.0000000000
37578  37.644  -34.410  42.885 0.0000000000
36374  35.775  -34.966  39.770 0.0000000000
36372  37.518  -35.656  41.024 0.0000000000
35161  37.595  -36.277  40.339 0.0000000000
61925  55.779  -12.845  26.996 0.0000000000
61956  55.921  -12.881  26.081 0.0000000000
60780  55.179  -13.165  26.358 0.0000000000
58609  54.095  -14.716  24.875 0.0000000000
36212  25.505  -35.384  52.795 0.0000000000
35071  26.697  -35.876  51.024 0.0000000000
145230  25.188  -35.600  50.782 0.0000000000
37509  21.800  -34.626  49.242 0.0000000000
134017  22.879  -35.084  48.830 0.0000000000
36262  24.055  -35.586  48.773 0.0000000000
36281  23.719  -35.404  47.317 0.0000000000
36314  24.329  -35.110  45.674 0.0000000000
36315  23.435  -35.104  45.793 0.0000000000
67086  64.264  -7.751  25.541 0.0000000000
65001  63.454  -9.840  27.934 0.0000000000
64012  63.194  -10.311  28.464 0.0000000000
63010  61.850  -11.411  28.281 0.0000000000
62984  62.182  -11.160  29.228 0.0000000000
62972  60.957  -11.817  30.347 0.0000000000
142959  60.832  -12.005  29.365 0.0000000000
61886  59.463  -12.489  29.715 0.0000000000
143774  58.059  -12.496  29.326 0.0000000000
61887  58.672  -12.565  30.043 0.0000000000
61853  56.996  -12.719  31.508 0.0000000000
61871  55.897  -12.947  30.332 0.0000000000
60711  55.200  -13.261  30.876 0.0000000000
60729  54.280  -13.499  29.679 0.0000000000
60712  54.302  -13.563  30.550 0.0000000000
60645  57.544  -13.138  36.074 0.0000000000
60656  57.026  -13.464  34.994 0.0000000000
59567  56.464  -13.979  35.462 0.0000000000
59583  52.842  -14.811  33.210 0.0000000000
59582  53.642  -14.576  33.639 0.0000000000
59594  52.639  -14.576  32.325 0.0000000000
59608  52.495  -14.477  31.445 0.0000000000
59609  51.736  -14.819  31.073 0.0000000000
58529  50.422  -15.403  30.539 0.0000000000
57473  50.267  -15.710  31.377 0.0000000000
57462  49.052  -16.997  32.476 0.0000000000
57475  48.905  -16.727  31.656 0.0000000000
128166  47.606  -17.496  31.009 0.0000000000
55338  47.174  -18.087  31.465 0.0000000000
56352  53.063  -17.664  39.794 0.0000000000
51093  50.510  -22.620  41.549 0.0000000000
53228  51.178  -21.115  41.713 0.0000000000
52215  49.950  -21.428  40.373 0.0000000000
53278  48.242  -20.358  37.536 0.0000000000
54269  49.626  -19.615  38.470 0.0000000000
135229  49.287  -19.461  37.713 0.0000000000
55288  50.671  -18.448  37.503 0.0000000000
55299  49.571  -18.647  36.376 0.0000000000
55308  49.407  -18.437  35.725 0.0000000000
54297  48.083  -19.170  34.847 0.0000000000
52319  45.299  -21.215  32.647 0.0000000000
53339  46.126  -20.187  32.727 0.0000000000
52330  45.173  -20.781  31.970 0.0000000000
126698  45.559  -19.537  31.111 0.0000000000
53377  44.383  -20.792  30.703 0.0000000000
52361  43.813  -21.334  30.379 0.0000000000
50115  42.352  -23.470  30.947 0.0000000000
132248  42.326  -22.743  29.807 0.0000000000
47786  42.801  -25.761  35.433 0.0000000000
47821  42.417  -25.102  33.760 0.0000000000
47805  41.775  -25.669  34.358 0.0000000000
47839  39.516  -25.589  32.430 0.0000000000
43191  43.347  -30.070  43.938 0.0000000000
43203  42.733  -29.312  43.240 0.0000000000
43204  41.756  -29.425  42.913 0.0000000000
42166  39.701  -30.488  40.690 0.0000000000
43220  40.077  -29.671  41.092 0.0000000000
43230  39.334  -29.489  39.579 0.0000000000
43245  39.146  -29.235  38.922 0.0000000000
136683  38.433  -29.996  38.224 0.0000000000
135797  40.552  -34.049  38.746 0.0000000000
39999  40.185  -33.108  39.191 0.0000000000
38807  39.641  -33.474  38.091 0.0000000000
40009  38.147  -32.706  36.889 0.0000000000
42209  37.591  -30.381  36.820 0.0000000000
128430  63.559  -9.630  21.936 0.0000000000
64107  64.160  -9.564  21.328 0.0000000000
60848  57.650  -13.652  23.831 0.0000000000
39874  32.779  -32.905  50.844 0.0000000000
38720  32.545  -33.761  50.296 0.0000000000
38709  32.375  -33.367  51.220 0.0000000000
37475  31.130  -34.331  52.013 0.0000000000
145492  30.139  -35.432  52.130 0.0000000000
40959  33.415  -30.979  51.478 0.0000000000
47638  44.072  -24.723  46.151 0.0000000000
48735  45.152  -23.653  46.436 0.0000000000
47654  45.388  -25.104  44.759 0.0000000000
136158  46.993  -25.107  43.969 0.0000000000
138323  47.561  -25.109  43.583 0.0000000000
47689  48.788  -25.516  42.698 0.0000000000
46662  48.160  -27.067  42.423 0.0000000000
45531  47.586  -27.372  41.681 0.0000000000
46687  46.128  -27.116  40.415 0.0000000000
46702  44.746  -26.916  39.316 0.0000000000
45551  44.394  -27.300  39.830 0.0000000000
45535  43.949  -27.565  40.411 0.0000000000
45536  42.990  -27.536  40.252 0.0000000000
34001  41.283  -37.672  42.906 0.0000000000
35146  42.841  -37.162  42.178 0.0000000000
34012  42.843  -37.977  42.280 0.0000000000
63043  61.516  -11.168  26.190 0.0000000000
63054  62.146  -10.907  25.527 0.0000000000
63044  60.736  -11.470  25.637 0.0000000000
61966  60.316  -12.103  24.342 0.0000000000
37619  33.824  -34.173  39.295 0.0000000000
35175  34.167  -36.517  38.903 0.0000000000
36387  32.626  -35.291  39.566 0.0000000000
35151  32.355  -36.226  40.712 0.0000000000
35138  32.285  -36.612  42.652 0.0000000000
33957  31.119  -37.657  47.787 0.0000000000
33963  31.137  -37.871  46.888 0.0000000000
33965  30.356  -37.618  46.718 0.0000000000
33980  29.760  -37.590  45.186 0.0000000000
36353  28.363  -35.410  42.539 0.0000000000
45421  40.957  -27.201  49.330 0.0000000000
44197  41.808  -29.079  48.022 0.0000000000
43141  42.014  -29.952  47.588 0.0000000000
43142  41.380  -29.654  47.953 0.0000000000
42087  40.923  -30.166  47.474 0.0000000000
43154  39.590  -29.948  46.602 0.0000000000
43170  34.685  -29.630  45.333 0.0000000000
43181  35.455  -29.440  44.854 0.0000000000
43182  34.734  -29.811  44.424 0.0000000000
42151  35.424  -30.384  42.786 0.0000000000
39978  36.085  -32.330  41.750 0.0000000000
38784  36.477  -33.219  41.855 0.0000000000
38785  35.709  -32.909  41.171 0.0000000000
38791  34.341  -33.038  39.973 0.0000000000
145822  53.600  -13.638  27.780 0.0000000000
60781  54.375  -13.443  26.597 0.0000000000
59663  52.793  -14.108  26.841 0.0000000000
59694  52.633  -14.825  25.573 0.0000000000
37510  20.348  -34.184  49.457 0.0000000000
37528  21.286  -34.650  47.932 0.0000000000
36317  21.547  -34.851  45.888 0.0000000000
36284  19.951  -34.808  46.732 0.0000000000
137691  59.908  -12.190  31.456 0.0000000000
61869  58.451  -12.537  31.168 0.0000000000
61851  58.694  -12.428  32.005 0.0000000000
61838  58.114  -12.475  32.786 0.0000000000
61839  57.245  -12.714  32.489 0.0000000000
59543  55.287  -14.946  36.461 0.0000000000
59568  55.641  -14.295  35.061 0.0000000000
58490  54.179  -15.083  35.134 0.0000000000
145704  52.931  -15.489  34.552 0.0000000000
58498  51.585  -15.648  33.299 0.0000000000
58507  50.877  -15.862  32.856 0.0000000000
57452  51.067  -16.249  33.752 0.0000000000
56408  49.919  -16.942  33.569 0.0000000000
56409  49.206  -17.326  33.274 0.0000000000
51110  47.969  -22.958  39.465 0.0000000000
52226  48.456  -21.538  39.183 0.0000000000
52238  47.688  -21.669  38.309 0.0000000000
52255  47.317  -21.497  37.277 0.0000000000
127270  47.353  -20.777  36.097 0.0000000000
53309  47.135  -20.296  34.686 0.0000000000
53299  46.753  -20.925  34.978 0.0000000000
130105  45.476  -21.529  33.348 0.0000000000
51213  44.937  -21.902  32.893 0.0000000000
51230  43.943  -22.185  31.732 0.0000000000
51215  43.699  -22.889  32.112 0.0000000000
50099  43.190  -23.326  31.756 0.0000000000
50085  42.830  -23.906  32.068 0.0000000000
46754  40.630  -26.682  35.280 0.0000000000
47806  40.969  -25.942  34.079 0.0000000000
46769  39.738  -26.616  34.347 0.0000000000
46786  38.765  -26.584  33.450 0.0000000000
46804  37.786  -26.632  32.734 0.0000000000
132653  41.385  -31.609  43.993 0.0000000000
42148  41.395  -30.217  43.109 0.0000000000
130876  40.248  -31.194  41.779 0.0000000000
41134  39.914  -31.407  40.948 0.0000000000
41135  39.548  -31.196  40.253 0.0000000000
37640  39.079  -34.018  37.095 0.0000000000
37650  37.948  -34.130  36.068 0.0000000000
68204  63.784  -6.660  21.190 0.0000000000
67144  64.246  -7.526  20.926 0.0000000000
66103  64.360  -8.041  20.500 0.0000000000
41065  32.190  -31.977  44.736 0.0000000000
38759  31.912  -33.484  44.313 0.0000000000
148307  32.187  -33.164  45.811 0.0000000000
37535  32.441  -34.492  46.981 0.0000000000
36275  32.336  -36.093  47.298 0.0000000000
37517  32.495  -35.130  49.082 0.0000000000
131041  32.285  -36.073  49.051 0.0000000000
33950  31.648  -37.265  48.209 0.0000000000
33952  30.879  -37.419  48.465 0.0000000000
140131  29.982  -36.752  48.201 0.0000000000
36258  28.472  -35.787  48.483 0.0000000000
45409  37.658  -27.078  51.075 0.0000000000
44173  37.568  -27.868  49.601 0.0000000000
44174  36.691  -28.159  49.909 0.0000000000
44188  36.059  -28.622  49.243 0.0000000000
43144  35.401  -29.072  47.682 0.0000000000
43124  34.810  -29.693  50.193 0.0000000000
147664  34.344  -29.967  48.603 0.0000000000
141019  34.712  -29.488  47.231 0.0000000000
42099  33.399  -30.462  46.460 0.0000000000
42100  32.801  -30.970  46.056 0.0000000000
58553  50.041  -15.181  28.062 0.0000000000
58565  50.215  -15.261  27.090 0.0000000000
58580  49.688  -15.830  26.553 0.0000000000
62920  58.840  -11.185  35.377 0.0000000000
59541  56.488  -14.116  36.924 0.0000000000
59531  55.926  -14.498  37.385 0.0000000000
58455  54.852  -15.458  37.696 0.0000000000
57407  53.778  -16.394  37.623 0.0000000000
51080  50.535  -22.590  41.869 0.0000000000
133369  50.217  -23.313  41.285 0.0000000000
47703  49.383  -25.270  41.954 0.0000000000
135901  49.160  -24.436  40.865 0.0000000000
49975  48.060  -23.747  39.881 0.0000000000
49976  47.249  -23.576  39.086 0.0000000000
48836  45.747  -24.044  37.048 0.0000000000
48837  45.312  -24.451  36.562 0.0000000000
48851  44.513  -24.482  35.284 0.0000000000
47784  44.204  -25.212  35.821 0.0000000000
47767  43.826  -25.723  36.346 0.0000000000
47768  43.049  -25.961  36.154 0.0000000000
46714  43.512  -26.908  38.558 0.0000000000
46726  42.826  -26.675  37.428 0.0000000000
46740  41.698  -26.758  36.389 0.0000000000
45588  40.746  -27.053  36.121 0.0000000000
45589  39.898  -27.513  36.315 0.0000000000
44371  39.343  -27.932  36.513 0.0000000000
37577  40.364  -34.657  42.909 0.0000000000
124909  40.729  -33.401  41.248 0.0000000000
37591  41.106  -34.346  41.675 0.0000000000
37616  41.490  -34.409  39.807 0.0000000000
37630  40.842  -34.647  38.552 0.0000000000
36392  42.534  -35.913  39.808 0.0000000000
36403  41.466  -35.701  38.457 0.0000000000
66071  64.485  -8.278  23.556 0.0000000000
65071  64.604  -8.386  22.772 0.0000000000
65063  63.893  -9.204  23.720 0.0000000000
64082  63.152  -9.991  23.493 0.0000000000
64096  62.851  -10.226  22.378 0.0000000000
127697  62.243  -10.953  24.467 0.0000000000
63062  62.434  -10.886  23.421 0.0000000000
138138  31.835  -34.417  43.927 0.0000000000
35126  32.048  -36.095  43.471 0.0000000000
33990  32.357  -37.540  43.744 0.0000000000
33969  31.270  -38.234  46.058 0.0000000000
32824  31.624  -38.564  45.336 0.0000000000
48737  43.820  -24.364  47.204 0.0000000000
47656  43.579  -25.742  45.488 0.0000000000
45479  44.194  -27.638  44.860 0.0000000000
43165  45.563  -29.705  44.972 0.0000000000
43201  45.091  -29.718  43.448 0.0000000000
42121  45.321  -30.125  44.819 0.0000000000
42123  44.135  -30.864  45.340 0.0000000000
42124  43.221  -31.252  45.154 0.0000000000
42094  42.805  -31.207  46.679 0.0000000000
41041  42.705  -31.760  45.958 0.0000000000
42125  42.126  -31.598  44.746 0.0000000000
41079  41.352  -32.221  44.488 0.0000000000
39956  40.793  -32.874  44.665 0.0000000000
38764  39.606  -33.931  44.106 0.0000000000
44200  38.658  -28.567  47.764 0.0000000000
43155  38.823  -29.291  46.428 0.0000000000
43168  38.903  -29.813  45.787 0.0000000000
43180  36.814  -29.458  44.487 0.0000000000
42126  38.128  -30.573  44.419 0.0000000000
41044  39.390  -31.636  45.493 0.0000000000
39945  38.878  -33.059  44.795 0.0000000000
38757  39.077  -33.642  44.555 0.0000000000
37562  39.518  -34.789  43.727 0.0000000000
36349  39.821  -36.309  43.386 0.0000000000
35136  39.950  -36.920  43.207 0.0000000000
37592  37.305  -34.812  42.054 0.0000000000
36361  38.479  -35.924  42.791 0.0000000000
35148  39.617  -37.081  42.695 0.0000000000
34014  40.063  -37.666  42.161 0.0000000000
61940  57.318  -12.455  26.565 0.0000000000
61954  57.523  -12.496  25.597 0.0000000000
61955  56.694  -12.677  25.813 0.0000000000
59692  54.241  -14.025  25.203 0.0000000000
59704  54.701  -14.308  24.778 0.0000000000
58579  50.591  -15.626  26.219 0.0000000000
39833  29.312  -32.759  53.269 0.0000000000
38684  29.143  -33.806  53.345 0.0000000000
36208  28.875  -35.374  52.717 0.0000000000
144577  27.436  -35.151  53.345 0.0000000000
145725  28.935  -36.165  51.792 0.0000000000
35070  27.617  -35.982  51.141 0.0000000000
36243  27.146  -35.877  49.390 0.0000000000
144327  27.082  -35.523  47.686 0.0000000000
36223  23.983  -35.109  51.209 0.0000000000
36246  24.435  -35.551  49.842 0.0000000000
36279  25.074  -35.669  48.006 0.0000000000
125382  26.430  -35.440  46.913 0.0000000000
36312  26.125  -34.977  45.341 0.0000000000
137724  64.293  -7.104  24.281 0.0000000000
66060  64.367  -8.234  24.571 0.0000000000
65036  63.987  -8.920  25.956 0.0000000000
64041  63.523  -9.992  26.628 0.0000000000
66010  63.678  -8.147  27.807 0.0000000000
132697  63.593  -9.762  27.218 0.0000000000
64042  63.066  -10.571  27.199 0.0000000000
63026  61.712  -11.269  27.261 0.0000000000
63011  61.028  -11.643  27.847 0.0000000000
61920  59.955  -11.885  27.281 0.0000000000
147669  61.359  -11.712  29.379 0.0000000000
61902  60.476  -11.992  28.505 0.0000000000
61922  58.616  -12.360  28.153 0.0000000000
132417  57.705  -12.464  28.335 0.0000000000
61905  56.677  -12.566  28.203 0.0000000000
61906  55.718  -12.793  27.989 0.0000000000
61888  57.598  -12.626  30.061 0.0000000000
61890  55.632  -12.938  29.491 0.0000000000
127444  54.772  -13.227  28.267 0.0000000000
60744  54.156  -13.493  28.879 0.0000000000
60731  52.868  -14.028  29.207 0.0000000000
59636  52.121  -14.257  28.917 0.0000000000
140387  58.093  -12.645  34.925 0.0000000000
60668  56.840  -13.241  34.102 0.0000000000
60682  55.677  -13.315  32.732 0.0000000000
59580  55.371  -14.050  34.172 0.0000000000
60670  55.056  -13.740  33.308 0.0000000000
60683  54.748  -13.549  32.384 0.0000000000
59622  53.099  -14.135  30.937 0.0000000000
129967  52.299  -14.345  29.756 0.0000000000
59637  51.427  -14.648  29.461 0.0000000000
58543  49.926  -15.297  29.010 0.0000000000
58545  49.204  -15.712  29.245 0.0000000000
57474  49.600  -16.216  31.514 0.0000000000
57487  48.559  -16.483  30.322 0.0000000000
150058  53.760  -16.587  38.226 0.0000000000
56371  52.633  -17.043  37.382 0.0000000000
54239  51.805  -19.612  41.061 0.0000000000
53261  49.729  -20.742  39.832 0.0000000000
54253  50.843  -19.583  39.801 0.0000000000
55261  51.992  -18.584  39.723 0.0000000000
55273  51.710  -18.330  38.732 0.0000000000
56372  52.074  -17.551  37.579 0.0000000000
56379  51.312  -17.429  36.385 0.0000000000
56380  50.605  -17.667  35.907 0.0000000000
55317  48.989  -17.865  34.063 0.0000000000
55333  47.814  -18.537  33.191 0.0000000000
54298  47.492  -19.615  34.358 0.0000000000
54316  47.072  -19.035  32.753 0.0000000000
55339  46.756  -18.734  31.939 0.0000000000
54348  45.828  -18.886  30.676 0.0000000000
51267  42.774  -22.251  29.776 0.0000000000
51268  42.341  -22.258  29.157 0.0000000000
137913  43.138  -24.509  33.449 0.0000000000
133859  42.573  -24.657  33.033 0.0000000000
137128  41.564  -24.400  31.712 0.0000000000
47823  40.673  -25.674  33.346 0.0000000000
48903  40.884  -24.910  32.121 0.0000000000
44259  44.450  -28.971  42.711 0.0000000000
44278  42.784  -28.154  41.838 0.0000000000
44295  41.324  -28.044  40.736 0.0000000000
43212  40.587  -29.670  41.853 0.0000000000
44280  40.679  -28.807  41.284 0.0000000000
44312  40.374  -28.329  39.531 0.0000000000
44324  40.222  -28.192  38.713 0.0000000000
44326  38.853  -28.828  37.678 0.0000000000
43278  38.368  -28.978  36.911 0.0000000000
127327  40.676  -33.167  40.313 0.0000000000
39996  39.768  -32.416  39.342 0.0000000000
41161  39.250  -32.024  38.838 0.0000000000
40005  38.712  -32.729  37.532 0.0000000000
130682  38.560  -32.071  37.844 0.0000000000
42199  38.494  -30.746  38.352 0.0000000000
42208  38.054  -30.437  37.628 0.0000000000
43279  37.707  -29.506  36.439 0.0000000000
127775  64.710  -8.604  21.979 0.0000000000
128543  64.756  -8.756  21.227 0.0000000000
65102  64.712  -9.118  20.600 0.0000000000
61969  57.810  -12.690  24.688 0.0000000000
44230  46.726  -28.694  44.159 0.0000000000
133916  46.718  -29.107  43.334 0.0000000000
44257  47.247  -28.546  43.080 0.0000000000
147719  46.269  -29.138  42.910 0.0000000000
44275  45.881  -28.659  42.189 0.0000000000
39970  32.156  -32.348  42.284 0.0000000000
38776  31.848  -33.124  42.498 0.0000000000
141119  28.403  -35.445  45.991 0.0000000000
36310  28.472  -35.352  45.181 0.0000000000
150099  27.730  -35.277  46.205 0.0000000000
45408  38.411  -26.861  50.803 0.0000000000
46552  38.604  -26.260  51.132 0.0000000000
45423  39.752  -27.292  49.973 0.0000000000
44172  38.557  -27.781  49.493 0.0000000000
135585  32.139  -31.997  43.868 0.0000000000
41083  32.663  -31.302  43.505 0.0000000000
41084  32.309  -31.813  42.883 0.0000000000
41104  32.619  -31.782  41.959 0.0000000000
59665  51.514  -14.564  27.458 0.0000000000
61812  59.180  -11.537  34.010 0.0000000000
62928  59.137  -11.164  34.655 0.0000000000
57431  51.667  -16.590  35.185 0.0000000000
57419  51.830  -16.897  36.077 0.0000000000
50015  45.599  -23.719  36.337 0.0000000000
50033  45.975  -23.007  36.275 0.0000000000
50034  45.512  -23.249  35.562 0.0000000000
50053  45.276  -23.105  34.867 0.0000000000
145889  40.320  -33.269  42.763 0.0000000000
39977  40.437  -32.877  41.919 0.0000000000
67119  64.553  -7.723  22.714 0.0000000000
39898  32.841  -32.695  49.073 0.0000000000
38728  32.608  -33.654  49.497 0.0000000000
35057  30.883  -36.552  51.161 0.0000000000
141853  31.338  -36.541  50.934 0.0000000000
126283  30.283  -36.729  50.581 0.0000000000
35068  29.474  -36.391  51.206 0.0000000000
44142  35.220  -27.691  52.239 0.0000000000
39886  32.997  -32.186  49.843 0.0000000000
41000  32.841  -31.983  48.409 0.0000000000
49925  47.222  -23.792  43.799 0.0000000000
51040  46.660  -22.983  44.402 0.0000000000
51048  47.345  -22.940  43.529 0.0000000000
131536  46.188  -26.463  39.893 0.0000000000
47739  46.112  -25.362  38.900 0.0000000000
46712  45.084  -26.379  38.816 0.0000000000
147553  42.255  -27.417  38.936 0.0000000000
45555  41.029  -27.835  39.023 0.0000000000
35147  42.182  -36.859  42.581 0.0000000000
35173  36.617  -36.472  39.461 0.0000000000
35174  34.899  -36.303  38.930 0.0000000000
33962  31.614  -37.486  46.493 0.0000000000
32840  30.247  -38.978  44.671 0.0000000000
45445  41.818  -27.536  47.496 0.0000000000
44210  42.828  -29.128  46.743 0.0000000000
148354  40.490  -31.462  46.433 0.0000000000
148820  40.351  -32.204  45.889 0.0000000000
41099  37.056  -32.111  42.803 0.0000000000
39968  37.421  -32.919  43.095 0.0000000000
39957  38.018  -33.204  43.790 0.0000000000
38774  37.801  -33.756  43.360 0.0000000000
36373  36.759  -35.550  40.151 0.0000000000
36202  25.553  -35.061  53.647 0.0000000000
145866  25.425  -35.484  51.834 0.0000000000
36213  24.912  -35.284  52.271 0.0000000000
36265  22.090  -34.808  48.564 0.0000000000
36264  22.834  -35.114  48.221 0.0000000000
36282  22.910  -35.159  47.468 0.0000000000
36299  23.115  -35.175  46.629 0.0000000000
137455  64.174  -6.736  26.313 0.0000000000
68162  63.890  -5.689  26.883 0.0000000000
64972  63.136  -9.140  29.079 0.0000000000
140495  63.284  -9.745  28.608 0.0000000000
64013  62.784  -10.757  28.862 0.0000000000
63998  62.429  -10.677  29.415 0.0000000000
125986  60.367  -12.279  30.085 0.0000000000
125237  59.481  -12.490  30.428 0.0000000000
61854  56.116  -12.976  31.194 0.0000000000
60696  54.531  -13.523  31.475 0.0000000000
60646  57.084  -13.589  35.793 0.0000000000
58505  52.132  -15.118  32.837 0.0000000000
59595  51.932  -14.857  31.992 0.0000000000
129246  51.388  -15.176  31.727 0.0000000000
58516  50.973  -15.273  31.168 0.0000000000
126073  50.837  -15.561  31.981 0.0000000000
128125  48.463  -17.322  32.122 0.0000000000
56429  47.817  -17.688  31.823 0.0000000000
55260  52.596  -18.270  40.185 0.0000000000
51094  50.270  -22.671  40.962 0.0000000000
52214  50.569  -21.753  41.101 0.0000000000
51108  49.767  -22.138  40.471 0.0000000000
127802  48.159  -20.070  36.848 0.0000000000
53277  48.711  -19.731  37.270 0.0000000000
54276  49.298  -19.108  36.952 0.0000000000
54282  48.946  -18.954  36.098 0.0000000000
54291  48.290  -19.401  35.665 0.0000000000
53340  45.618  -20.598  32.502 0.0000000000
53356  44.668  -20.971  31.456 0.0000000000
50116  41.838  -23.553  30.568 0.0000000000
42136  42.764  -30.751  44.400 0.0000000000
43192  42.218  -30.007  43.651 0.0000000000
42167  39.270  -30.501  39.817 0.0000000000
42182  38.798  -30.053  38.964 0.0000000000
38803  40.125  -33.561  38.661 0.0000000000
136861  39.543  -33.912  37.665 0.0000000000
64108  63.279  -10.244  21.465 0.0000000000
39863  32.589  -32.367  51.423 0.0000000000
39864  31.993  -32.827  51.817 0.0000000000
38698  31.331  -33.268  52.250 0.0000000000
37486  30.827  -35.292  51.782 0.0000000000
37476  30.352  -34.698  52.370 0.0000000000
40943  32.360  -30.956  52.254 0.0000000000
40942  33.099  -30.787  51.980 0.0000000000
40960  32.864  -31.452  51.706 0.0000000000
39862  33.123  -31.855  51.156 0.0000000000
47655  44.498  -25.362  45.109 0.0000000000
48750  44.914  -24.386  45.794 0.0000000000
46635  47.244  -27.032  43.696 0.0000000000
47672  46.851  -25.978  43.954 0.0000000000
47671  47.623  -25.950  43.530 0.0000000000
46649  48.268  -26.195  43.079 0.0000000000
130802  48.130  -27.012  42.957 0.0000000000
45517  47.083  -27.879  41.838 0.0000000000
45516  47.770  -27.623  42.199 0.0000000000
136125  46.418  -27.624  41.162 0.0000000000
45532  46.950  -27.233  41.164 0.0000000000
45550  45.228  -27.253  40.054 0.0000000000
45533  45.708  -27.669  40.828 0.0000000000
45519  44.399  -27.952  41.232 0.0000000000
45520  43.394  -27.790  41.112 0.0000000000
32856  41.380  -38.192  42.528 0.0000000000
31775  42.800  -38.572  42.079 0.0000000000
61951  60.063  -11.743  25.011 0.0000000000
61967  59.546  -12.246  24.446 0.0000000000
61984  59.176  -12.766  23.897 0.0000000000
38798  33.118  -33.731  39.493 0.0000000000
37620  32.984  -34.589  39.259 0.0000000000
38799  32.501  -34.107  39.662 0.0000000000
37594  31.998  -34.842  40.499 0.0000000000
36364  32.007  -35.412  41.237 0.0000000000
139858  32.266  -36.348  41.698 0.0000000000
36352  32.001  -35.737  42.384 0.0000000000
33958  30.680  -37.507  47.652 0.0000000000
33964  30.808  -37.880  46.932 0.0000000000
35120  29.444  -36.656  45.408 0.0000000000
130234  29.833  -37.279  46.028 0.0000000000
35127  29.381  -37.140  43.578 0.0000000000
35121  29.071  -36.084  43.928 0.0000000000
36341  27.670  -34.827  43.876 0.0000000000
36340  28.440  -35.373  43.433 0.0000000000
134696  27.708  -34.834  42.170 0.0000000000
131026  27.060  -34.569  43.270 0.0000000000
46550  40.014  -25.826  50.526 0.0000000000
45436  40.890  -27.868  49.192 0.0000000000
45435  41.237  -27.590  48.842 0.0000000000
44182  41.277  -28.405  48.623 0.0000000000
44198  41.214  -29.045  48.440 0.0000000000
44199  39.678  -28.880  48.096 0.0000000000
43131  40.615  -29.230  48.223 0.0000000000
135758  40.079  -29.658  47.501 0.0000000000
42088  40.347  -30.350  46.993 0.0000000000
41102  34.170  -30.953  41.954 0.0000000000
41101  35.087  -30.824  42.110 0.0000000000
41100  35.977  -30.959  42.397 0.0000000000
41117  35.654  -31.499  41.808 0.0000000000
39979  35.327  -31.983  41.147 0.0000000000
38792  33.297  -32.886  39.912 0.0000000000
38797  33.832  -33.498  39.595 0.0000000000
144887  34.565  -33.848  39.722 0.0000000000
60782  53.507  -13.738  26.905 0.0000000000
59695  51.976  -14.930  25.975 0.0000000000
59678  52.369  -14.492  26.329 0.0000000000
58595  51.949  -15.540  25.584 0.0000000000
134919  19.975  -34.360  48.727 0.0000000000
37518  21.028  -34.419  48.777 0.0000000000
37519  20.372  -34.504  48.051 0.0000000000
37529  20.621  -34.645  47.329 0.0000000000
37530  19.710  -34.740  47.512 0.0000000000
61850  59.385  -12.218  32.145 0.0000000000
60680  57.571  -12.748  33.619 0.0000000000
59557  55.049  -14.781  35.570 0.0000000000
147321  53.468  -15.436  35.049 0.0000000000
127379  52.353  -15.449  33.798 0.0000000000
145814  51.735  -15.926  34.013 0.0000000000
57443  50.935  -16.814  34.571 0.0000000000
126375  50.490  -16.713  33.871 0.0000000000
127279  49.600  -17.371  33.954 0.0000000000
51129  47.327  -22.717  38.584 0.0000000000
51128  47.964  -22.206  39.141 0.0000000000
51147  46.994  -22.279  37.653 0.0000000000
51160  46.771  -22.021  36.782 0.0000000000
52269  47.101  -21.344  36.439 0.0000000000
52282  46.902  -21.168  35.704 0.0000000000
52283  46.426  -21.631  35.233 0.0000000000
51200  45.169  -22.188  33.582 0.0000000000
52297  45.679  -21.823  34.036 0.0000000000
51214  44.312  -22.446  32.554 0.0000000000
50084  43.467  -23.567  32.513 0.0000000000
48900  42.992  -24.201  32.729 0.0000000000
46755  40.008  -26.788  34.947 0.0000000000
145219  38.180  -26.784  33.246 0.0000000000
46803  38.445  -26.341  32.857 0.0000000000
42138  41.056  -31.129  43.228 0.0000000000
41098  40.496  -31.573  42.510 0.0000000000
41152  39.843  -31.972  40.083 0.0000000000
66102  64.695  -8.334  20.974 0.0000000000
132978  32.280  -32.460  46.143 0.0000000000
141653  32.151  -32.520  45.310 0.0000000000
137733  32.382  -35.395  46.907 0.0000000000
37527  32.459  -35.359  47.652 0.0000000000
37496  32.357  -34.528  50.479 0.0000000000
37507  32.484  -34.645  49.821 0.0000000000
125732  32.307  -35.221  50.244 0.0000000000
138125  31.972  -36.730  49.272 0.0000000000
35092  32.069  -36.779  48.605 0.0000000000
35093  31.628  -37.088  48.949 0.0000000000
33951  31.257  -37.372  48.540 0.0000000000
33942  31.174  -37.199  49.147 0.0000000000
35095  29.991  -36.696  49.052 0.0000000000
36257  29.359  -36.178  48.378 0.0000000000
45394  36.614  -27.162  51.773 0.0000000000
45386  36.277  -26.791  52.097 0.0000000000
45410  36.917  -27.369  51.352 0.0000000000
45393  37.211  -26.637  51.600 0.0000000000
44161  37.253  -27.672  50.559 0.0000000000
43132  35.425  -29.097  48.673 0.0000000000
42067  34.046  -29.980  51.520 0.0000000000
43116  34.701  -29.585  51.182 0.0000000000
42073  34.309  -30.265  50.710 0.0000000000
42079  34.233  -30.302  49.525 0.0000000000
142247  34.159  -29.947  47.788 0.0000000000
42098  34.057  -29.969  46.833 0.0000000000
42090  33.550  -30.489  47.454 0.0000000000
41028  32.533  -31.689  46.560 0.0000000000
41045  32.385  -31.632  45.506 0.0000000000
58566  49.478  -15.529  27.416 0.0000000000
138094  55.876  -14.229  38.074 0.0000000000
58454  55.403  -14.911  37.908 0.0000000000
58456  54.255  -15.908  37.360 0.0000000000
57400  54.316  -16.060  38.202 0.0000000000
49918  45.632  -23.282  46.153 0.0000000000
49943  49.772  -23.937  42.236 0.0000000000
51062  50.232  -23.045  42.053 0.0000000000
49941  50.401  -23.271  41.804 0.0000000000
49952  50.096  -23.952  41.693 0.0000000000
47704  48.965  -25.789  42.263 0.0000000000
140328  49.312  -25.190  42.306 0.0000000000
47711  48.885  -25.831  41.820 0.0000000000
47728  47.493  -25.138  40.107 0.0000000000
48795  48.890  -25.013  41.011 0.0000000000
48804  48.306  -24.548  40.390 0.0000000000
49964  48.911  -23.830  40.499 0.0000000000
48814  46.825  -24.255  39.015 0.0000000000
47750  45.732  -25.020  38.101 0.0000000000
48823  46.007  -24.319  37.792 0.0000000000
48824  45.491  -24.735  37.320 0.0000000000
48838  44.789  -24.815  36.137 0.0000000000
47753  44.152  -25.920  37.112 0.0000000000
46713  44.292  -26.639  38.588 0.0000000000
45572  42.334  -27.163  37.898 0.0000000000
46715  43.021  -26.899  38.071 0.0000000000
46739  42.545  -26.462  36.656 0.0000000000
45587  41.179  -27.266  36.901 0.0000000000
135832  40.442  -27.469  36.773 0.0000000000
45575  39.808  -27.844  37.104 0.0000000000
36371  42.259  -35.407  40.864 0.0000000000
37604  41.724  -34.699  40.666 0.0000000000
37629  41.511  -34.846  39.189 0.0000000000
35159  43.175  -36.758  41.226 0.0000000000
36404  40.847  -35.375  38.079 0.0000000000
65062  64.234  -8.706  24.212 0.0000000000
139821  64.348  -8.618  23.385 0.0000000000
63055  61.580  -11.413  24.701 0.0000000000
35176  33.484  -36.327  39.063 0.0000000000
132766  33.824  -36.986  39.119 0.0000000000
37550  31.953  -34.241  44.932 0.0000000000
128123  31.952  -35.133  44.750 0.0000000000
35119  32.128  -36.862  44.127 0.0000000000
145778  32.282  -36.894  43.388 0.0000000000
32809  30.916  -38.368  46.155 0.0000000000
128558  31.726  -39.387  45.134 0.0000000000
32839  32.202  -38.752  44.736 0.0000000000
47597  41.344  -24.990  49.724 0.0000000000
47625  42.346  -25.306  48.016 0.0000000000
47639  43.259  -25.187  46.578 0.0000000000
46610  42.697  -26.191  45.969 0.0000000000
45466  44.253  -28.638  45.424 0.0000000000
44232  45.301  -28.707  44.949 0.0000000000
43166  44.989  -30.155  45.326 0.0000000000
137976  44.060  -30.638  46.059 0.0000000000
42106  44.386  -30.545  45.603 0.0000000000
41040  43.312  -31.366  45.726 0.0000000000
135085  42.014  -30.608  47.385 0.0000000000
43153  42.633  -30.522  47.091 0.0000000000
131348  42.196  -31.202  47.056 0.0000000000
41026  41.632  -32.080  46.279 0.0000000000
41025  42.344  -31.738  46.414 0.0000000000
139753  42.537  -31.762  45.527 0.0000000000
41061  41.669  -32.305  45.207 0.0000000000
139169  40.046  -33.429  44.566 0.0000000000
132798  40.250  -33.309  43.704 0.0000000000
44186  37.904  -28.142  48.475 0.0000000000
44211  38.346  -28.820  46.805 0.0000000000
130010  36.083  -29.419  44.475 0.0000000000
132087  36.331  -29.100  45.205 0.0000000000
42110  38.848  -30.635  45.226 0.0000000000
41062  38.751  -31.584  44.889 0.0000000000
39932  39.181  -32.448  45.135 0.0000000000
134356  38.679  -32.374  44.722 0.0000000000
38765  39.165  -34.176  44.134 0.0000000000
37563  38.987  -34.893  43.916 0.0000000000
36350  39.028  -35.887  43.505 0.0000000000
35137  39.300  -36.490  43.103 0.0000000000
38789  36.179  -33.755  41.220 0.0000000000
37579  36.870  -34.064  42.015 0.0000000000
35150  38.129  -36.093  41.608 0.0000000000
35149  38.850  -36.608  42.248 0.0000000000
34015  39.223  -37.162  41.703 0.0000000000
60808  55.390  -13.291  25.494 0.0000000000
60807  56.103  -13.040  25.192 0.0000000000
60828  55.616  -13.495  24.888 0.0000000000
60810  53.817  -13.784  25.910 0.0000000000
58608  54.858  -14.915  24.658 0.0000000000
57535  50.151  -16.198  26.000 0.0000000000
40928  29.935  -31.770  52.938 0.0000000000
128442  28.365  -33.592  53.496 0.0000000000
37464  28.295  -34.314  53.487 0.0000000000
36198  28.991  -34.692  53.139 0.0000000000
36199  28.174  -34.975  53.244 0.0000000000
35049  27.526  -35.558  52.746 0.0000000000
139247  28.269  -35.907  52.201 0.0000000000
35060  27.632  -35.887  52.074 0.0000000000
35059  28.486  -36.129  51.597 0.0000000000
36232  26.031  -35.825  50.450 0.0000000000
35083  26.876  -35.975  50.271 0.0000000000
36259  27.530  -35.686  48.548 0.0000000000
36260  26.570  -35.740  48.562 0.0000000000
37498  22.375  -34.637  50.714 0.0000000000
36224  23.196  -34.913  50.952 0.0000000000
37487  23.499  -34.819  51.840 0.0000000000
36234  23.728  -35.211  50.359 0.0000000000
36233  24.393  -35.395  50.718 0.0000000000
36280  24.229  -35.610  47.977 0.0000000000
147384  24.576  -35.679  48.446 0.0000000000
125128  25.469  -35.533  47.063 0.0000000000
126727  26.044  -35.636  47.788 0.0000000000
36296  25.830  -35.257  46.201 0.0000000000
36326  24.639  -34.889  44.888 0.0000000000
36329  21.962  -34.844  45.133 0.0000000000
136956  64.052  -6.398  24.017 0.0000000000
141929  64.379  -7.625  24.618 0.0000000000
66029  64.059  -8.364  26.160 0.0000000000
66046  64.188  -8.462  25.450 0.0000000000
65037  63.807  -9.382  25.825 0.0000000000
65015  63.753  -9.378  26.598 0.0000000000
145124  63.854  -7.497  27.419 0.0000000000
150511  63.308  -10.320  28.019 0.0000000000
64026  63.384  -10.236  27.540 0.0000000000
63042  62.377  -10.866  26.715 0.0000000000
63025  62.528  -11.056  27.739 0.0000000000
62985  61.596  -11.475  29.537 0.0000000000
124653  60.033  -12.315  29.169 0.0000000000
127536  59.539  -12.211  28.246 0.0000000000
140426  56.165  -12.717  28.887 0.0000000000
145684  58.257  -12.565  30.558 0.0000000000
61889  56.539  -12.735  29.765 0.0000000000
143382  55.420  -12.958  28.763 0.0000000000
60713  53.770  -13.739  30.056 0.0000000000
60730  53.595  -13.754  29.408 0.0000000000
132739  58.548  -12.161  35.166 0.0000000000
60667  57.578  -12.962  34.582 0.0000000000
60681  56.605  -13.036  33.131 0.0000000000
59569  54.802  -14.529  34.688 0.0000000000
59581  54.518  -14.256  33.858 0.0000000000
59593  53.394  -14.306  32.673 0.0000000000
59592  54.185  -14.001  32.991 0.0000000000
60684  53.930  -13.812  32.091 0.0000000000
60697  53.769  -13.837  31.223 0.0000000000
59623  52.425  -14.411  30.587 0.0000000000
145463  51.813  -14.639  30.250 0.0000000000
59651  50.664  -14.873  28.747 0.0000000000
59638  50.568  -15.105  29.681 0.0000000000
58544  49.825  -15.539  29.900 0.0000000000
57460  50.146  -16.136  32.295 0.0000000000
56437  48.048  -16.957  30.614 0.0000000000
130568  48.558  -16.718  30.978 0.0000000000
57501  47.940  -16.685  29.800 0.0000000000
134124  53.081  -17.451  39.037 0.0000000000
56359  53.421  -17.024  38.598 0.0000000000
56370  53.291  -16.872  37.850 0.0000000000
53242  50.963  -20.797  40.988 0.0000000000
53241  51.463  -20.331  41.464 0.0000000000
53262  48.964  -20.930  39.281 0.0000000000
54254  50.023  -19.913  39.390 0.0000000000
54252  51.582  -19.258  40.226 0.0000000000
54267  51.240  -18.882  39.297 0.0000000000
55274  50.930  -18.639  38.307 0.0000000000
55289  50.092  -18.560  36.932 0.0000000000
55287  51.426  -18.087  37.727 0.0000000000
55297  50.819  -17.992  36.821 0.0000000000
127669  51.530  -17.652  37.071 0.0000000000
126773  49.213  -18.188  34.938 0.0000000000
127929  48.345  -18.349  33.807 0.0000000000
146113  46.659  -20.679  34.352 0.0000000000
54307  46.872  -20.121  33.873 0.0000000000
54317  46.700  -19.755  33.104 0.0000000000
54328  46.118  -19.179  31.520 0.0000000000
54350  44.593  -20.135  30.297 0.0000000000
52343  43.588  -22.035  30.904 0.0000000000
51246  42.950  -22.580  30.478 0.0000000000
51269  41.485  -22.803  29.098 0.0000000000
136543  44.035  -24.496  34.606 0.0000000000
48871  43.330  -24.865  34.352 0.0000000000
48901  42.274  -24.469  32.346 0.0000000000
48902  41.577  -24.818  32.376 0.0000000000
46784  40.211  -26.179  33.838 0.0000000000
47852  40.010  -25.056  31.868 0.0000000000
47838  40.353  -25.393  32.618 0.0000000000
43189  45.415  -30.077  44.227 0.0000000000
43202  43.923  -29.495  43.355 0.0000000000
44260  43.311  -28.730  42.649 0.0000000000
44279  41.686  -28.311  41.639 0.0000000000
44294  42.334  -27.779  40.972 0.0000000000
42149  40.666  -30.533  42.366 0.0000000000
43205  41.087  -29.726  42.507 0.0000000000
140589  40.092  -29.075  40.654 0.0000000000
44296  40.516  -28.484  40.362 0.0000000000
44313  39.673  -28.758  39.205 0.0000000000
43246  38.777  -29.359  38.334 0.0000000000
44325  39.411  -28.643  38.360 0.0000000000
38788  41.183  -33.924  40.499 0.0000000000
38810  38.636  -33.332  37.005 0.0000000000
38808  39.154  -33.402  37.547 0.0000000000
131903  37.621  -32.001  36.740 0.0000000000
40006  38.146  -32.055  37.350 0.0000000000
41162  38.718  -31.630  38.352 0.0000000000
41167  38.252  -31.375  37.798 0.0000000000
42220  37.106  -30.164  35.968 0.0000000000
43286  37.446  -29.207  35.666 0.0000000000
69219  62.801  -5.811  20.039 0.0000000000
64106  64.679  -9.029  21.429 0.0000000000
64127  64.652  -9.448  20.677 0.0000000000
40944  31.628  -31.466  52.438 0.0000000000
39852  30.690  -32.578  52.676 0.0000000000
46637  45.088  -27.396  44.441 0.0000000000
46636  45.955  -27.091  44.185 0.0000000000
142816  46.722  -27.766  44.063 0.0000000000
45477  47.154  -28.108  43.769 0.0000000000
45502  47.698  -27.793  42.837 0.0000000000
44242  47.370  -28.240  43.369 0.0000000000
44276  44.915  -28.511  42.041 0.0000000000
63028  59.945  -11.676  25.975 0.0000000000
39991  32.483  -32.744  40.580 0.0000000000
38786  31.935  -33.517  40.810 0.0000000000
130272  31.779  -33.776  41.803 0.0000000000
36276  29.573  -36.339  47.557 0.0000000000
35109  29.782  -36.789  46.810 0.0000000000
36323  29.092  -35.949  44.827 0.0000000000
36324  27.774  -34.930  44.746 0.0000000000
37551  27.151  -34.744  44.423 0.0000000000
46551  39.329  -26.072  50.866 0.0000000000
46567  39.869  -26.619  50.327 0.0000000000
44170  40.286  -27.916  49.407 0.0000000000
42128  33.214  -30.587  44.675 0.0000000000
124583  33.909  -30.276  43.908 0.0000000000
133049  33.089  -30.799  43.950 0.0000000000
144994  33.595  -30.915  42.484 0.0000000000
127903  33.354  -31.296  41.905 0.0000000000
41119  33.921  -31.392  41.280 0.0000000000
39981  33.172  -31.701  41.236 0.0000000000
39982  32.595  -32.186  41.235 0.0000000000
59679  51.704  -14.719  26.599 0.0000000000
37520  19.134  -34.610  48.705 0.0000000000
133711  59.590  -11.201  33.465 0.0000000000
61836  59.390  -11.871  33.069 0.0000000000
61825  58.882  -12.039  33.869 0.0000000000
58468  54.044  -15.803  36.607 0.0000000000
58481  53.744  -15.641  35.762 0.0000000000
51148  46.429  -22.839  37.029 0.0000000000
51177  45.615  -22.682  35.027 0.0000000000
51189  45.332  -22.563  34.345 0.0000000000
51201  44.770  -22.793  33.761 0.0000000000
50083  44.330  -22.964  33.191 0.0000000000
50068  44.376  -23.437  33.797 0.0000000000
48885  43.870  -24.124  33.831 0.0000000000
134024  63.925  -6.916  21.751 0.0000000000
67126  64.534  -7.670  21.903 0.0000000000
66085  64.751  -8.242  21.606 0.0000000000
36231  31.726  -35.998  50.865 0.0000000000
36230  32.068  -35.901  50.337 0.0000000000
35066  31.559  -36.574  50.389 0.0000000000
35079  30.997  -36.950  49.970 0.0000000000
35094  30.689  -37.116  49.151 0.0000000000
35080  29.619  -36.503  50.055 0.0000000000
45395  35.950  -27.387  52.136 0.0000000000
44151  36.208  -27.732  51.650 0.0000000000
44163  35.810  -28.486  51.261 0.0000000000
43115  35.353  -29.144  50.780 0.0000000000
40976  33.490  -31.379  50.858 0.0000000000
42074  33.792  -30.878  50.303 0.0000000000
134347  33.211  -31.203  48.186 0.0000000000
41015  32.709  -31.810  47.550 0.0000000000
49917  46.098  -23.513  45.294 0.0000000000
140607  46.302  -23.073  45.099 0.0000000000
51041  46.282  -22.360  45.212 0.0000000000
52168  47.618  -21.844  43.162 0.0000000000
52167  48.760  -21.954  42.580 0.0000000000
46685  47.629  -26.788  41.244 0.0000000000
47720  48.566  -25.646  41.219 0.0000000000
47721  47.717  -25.969  40.693 0.0000000000
48806  46.784  -24.922  39.346 0.0000000000
47751  45.187  -25.391  37.618 0.0000000000
46725  43.712  -26.477  37.798 0.0000000000
45564  43.312  -27.199  39.057 0.0000000000
45573  41.472  -27.389  37.671 0.0000000000
61965  61.110  -12.007  24.178 0.0000000000
34029  32.751  -36.956  40.417 0.0000000000
36308  32.097  -35.735  45.504 0.0000000000
147376  32.023  -36.338  45.225 0.0000000000
149962  30.833  -38.871  45.582 0.0000000000
31750  30.925  -39.445  45.213 0.0000000000
46583  41.726  -25.898  48.510 0.0000000000
46611  42.111  -26.830  46.665 0.0000000000
46624  42.695  -27.388  45.804 0.0000000000
45467  43.286  -28.613  45.958 0.0000000000
132876  44.170  -29.363  45.857 0.0000000000
43151  43.820  -30.297  46.341 0.0000000000
43152  43.440  -30.808  46.463 0.0000000000
39918  41.252  -32.372  45.917 0.0000000000
39930  40.548  -32.563  45.669 0.0000000000
145573  40.060  -32.843  45.374 0.0000000000
44213  36.951  -28.557  46.761 0.0000000000
44223  37.108  -28.823  45.892 0.0000000000
42140  36.695  -30.351  43.395 0.0000000000
39946  38.343  -32.722  44.275 0.0000000000
37565  38.214  -34.394  43.618 0.0000000000
134673  38.188  -34.902  43.383 0.0000000000
129536  37.940  -35.208  42.838 0.0000000000
37605  35.953  -34.295  40.525 0.0000000000
36363  37.122  -35.098  41.151 0.0000000000
145095  36.473  -34.854  40.551 0.0000000000
34027  38.026  -36.989  39.997 0.0000000000
61924  56.349  -12.630  27.475 0.0000000000
60809  54.628  -13.536  25.711 0.0000000000
58594  53.353  -15.165  25.076 0.0000000000
36211  26.257  -35.385  53.205 0.0000000000
35051  26.193  -35.585  52.312 0.0000000000
35061  26.875  -35.787  51.796 0.0000000000
35072  26.086  -35.716  51.367 0.0000000000
133890  21.240  -34.346  49.666 0.0000000000
36248  22.541  -34.905  49.339 0.0000000000
36247  23.418  -35.267  49.407 0.0000000000
36263  23.353  -35.315  48.662 0.0000000000
126131  23.515  -35.404  48.085 0.0000000000
125127  24.561  -35.517  47.199 0.0000000000
36298  24.008  -35.305  46.491 0.0000000000
137214  64.293  -6.949  25.271 0.0000000000
67073  64.082  -7.539  26.640 0.0000000000
133303  63.417  -8.933  28.324 0.0000000000
63009  62.448  -11.161  28.600 0.0000000000
62997  61.843  -11.501  29.046 0.0000000000
61885  61.126  -11.849  29.806 0.0000000000
126099  58.467  -12.440  28.839 0.0000000000
149163  58.782  -12.497  29.401 0.0000000000
61870  56.806  -12.744  30.624 0.0000000000
60728  55.024  -13.240  30.016 0.0000000000
150362  53.607  -13.870  30.564 0.0000000000
60655  57.606  -13.093  35.346 0.0000000000
60657  56.221  -13.768  34.574 0.0000000000
58497  53.058  -15.092  33.928 0.0000000000
58530  49.717  -15.851  30.730 0.0000000000
56428  48.238  -17.160  31.363 0.0000000000
55349  46.928  -17.821  30.607 0.0000000000
52201  50.815  -21.889  41.827 0.0000000000
127777  51.096  -21.090  42.247 0.0000000000
53243  50.379  -21.019  40.530 0.0000000000
127866  49.247  -20.306  38.921 0.0000000000
53270  48.875  -19.995  38.079 0.0000000000
54275  50.033  -18.967  37.819 0.0000000000
54290  48.711  -18.743  35.316 0.0000000000
53323  45.849  -20.818  33.180 0.0000000000
143121  46.388  -20.336  33.335 0.0000000000
54329  45.655  -19.965  31.963 0.0000000000
53376  45.024  -20.237  31.148 0.0000000000
53397  44.036  -20.563  29.784 0.0000000000
52363  42.904  -21.726  29.319 0.0000000000
51232  42.822  -23.151  31.063 0.0000000000
51247  42.387  -23.150  30.454 0.0000000000
51248  41.864  -23.207  29.960 0.0000000000
47803  43.242  -25.358  35.031 0.0000000000
47804  42.613  -25.472  34.677 0.0000000000
47822  41.488  -25.440  33.552 0.0000000000
47825  39.139  -26.105  32.979 0.0000000000
43211  41.246  -29.030  42.177 0.0000000000
43221  39.662  -29.672  40.341 0.0000000000
38802  40.597  -33.674  39.180 0.0000000000
40004  39.252  -32.982  37.969 0.0000000000
40010  37.544  -32.703  36.313 0.0000000000
41174  37.252  -31.155  36.463 0.0000000000
65072  64.283  -9.131  22.000 0.0000000000
126603  56.348  -13.521  24.511 0.0000000000
60827  57.314  -13.286  24.268 0.0000000000
59720  56.975  -13.900  23.969 0.0000000000
145627  32.451  -33.806  50.753 0.0000000000
37484  32.169  -34.336  50.993 0.0000000000
38710  31.798  -33.868  51.587 0.0000000000
37485  31.628  -35.052  51.315 0.0000000000
36220  30.346  -36.039  51.590 0.0000000000
148229  33.687  -30.480  51.546 0.0000000000
39873  33.101  -32.123  50.568 0.0000000000
48736  44.555  -23.989  46.840 0.0000000000
48749  45.704  -24.110  45.358 0.0000000000
47673  46.039  -26.006  44.205 0.0000000000
48762  46.235  -25.028  44.398 0.0000000000
48761  46.417  -24.266  44.552 0.0000000000
48760  47.088  -24.434  43.946 0.0000000000
48770  47.757  -24.601  43.366 0.0000000000
48769  48.526  -24.741  42.873 0.0000000000
47690  48.153  -25.388  43.186 0.0000000000
46648  48.543  -26.370  42.616 0.0000000000
46661  48.563  -26.452  42.098 0.0000000000
46674  48.123  -27.042  41.859 0.0000000000
46701  45.517  -26.709  39.601 0.0000000000
45534  44.843  -27.638  40.591 0.0000000000
45552  43.568  -27.337  39.651 0.0000000000
45537  42.018  -27.625  40.087 0.0000000000
34000  42.125  -37.564  42.694 0.0000000000
34011  43.416  -37.622  41.652 0.0000000000
35158  43.647  -37.368  40.826 0.0000000000
32866  43.445  -38.352  41.639 0.0000000000
34024  43.887  -38.026  41.166 0.0000000000
128418  61.362  -11.323  25.353 0.0000000000
36384  35.081  -35.504  39.177 0.0000000000
36385  34.180  -35.661  38.886 0.0000000000
36386  33.221  -35.476  39.096 0.0000000000
35177  32.704  -36.157  39.710 0.0000000000
37607  32.309  -34.738  39.840 0.0000000000
36375  32.258  -35.461  40.225 0.0000000000
145393  32.514  -36.876  41.197 0.0000000000
127080  32.579  -37.152  42.004 0.0000000000
34003  32.549  -37.398  42.910 0.0000000000
33956  31.605  -37.379  47.377 0.0000000000
149186  30.597  -38.134  46.273 0.0000000000
33970  30.270  -38.113  45.732 0.0000000000
32827  30.054  -38.394  44.905 0.0000000000
35128  28.989  -36.151  43.003 0.0000000000
46566  40.363  -26.367  50.075 0.0000000000
46565  40.808  -26.491  49.651 0.0000000000
46584  41.256  -26.543  49.085 0.0000000000
45446  41.593  -28.109  48.168 0.0000000000
43140  42.435  -29.584  47.294 0.0000000000
42086  41.573  -30.268  47.570 0.0000000000
42097  40.162  -30.882  46.475 0.0000000000
43159  34.670  -29.505  46.267 0.0000000000
43169  35.431  -29.223  45.741 0.0000000000
43194  35.565  -29.692  44.067 0.0000000000
42142  34.961  -30.034  43.525 0.0000000000
42141  35.873  -30.019  43.370 0.0000000000
136084  36.415  -31.771  42.310 0.0000000000
39969  36.770  -32.654  42.397 0.0000000000
39988  34.874  -32.536  40.569 0.0000000000
38790  35.299  -33.510  40.421 0.0000000000
37606  35.274  -34.252  39.930 0.0000000000
37618  34.665  -34.730  39.338 0.0000000000
60761  54.215  -13.440  27.516 0.0000000000
59677  53.045  -14.151  26.089 0.0000000000
128152  52.713  -15.571  25.317 0.0000000000
37500  20.670  -34.021  50.240 0.0000000000
36300  22.083  -34.986  46.772 0.0000000000
36283  21.420  -34.771  47.252 0.0000000000
36301  20.946  -34.753  46.551 0.0000000000
148291  58.860  -12.550  30.667 0.0000000000
61868  59.295  -12.430  31.220 0.0000000000
61852  57.860  -12.561  31.795 0.0000000000
60694  56.328  -12.955  32.132 0.0000000000
59556  55.875  -14.505  35.925 0.0000000000
58491  53.558  -15.073  34.439 0.0000000000
57453  50.365  -16.442  33.199 0.0000000000
57461  49.694  -16.728  32.838 0.0000000000
56418  48.664  -17.479  32.757 0.0000000000
52254  47.795  -20.960  37.707 0.0000000000
53287  47.648  -20.708  36.860 0.0000000000
53286  47.820  -20.110  36.084 0.0000000000
53298  47.277  -20.526  35.448 0.0000000000
52296  46.261  -21.325  34.409 0.0000000000
52307  45.919  -21.250  33.761 0.0000000000
52320  44.647  -21.576  32.074 0.0000000000
143789  43.940  -23.094  32.703 0.0000000000
50100  42.597  -23.631  31.459 0.0000000000
142495  42.270  -24.076  31.744 0.0000000000
46753  41.431  -26.502  35.609 0.0000000000
46767  41.220  -26.219  34.833 0.0000000000
46768  40.460  -26.410  34.555 0.0000000000
46785  39.468  -26.380  33.642 0.0000000000
41153  39.404  -31.558  39.570 0.0000000000
37639  39.717  -34.577  37.466 0.0000000000
136860  38.494  -33.849  36.631 0.0000000000
38815  37.461  -33.374  35.900 0.0000000000
137388  63.550  -6.152  20.833 0.0000000000
68217  63.679  -6.790  20.637 0.0000000000
67157  63.828  -7.463  20.255 0.0000000000
66114  64.561  -8.781  20.247 0.0000000000
63091  63.119  -11.233  20.942 0.0000000000
145298  31.957  -32.794  43.852 0.0000000000
136409  32.030  -32.669  44.536 0.0000000000
38750  32.025  -33.365  45.141 0.0000000000
37542  32.173  -34.099  45.882 0.0000000000
138276  32.339  -33.387  46.573 0.0000000000
136220  32.252  -35.099  46.201 0.0000000000
35105  32.112  -36.827  47.775 0.0000000000
144540  32.539  -34.325  49.046 0.0000000000
36241  32.332  -35.614  49.784 0.0000000000
138118  32.464  -35.463  48.431 0.0000000000
36256  32.373  -36.157  48.146 0.0000000000
35106  30.462  -37.161  48.357 0.0000000000
36277  28.684  -35.693  47.580 0.0000000000
36278  27.871  -35.465  47.331 0.0000000000
129486  37.451  -26.023  51.646 0.0000000000
45425  38.095  -27.445  50.326 0.0000000000
44187  36.857  -28.202  48.811 0.0000000000
44203  36.119  -28.654  48.194 0.0000000000
43133  34.857  -29.651  49.139 0.0000000000
43145  34.779  -29.496  48.180 0.0000000000
42111  34.011  -30.014  45.880 0.0000000000
42112  33.317  -30.472  45.541 0.0000000000
42113  32.782  -30.934  45.255 0.0000000000
61802  58.387  -11.922  35.941 0.0000000000
61791  57.864  -12.507  36.388 0.0000000000
60633  57.358  -13.065  36.822 0.0000000000
60634  56.987  -13.605  36.499 0.0000000000
132492  56.792  -13.564  37.192 0.0000000000
59542  55.975  -14.566  36.726 0.0000000000
58466  55.392  -14.984  37.211 0.0000000000
58467  54.759  -15.444  36.927 0.0000000000
126971  53.722  -16.208  37.016 0.0000000000
126567  53.208  -16.576  37.134 0.0000000000
52184  50.611  -21.981  42.052 0.0000000000
51095  49.569  -23.102  40.586 0.0000000000
48780  49.253  -24.709  42.433 0.0000000000
138420  49.783  -24.555  42.087 0.0000000000
48788  49.531  -24.649  41.504 0.0000000000
49963  49.741  -23.953  41.031 0.0000000000
137751  48.633  -23.183  40.091 0.0000000000
147973  46.922  -23.283  38.493 0.0000000000
49989  46.569  -23.823  38.349 0.0000000000
50002  46.234  -23.597  37.482 0.0000000000
48850  45.160  -24.112  35.793 0.0000000000
47766  44.465  -25.416  36.553 0.0000000000
47785  43.516  -25.519  35.646 0.0000000000
46752  42.270  -26.266  35.885 0.0000000000
45603  39.961  -27.156  35.559 0.0000000000
45590  39.174  -27.675  35.776 0.0000000000
37617  41.035  -34.216  39.177 0.0000000000
36381  42.704  -35.960  40.601 0.0000000000
35184  42.577  -36.364  39.252 0.0000000000
36393  41.995  -35.574  39.096 0.0000000000
36394  41.353  -35.205  38.662 0.0000000000
37638  40.345  -34.796  37.941 0.0000000000
64095  63.681  -9.461  22.703 0.0000000000
34043  34.596  -37.254  38.971 0.0000000000
38768  31.843  -33.396  43.431 0.0000000000
36339  31.866  -35.095  43.127 0.0000000000
36322  31.885  -35.375  43.981 0.0000000000
33968  31.726  -37.652  45.599 0.0000000000
33979  32.061  -37.792  44.674 0.0000000000
141110  32.405  -38.235  44.102 0.0000000000
47609  42.181  -24.910  48.779 0.0000000000
48725  43.530  -23.995  48.063 0.0000000000
46622  44.203  -26.528  44.711 0.0000000000
46623  43.326  -26.857  45.175 0.0000000000
44231  46.160  -29.202  44.555 0.0000000000
43178  45.875  -29.723  44.383 0.0000000000
43200  46.052  -29.624  43.614 0.0000000000
42134  44.812  -30.468  44.755 0.0000000000
42122  44.794  -30.441  45.171 0.0000000000
42135  43.922  -30.698  44.658 0.0000000000
42108  43.133  -31.389  46.190 0.0000000000
38773  40.027  -34.010  43.290 0.0000000000
44201  37.731  -28.498  47.304 0.0000000000
42109  39.524  -30.746  45.924 0.0000000000
124420  37.382  -29.199  45.103 0.0000000000
42127  37.231  -30.061  43.977 0.0000000000
133223  37.592  -29.731  44.531 0.0000000000
43179  38.229  -29.721  45.057 0.0000000000
39944  39.556  -33.072  45.077 0.0000000000
38756  39.566  -33.539  44.617 0.0000000000
36336  40.069  -35.598  43.388 0.0000000000
36337  39.298  -35.510  43.646 0.0000000000
36348  40.715  -36.378  43.153 0.0000000000
35135  40.597  -37.017  43.168 0.0000000000
36362  37.717  -35.495  41.965 0.0000000000
34002  40.394  -37.416  42.951 0.0000000000
32857  40.790  -37.869  42.703 0.0000000000
32868  40.744  -38.111  42.195 0.0000000000
34025  39.529  -37.607  41.189 0.0000000000
135163  41.208  -38.512  41.824 0.0000000000
59703  55.464  -14.158  24.548 0.0000000000
58596  51.225  -15.809  25.740 0.0000000000
57560  50.788  -16.344  25.726 0.0000000000
38683  29.898  -33.190  53.039 0.0000000000
37477  29.755  -34.208  52.900 0.0000000000
36207  29.607  -35.073  52.601 0.0000000000
36221  29.547  -35.750  52.168 0.0000000000
36209  28.169  -35.512  52.756 0.0000000000
35048  28.878  -35.914  52.237 0.0000000000
35069  28.817  -36.251  50.754 0.0000000000
35081  28.726  -36.182  49.926 0.0000000000
35082  27.871  -36.083  50.158 0.0000000000
36242  28.139  -35.898  49.292 0.0000000000
146427  27.927  -35.581  47.910 0.0000000000
36214  24.274  -35.052  52.099 0.0000000000
36222  24.683  -35.348  51.469 0.0000000000
36245  25.332  -35.763  49.895 0.0000000000
132134  25.018  -35.742  49.000 0.0000000000
36261  25.734  -35.784  48.555 0.0000000000
36295  27.366  -35.363  46.803 0.0000000000
124548  26.876  -35.165  46.013 0.0000000000
37543  27.001  -34.881  45.095 0.0000000000
37552  26.370  -34.718  44.457 0.0000000000
36313  25.218  -35.062  45.532 0.0000000000
36325  25.496  -34.808  44.743 0.0000000000
36316  22.506  -35.011  45.889 0.0000000000
36328  22.868  -34.933  45.094 0.0000000000
68190  64.266  -7.205  23.339 0.0000000000
67112  64.493  -7.797  23.666 0.0000000000
65051  64.147  -8.843  25.156 0.0000000000
67052  63.816  -6.366  27.477 0.0000000000
143869  63.911  -8.310  26.977 0.0000000000
66011  63.676  -9.097  27.334 0.0000000000
61921  58.875  -12.205  27.283 0.0000000000
134290  57.959  -12.379  27.360 0.0000000000
61923  57.085  -12.489  27.443 0.0000000000
146586  54.028  -13.500  28.201 0.0000000000
60745  53.396  -13.739  28.532 0.0000000000
60746  52.674  -14.014  28.495 0.0000000000
59650  51.426  -14.542  28.415 0.0000000000
61814  58.503  -12.288  34.470 0.0000000000
150256  58.057  -12.594  34.301 0.0000000000
126510  49.091  -16.343  30.885 0.0000000000
57500  48.555  -16.204  29.489 0.0000000000
54238  52.204  -19.123  41.403 0.0000000000
55254  52.176  -18.914  40.626 0.0000000000
52225  49.254  -21.502  39.853 0.0000000000
53260  50.537  -20.330  40.229 0.0000000000
55272  52.489  -17.937  39.151 0.0000000000
149046  52.100  -17.860  38.273 0.0000000000
56378  51.973  -17.201  36.863 0.0000000000
56390  50.429  -17.406  35.038 0.0000000000
55307  49.890  -17.894  35.421 0.0000000000
56399  49.713  -17.632  34.616 0.0000000000
55325  48.513  -17.899  33.282 0.0000000000
53297  47.670  -19.848  35.179 0.0000000000
55326  47.887  -18.890  34.055 0.0000000000
54306  47.312  -19.338  33.548 0.0000000000
127325  47.460  -18.331  32.305 0.0000000000
55350  46.497  -18.478  31.077 0.0000000000
52362  43.270  -21.881  30.069 0.0000000000
47837  41.152  -25.205  32.828 0.0000000000
44311  41.144  -27.921  39.847 0.0000000000
148468  39.436  -28.341  37.620 0.0000000000
44347  39.092  -28.366  37.024 0.0000000000
129106  38.725  -28.285  36.322 0.0000000000
44372  38.043  -28.732  36.054 0.0000000000
136185  40.580  -33.298  39.617 0.0000000000
39995  40.276  -32.721  39.817 0.0000000000
40001  39.019  -32.415  38.185 0.0000000000
43263  37.936  -29.742  37.136 0.0000000000
44394  37.769  -28.517  35.319 0.0000000000
146420  64.851  -9.462  20.107 0.0000000000
60826  58.247  -13.096  23.946 0.0000000000
34013  42.103  -38.158  42.551 0.0000000000
35058  29.555  -36.202  51.658 0.0000000000
37564  38.621  -34.894  43.728 0.0000000000
39980  34.456  -31.789  40.812 0.0000000000
39989  33.967  -32.273  40.321 0.0000000000
39990  33.168  -32.197  40.615 0.0000000000
42143  33.372  -30.782  43.197 0.0000000000
42150  36.190  -30.517  42.912 0.0000000000
45489  47.618  -27.544  43.329 0.0000000000
48789  49.124  -25.308  41.541 0.0000000000
129987  32.000  -34.160  40.229 0.0000000000
136487  32.059  -32.791  41.531 0.0000000000
139407  33.768  -34.895  39.039 0.0000000000
145102  27.186  -34.572  42.588 0.0000000000
