#!ascii label  , from subject sub-LJ002 vox2ras=TkReg
630
134056  22.386  2.402  -32.776 0.0000000000
128692  26.610  11.117  -33.592 0.0000000000
92504  24.391  16.427  -33.682 0.0000000000
124366  16.146  12.871  -25.559 0.0000000000
72842  25.643  -2.247  -32.628 0.0000000000
77949  27.683  2.839  -31.929 0.0000000000
81119  25.123  6.383  -36.702 0.0000000000
84859  19.666  9.632  -31.445 0.0000000000
89707  24.971  13.911  -34.815 0.0000000000
93417  29.806  18.721  -35.496 0.0000000000
96172  23.903  21.596  -35.701 0.0000000000
74868  24.052  0.043  -33.136 0.0000000000
75873  26.479  -0.136  -32.881 0.0000000000
76935  24.701  1.858  -34.303 0.0000000000
136401  19.721  7.682  -31.127 0.0000000000
84814  16.898  8.769  -27.011 0.0000000000
89637  19.388  14.847  -30.654 0.0000000000
87737  19.207  13.020  -30.619 0.0000000000
90655  23.900  14.686  -34.443 0.0000000000
91603  28.329  16.696  -34.899 0.0000000000
92522  28.078  17.931  -35.526 0.0000000000
140575  23.810  22.940  -33.515 0.0000000000
95195  23.907  20.698  -31.917 0.0000000000
97992  24.087  24.013  -36.885 0.0000000000
83949  26.847  8.946  -36.453 0.0000000000
82033  27.395  6.632  -33.971 0.0000000000
146364  27.961  8.638  -32.503 0.0000000000
91570  20.575  16.528  -31.121 0.0000000000
87766  28.272  13.117  -32.669 0.0000000000
80084  20.799  4.343  -31.544 0.0000000000
80123  22.743  4.301  -34.404 0.0000000000
82034  21.543  6.295  -33.209 0.0000000000
134583  22.466  8.697  -34.511 0.0000000000
146960  23.663  10.789  -35.468 0.0000000000
145433  17.046  10.832  -27.709 0.0000000000
147107  21.000  11.866  -33.419 0.0000000000
87799  26.660  13.152  -34.809 0.0000000000
90646  28.346  15.308  -33.682 0.0000000000
93379  22.626  18.449  -30.933 0.0000000000
139758  24.437  19.325  -34.240 0.0000000000
97170  24.847  22.460  -40.435 0.0000000000
96196  27.406  21.444  -37.490 0.0000000000
132599  27.800  20.067  -35.689 0.0000000000
94280  29.794  19.905  -36.810 0.0000000000
80122  26.603  4.350  -34.828 0.0000000000
77951  20.840  2.617  -31.462 0.0000000000
76889  20.916  1.508  -31.420 0.0000000000
76914  22.941  1.605  -32.938 0.0000000000
136941  24.283  1.288  -33.726 0.0000000000
77985  23.175  2.188  -33.531 0.0000000000
91587  21.270  15.241  -32.585 0.0000000000
90658  21.582  14.626  -33.178 0.0000000000
91594  24.126  15.371  -34.096 0.0000000000
91607  25.905  16.006  -34.485 0.0000000000
93409  26.645  17.978  -34.664 0.0000000000
98814  23.716  24.315  -36.174 0.0000000000
97980  22.841  23.160  -34.970 0.0000000000
98832  23.326  24.865  -37.828 0.0000000000
84903  26.528  9.869  -35.206 0.0000000000
83930  27.059  8.334  -33.950 0.0000000000
84873  26.946  9.618  -33.131 0.0000000000
90609  19.129  15.906  -29.666 0.0000000000
92479  20.098  16.926  -29.762 0.0000000000
73893  23.942  -1.750  -32.567 0.0000000000
71837  24.688  -2.926  -32.254 0.0000000000
72830  25.972  -2.880  -32.379 0.0000000000
73878  26.966  -2.005  -32.199 0.0000000000
76909  26.879  1.543  -32.701 0.0000000000
75860  27.661  0.424  -31.351 0.0000000000
81075  21.246  5.623  -32.517 0.0000000000
82015  20.305  6.152  -31.578 0.0000000000
142737  19.684  8.805  -31.292 0.0000000000
130826  20.483  8.220  -32.405 0.0000000000
83931  21.628  9.354  -33.768 0.0000000000
83950  23.339  9.740  -35.307 0.0000000000
84889  21.678  10.434  -33.951 0.0000000000
85733  14.437  9.996  -25.039 0.0000000000
124404  15.834  11.747  -26.009 0.0000000000
88726  21.466  13.671  -33.424 0.0000000000
138361  20.161  12.536  -32.507 0.0000000000
88743  22.887  13.212  -34.654 0.0000000000
87815  23.846  12.726  -35.060 0.0000000000
88741  25.706  13.685  -34.747 0.0000000000
88724  27.255  13.959  -34.686 0.0000000000
89685  27.366  14.873  -34.710 0.0000000000
93407  29.375  18.005  -35.030 0.0000000000
92502  29.265  17.054  -33.759 0.0000000000
95209  23.862  20.975  -34.569 0.0000000000
94231  23.018  19.234  -31.108 0.0000000000
129954  24.023  20.015  -33.766 0.0000000000
144803  23.600  18.432  -32.401 0.0000000000
95223  24.787  20.645  -35.336 0.0000000000
95237  27.681  20.773  -36.210 0.0000000000
95248  28.715  20.625  -37.531 0.0000000000
94281  28.812  19.679  -36.388 0.0000000000
80142  24.259  4.966  -36.207 0.0000000000
79139  25.108  4.173  -36.087 0.0000000000
80140  25.849  5.022  -35.819 0.0000000000
82024  28.271  6.764  -32.494 0.0000000000
81082  28.123  5.777  -32.876 0.0000000000
74852  22.918  -0.591  -32.355 0.0000000000
73907  24.599  -1.268  -32.878 0.0000000000
142866  26.249  -0.776  -32.923 0.0000000000
75887  25.178  0.371  -33.595 0.0000000000
76911  25.588  1.110  -33.780 0.0000000000
77984  26.391  2.105  -33.819 0.0000000000
83893  19.290  7.709  -29.933 0.0000000000
84850  19.237  8.686  -29.924 0.0000000000
84844  19.033  9.463  -29.635 0.0000000000
88662  18.107  13.839  -28.130 0.0000000000
87707  18.070  13.181  -28.419 0.0000000000
88684  19.014  13.914  -30.260 0.0000000000
89673  21.591  14.262  -33.345 0.0000000000
90670  24.654  14.478  -34.657 0.0000000000
90667  27.347  15.357  -34.756 0.0000000000
135805  26.412  15.417  -34.614 0.0000000000
135227  27.656  16.597  -34.943 0.0000000000
93418  29.084  18.205  -35.743 0.0000000000
96137  23.504  21.527  -30.412 0.0000000000
96155  24.374  21.757  -32.248 0.0000000000
96159  23.778  21.882  -34.196 0.0000000000
96187  23.893  22.433  -36.324 0.0000000000
83002  25.788  7.620  -37.207 0.0000000000
82050  26.792  6.515  -35.650 0.0000000000
82978  27.104  7.366  -35.402 0.0000000000
83929  27.588  8.052  -32.939 0.0000000000
124332  17.448  13.989  -26.407 0.0000000000
89616  18.261  14.971  -28.197 0.0000000000
90624  19.635  15.923  -30.534 0.0000000000
92496  22.251  16.484  -32.344 0.0000000000
74834  27.452  -0.636  -31.723 0.0000000000
86803  27.865  12.370  -32.787 0.0000000000
126500  28.427  11.367  -32.287 0.0000000000
79071  21.656  3.635  -32.355 0.0000000000
79107  22.967  3.459  -34.092 0.0000000000
80114  22.160  4.604  -33.385 0.0000000000
144148  22.320  5.168  -34.006 0.0000000000
128669  22.849  6.702  -35.481 0.0000000000
82951  20.250  6.831  -31.680 0.0000000000
82979  22.449  7.707  -34.534 0.0000000000
82993  23.627  8.123  -36.152 0.0000000000
83971  24.057  8.715  -36.250 0.0000000000
84927  25.182  9.751  -36.338 0.0000000000
85861  25.013  10.797  -35.308 0.0000000000
85764  16.867  9.954  -27.479 0.0000000000
85788  18.859  10.364  -29.586 0.0000000000
87720  18.703  12.224  -29.620 0.0000000000
86773  19.401  11.179  -31.056 0.0000000000
85821  20.765  10.895  -33.149 0.0000000000
85848  22.316  11.711  -34.325 0.0000000000
86838  24.797  11.738  -35.194 0.0000000000
86819  26.132  11.710  -34.167 0.0000000000
87782  27.667  13.278  -33.581 0.0000000000
88708  28.004  13.959  -33.428 0.0000000000
90654  28.093  15.628  -34.457 0.0000000000
139158  21.508  17.350  -31.035 0.0000000000
92495  23.213  17.357  -32.339 0.0000000000
93398  24.331  17.436  -33.417 0.0000000000
98022  24.304  23.465  -38.707 0.0000000000
138847  25.147  22.898  -38.244 0.0000000000
96205  26.159  21.569  -39.037 0.0000000000
137029  26.255  22.107  -36.620 0.0000000000
95222  25.990  20.591  -35.454 0.0000000000
94269  26.534  19.674  -35.054 0.0000000000
94256  26.096  18.879  -34.598 0.0000000000
93420  27.861  18.640  -35.376 0.0000000000
94267  29.080  18.875  -36.174 0.0000000000
94266  29.763  19.242  -36.235 0.0000000000
78025  24.009  3.036  -34.928 0.0000000000
79105  25.761  3.290  -35.143 0.0000000000
79104  26.902  3.150  -34.017 0.0000000000
80130  26.846  5.054  -34.801 0.0000000000
80113  27.955  4.774  -33.225 0.0000000000
77968  21.641  2.937  -32.223 0.0000000000
76901  21.664  2.032  -32.043 0.0000000000
76900  22.329  1.617  -32.419 0.0000000000
92506  22.305  15.687  -33.062 0.0000000000
91597  21.839  15.090  -33.169 0.0000000000
91595  23.279  15.733  -33.510 0.0000000000
92503  25.369  16.754  -34.106 0.0000000000
84888  26.277  9.916  -34.315 0.0000000000
84887  26.646  9.290  -33.789 0.0000000000
85829  26.482  10.145  -33.580 0.0000000000
72843  24.768  -2.182  -32.607 0.0000000000
138110  24.038  -2.512  -32.315 0.0000000000
71836  25.288  -2.761  -32.423 0.0000000000
72829  26.763  -2.750  -32.127 0.0000000000
147772  26.322  -2.319  -32.450 0.0000000000
77950  27.390  1.866  -32.020 0.0000000000
76888  27.606  1.336  -31.483 0.0000000000
132910  27.787  2.094  -31.254 0.0000000000
77930  28.170  2.855  -31.050 0.0000000000
82016  19.776  6.270  -30.895 0.0000000000
83920  20.661  9.154  -32.725 0.0000000000
84875  20.121  9.322  -32.036 0.0000000000
149101  21.270  9.567  -33.431 0.0000000000
84874  20.604  9.962  -32.742 0.0000000000
139038  14.270  11.117  -24.707 0.0000000000
86718  16.466  12.032  -26.655 0.0000000000
131394  22.823  13.715  -34.495 0.0000000000
88744  22.347  13.628  -34.104 0.0000000000
88742  23.412  13.476  -34.886 0.0000000000
88760  23.970  13.232  -35.010 0.0000000000
144246  26.964  14.247  -34.940 0.0000000000
89687  25.840  14.165  -34.618 0.0000000000
132567  30.109  18.547  -34.417 0.0000000000
95225  23.572  21.462  -35.186 0.0000000000
95224  24.023  20.719  -35.016 0.0000000000
95208  24.085  19.997  -34.392 0.0000000000
141924  28.232  20.615  -38.722 0.0000000000
95261  29.188  20.337  -38.491 0.0000000000
142491  24.242  5.594  -36.258 0.0000000000
81110  24.689  5.305  -36.227 0.0000000000
81109  25.011  5.702  -36.256 0.0000000000
82014  29.458  6.864  -31.316 0.0000000000
81074  28.641  6.175  -32.214 0.0000000000
75874  23.347  0.214  -32.732 0.0000000000
75875  22.441  0.177  -32.204 0.0000000000
74851  23.831  -0.750  -32.772 0.0000000000
74867  24.654  -0.366  -33.268 0.0000000000
76912  24.946  1.167  -33.824 0.0000000000
76934  25.381  1.816  -34.262 0.0000000000
76933  25.917  1.742  -34.048 0.0000000000
84827  17.831  8.889  -27.938 0.0000000000
83884  18.382  8.548  -28.443 0.0000000000
89638  18.860  14.491  -29.795 0.0000000000
88670  18.564  13.772  -29.272 0.0000000000
90657  22.341  14.551  -33.727 0.0000000000
89659  21.233  14.512  -32.884 0.0000000000
90656  22.993  14.502  -34.183 0.0000000000
90672  22.744  14.103  -34.254 0.0000000000
90669  25.863  14.788  -34.453 0.0000000000
91608  25.141  15.112  -34.383 0.0000000000
92515  27.218  17.144  -34.918 0.0000000000
92514  27.936  17.267  -35.239 0.0000000000
92521  28.498  17.720  -35.532 0.0000000000
97975  23.837  23.303  -33.758 0.0000000000
97117  24.485  22.266  -32.302 0.0000000000
96145  24.308  21.996  -31.603 0.0000000000
96146  23.941  21.585  -31.302 0.0000000000
97121  24.157  22.521  -33.002 0.0000000000
97993  22.999  23.470  -36.223 0.0000000000
97125  23.060  22.584  -34.584 0.0000000000
97143  22.685  22.894  -36.018 0.0000000000
97129  23.065  22.388  -35.978 0.0000000000
97142  23.256  23.066  -36.336 0.0000000000
145674  26.256  8.069  -37.132 0.0000000000
82058  26.819  7.313  -36.149 0.0000000000
83948  27.116  8.152  -35.970 0.0000000000
83919  27.187  8.873  -33.088 0.0000000000
82960  28.388  7.788  -32.134 0.0000000000
89617  18.143  14.601  -28.014 0.0000000000
91572  19.919  16.253  -30.570 0.0000000000
91581  20.141  15.915  -31.137 0.0000000000
91580  20.431  15.989  -31.475 0.0000000000
91579  20.879  16.084  -31.898 0.0000000000
74848  26.788  -0.707  -32.442 0.0000000000
75872  27.084  0.112  -32.235 0.0000000000
75850  28.355  0.297  -30.355 0.0000000000
80100  21.416  4.264  -32.134 0.0000000000
79087  21.931  4.083  -32.768 0.0000000000
80115  21.593  4.839  -32.654 0.0000000000
81083  21.805  5.425  -33.263 0.0000000000
81093  22.083  6.029  -33.955 0.0000000000
81102  22.748  5.908  -35.437 0.0000000000
82043  22.427  6.633  -34.767 0.0000000000
82937  19.465  7.484  -30.459 0.0000000000
82952  19.743  7.072  -31.012 0.0000000000
82962  20.135  7.581  -31.736 0.0000000000
82972  21.469  8.314  -33.502 0.0000000000
82980  21.941  8.010  -34.010 0.0000000000
82052  22.945  7.453  -35.096 0.0000000000
82984  22.959  8.354  -34.932 0.0000000000
143105  23.763  8.362  -36.998 0.0000000000
83961  23.351  8.808  -35.380 0.0000000000
84917  23.342  10.684  -35.175 0.0000000000
84929  23.801  10.099  -35.643 0.0000000000
84916  24.659  10.452  -35.737 0.0000000000
124682  25.677  10.130  -36.008 0.0000000000
85755  15.154  9.914  -25.618 0.0000000000
85754  15.794  9.829  -26.258 0.0000000000
85775  17.813  9.800  -28.395 0.0000000000
85776  17.376  10.351  -28.066 0.0000000000
132589  18.448  12.963  -29.173 0.0000000000
87706  18.313  12.544  -28.915 0.0000000000
138422  20.836  12.594  -33.228 0.0000000000
86774  19.133  11.743  -30.388 0.0000000000
86790  19.744  11.664  -31.936 0.0000000000
85809  19.727  10.697  -31.709 0.0000000000
85832  21.449  11.393  -33.751 0.0000000000
86820  21.947  12.083  -34.038 0.0000000000
130980  24.907  12.600  -35.054 0.0000000000
86839  24.230  12.283  -35.227 0.0000000000
86831  25.449  12.120  -34.837 0.0000000000
145155  25.735  11.619  -34.528 0.0000000000
86830  26.119  12.467  -34.637 0.0000000000
86818  26.797  12.230  -33.992 0.0000000000
143353  27.103  12.943  -34.535 0.0000000000
89658  28.015  14.816  -33.918 0.0000000000
88723  27.518  14.002  -34.208 0.0000000000
89657  28.329  14.657  -33.140 0.0000000000
90645  28.794  15.393  -32.694 0.0000000000
91604  28.013  16.157  -34.841 0.0000000000
90666  27.638  15.545  -34.695 0.0000000000
95187  23.419  20.797  -30.926 0.0000000000
139900  22.521  20.138  -30.713 0.0000000000
93369  22.108  19.187  -30.547 0.0000000000
93370  21.411  18.920  -30.071 0.0000000000
93381  21.238  17.724  -30.373 0.0000000000
147262  24.101  18.720  -33.487 0.0000000000
93399  23.922  18.049  -33.103 0.0000000000
93411  24.571  18.430  -33.781 0.0000000000
97159  24.168  23.235  -39.975 0.0000000000
135748  24.854  22.710  -39.401 0.0000000000
97154  24.848  23.175  -37.488 0.0000000000
96204  27.096  21.345  -38.375 0.0000000000
96197  26.608  21.977  -37.699 0.0000000000
96186  27.183  21.555  -36.768 0.0000000000
95221  27.061  20.376  -35.542 0.0000000000
130414  27.474  19.515  -35.289 0.0000000000
93421  27.064  18.796  -34.896 0.0000000000
136948  29.344  19.542  -36.479 0.0000000000
94279  30.480  19.981  -36.527 0.0000000000
79106  23.459  3.499  -34.804 0.0000000000
79123  26.057  4.072  -35.416 0.0000000000
78023  25.203  3.267  -35.352 0.0000000000
78004  26.399  3.545  -34.749 0.0000000000
135596  26.970  3.915  -34.330 0.0000000000
82042  27.102  6.556  -34.849 0.0000000000
81100  26.793  5.715  -35.182 0.0000000000
81091  27.230  5.722  -34.301 0.0000000000
81063  28.708  5.392  -32.147 0.0000000000
80098  28.416  4.532  -32.441 0.0000000000
80099  27.929  4.020  -32.947 0.0000000000
126493  22.732  0.943  -32.509 0.0000000000
75888  23.344  0.994  -32.943 0.0000000000
136322  23.844  0.713  -33.323 0.0000000000
76913  23.599  1.452  -33.454 0.0000000000
76936  23.933  1.969  -34.064 0.0000000000
135887  19.823  15.371  -31.081 0.0000000000
90649  20.334  15.049  -31.801 0.0000000000
90647  21.228  14.944  -32.635 0.0000000000
91596  22.725  15.253  -33.613 0.0000000000
143321  23.308  14.944  -34.011 0.0000000000
91593  25.008  15.856  -34.124 0.0000000000
92516  26.303  17.005  -34.543 0.0000000000
93408  27.480  17.939  -35.167 0.0000000000
97979  23.441  23.467  -34.629 0.0000000000
97976  23.273  23.054  -34.114 0.0000000000
97984  23.159  23.702  -35.435 0.0000000000
98819  23.888  24.269  -36.514 0.0000000000
146943  26.921  9.490  -35.545 0.0000000000
84914  27.126  9.025  -35.725 0.0000000000
84902  26.863  9.174  -34.842 0.0000000000
84872  27.935  9.530  -32.594 0.0000000000
91553  19.568  16.357  -30.015 0.0000000000
91571  20.313  16.594  -30.622 0.0000000000
72845  22.467  -1.771  -31.905 0.0000000000
132809  23.286  -2.157  -32.151 0.0000000000
72844  23.436  -2.836  -31.870 0.0000000000
71819  26.399  -3.428  -31.885 0.0000000000
71818  27.304  -3.192  -31.582 0.0000000000
72828  27.493  -2.425  -31.724 0.0000000000
76899  26.661  0.698  -32.810 0.0000000000
76898  27.224  1.003  -32.091 0.0000000000
127849  20.401  5.012  -31.410 0.0000000000
80101  21.089  5.004  -31.940 0.0000000000
81076  20.644  5.650  -31.831 0.0000000000
82025  20.835  6.467  -32.397 0.0000000000
83907  19.558  8.162  -30.850 0.0000000000
83921  20.000  8.355  -31.731 0.0000000000
83932  21.044  8.677  -33.112 0.0000000000
83941  22.012  9.032  -34.132 0.0000000000
83951  22.922  9.275  -34.929 0.0000000000
83940  22.486  9.655  -34.560 0.0000000000
84905  22.084  10.019  -34.273 0.0000000000
132738  22.919  10.848  -34.792 0.0000000000
86720  15.430  10.845  -25.906 0.0000000000
86719  16.070  10.853  -26.548 0.0000000000
87755  20.074  13.397  -32.279 0.0000000000
87736  19.552  12.443  -31.527 0.0000000000
87770  20.682  13.335  -32.937 0.0000000000
87785  21.742  13.233  -33.717 0.0000000000
87784  21.973  12.744  -33.982 0.0000000000
86833  22.344  12.429  -34.293 0.0000000000
88761  23.485  13.059  -34.927 0.0000000000
87814  24.414  12.929  -35.034 0.0000000000
87800  25.835  13.039  -34.788 0.0000000000
87798  27.103  13.609  -34.797 0.0000000000
88740  26.666  13.707  -34.788 0.0000000000
88739  27.259  14.298  -34.738 0.0000000000
150605  27.691  14.882  -34.435 0.0000000000
92512  28.930  17.233  -34.750 0.0000000000
91592  28.558  16.468  -34.504 0.0000000000
92511  29.684  17.820  -34.071 0.0000000000
139829  24.111  20.945  -33.608 0.0000000000
134089  23.263  20.120  -31.413 0.0000000000
95197  23.978  20.155  -32.852 0.0000000000
94236  23.642  19.407  -31.978 0.0000000000
139548  23.214  18.350  -31.585 0.0000000000
94245  23.946  19.119  -33.059 0.0000000000
94258  24.105  19.251  -33.836 0.0000000000
94271  24.595  19.931  -34.693 0.0000000000
95262  27.903  21.060  -37.941 0.0000000000
95249  27.965  21.069  -37.051 0.0000000000
95236  28.476  20.439  -36.664 0.0000000000
94282  28.262  20.088  -36.092 0.0000000000
95247  29.547  20.274  -37.450 0.0000000000
80143  23.649  4.822  -35.916 0.0000000000
79140  24.319  4.201  -35.979 0.0000000000
142746  24.757  4.679  -36.202 0.0000000000
80132  25.655  4.373  -35.847 0.0000000000
146916  25.947  4.546  -35.622 0.0000000000
82032  27.746  6.655  -33.158 0.0000000000
135134  27.620  6.032  -33.561 0.0000000000
73895  22.500  -1.134  -32.061 0.0000000000
73894  23.185  -1.384  -32.318 0.0000000000
73892  25.332  -1.548  -32.877 0.0000000000
73906  25.135  -0.909  -33.135 0.0000000000
74866  25.432  -0.346  -33.358 0.0000000000
74865  25.981  0.326  -33.417 0.0000000000
128046  24.480  0.516  -33.512 0.0000000000
76910  26.303  1.311  -33.496 0.0000000000
149618  26.692  1.974  -33.225 0.0000000000
77967  27.177  2.337  -32.725 0.0000000000
149045  19.337  7.611  -30.078 0.0000000000
83892  19.386  8.060  -30.205 0.0000000000
84849  19.411  8.939  -30.561 0.0000000000
136549  19.151  9.616  -29.968 0.0000000000
124202  16.742  13.185  -26.299 0.0000000000
87697  17.089  12.830  -27.090 0.0000000000
88661  18.244  13.460  -28.569 0.0000000000
128288  18.745  13.144  -29.773 0.0000000000
89653  19.889  14.749  -31.553 0.0000000000
88683  19.486  14.110  -31.214 0.0000000000
88712  20.456  13.899  -32.548 0.0000000000
89691  21.976  13.947  -33.808 0.0000000000
89690  22.368  13.916  -34.008 0.0000000000
89688  24.284  14.084  -34.894 0.0000000000
134765  26.367  14.615  -34.613 0.0000000000
90668  26.824  15.134  -34.764 0.0000000000
137153  26.969  15.834  -34.809 0.0000000000
91605  27.627  15.991  -34.822 0.0000000000
91606  26.977  16.207  -34.789 0.0000000000
124958  28.029  16.597  -35.012 0.0000000000
92513  28.416  17.171  -35.157 0.0000000000
92520  28.857  17.631  -35.345 0.0000000000
95194  24.274  21.041  -32.746 0.0000000000
97122  23.680  22.607  -33.768 0.0000000000
96158  24.154  21.848  -33.244 0.0000000000
96163  23.228  21.909  -35.027 0.0000000000
96173  23.186  21.985  -35.504 0.0000000000
82068  25.243  7.179  -37.214 0.0000000000
82992  26.360  7.351  -36.730 0.0000000000
82971  27.242  7.424  -34.479 0.0000000000
83939  27.193  8.256  -35.092 0.0000000000
82970  27.480  7.408  -33.546 0.0000000000
82961  27.838  7.329  -32.786 0.0000000000
136618  18.234  14.278  -28.247 0.0000000000
89626  18.547  14.615  -28.887 0.0000000000
136442  18.692  15.382  -28.826 0.0000000000
145551  19.400  15.544  -30.412 0.0000000000
90638  20.426  15.496  -31.678 0.0000000000
92497  21.573  15.810  -32.514 0.0000000000
128270  22.911  16.362  -32.881 0.0000000000
73891  26.279  -1.508  -32.660 0.0000000000
73877  27.614  -1.554  -31.619 0.0000000000
74833  28.004  -0.474  -30.966 0.0000000000
86804  27.426  11.540  -33.056 0.0000000000
85820  27.217  10.418  -32.981 0.0000000000
79054  21.188  3.588  -31.738 0.0000000000
77986  22.742  2.984  -33.504 0.0000000000
79070  22.153  3.319  -32.821 0.0000000000
79086  22.445  3.785  -33.478 0.0000000000
149328  22.553  4.993  -34.621 0.0000000000
80133  22.927  4.992  -35.262 0.0000000000
80144  23.234  5.443  -35.855 0.0000000000
81112  23.273  6.250  -36.033 0.0000000000
82035  20.750  7.586  -32.620 0.0000000000
136398  21.401  7.263  -33.284 0.0000000000
82044  21.993  6.995  -33.934 0.0000000000
82060  23.135  7.281  -35.864 0.0000000000
82059  23.554  7.012  -36.517 0.0000000000
83004  24.284  8.067  -37.369 0.0000000000
133961  24.753  8.602  -37.188 0.0000000000
83959  25.532  9.236  -36.862 0.0000000000
83960  23.801  9.147  -35.723 0.0000000000
84934  24.270  9.290  -36.063 0.0000000000
84926  26.132  9.574  -36.640 0.0000000000
84915  26.696  9.785  -36.037 0.0000000000
85860  25.881  10.323  -35.290 0.0000000000
85845  25.884  10.672  -34.557 0.0000000000
84828  17.298  9.266  -27.686 0.0000000000
85797  19.368  10.065  -30.766 0.0000000000
126246  17.020  11.711  -27.491 0.0000000000
86738  17.467  11.384  -28.142 0.0000000000
86737  18.556  11.448  -29.339 0.0000000000
85798  19.134  10.633  -30.132 0.0000000000
85822  20.209  10.319  -32.303 0.0000000000
84890  21.092  10.234  -33.370 0.0000000000
130873  22.183  10.915  -34.352 0.0000000000
85864  23.119  11.411  -34.842 0.0000000000
86841  23.260  12.062  -34.861 0.0000000000
86840  23.719  12.136  -35.186 0.0000000000
85862  24.154  11.433  -35.547 0.0000000000
85846  25.405  11.157  -34.854 0.0000000000
86817  27.324  12.643  -33.806 0.0000000000
87783  27.290  13.437  -34.417 0.0000000000
88707  28.618  13.854  -32.519 0.0000000000
134912  26.920  14.867  -34.892 0.0000000000
94221  21.873  19.867  -30.068 0.0000000000
92477  20.760  17.203  -30.415 0.0000000000
139353  21.067  16.966  -31.073 0.0000000000
92487  22.320  17.462  -31.456 0.0000000000
128780  21.495  16.654  -31.755 0.0000000000
92505  23.673  16.844  -33.133 0.0000000000
93397  24.902  17.402  -33.739 0.0000000000
98833  23.330  24.955  -38.899 0.0000000000
98006  23.493  24.199  -38.446 0.0000000000
98023  23.700  23.896  -39.606 0.0000000000
98005  24.005  23.684  -37.650 0.0000000000
97141  24.266  23.208  -36.823 0.0000000000
147495  25.100  22.543  -36.645 0.0000000000
96206  25.302  21.870  -39.862 0.0000000000
97158  25.674  22.309  -38.585 0.0000000000
97153  25.734  22.629  -37.416 0.0000000000
145061  25.372  21.589  -35.989 0.0000000000
94270  25.475  19.786  -34.929 0.0000000000
95238  26.669  21.271  -36.030 0.0000000000
94257  25.126  19.067  -34.367 0.0000000000
93410  25.570  17.945  -34.243 0.0000000000
94268  28.317  19.332  -35.751 0.0000000000
93419  28.558  18.378  -35.701 0.0000000000
149057  29.397  18.691  -35.995 0.0000000000
94265  30.490  19.525  -35.648 0.0000000000
95234  30.827  20.282  -37.128 0.0000000000
94278  31.187  20.177  -35.794 0.0000000000
78008  23.491  2.773  -34.273 0.0000000000
78007  24.317  2.480  -34.706 0.0000000000
79125  24.837  3.603  -35.729 0.0000000000
78024  24.637  3.076  -35.188 0.0000000000
78006  25.188  2.564  -34.878 0.0000000000
78005  26.094  2.542  -34.468 0.0000000000
147009  26.575  2.575  -33.975 0.0000000000
79069  27.545  3.181  -33.058 0.0000000000
81101  26.330  5.716  -35.794 0.0000000000
80131  26.321  4.892  -35.375 0.0000000000
148434  27.628  5.393  -33.601 0.0000000000
129464  27.234  4.728  -34.109 0.0000000000
136534  27.465  3.946  -33.643 0.0000000000
85819  28.204  10.514  -32.441 0.0000000000
74849  25.983  -0.415  -33.235 0.0000000000
74850  25.718  -0.938  -33.083 0.0000000000
79124  25.486  3.769  -35.671 0.0000000000
79126  24.124  3.522  -35.443 0.0000000000
79127  23.499  4.162  -35.378 0.0000000000
80141  25.274  4.949  -36.169 0.0000000000
81092  22.417  5.602  -34.719 0.0000000000
81108  25.631  5.855  -36.171 0.0000000000
81111  23.849  6.138  -36.505 0.0000000000
81118  25.790  6.760  -36.744 0.0000000000
81120  24.476  6.135  -36.498 0.0000000000
82023  28.844  6.863  -31.878 0.0000000000
82051  26.316  6.552  -36.225 0.0000000000
82069  24.469  7.054  -37.187 0.0000000000
82070  23.930  6.746  -36.924 0.0000000000
82994  23.237  8.030  -35.464 0.0000000000
83003  25.073  7.975  -37.456 0.0000000000
83918  28.640  8.865  -32.032 0.0000000000
83957  26.761  8.078  -36.680 0.0000000000
83958  26.244  8.796  -36.966 0.0000000000
83969  25.504  8.580  -37.234 0.0000000000
83970  24.292  8.743  -36.774 0.0000000000
84904  22.529  10.511  -34.579 0.0000000000
84918  22.918  10.159  -34.887 0.0000000000
84928  24.420  9.890  -35.892 0.0000000000
85765  16.367  9.804  -26.902 0.0000000000
85830  26.057  10.677  -33.954 0.0000000000
85831  21.923  11.347  -34.133 0.0000000000
85847  22.642  11.267  -34.577 0.0000000000
85863  23.601  11.380  -35.277 0.0000000000
85878  23.938  10.743  -35.684 0.0000000000
86729  16.611  10.860  -27.184 0.0000000000
86755  18.831  11.194  -29.678 0.0000000000
86805  21.507  12.530  -33.677 0.0000000000
86806  20.344  11.525  -32.657 0.0000000000
86829  26.749  12.751  -34.619 0.0000000000
86832  22.775  11.961  -34.562 0.0000000000
87769  21.041  13.070  -33.304 0.0000000000
87801  22.804  12.621  -34.611 0.0000000000
87802  22.262  13.129  -34.172 0.0000000000
87813  25.087  13.181  -34.936 0.0000000000
87816  23.341  12.656  -34.891 0.0000000000
88698  19.942  14.101  -31.981 0.0000000000
88711  21.045  13.844  -33.063 0.0000000000
88725  21.847  13.661  -33.709 0.0000000000
88759  24.679  13.456  -34.930 0.0000000000
89660  20.827  14.427  -32.585 0.0000000000
89661  20.236  14.459  -32.083 0.0000000000
89671  27.415  14.523  -34.650 0.0000000000
89672  22.040  14.204  -33.699 0.0000000000
89674  21.321  14.039  -33.206 0.0000000000
89686  26.600  14.264  -34.750 0.0000000000
89689  23.430  13.886  -34.807 0.0000000000
89708  24.078  13.698  -35.010 0.0000000000
90625  18.966  15.197  -29.739 0.0000000000
90639  20.052  15.698  -31.169 0.0000000000
90648  20.853  14.961  -32.283 0.0000000000
90671  23.586  14.249  -34.677 0.0000000000
91588  20.797  15.406  -32.106 0.0000000000
93380  21.837  18.139  -30.633 0.0000000000
95235  29.148  20.127  -36.849 0.0000000000
97130  22.799  22.664  -35.546 0.0000000000
97131  22.582  23.057  -35.889 0.0000000000
97985  22.651  23.270  -35.697 0.0000000000
97986  22.626  23.236  -35.932 0.0000000000
98815  22.905  23.716  -35.966 0.0000000000
124201  15.138  11.927  -25.192 0.0000000000
130158  19.633  13.479  -31.593 0.0000000000
131081  23.757  5.486  -36.184 0.0000000000
134492  23.767  7.602  -37.081 0.0000000000
134653  26.898  2.544  -33.484 0.0000000000
135895  24.773  7.576  -37.382 0.0000000000
141700  24.817  9.179  -36.603 0.0000000000
143559  25.332  14.319  -34.640 0.0000000000
143652  14.830  10.745  -25.348 0.0000000000
143859  27.056  -1.291  -32.167 0.0000000000
147030  28.374  5.102  -32.706 0.0000000000
147164  24.547  22.021  -36.204 0.0000000000
149185  18.381  14.031  -28.636 0.0000000000
