#!ascii label  , from subject sub-LJ002 vox2ras=TkReg
951
82006  19.423  6.763  -30.338 0.2500000000
82951  20.250  6.831  -31.680 0.2500000000
82015  20.305  6.152  -31.578 0.7500000000
84813  17.550  8.227  -27.256 0.2500000000
83884  18.382  8.548  -28.443 0.1250000000
83893  19.290  7.709  -29.933 0.2500000000
82925  19.286  7.203  -30.008 0.2500000000
82952  19.743  7.072  -31.012 0.7500000000
82025  20.835  6.467  -32.397 0.8750000000
82034  21.543  6.295  -33.209 0.8750000000
149045  19.337  7.611  -30.078 0.3750000000
136401  19.721  7.682  -31.127 0.8750000000
82937  19.465  7.484  -30.459 0.7500000000
82980  21.941  8.010  -34.010 1.0000000000
82035  20.750  7.586  -32.620 1.0000000000
82962  20.135  7.581  -31.736 0.8750000000
82044  21.993  6.995  -33.934 1.0000000000
84827  17.831  8.889  -27.938 0.2500000000
84850  19.237  8.686  -29.924 0.7500000000
83907  19.558  8.162  -30.850 0.8750000000
83892  19.386  8.060  -30.205 0.7500000000
82972  21.469  8.314  -33.502 1.0000000000
130826  20.483  8.220  -32.405 1.0000000000
83921  20.000  8.355  -31.731 1.0000000000
82984  22.959  8.354  -34.932 1.0000000000
82052  22.945  7.453  -35.096 1.0000000000
82979  22.449  7.707  -34.534 1.0000000000
84849  19.411  8.939  -30.561 1.0000000000
84844  19.033  9.463  -29.635 0.8750000000
142737  19.684  8.805  -31.292 1.0000000000
83951  22.922  9.275  -34.929 1.0000000000
83941  22.012  9.032  -34.132 1.0000000000
83932  21.044  8.677  -33.112 1.0000000000
83920  20.661  9.154  -32.725 1.0000000000
83961  23.351  8.808  -35.380 1.0000000000
134583  22.466  8.697  -34.511 1.0000000000
83959  25.532  9.236  -36.862 1.0000000000
143105  23.763  8.362  -36.998 1.0000000000
141219  14.190  11.849  -22.317 0.2500000000
84806  17.017  8.406  -26.394 0.2500000000
84814  16.898  8.769  -27.011 0.3750000000
85775  17.813  9.800  -28.395 1.0000000000
84828  17.298  9.266  -27.686 0.6250000000
84859  19.666  9.632  -31.445 1.0000000000
136549  19.151  9.616  -29.968 1.0000000000
83950  23.339  9.740  -35.307 1.0000000000
83940  22.486  9.655  -34.560 1.0000000000
84874  20.604  9.962  -32.742 1.0000000000
84917  23.342  10.684  -35.175 1.0000000000
84934  24.270  9.290  -36.063 1.0000000000
84916  24.659  10.452  -35.737 1.0000000000
84927  25.182  9.751  -36.338 1.0000000000
124283  13.704  11.335  -23.782 0.5000000000
85709  13.622  10.186  -22.251 0.3750000000
84787  13.993  9.646  -23.997 0.3750000000
84786  14.577  8.990  -24.295 0.5000000000
85733  14.437  9.996  -25.039 0.5000000000
85764  16.867  9.954  -27.479 0.8750000000
145433  17.046  10.832  -27.709 1.0000000000
85822  20.209  10.319  -32.303 1.0000000000
85788  18.859  10.364  -29.586 1.0000000000
130873  22.183  10.915  -34.352 1.0000000000
84890  21.092  10.234  -33.370 1.0000000000
85862  24.154  11.433  -35.547 1.0000000000
146960  23.663  10.789  -35.468 1.0000000000
124682  25.677  10.130  -36.008 0.8750000000
124272  14.165  12.320  -23.076 0.5000000000
124373  13.530  10.368  -23.647 0.5000000000
139038  14.270  11.117  -24.707 0.6250000000
124404  15.834  11.747  -26.009 0.6250000000
86719  16.070  10.853  -26.548 1.0000000000
85755  15.154  9.914  -25.618 0.7500000000
86737  18.556  11.448  -29.339 1.0000000000
86833  22.344  12.429  -34.293 1.0000000000
147107  21.000  11.866  -33.419 1.0000000000
85809  19.727  10.697  -31.709 1.0000000000
86841  23.260  12.062  -34.861 1.0000000000
85848  22.316  11.711  -34.325 1.0000000000
85832  21.449  11.393  -33.751 1.0000000000
86839  24.230  12.283  -35.227 0.8750000000
86840  23.719  12.136  -35.186 1.0000000000
85846  25.405  11.157  -34.854 0.8750000000
141181  14.543  12.363  -24.029 0.5000000000
86718  16.466  12.032  -26.655 0.8750000000
87720  18.703  12.224  -29.620 1.0000000000
87784  21.973  12.744  -33.982 1.0000000000
138361  20.161  12.536  -32.507 1.0000000000
86773  19.401  11.179  -31.056 1.0000000000
88744  22.347  13.628  -34.104 1.0000000000
130980  24.907  12.600  -35.054 1.0000000000
87815  23.846  12.726  -35.060 1.0000000000
88743  22.887  13.212  -34.654 1.0000000000
87814  24.414  12.929  -35.034 1.0000000000
124372  15.594  13.129  -24.422 0.5000000000
124366  16.146  12.871  -25.559 0.8750000000
87697  17.089  12.830  -27.090 1.0000000000
88684  19.014  13.914  -30.260 1.0000000000
132589  18.448  12.963  -29.173 1.0000000000
87707  18.070  13.181  -28.419 1.0000000000
90672  22.744  14.103  -34.254 1.0000000000
89691  21.976  13.947  -33.808 1.0000000000
89688  24.284  14.084  -34.894 1.0000000000
89690  22.368  13.916  -34.008 1.0000000000
88726  21.466  13.671  -33.424 1.0000000000
88741  25.706  13.685  -34.747 1.0000000000
131394  22.823  13.715  -34.495 1.0000000000
91571  20.313  16.594  -30.622 1.0000000000
91539  19.252  16.365  -29.184 0.3750000000
91572  19.919  16.253  -30.570 0.8750000000
89637  19.388  14.847  -30.654 1.0000000000
90656  22.993  14.502  -34.183 1.0000000000
89659  21.233  14.512  -32.884 1.0000000000
93381  21.238  17.724  -30.373 0.8750000000
139353  21.067  16.966  -31.073 1.0000000000
91570  20.575  16.528  -31.121 1.0000000000
91581  20.141  15.915  -31.137 1.0000000000
91579  20.879  16.084  -31.898 1.0000000000
135887  19.823  15.371  -31.081 1.0000000000
90657  22.341  14.551  -33.727 1.0000000000
91596  22.725  15.253  -33.613 1.0000000000
90655  23.900  14.686  -34.443 1.0000000000
128780  21.495  16.654  -31.755 1.0000000000
92496  22.251  16.484  -32.344 1.0000000000
91595  23.279  15.733  -33.510 1.0000000000
92506  22.305  15.687  -33.062 1.0000000000
91597  21.839  15.090  -33.169 1.0000000000
92487  22.320  17.462  -31.456 1.0000000000
128270  22.911  16.362  -32.881 1.0000000000
97968  24.348  22.927  -32.979 0.1250000000
97974  24.800  23.551  -33.552 0.1250000000
97979  23.441  23.467  -34.629 0.2500000000
97975  23.837  23.303  -33.758 0.1250000000
97984  23.159  23.702  -35.435 0.3750000000
149394  24.248  24.662  -35.852 0.2500000000
98819  23.888  24.269  -36.514 0.5000000000
98814  23.716  24.315  -36.174 0.2500000000
98832  23.326  24.865  -37.828 0.3750000000
98813  24.833  24.443  -35.172 0.2500000000
128953  23.776  25.234  -37.222 0.2500000000
99585  24.210  25.415  -36.588 0.2500000000
99592  23.735  26.720  -37.645 0.2500000000
142392  23.352  25.942  -38.013 0.2500000000
100364  23.468  26.931  -38.884 0.2500000000
99602  23.314  25.923  -38.588 0.3750000000
99634  23.719  25.229  -39.993 0.3750000000
99617  23.827  26.447  -39.331 0.2500000000
81998  19.262  6.562  -29.856 0.1250000000
126252  18.635  7.963  -28.278 0.1250000000
83004  24.284  8.067  -37.369 1.0000000000
87755  20.074  13.397  -32.279 1.0000000000
141622  19.349  6.065  -30.162 0.1250000000
81076  20.644  5.650  -31.831 0.6250000000
81083  21.805  5.425  -33.263 0.7500000000
83869  18.130  8.320  -27.609 0.1250000000
144148  22.320  5.168  -34.006 1.0000000000
82926  19.223  7.018  -29.847 0.1250000000
128669  22.849  6.702  -35.481 1.0000000000
82059  23.554  7.012  -36.517 1.0000000000
83002  25.788  7.620  -37.207 1.0000000000
125807  16.298  8.699  -25.869 0.3750000000
84758  15.234  9.250  -21.806 0.2500000000
84774  14.930  8.626  -23.469 0.2500000000
84915  26.696  9.785  -36.037 0.8750000000
145155  25.735  11.619  -34.528 0.8750000000
85861  25.013  10.797  -35.308 0.8750000000
87799  26.660  13.152  -34.809 0.8750000000
91524  19.119  16.246  -28.720 0.1250000000
90590  18.613  15.582  -28.246 0.1250000000
141193  16.401  13.768  -24.868 0.3750000000
88662  18.107  13.839  -28.130 0.6250000000
89707  24.971  13.911  -34.815 1.0000000000
87800  25.835  13.039  -34.788 0.8750000000
92479  20.098  16.926  -29.762 0.5000000000
92477  20.760  17.203  -30.415 0.8750000000
90599  18.850  15.881  -28.703 0.3750000000
136442  18.692  15.382  -28.826 0.8750000000
90670  24.654  14.478  -34.657 1.0000000000
91608  25.141  15.112  -34.383 1.0000000000
139158  21.508  17.350  -31.035 1.0000000000
91594  24.126  15.371  -34.096 1.0000000000
93379  22.626  18.449  -30.933 0.8750000000
144803  23.600  18.432  -32.401 1.0000000000
92495  23.213  17.357  -32.339 1.0000000000
92504  24.391  16.427  -33.682 1.0000000000
133617  25.008  22.265  -31.325 0.1250000000
97117  24.485  22.266  -32.302 0.1250000000
96158  24.154  21.848  -33.244 0.6250000000
97980  22.841  23.160  -34.970 0.6250000000
97992  24.087  24.013  -36.885 0.5000000000
97978  24.356  23.816  -34.427 0.2500000000
98006  23.493  24.199  -38.446 0.5000000000
98808  25.675  25.054  -35.076 0.2500000000
98812  24.846  25.391  -35.716 0.2500000000
98833  23.330  24.955  -38.899 0.5000000000
98007  23.504  24.411  -39.421 0.5000000000
99584  24.648  26.641  -36.484 0.1250000000
149717  23.340  27.641  -38.742 0.2500000000
99616  24.376  26.191  -39.343 0.2500000000
98870  23.836  24.635  -40.383 0.3750000000
98854  24.871  25.115  -39.771 0.2500000000
101064  23.974  28.923  -38.136 0.1250000000
82016  19.776  6.270  -30.895 0.3750000000
81075  21.246  5.623  -32.517 0.7500000000
81093  22.083  6.029  -33.955 1.0000000000
82043  22.427  6.633  -34.767 1.0000000000
136398  21.401  7.263  -33.284 1.0000000000
82060  23.135  7.281  -35.864 1.0000000000
82993  23.627  8.123  -36.152 1.0000000000
83960  23.801  9.147  -35.723 1.0000000000
83931  21.628  9.354  -33.768 1.0000000000
84875  20.121  9.322  -32.036 1.0000000000
83971  24.057  8.715  -36.250 1.0000000000
133961  24.753  8.602  -37.188 1.0000000000
127845  15.321  8.980  -25.124 0.3750000000
84807  15.612  9.178  -25.780 0.5000000000
85797  19.368  10.065  -30.766 1.0000000000
84929  23.801  10.099  -35.643 1.0000000000
84905  22.084  10.019  -34.273 1.0000000000
149101  21.270  9.567  -33.431 1.0000000000
84889  21.678  10.434  -33.951 1.0000000000
132738  22.919  10.848  -34.792 1.0000000000
85754  15.794  9.829  -26.258 0.6250000000
86720  15.430  10.845  -25.906 0.6250000000
85776  17.376  10.351  -28.066 1.0000000000
86738  17.467  11.384  -28.142 1.0000000000
85821  20.765  10.895  -33.149 1.0000000000
85798  19.134  10.633  -30.132 1.0000000000
85864  23.119  11.411  -34.842 1.0000000000
86838  24.797  11.738  -35.194 0.8750000000
85860  25.881  10.323  -35.290 0.8750000000
126246  17.020  11.711  -27.491 1.0000000000
86774  19.133  11.743  -30.388 1.0000000000
88761  23.485  13.059  -34.927 1.0000000000
86820  21.947  12.083  -34.038 1.0000000000
86790  19.744  11.664  -31.936 1.0000000000
138422  20.836  12.594  -33.228 1.0000000000
86831  25.449  12.120  -34.837 0.8750000000
87737  19.207  13.020  -30.619 1.0000000000
87706  18.313  12.544  -28.915 1.0000000000
87736  19.552  12.443  -31.527 1.0000000000
87785  21.742  13.233  -33.717 1.0000000000
87770  20.682  13.335  -32.937 1.0000000000
88742  23.412  13.476  -34.886 1.0000000000
88760  23.970  13.232  -35.010 1.0000000000
124202  16.742  13.185  -26.299 0.6250000000
88661  18.244  13.460  -28.569 1.0000000000
88670  18.564  13.772  -29.272 1.0000000000
128288  18.745  13.144  -29.773 1.0000000000
89638  18.860  14.491  -29.795 1.0000000000
89653  19.889  14.749  -31.553 1.0000000000
88683  19.486  14.110  -31.214 1.0000000000
89673  21.591  14.262  -33.345 1.0000000000
88712  20.456  13.899  -32.548 1.0000000000
91553  19.568  16.357  -30.015 0.7500000000
90624  19.635  15.923  -30.534 1.0000000000
90609  19.129  15.906  -29.666 0.7500000000
90649  20.334  15.049  -31.801 1.0000000000
89626  18.547  14.615  -28.887 1.0000000000
145551  19.400  15.544  -30.412 1.0000000000
90658  21.582  14.626  -33.178 1.0000000000
91580  20.431  15.989  -31.475 1.0000000000
91587  21.270  15.241  -32.585 1.0000000000
90647  21.228  14.944  -32.635 1.0000000000
90638  20.426  15.496  -31.678 1.0000000000
143321  23.308  14.944  -34.011 1.0000000000
92497  21.573  15.810  -32.514 1.0000000000
92505  23.673  16.844  -33.133 1.0000000000
93399  23.922  18.049  -33.103 1.0000000000
97116  25.062  22.492  -32.177 0.1250000000
97107  24.439  22.141  -31.528 0.1250000000
98809  25.516  24.269  -34.271 0.2500000000
140575  23.810  22.940  -33.515 0.3750000000
97976  23.273  23.054  -34.114 0.5000000000
97993  22.999  23.470  -36.223 0.7500000000
100372  24.089  27.498  -39.043 0.2500000000
99633  23.994  25.415  -40.087 0.2500000000
81065  19.505  5.504  -30.487 0.2500000000
81053  19.175  5.448  -30.007 0.1250000000
81102  22.748  5.908  -35.437 1.0000000000
133539  18.488  15.422  -28.203 0.5000000000
124332  17.448  13.989  -26.407 0.6250000000
89617  18.143  14.601  -28.014 0.7500000000
136618  18.234  14.278  -28.247 0.8750000000
89616  18.261  14.971  -28.197 0.8750000000
139548  23.214  18.350  -31.585 1.0000000000
147262  24.101  18.720  -33.487 1.0000000000
93398  24.331  17.436  -33.417 1.0000000000
96145  24.308  21.996  -31.603 0.3750000000
96159  23.778  21.882  -34.196 0.7500000000
97125  23.060  22.584  -34.584 0.7500000000
97122  23.680  22.607  -33.768 0.5000000000
97143  22.685  22.894  -36.018 0.7500000000
98869  24.341  24.520  -40.366 0.2500000000
98035  24.682  23.619  -40.461 0.3750000000
76913  23.599  1.452  -33.454 0.7500000000
76934  25.381  1.816  -34.262 0.7500000000
76914  22.941  1.605  -32.938 0.7500000000
77985  23.175  2.188  -33.531 0.7500000000
78006  25.188  2.564  -34.878 0.7500000000
76936  23.933  1.969  -34.064 0.7500000000
78008  23.491  2.773  -34.273 0.7500000000
77986  22.742  2.984  -33.504 0.7500000000
79105  25.761  3.290  -35.143 0.7500000000
78024  24.637  3.076  -35.188 0.7500000000
78025  24.009  3.036  -34.928 0.7500000000
80114  22.160  4.604  -33.385 0.7500000000
80115  21.593  4.839  -32.654 0.6250000000
79106  23.459  3.499  -34.804 0.7500000000
80123  22.743  4.301  -34.404 0.8750000000
78004  26.399  3.545  -34.749 0.7500000000
78023  25.203  3.267  -35.352 0.7500000000
79139  25.108  4.173  -36.087 0.7500000000
80143  23.649  4.822  -35.916 0.8750000000
80133  22.927  4.992  -35.262 0.8750000000
146916  25.947  4.546  -35.622 0.7500000000
80132  25.655  4.373  -35.847 0.7500000000
81110  24.689  5.305  -36.227 0.8750000000
80144  23.234  5.443  -35.855 0.8750000000
81101  26.330  5.716  -35.794 0.7500000000
81109  25.011  5.702  -36.256 0.8750000000
81119  25.123  6.383  -36.702 0.8750000000
82978  27.104  7.366  -35.402 0.8750000000
82992  26.360  7.351  -36.730 0.8750000000
82058  26.819  7.313  -36.149 0.8750000000
145674  26.256  8.069  -37.132 0.8750000000
83919  27.187  8.873  -33.088 0.3750000000
83930  27.059  8.334  -33.950 0.6250000000
84914  27.126  9.025  -35.725 0.7500000000
83949  26.847  8.946  -36.453 0.7500000000
84872  27.935  9.530  -32.594 0.5000000000
84887  26.646  9.290  -33.789 0.5000000000
84903  26.528  9.869  -35.206 0.7500000000
85818  29.006  10.591  -31.895 0.1250000000
85819  28.204  10.514  -32.441 0.3750000000
85829  26.482  10.145  -33.580 0.6250000000
84888  26.277  9.916  -34.315 0.6250000000
85845  25.884  10.672  -34.557 0.6250000000
86785  30.213  11.196  -30.812 0.1250000000
127869  29.120  11.253  -31.796 0.1250000000
126500  28.427  11.367  -32.287 0.1250000000
86802  28.779  12.126  -32.016 0.1250000000
86818  26.797  12.230  -33.992 0.6250000000
86830  26.119  12.467  -34.637 0.7500000000
145466  29.387  12.314  -31.572 0.1250000000
87765  29.031  13.002  -31.997 0.1250000000
87766  28.272  13.117  -32.669 0.1250000000
87782  27.667  13.278  -33.581 0.5000000000
143353  27.103  12.943  -34.535 0.6250000000
87798  27.103  13.609  -34.797 0.7500000000
135613  29.937  12.130  -31.036 0.1250000000
88723  27.518  14.002  -34.208 0.5000000000
88724  27.255  13.959  -34.686 0.6250000000
88740  26.666  13.707  -34.788 0.7500000000
93370  21.411  18.920  -30.071 0.6250000000
94221  21.873  19.867  -30.068 0.5000000000
94231  23.018  19.234  -31.108 0.7500000000
150605  27.691  14.882  -34.435 0.6250000000
134912  26.920  14.867  -34.892 0.6250000000
134765  26.367  14.615  -34.613 0.8750000000
90654  28.093  15.628  -34.457 0.5000000000
90666  27.638  15.545  -34.695 0.6250000000
90667  27.347  15.357  -34.756 0.7500000000
90668  26.824  15.134  -34.764 0.8750000000
91593  25.008  15.856  -34.124 0.8750000000
92503  25.369  16.754  -34.106 0.8750000000
137153  26.969  15.834  -34.809 0.7500000000
91606  26.977  16.207  -34.789 0.8750000000
91607  25.905  16.006  -34.485 0.8750000000
92516  26.303  17.005  -34.543 0.8750000000
93409  26.645  17.978  -34.664 0.8750000000
140203  28.828  16.144  -33.477 0.3750000000
91604  28.013  16.157  -34.841 0.5000000000
91605  27.627  15.991  -34.822 0.6250000000
92502  29.265  17.054  -33.759 0.2500000000
91592  28.558  16.468  -34.504 0.3750000000
91603  28.329  16.696  -34.899 0.5000000000
134089  23.263  20.120  -31.413 0.6250000000
95197  23.978  20.155  -32.852 0.7500000000
94236  23.642  19.407  -31.978 0.8750000000
94245  23.946  19.119  -33.059 0.8750000000
93397  24.902  17.402  -33.739 0.8750000000
94256  26.096  18.879  -34.598 0.7500000000
135227  27.656  16.597  -34.943 0.6250000000
92512  28.930  17.233  -34.750 0.5000000000
92522  28.078  17.931  -35.526 0.7500000000
95195  23.907  20.698  -31.917 0.6250000000
129954  24.023  20.015  -33.766 0.8750000000
94258  24.105  19.251  -33.836 0.8750000000
139758  24.437  19.325  -34.240 0.8750000000
95223  24.787  20.645  -35.336 0.7500000000
94257  25.126  19.067  -34.367 0.8750000000
93421  27.064  18.796  -34.896 0.7500000000
92514  27.936  17.267  -35.239 0.5000000000
93407  29.375  18.005  -35.030 0.2500000000
92520  28.857  17.631  -35.345 0.5000000000
92513  28.416  17.171  -35.157 0.5000000000
92511  29.684  17.820  -34.071 0.2500000000
95194  24.274  21.041  -32.746 0.5000000000
96163  23.228  21.909  -35.027 0.6250000000
95225  23.572  21.462  -35.186 0.7500000000
95224  24.023  20.719  -35.016 0.7500000000
96172  23.903  21.596  -35.701 0.7500000000
145061  25.372  21.589  -35.989 0.7500000000
95222  25.990  20.591  -35.454 0.7500000000
94269  26.534  19.674  -35.054 0.7500000000
95221  27.061  20.376  -35.542 0.7500000000
94268  28.317  19.332  -35.751 0.5000000000
130414  27.474  19.515  -35.289 0.6250000000
93417  29.806  18.721  -35.496 0.2500000000
149057  29.397  18.691  -35.995 0.3750000000
94267  29.080  18.875  -36.174 0.3750000000
97129  23.065  22.388  -35.978 0.6250000000
96173  23.186  21.985  -35.504 0.7500000000
147495  25.100  22.543  -36.645 0.7500000000
137029  26.255  22.107  -36.620 0.7500000000
96186  27.183  21.555  -36.768 0.7500000000
95237  27.681  20.773  -36.210 0.6250000000
94281  28.812  19.679  -36.388 0.3750000000
95236  28.476  20.439  -36.664 0.3750000000
94265  30.490  19.525  -35.648 0.1250000000
94279  30.480  19.981  -36.527 0.1250000000
136948  29.344  19.542  -36.479 0.2500000000
96187  23.893  22.433  -36.324 0.6250000000
97154  24.848  23.175  -37.488 0.7500000000
97153  25.734  22.629  -37.416 0.6250000000
95249  27.965  21.069  -37.051 0.3750000000
95238  26.669  21.271  -36.030 0.7500000000
95247  29.547  20.274  -37.450 0.2500000000
128759  31.373  20.618  -37.306 0.1250000000
95234  30.827  20.282  -37.128 0.1250000000
94278  31.187  20.177  -35.794 0.1250000000
97142  23.256  23.066  -36.336 0.6250000000
97141  24.266  23.208  -36.823 0.6250000000
97158  25.674  22.309  -38.585 0.3750000000
138847  25.147  22.898  -38.244 0.3750000000
96197  26.608  21.977  -37.699 0.3750000000
141924  28.232  20.615  -38.722 0.2500000000
95262  27.903  21.060  -37.941 0.3750000000
96196  27.406  21.444  -37.490 0.3750000000
95259  30.296  20.158  -38.217 0.1250000000
95261  29.188  20.337  -38.491 0.3750000000
95248  28.715  20.625  -37.531 0.3750000000
130393  31.969  20.926  -36.702 0.1250000000
94287  30.258  20.105  -37.396 0.1250000000
97159  24.168  23.235  -39.975 0.3750000000
98005  24.005  23.684  -37.650 0.3750000000
96206  25.302  21.870  -39.862 0.3750000000
95263  26.628  20.863  -39.445 0.3750000000
96205  26.159  21.569  -39.037 0.3750000000
95283  27.281  20.298  -39.834 0.3750000000
149994  27.470  20.833  -38.845 0.3750000000
96204  27.096  21.345  -38.375 0.3750000000
95279  31.015  20.737  -40.056 0.1250000000
94297  29.183  20.081  -39.352 0.2500000000
95245  31.392  20.782  -38.159 0.1250000000
97185  25.091  22.070  -40.784 0.2500000000
95297  25.624  20.558  -41.034 0.2500000000
96222  25.296  21.490  -40.796 0.3750000000
97170  24.847  22.460  -40.435 0.3750000000
94320  26.792  19.429  -41.642 0.1250000000
136128  26.169  20.266  -40.522 0.3750000000
95284  25.716  21.024  -40.205 0.3750000000
94311  27.568  19.752  -40.666 0.1250000000
95295  26.621  19.764  -40.854 0.2500000000
137709  29.581  19.875  -41.455 0.1250000000
95282  28.421  20.192  -39.622 0.1250000000
97186  24.440  23.281  -40.348 0.3750000000
96238  25.531  21.010  -41.193 0.2500000000
94321  26.340  19.611  -41.868 0.1250000000
96251  26.788  20.307  -42.147 0.1250000000
94332  26.948  19.454  -42.350 0.1250000000
95319  27.148  19.683  -42.618 0.1250000000
95292  30.869  20.790  -41.575 0.1250000000
95317  29.150  19.845  -43.139 0.1250000000
97198  28.375  21.697  -41.899 0.1250000000
95327  28.828  19.996  -43.471 0.1250000000
96264  28.293  20.357  -43.179 0.1250000000
95304  30.582  20.786  -42.598 0.1250000000
96249  31.435  21.278  -42.010 0.1250000000
142491  24.242  5.594  -36.258 0.8750000000
89658  28.015  14.816  -33.918 0.6250000000
135805  26.412  15.417  -34.614 0.8750000000
139829  24.111  20.945  -33.608 0.6250000000
95208  24.085  19.997  -34.392 0.8750000000
94271  24.595  19.931  -34.693 0.8750000000
94270  25.475  19.786  -34.929 0.7500000000
92521  28.498  17.720  -35.532 0.5000000000
93419  28.558  18.378  -35.701 0.5000000000
93420  27.861  18.640  -35.376 0.7500000000
93418  29.084  18.205  -35.743 0.5000000000
95294  29.558  20.013  -40.551 0.1250000000
95309  25.901  20.274  -41.392 0.2500000000
95318  27.751  19.745  -43.161 0.1250000000
143015  29.827  20.382  -43.032 0.1250000000
86804  27.426  11.540  -33.056 0.5000000000
128692  26.610  11.117  -33.592 0.6250000000
89657  28.329  14.657  -33.140 0.3750000000
90646  28.346  15.308  -33.682 0.3750000000
93408  27.480  17.939  -35.167 0.7500000000
94319  27.856  19.459  -41.486 0.1250000000
91586  29.622  16.945  -32.642 0.1250000000
128046  24.480  0.516  -33.512 0.7500000000
136322  23.844  0.713  -33.323 0.7500000000
76911  25.588  1.110  -33.780 0.7500000000
76935  24.701  1.858  -34.303 0.7500000000
77984  26.391  2.105  -33.819 0.7500000000
79087  21.931  4.083  -32.768 0.6250000000
79107  22.967  3.459  -34.092 0.7500000000
79104  26.902  3.150  -34.017 0.6250000000
80122  26.603  4.350  -34.828 0.7500000000
80130  26.846  5.054  -34.801 0.6250000000
81100  26.793  5.715  -35.182 0.6250000000
82971  27.242  7.424  -34.479 0.5000000000
83929  27.588  8.052  -32.939 0.3750000000
146364  27.961  8.638  -32.503 0.1250000000
132479  28.825  9.766  -31.986 0.1250000000
85808  29.597  10.787  -31.398 0.1250000000
87746  31.094  12.885  -30.387 0.1250000000
87747  30.355  12.903  -30.753 0.1250000000
88691  30.144  13.771  -31.056 0.1250000000
93369  22.108  19.187  -30.547 0.3750000000
88692  29.455  13.795  -31.840 0.1250000000
90645  28.794  15.393  -32.694 0.2500000000
95187  23.419  20.797  -30.926 0.5000000000
93396  30.430  18.378  -33.461 0.1250000000
92501  29.987  17.687  -33.049 0.2500000000
94244  30.827  19.043  -33.832 0.1250000000
96155  24.374  21.757  -32.248 0.3750000000
125377  31.886  20.694  -35.927 0.1250000000
95244  32.005  21.173  -37.466 0.1250000000
95232  32.600  21.275  -36.940 0.1250000000
96221  31.531  21.091  -39.568 0.1250000000
96234  32.258  21.736  -40.535 0.1250000000
97169  26.169  22.515  -40.662 0.2500000000
97183  26.697  21.890  -41.100 0.1250000000
97168  27.476  22.595  -40.415 0.1250000000
95326  29.367  20.456  -43.399 0.1250000000
129731  32.036  21.798  -42.318 0.1250000000
95316  30.165  20.897  -43.440 0.1250000000
84926  26.132  9.574  -36.640 0.7500000000
89687  25.840  14.165  -34.618 0.7500000000
144246  26.964  14.247  -34.940 0.7500000000
92478  20.629  17.557  -29.805 0.3750000000
82068  25.243  7.179  -37.214 0.8750000000
149328  22.553  4.993  -34.621 0.8750000000
81112  23.273  6.250  -36.033 0.8750000000
146943  26.921  9.490  -35.545 0.7500000000
86819  26.132  11.710  -34.167 0.6250000000
90669  25.863  14.788  -34.453 0.8750000000
93411  24.571  18.430  -33.781 0.8750000000
93410  25.570  17.945  -34.243 0.8750000000
98023  23.700  23.896  -39.606 0.3750000000
98037  23.762  24.094  -40.362 0.3750000000
98868  25.395  24.168  -40.067 0.1250000000
98034  25.759  23.280  -40.330 0.2500000000
136941  24.283  1.288  -33.726 0.7500000000
76933  25.917  1.742  -34.048 0.7500000000
78005  26.094  2.542  -34.468 0.7500000000
134056  22.386  2.402  -32.776 0.7500000000
78007  24.317  2.480  -34.706 0.7500000000
79125  24.837  3.603  -35.729 0.7500000000
79086  22.445  3.785  -33.478 0.7500000000
79140  24.319  4.201  -35.979 0.8750000000
79123  26.057  4.072  -35.416 0.7500000000
142746  24.757  4.679  -36.202 0.8750000000
80142  24.259  4.966  -36.207 0.8750000000
80140  25.849  5.022  -35.819 0.7500000000
80131  26.321  4.892  -35.375 0.7500000000
82050  26.792  6.515  -35.650 0.7500000000
82042  27.102  6.556  -34.849 0.6250000000
83948  27.116  8.152  -35.970 0.7500000000
83939  27.193  8.256  -35.092 0.6250000000
84902  26.863  9.174  -34.842 0.7500000000
84873  26.946  9.618  -33.131 0.5000000000
85820  27.217  10.418  -32.981 0.3750000000
86786  29.524  11.588  -31.444 0.1250000000
86803  27.865  12.370  -32.787 0.5000000000
86817  27.324  12.643  -33.806 0.5000000000
87748  29.676  12.961  -31.363 0.1250000000
88707  28.618  13.854  -32.519 0.1250000000
87783  27.290  13.437  -34.417 0.6250000000
88708  28.004  13.959  -33.428 0.1250000000
88739  27.259  14.298  -34.738 0.6250000000
89685  27.366  14.873  -34.710 0.6250000000
92515  27.218  17.144  -34.918 0.7500000000
124958  28.029  16.597  -35.012 0.5000000000
95209  23.862  20.975  -34.569 0.6250000000
132567  30.109  18.547  -34.417 0.1250000000
132599  27.800  20.067  -35.689 0.6250000000
94282  28.262  20.088  -36.092 0.3750000000
94266  29.763  19.242  -36.235 0.3750000000
94280  29.794  19.905  -36.810 0.3750000000
141085  29.850  20.152  -38.043 0.2500000000
95246  30.828  20.308  -37.782 0.1250000000
95233  31.283  20.425  -36.572 0.1250000000
98022  24.304  23.465  -38.707 0.3750000000
126475  30.776  20.356  -38.446 0.1250000000
136441  30.304  20.242  -38.972 0.1250000000
95260  29.753  20.137  -38.752 0.1250000000
135748  24.854  22.710  -39.401 0.3750000000
95296  26.069  19.855  -41.384 0.3750000000
95258  31.049  20.595  -39.124 0.1250000000
95280  30.317  20.341  -39.838 0.1250000000
95293  30.358  20.414  -40.893 0.1250000000
144197  31.111  20.891  -40.747 0.1250000000
95281  29.617  20.129  -39.595 0.1250000000
94318  28.728  19.820  -40.378 0.1250000000
96195  32.070  21.379  -38.144 0.1250000000
96203  31.766  21.248  -38.858 0.1250000000
97184  25.524  21.777  -41.056 0.2500000000
98046  25.052  22.652  -40.678 0.2500000000
96252  26.045  20.260  -41.587 0.2500000000
95305  29.948  20.172  -42.194 0.1250000000
140961  28.842  19.533  -41.397 0.1250000000
96237  26.157  21.025  -41.458 0.1250000000
96236  27.299  21.326  -41.680 0.1250000000
96250  27.810  20.810  -42.419 0.1250000000
94339  28.375  19.478  -42.976 0.1250000000
140636  31.585  21.294  -41.065 0.1250000000
94330  28.144  19.348  -42.261 0.1250000000
134591  27.957  22.162  -41.128 0.1250000000
74868  24.052  0.043  -33.136 0.7500000000
76912  24.946  1.167  -33.824 0.7500000000
75887  25.178  0.371  -33.595 0.7500000000
75888  23.344  0.994  -32.943 0.7500000000
79071  21.656  3.635  -32.355 0.5000000000
79070  22.153  3.319  -32.821 0.6250000000
82033  27.395  6.632  -33.971 0.5000000000
89645  30.016  14.527  -31.566 0.1250000000
89646  28.999  14.611  -32.151 0.1250000000
94255  30.596  19.246  -34.711 0.1250000000
96220  32.259  21.600  -39.581 0.1250000000
75874  23.347  0.214  -32.732 0.7500000000
76901  21.664  2.032  -32.043 0.5000000000
74866  25.432  -0.346  -33.358 0.6250000000
74865  25.981  0.326  -33.417 0.6250000000
76909  26.879  1.543  -32.701 0.3750000000
76910  26.303  1.311  -33.496 0.6250000000
77949  27.683  2.839  -31.929 0.2500000000
77967  27.177  2.337  -32.725 0.3750000000
82970  27.480  7.408  -33.546 0.3750000000
139900  22.521  20.138  -30.713 0.3750000000
97121  24.157  22.521  -33.002 0.2500000000
129464  27.234  4.728  -34.109 0.5000000000
76898  27.224  1.003  -32.091 0.5000000000
76899  26.661  0.698  -32.810 0.6250000000
81091  27.230  5.722  -34.301 0.5000000000
73892  25.332  -1.548  -32.877 0.6250000000
76889  20.916  1.508  -31.420 0.3750000000
75875  22.441  0.177  -32.204 0.3750000000
73906  25.135  -0.909  -33.135 0.6250000000
74867  24.654  -0.366  -33.268 0.6250000000
74833  28.004  -0.474  -30.966 0.3750000000
75872  27.084  0.112  -32.235 0.5000000000
142866  26.249  -0.776  -32.923 0.6250000000
76887  28.018  1.282  -30.786 0.3750000000
132910  27.787  2.094  -31.254 0.2500000000
80101  21.089  5.004  -31.940 0.3750000000
79069  27.545  3.181  -33.058 0.2500000000
80113  27.955  4.774  -33.225 0.3750000000
135134  27.620  6.032  -33.561 0.2500000000
82032  27.746  6.655  -33.158 0.2500000000
133343  15.764  8.385  -22.566 0.1250000000
141178  15.173  13.345  -23.465 0.2500000000
82960  28.388  7.788  -32.134 0.2500000000
89608  17.973  14.749  -26.696 0.3750000000
96146  23.941  21.585  -31.302 0.2500000000
141184  14.996  10.253  -21.530 0.1250000000
84785  15.588  8.630  -24.437 0.2500000000
127849  20.401  5.012  -31.410 0.2500000000
135596  26.970  3.915  -34.330 0.5000000000
126493  22.732  0.943  -32.509 0.5000000000
76900  22.329  1.617  -32.419 0.5000000000
149618  26.692  1.974  -33.225 0.5000000000
147009  26.575  2.575  -33.975 0.5000000000
82961  27.838  7.329  -32.786 0.2500000000
77968  21.641  2.937  -32.223 0.3750000000
80084  20.799  4.343  -31.544 0.2500000000
79054  21.188  3.588  -31.738 0.3750000000
148434  27.628  5.393  -33.601 0.2500000000
75873  26.479  -0.136  -32.881 0.6250000000
77950  27.390  1.866  -32.020 0.2500000000
76888  27.606  1.336  -31.483 0.2500000000
77930  28.170  2.855  -31.050 0.2500000000
136534  27.465  3.946  -33.643 0.3750000000
75860  27.661  0.424  -31.351 0.3750000000
75876  21.861  1.003  -31.874 0.3750000000
73907  24.599  -1.268  -32.878 0.6250000000
74834  27.452  -0.636  -31.723 0.3750000000
74848  26.788  -0.707  -32.442 0.5000000000
80099  27.929  4.020  -32.947 0.2500000000
81082  28.123  5.777  -32.876 0.2500000000
84773  16.223  8.399  -23.549 0.1250000000
138110  24.038  -2.512  -32.315 0.5000000000
73877  27.614  -1.554  -31.619 0.2500000000
72829  26.763  -2.750  -32.127 0.3750000000
147772  26.322  -2.319  -32.450 0.5000000000
72843  24.768  -2.182  -32.607 0.5000000000
72844  23.436  -2.836  -31.870 0.3750000000
72845  22.467  -1.771  -31.905 0.5000000000
73893  23.942  -1.750  -32.567 0.5000000000
74852  22.918  -0.591  -32.355 0.3750000000
74851  23.831  -0.750  -32.772 0.5000000000
71802  22.032  -3.632  -30.747 0.1250000000
74835  22.099  -0.576  -31.932 0.2500000000
129153  23.248  -5.455  -30.786 0.1250000000
70851  23.288  -4.136  -31.357 0.2500000000
71821  24.518  -3.580  -31.905 0.3750000000
72828  27.493  -2.425  -31.724 0.2500000000
71820  25.406  -3.450  -32.066 0.3750000000
71836  25.288  -2.761  -32.423 0.5000000000
70833  22.210  -4.389  -30.540 0.1250000000
131562  23.714  -3.523  -31.710 0.3750000000
71823  21.853  -2.870  -31.030 0.1250000000
73880  21.082  -1.197  -31.123 0.1250000000
90644  29.473  16.145  -32.185 0.1250000000
73891  26.279  -1.508  -32.660 0.3750000000
72842  25.643  -2.247  -32.628 0.5000000000
75861  21.598  0.059  -31.722 0.2500000000
75862  20.962  0.582  -31.320 0.2500000000
73865  28.337  -1.361  -30.887 0.2500000000
71837  24.688  -2.926  -32.254 0.5000000000
132809  23.286  -2.157  -32.151 0.5000000000
73878  26.966  -2.005  -32.199 0.3750000000
72830  25.972  -2.880  -32.379 0.3750000000
71838  24.118  -3.041  -31.993 0.3750000000
72831  22.537  -2.522  -31.660 0.2500000000
73879  21.780  -1.261  -31.711 0.1250000000
73895  22.500  -1.134  -32.061 0.1250000000
73894  23.185  -1.384  -32.318 0.5000000000
70852  22.620  -4.052  -31.043 0.1250000000
70834  21.555  -3.969  -30.063 0.1250000000
71822  22.754  -3.384  -31.408 0.2500000000
129016  22.484  -5.175  -30.397 0.1250000000
70832  22.913  -4.690  -30.926 0.1250000000
70850  24.105  -4.247  -31.597 0.3750000000
71819  26.399  -3.428  -31.885 0.2500000000
72832  21.568  -2.003  -31.311 0.1250000000
69801  24.399  -4.994  -31.383 0.2500000000
70848  25.953  -4.129  -31.584 0.2500000000
71818  27.304  -3.192  -31.582 0.2500000000
69802  23.660  -4.885  -31.248 0.1250000000
70849  25.016  -4.364  -31.672 0.2500000000
69800  24.997  -5.079  -31.305 0.1250000000
79055  20.287  3.594  -31.071 0.1250000000
93371  21.037  18.192  -29.828 0.1250000000
93355  21.214  19.124  -29.534 0.1250000000
94212  21.160  19.378  -28.652 0.1250000000
94211  21.369  19.749  -29.003 0.1250000000
95178  21.971  20.552  -29.540 0.1250000000
94199  21.416  20.011  -28.318 0.1250000000
95169  21.651  20.385  -29.110 0.1250000000
96137  23.504  21.527  -30.412 0.1250000000
92461  20.520  17.871  -29.168 0.1250000000
95168  21.913  20.947  -28.949 0.1250000000
95167  22.389  21.178  -29.306 0.1250000000
95148  22.021  21.056  -27.809 0.1250000000
92462  20.070  17.239  -29.057 0.1250000000
124204  15.963  13.709  -24.166 0.1250000000
77952  19.968  2.698  -30.813 0.1250000000
89607  18.210  15.069  -28.016 0.1250000000
92447  20.484  17.980  -28.710 0.1250000000
93343  20.826  18.753  -28.648 0.1250000000
94192  21.218  19.637  -27.364 0.1250000000
95135  21.794  20.634  -27.214 0.1250000000
150158  22.571  21.419  -28.515 0.1250000000
96127  22.864  21.507  -29.158 0.1250000000
137964  19.671  16.737  -29.325 0.1250000000
81064  20.069  5.594  -31.147 0.1250000000
80085  19.772  4.921  -30.771 0.1250000000
80100  21.416  4.264  -32.134 0.1250000000
148721  22.224  20.371  -30.085 0.1250000000
95177  22.749  20.839  -30.044 0.1250000000
77951  20.840  2.617  -31.462 0.1250000000
76890  20.069  1.854  -30.874 0.1250000000
147630  20.180  4.431  -31.042 0.1250000000
79042  19.385  3.178  -30.423 0.1250000000
93356  20.929  18.720  -29.246 0.1250000000
95149  21.665  20.638  -27.998 0.1250000000
94191  21.458  20.074  -27.591 0.1250000000
96128  22.278  21.290  -28.744 0.1250000000
95156  21.949  21.048  -28.408 0.1250000000
96112  22.760  21.458  -27.907 0.1250000000
75850  28.355  0.297  -30.355 0.1250000000
76873  28.624  1.344  -30.028 0.1250000000
134898  28.324  2.145  -30.525 0.1250000000
79041  28.553  3.428  -30.880 0.1250000000
79068  28.097  3.698  -32.301 0.1250000000
145428  28.534  4.102  -31.837 0.1250000000
80098  28.416  4.532  -32.441 0.1250000000
81052  29.493  5.314  -30.752 0.1250000000
81062  29.161  5.402  -31.343 0.1250000000
81063  28.708  5.392  -32.147 0.1250000000
82014  29.458  6.864  -31.316 0.1250000000
81074  28.641  6.175  -32.214 0.1250000000
82013  30.023  6.967  -30.686 0.1250000000
147404  29.159  7.497  -31.607 0.1250000000
71801  27.910  -3.480  -30.856 0.1250000000
72815  28.062  -2.806  -31.263 0.1250000000
72814  28.626  -2.309  -30.875 0.1250000000
137960  28.930  -1.067  -30.328 0.1250000000
75849  29.129  0.529  -29.645 0.1250000000
74822  29.006  -0.400  -29.930 0.1250000000
79027  29.278  3.091  -29.869 0.1250000000
150352  29.208  4.273  -30.530 0.1250000000
79053  28.775  4.084  -31.104 0.1250000000
80070  29.577  4.787  -30.339 0.1250000000
82004  30.277  6.290  -30.161 0.1250000000
82950  29.209  8.257  -31.590 0.1250000000
148082  30.054  8.155  -30.796 0.1250000000
82936  30.296  7.756  -30.528 0.1250000000
83918  28.640  8.865  -32.032 0.1250000000
82024  28.271  6.764  -32.494 0.1250000000
138747  28.680  2.924  -30.411 0.1250000000
72827  28.047  -2.102  -31.285 0.1250000000
73864  29.162  -1.769  -30.516 0.1250000000
70829  26.918  -3.980  -31.167 0.1250000000
77929  28.971  2.246  -29.932 0.1250000000
79040  28.999  3.649  -30.428 0.1250000000
80083  28.810  4.715  -31.651 0.1250000000
81073  29.093  6.123  -31.634 0.1250000000
80082  29.157  4.776  -30.947 0.1250000000
82005  29.651  6.068  -30.893 0.1250000000
82949  29.736  7.716  -31.094 0.1250000000
141989  30.581  7.139  -30.022 0.1250000000
71787  28.213  -3.808  -30.238 0.1250000000
146112  28.666  -3.025  -30.790 0.1250000000
76872  29.392  1.496  -29.509 0.1250000000
72813  29.396  -2.616  -30.489 0.1250000000
74823  28.524  -0.596  -30.459 0.1250000000
74849  25.983  -0.415  -33.235 0.6250000000
74850  25.718  -0.938  -33.083 0.6250000000
79124  25.486  3.769  -35.671 0.7500000000
79126  24.124  3.522  -35.443 0.7500000000
79127  23.499  4.162  -35.378 0.8750000000
80141  25.274  4.949  -36.169 0.8750000000
81092  22.417  5.602  -34.719 1.0000000000
81108  25.631  5.855  -36.171 0.8750000000
81111  23.849  6.138  -36.505 0.8750000000
81118  25.790  6.760  -36.744 0.8750000000
81120  24.476  6.135  -36.498 0.8750000000
82023  28.844  6.863  -31.878 0.1250000000
82051  26.316  6.552  -36.225 0.7500000000
82069  24.469  7.054  -37.187 0.8750000000
82070  23.930  6.746  -36.924 1.0000000000
82994  23.237  8.030  -35.464 1.0000000000
83003  25.073  7.975  -37.456 1.0000000000
83957  26.761  8.078  -36.680 0.8750000000
83958  26.244  8.796  -36.966 0.8750000000
83969  25.504  8.580  -37.234 1.0000000000
83970  24.292  8.743  -36.774 1.0000000000
84742  14.128  9.899  -21.656 0.3750000000
84759  14.261  9.278  -22.662 0.2500000000
84775  14.175  9.210  -23.588 0.3750000000
84794  14.437  9.455  -24.687 0.5000000000
84808  14.901  9.401  -25.236 0.5000000000
84815  16.304  8.968  -26.414 0.5000000000
84904  22.529  10.511  -34.579 1.0000000000
84918  22.918  10.159  -34.887 1.0000000000
84928  24.420  9.890  -35.892 1.0000000000
85722  13.608  9.888  -23.158 0.3750000000
85734  13.936  10.212  -24.343 0.5000000000
85765  16.367  9.804  -26.902 0.6250000000
85830  26.057  10.677  -33.954 0.6250000000
85831  21.923  11.347  -34.133 1.0000000000
85847  22.642  11.267  -34.577 1.0000000000
85863  23.601  11.380  -35.277 1.0000000000
85878  23.938  10.743  -35.684 1.0000000000
86729  16.611  10.860  -27.184 1.0000000000
86755  18.831  11.194  -29.678 1.0000000000
86805  21.507  12.530  -33.677 1.0000000000
86806  20.344  11.525  -32.657 1.0000000000
86829  26.749  12.751  -34.619 0.6250000000
86832  22.775  11.961  -34.562 1.0000000000
87769  21.041  13.070  -33.304 1.0000000000
87801  22.804  12.621  -34.611 1.0000000000
87802  22.262  13.129  -34.172 1.0000000000
87813  25.087  13.181  -34.936 1.0000000000
87816  23.341  12.656  -34.891 1.0000000000
88698  19.942  14.101  -31.981 1.0000000000
88711  21.045  13.844  -33.063 1.0000000000
88725  21.847  13.661  -33.709 1.0000000000
88759  24.679  13.456  -34.930 1.0000000000
89660  20.827  14.427  -32.585 1.0000000000
89661  20.236  14.459  -32.083 1.0000000000
89671  27.415  14.523  -34.650 0.6250000000
89672  22.040  14.204  -33.699 1.0000000000
89674  21.321  14.039  -33.206 1.0000000000
89686  26.600  14.264  -34.750 0.7500000000
89689  23.430  13.886  -34.807 1.0000000000
89708  24.078  13.698  -35.010 1.0000000000
90625  18.966  15.197  -29.739 1.0000000000
90639  20.052  15.698  -31.169 1.0000000000
90648  20.853  14.961  -32.283 1.0000000000
90671  23.586  14.249  -34.677 1.0000000000
91588  20.797  15.406  -32.106 1.0000000000
93324  20.375  18.229  -26.162 0.1250000000
93380  21.837  18.139  -30.633 0.8750000000
94222  21.526  19.810  -29.529 0.1250000000
94331  27.627  19.380  -42.777 0.1250000000
94340  27.958  19.563  -43.209 0.1250000000
94341  27.497  19.502  -42.871 0.1250000000
94348  28.491  19.748  -43.325 0.1250000000
95157  21.652  20.533  -28.634 0.1250000000
95235  29.148  20.127  -36.849 0.3750000000
95306  29.053  19.565  -42.293 0.1250000000
95307  26.416  19.710  -42.036 0.1250000000
95308  26.110  19.863  -41.650 0.2500000000
95328  28.361  19.874  -43.383 0.1250000000
96100  22.417  21.276  -27.596 0.1250000000
96113  22.287  21.318  -28.192 0.1250000000
96235  31.634  21.223  -40.248 0.1250000000
96265  27.490  20.085  -42.872 0.1250000000
97130  22.799  22.664  -35.546 0.7500000000
97131  22.582  23.057  -35.889 0.7500000000
97983  23.922  23.950  -35.333 0.2500000000
97985  22.651  23.270  -35.697 0.6250000000
97986  22.626  23.236  -35.932 0.7500000000
98024  23.521  24.222  -40.054 0.5000000000
98036  23.795  23.775  -40.180 0.3750000000
98815  22.905  23.716  -35.966 0.5000000000
98855  23.481  24.838  -39.729 0.3750000000
98871  23.623  24.557  -40.195 0.3750000000
99601  23.404  27.019  -38.531 0.2500000000
99618  23.561  25.720  -39.280 0.3750000000
100357  24.205  28.044  -37.589 0.1250000000
100363  23.523  28.081  -38.522 0.2500000000
100373  23.524  27.760  -38.884 0.2500000000
124201  15.138  11.927  -25.192 0.6250000000
124278  16.823  13.697  -25.637 0.3750000000
130158  19.633  13.479  -31.593 1.0000000000
131081  23.757  5.486  -36.184 0.8750000000
131645  23.051  21.375  -29.686 0.1250000000
134310  28.300  3.515  -31.515 0.1250000000
134492  23.767  7.602  -37.081 1.0000000000
134653  26.898  2.544  -33.484 0.5000000000
135895  24.773  7.576  -37.382 1.0000000000
137267  27.362  19.300  -42.220 0.1250000000
141179  13.563  11.062  -22.770 0.3750000000
141215  14.087  10.873  -21.853 0.3750000000
141700  24.817  9.179  -36.603 1.0000000000
143284  24.091  24.021  -40.493 0.3750000000
143559  25.332  14.319  -34.640 1.0000000000
143652  14.830  10.745  -25.348 0.6250000000
143859  27.056  -1.291  -32.167 0.2500000000
147030  28.374  5.102  -32.706 0.1250000000
147164  24.547  22.021  -36.204 0.7500000000
148877  31.211  19.542  -34.156 0.1250000000
149185  18.381  14.031  -28.636 1.0000000000
149787  14.935  8.710  -22.654 0.1250000000
150204  27.860  -1.001  -31.293 0.2500000000
