#!ascii label  , from subject sub-LJ002 vox2ras=TkReg
1858
45308  46.222  -29.049  -31.181 0.6000000238
44035  46.948  -30.219  -30.024 0.5000000000
46430  44.724  -27.422  -31.570 0.6999999881
47499  44.687  -26.827  -32.913 0.6000000238
47498  45.052  -26.574  -33.685 0.6000000238
48611  45.505  -25.693  -34.095 0.6000000238
133646  45.679  -28.638  -30.844 0.6999999881
46420  45.138  -28.064  -31.000 0.6000000238
46437  44.734  -27.473  -32.516 0.5000000000
46448  44.840  -27.387  -33.377 0.5000000000
46447  45.220  -27.872  -33.991 0.5000000000
47506  45.744  -26.391  -34.934 0.6000000238
48623  46.353  -25.430  -35.600 0.6000000238
45302  45.484  -28.422  -30.153 0.5000000000
44044  46.683  -29.509  -30.590 0.5000000000
45318  45.564  -28.640  -32.640 0.6000000238
47513  46.673  -25.901  -36.448 0.6000000238
41963  47.838  -31.189  -29.854 0.5000000000
41962  48.483  -31.668  -30.055 0.5000000000
143131  46.053  -24.396  -33.890 0.6000000238
49789  46.563  -24.093  -34.935 0.6999999881
144117  44.630  -26.515  -30.475 0.6000000238
47482  44.601  -26.616  -31.203 0.6999999881
49775  45.494  -24.980  -33.299 0.6000000238
49790  46.028  -24.848  -34.626 0.6000000238
132595  45.103  -27.840  -30.170 0.6000000238
46421  44.726  -27.252  -30.557 0.6999999881
45290  45.806  -28.855  -29.241 0.5000000000
45291  45.350  -28.052  -29.472 0.5000000000
48630  47.303  -25.194  -37.604 0.6000000238
139069  47.347  -30.740  -29.627 0.5000000000
48629  47.270  -24.489  -38.312 0.6000000238
41955  47.603  -31.141  -29.146 0.5000000000
48632  47.081  -24.458  -38.567 0.6000000238
138160  45.593  -24.675  -37.319 0.6999999881
146119  46.495  -24.775  -38.361 0.6000000238
48634  45.656  -25.502  -37.529 0.6999999881
47514  44.717  -26.443  -36.272 0.6000000238
139593  43.978  -27.991  -35.431 0.6000000238
46460  44.808  -27.418  -36.455 0.6000000238
46473  41.132  -27.319  -37.622 0.5000000000
47524  40.074  -26.246  -37.864 0.6999999881
46474  40.984  -27.174  -37.780 0.6000000238
46476  39.265  -26.732  -37.279 0.8000000119
49774  46.616  -23.824  -33.856 0.6000000238
48592  45.138  -25.296  -31.215 0.6999999881
48599  45.144  -25.187  -32.193 0.6999999881
49759  45.664  -24.636  -32.435 0.6000000238
48622  46.902  -24.470  -36.453 0.6999999881
139594  47.156  -23.626  -36.201 0.6999999881
47469  45.075  -26.575  -29.218 0.6000000238
48566  45.293  -25.616  -29.442 0.6000000238
50911  47.260  -22.986  -38.041 0.8000000119
141589  46.395  -27.531  -27.686 0.5000000000
47457  45.614  -26.865  -28.369 0.5000000000
50918  47.099  -23.140  -38.290 0.8000000119
49801  47.157  -23.755  -38.468 0.6000000238
44016  46.634  -29.205  -27.881 0.5000000000
45277  45.990  -28.724  -28.305 0.5000000000
50919  46.657  -23.283  -38.162 0.8000000119
145996  47.028  -23.743  -38.573 0.6000000238
41954  48.157  -31.690  -29.269 0.5000000000
49798  45.786  -23.780  -37.252 0.8000000119
49791  44.820  -24.415  -35.762 0.8000000119
49802  46.554  -24.097  -38.328 0.6999999881
49792  44.162  -25.197  -34.722 0.6999999881
47500  43.286  -26.694  -34.038 0.6999999881
48625  43.717  -25.979  -34.354 0.6999999881
48624  44.592  -25.535  -35.822 0.6999999881
46449  42.813  -26.887  -33.933 0.6000000238
46461  43.984  -27.316  -35.261 0.6000000238
47507  43.898  -26.571  -34.939 0.6000000238
46463  41.661  -27.560  -35.438 0.6999999881
126236  42.783  -28.221  -35.000 0.6999999881
45332  43.325  -27.894  -34.855 0.6000000238
47520  41.281  -26.595  -37.291 0.6999999881
45339  41.704  -28.261  -36.088 0.6000000238
47523  40.859  -26.434  -37.997 0.8000000119
47522  41.118  -26.566  -37.936 0.8000000119
45347  41.374  -28.146  -37.241 0.6000000238
143482  39.905  -25.603  -37.927 0.8999999762
135930  38.454  -26.848  -35.881 0.6999999881
47525  39.292  -25.839  -37.500 0.8000000119
46470  38.619  -26.815  -36.554 0.6999999881
50886  47.266  -23.237  -35.079 0.6000000238
50904  47.469  -22.731  -36.780 0.6999999881
52003  47.215  -21.665  -36.771 0.6999999881
49758  46.125  -24.275  -33.029 0.6000000238
53034  47.467  -21.159  -36.151 0.6000000238
131550  46.166  -24.497  -30.276 0.4000000060
49725  45.658  -24.778  -30.706 0.6000000238
49742  46.294  -24.198  -32.131 0.6000000238
50910  47.245  -22.253  -37.424 0.6999999881
49704  45.701  -24.912  -29.837 0.6000000238
52009  47.062  -22.143  -37.457 0.8000000119
135191  46.733  -26.858  -27.657 0.4000000060
47443  46.230  -26.378  -28.074 0.5000000000
48554  45.678  -25.960  -28.664 0.6000000238
52005  46.511  -21.990  -36.535 0.8000000119
45261  47.267  -28.609  -27.535 0.5000000000
50905  45.530  -22.770  -35.437 0.8000000119
44015  47.459  -29.490  -27.652 0.4000000060
50906  44.744  -23.766  -34.824 0.8000000119
43003  48.142  -30.981  -28.118 0.5000000000
49777  43.555  -25.430  -33.707 0.8000000119
48602  42.534  -25.194  -32.810 0.8000000119
48612  43.025  -26.207  -33.500 0.6999999881
131580  44.152  -24.631  -34.236 0.8000000119
47501  41.810  -26.330  -34.058 0.8000000119
150281  42.622  -25.774  -33.234 0.6999999881
49799  41.321  -25.204  -35.504 0.8999999762
48626  41.407  -26.194  -34.999 0.8999999762
48613  42.449  -26.322  -33.645 0.6999999881
133717  41.320  -26.007  -36.276 0.8999999762
46455  41.995  -27.478  -34.684 0.6999999881
47515  41.384  -26.858  -35.830 0.6000000238
47527  40.672  -25.652  -38.127 0.8999999762
135183  41.225  -26.055  -37.940 0.8999999762
48628  38.930  -25.537  -35.135 0.8000000119
47510  39.040  -26.270  -34.733 0.8000000119
47511  38.637  -26.175  -35.549 0.8000000119
137313  38.687  -26.792  -35.195 0.8000000119
48636  38.494  -25.411  -36.582 0.8000000119
47521  38.777  -26.024  -36.900 0.6999999881
50903  47.680  -21.940  -36.110 0.6999999881
127973  47.989  -20.847  -35.405 0.6000000238
131756  47.248  -23.493  -33.852 0.6000000238
50885  47.906  -22.969  -34.596 0.5000000000
51980  47.150  -21.221  -35.084 0.6999999881
50835  47.304  -23.881  -31.097 0.4000000060
50851  46.971  -23.783  -31.935 0.5000000000
50868  46.847  -23.702  -32.871 0.6000000238
51996  46.931  -21.362  -36.082 0.6999999881
49703  46.403  -24.596  -29.587 0.5000000000
51997  46.251  -21.835  -35.268 0.6999999881
149627  48.007  -24.996  -28.260 0.5000000000
48553  46.477  -25.553  -28.408 0.6000000238
47441  48.603  -26.425  -27.451 0.4000000060
47442  47.632  -26.620  -27.505 0.4000000060
50869  44.173  -23.507  -32.111 0.8000000119
50887  44.882  -23.262  -34.012 0.8000000119
133001  48.773  -28.089  -27.355 0.4000000060
132871  43.567  -24.817  -33.099 0.8000000119
49776  44.260  -24.094  -33.548 0.8000000119
50913  45.340  -23.513  -36.050 0.8000000119
44014  48.376  -29.629  -27.565 0.3000000119
49778  41.950  -24.849  -32.874 0.8000000119
49762  42.487  -24.497  -32.384 0.8000000119
50888  41.526  -24.142  -33.532 0.8000000119
48601  43.000  -25.442  -32.990 0.8000000119
142009  41.363  -23.820  -34.645 0.8999999762
132784  41.529  -25.547  -34.203 0.8999999762
136098  41.303  -24.067  -35.771 0.8999999762
136559  41.335  -25.274  -36.712 0.8999999762
50914  41.341  -23.928  -37.198 0.8999999762
49805  41.332  -24.790  -37.611 0.8999999762
49808  41.117  -24.572  -38.105 0.8999999762
48627  39.316  -25.602  -34.192 0.8000000119
47502  39.364  -26.392  -33.745 0.8000000119
48641  40.786  -24.951  -38.186 0.8999999762
48642  40.164  -25.027  -38.050 0.8999999762
136992  38.499  -24.869  -36.239 0.8000000119
49807  38.841  -24.472  -37.392 0.8000000119
51994  48.477  -21.533  -35.219 0.6000000238
51995  47.862  -21.169  -35.865 0.6000000238
53022  47.767  -21.072  -34.276 0.6000000238
50902  48.580  -22.181  -35.156 0.6000000238
50834  48.221  -23.814  -31.080 0.4000000060
50850  47.855  -23.648  -32.149 0.4000000060
50867  47.738  -23.447  -33.321 0.4000000060
51981  46.048  -21.938  -33.992 0.6999999881
49723  47.690  -24.095  -30.230 0.4000000060
146545  48.407  -24.641  -28.701 0.5000000000
49701  48.060  -24.339  -29.419 0.4000000060
51982  45.040  -22.806  -33.128 0.6999999881
48551  48.690  -25.070  -28.086 0.5000000000
50853  43.550  -23.427  -31.446 0.8000000119
50870  42.430  -23.843  -31.973 0.8000000119
49760  43.750  -24.173  -32.566 0.8000000119
127766  41.562  -23.188  -33.184 0.8000000119
50907  41.350  -23.139  -35.453 0.8999999762
128617  41.390  -24.646  -34.452 0.8999999762
143914  41.454  -23.166  -36.761 0.8999999762
138356  41.268  -23.840  -38.005 0.8999999762
139540  41.083  -23.697  -38.210 1.0000000000
136216  39.194  -24.823  -34.670 0.8000000119
50927  39.970  -23.562  -38.121 1.0000000000
49795  38.744  -24.788  -35.568 0.8000000119
50923  39.124  -23.644  -37.609 1.0000000000
49804  38.494  -24.643  -36.864 0.8000000119
49800  38.671  -23.949  -36.226 0.8000000119
53005  47.984  -21.281  -33.182 0.6000000238
53006  47.169  -21.443  -32.787 0.6000000238
53020  48.806  -21.249  -34.512 0.6000000238
52991  46.776  -21.713  -31.486 0.6999999881
50866  48.787  -23.409  -33.352 0.4000000060
50884  48.506  -22.998  -34.303 0.4000000060
51962  45.726  -22.216  -32.704 0.6999999881
132150  48.914  -24.407  -29.357 0.5000000000
50833  49.116  -23.975  -31.025 0.4000000060
51963  44.812  -22.793  -31.968 0.8000000119
51925  44.200  -22.553  -30.325 0.8000000119
51949  41.884  -22.227  -31.910 0.8000000119
50854  42.937  -23.688  -31.566 0.8000000119
51983  41.427  -22.306  -33.920 0.8000000119
50871  41.916  -24.011  -32.582 0.8000000119
134452  41.391  -23.145  -34.259 0.8999999762
52006  41.555  -22.396  -36.355 0.8999999762
50922  41.238  -22.983  -38.159 1.0000000000
50925  41.083  -22.901  -38.304 1.0000000000
139561  40.475  -22.720  -38.257 1.0000000000
49794  39.090  -24.022  -35.173 0.8000000119
48615  39.639  -25.662  -33.176 0.8000000119
52014  39.492  -22.812  -37.846 1.0000000000
50916  38.671  -23.009  -36.278 0.8000000119
50921  38.585  -23.231  -36.788 0.8000000119
53004  48.678  -21.353  -33.397 0.6000000238
144305  48.329  -21.075  -34.197 0.6000000238
52990  47.559  -21.504  -31.888 0.6000000238
52992  45.973  -22.067  -30.994 0.6999999881
52972  45.622  -22.048  -29.986 0.6999999881
144053  49.685  -23.291  -33.933 0.4000000060
50883  49.331  -22.736  -34.494 0.5000000000
51993  49.213  -22.020  -34.833 0.5000000000
51945  45.435  -22.399  -31.548 0.8000000119
50849  48.875  -23.676  -32.042 0.4000000060
51924  45.097  -22.443  -30.534 0.8000000119
49740  50.502  -24.069  -31.819 0.4000000060
127358  49.739  -23.812  -31.906 0.4000000060
51947  43.054  -23.078  -31.067 0.8000000119
50836  43.796  -22.968  -30.902 0.8000000119
51948  42.439  -23.098  -31.598 0.8000000119
51965  41.583  -22.316  -32.878 0.8000000119
51998  41.397  -22.340  -35.079 0.8999999762
53035  41.498  -21.519  -34.723 0.8000000119
52011  41.614  -22.385  -37.531 1.0000000000
52013  41.477  -22.306  -38.037 1.0000000000
53044  41.831  -21.692  -37.176 1.0000000000
52016  41.281  -22.289  -38.171 1.0000000000
53046  38.992  -21.653  -36.633 1.0000000000
50915  38.914  -23.179  -35.572 0.8999999762
136720  39.521  -24.874  -33.643 0.8000000119
50889  39.536  -23.358  -33.647 0.8999999762
52008  38.889  -22.265  -35.930 1.0000000000
52007  39.159  -22.589  -35.113 1.0000000000
50908  39.301  -23.280  -34.662 1.0000000000
54070  39.593  -20.631  -36.792 1.0000000000
54071  39.281  -20.906  -36.375 1.0000000000
54066  39.215  -20.465  -35.622 1.0000000000
55119  39.691  -20.043  -36.351 1.0000000000
55120  39.415  -20.207  -36.012 1.0000000000
52969  48.025  -21.528  -30.983 0.6999999881
52970  47.244  -21.626  -30.714 0.6999999881
129080  46.973  -21.548  -29.663 0.6999999881
132993  48.814  -21.600  -31.148 0.6000000238
52971  46.473  -21.829  -30.348 0.6999999881
53003  49.400  -21.595  -33.534 0.6000000238
51978  50.021  -22.408  -34.247 0.5000000000
52952  45.244  -21.582  -29.293 0.8000000119
50882  50.551  -23.220  -34.070 0.4000000060
51911  44.720  -22.121  -29.781 0.8000000119
51926  43.288  -22.359  -30.476 0.8000000119
52973  42.614  -21.476  -30.658 0.8000000119
52993  41.807  -21.245  -32.004 0.8000000119
51927  42.182  -21.642  -31.396 0.8000000119
53023  41.519  -21.395  -33.567 0.6999999881
53007  41.634  -21.601  -32.624 0.8000000119
54065  41.729  -20.840  -35.512 0.8999999762
55105  41.774  -19.976  -34.122 0.8000000119
54068  42.045  -21.002  -36.719 0.8999999762
54058  41.902  -20.092  -35.093 1.0000000000
54064  42.211  -20.297  -36.176 1.0000000000
53048  41.827  -21.654  -37.957 1.0000000000
54067  42.508  -20.422  -37.285 1.0000000000
55122  42.911  -19.961  -37.680 1.0000000000
53052  41.214  -21.767  -38.193 1.0000000000
54077  42.449  -20.235  -38.317 1.0000000000
54078  42.012  -20.554  -38.335 1.0000000000
55123  41.562  -19.847  -37.960 1.0000000000
54069  40.119  -20.434  -37.186 1.0000000000
51999  39.427  -22.457  -34.164 1.0000000000
51984  39.607  -22.770  -33.166 1.0000000000
55118  40.233  -19.859  -36.710 1.0000000000
138333  39.174  -21.801  -35.092 1.0000000000
124727  39.334  -21.428  -34.178 1.0000000000
54060  39.175  -20.461  -34.216 1.0000000000
55112  39.442  -19.461  -35.498 1.0000000000
55113  39.225  -19.650  -35.265 1.0000000000
135824  47.780  -21.525  -29.974 0.6999999881
52941  46.645  -21.079  -28.709 0.6999999881
52968  49.436  -21.497  -30.484 0.5000000000
140574  48.586  -21.509  -30.213 0.6999999881
52942  45.724  -21.111  -28.724 0.6999999881
52988  49.229  -21.602  -32.164 0.6000000238
53002  50.059  -22.091  -33.644 0.5000000000
125899  50.041  -21.899  -32.481 0.5000000000
52953  44.384  -21.429  -29.327 0.8000000119
142914  43.604  -21.122  -29.564 0.8000000119
54014  42.971  -20.797  -30.038 0.6999999881
54036  41.986  -20.267  -32.195 0.8000000119
54027  42.183  -20.864  -31.371 0.8000000119
54049  41.625  -20.565  -33.629 0.6999999881
54037  41.670  -20.834  -32.858 0.6999999881
55104  42.280  -19.448  -34.682 0.8999999762
56179  42.624  -18.775  -34.267 0.8000000119
56170  42.999  -18.104  -33.808 0.8000000119
57220  43.556  -17.570  -34.310 0.8000000119
55110  42.482  -19.620  -35.710 0.8999999762
56178  43.131  -18.228  -34.816 0.8000000119
55116  42.753  -19.837  -36.794 1.0000000000
56186  42.778  -18.923  -35.280 0.8999999762
56185  43.411  -18.492  -35.868 0.8999999762
57219  44.183  -17.109  -34.763 0.8000000119
55109  43.097  -19.219  -36.352 0.8999999762
55115  43.297  -19.484  -37.422 1.0000000000
55127  42.160  -19.991  -38.401 1.0000000000
54075  40.802  -20.775  -37.841 1.0000000000
56192  41.734  -19.093  -37.520 1.0000000000
55117  40.978  -19.525  -37.107 1.0000000000
124784  39.256  -19.953  -33.330 1.0000000000
56193  40.435  -19.123  -36.068 1.0000000000
55106  38.993  -19.684  -34.288 1.0000000000
144597  41.177  -18.695  -36.427 1.0000000000
143001  40.529  -18.329  -35.630 1.0000000000
57221  38.658  -17.675  -34.976 1.0000000000
52949  49.116  -21.175  -29.606 0.6999999881
53997  48.762  -20.660  -28.945 0.6999999881
53998  48.099  -20.782  -28.767 0.6999999881
53987  47.435  -20.504  -28.287 0.6999999881
53988  46.623  -20.435  -28.099 0.6999999881
52948  49.907  -21.046  -29.829 0.6000000238
139246  46.092  -20.639  -28.293 0.6999999881
144570  49.881  -21.723  -31.316 0.5000000000
52943  44.894  -20.960  -28.773 0.6999999881
52987  50.778  -21.832  -31.526 0.5000000000
140359  44.113  -20.610  -29.051 0.8000000119
53999  43.468  -20.215  -29.531 0.6999999881
54015  42.546  -20.440  -30.738 0.6999999881
55065  42.990  -19.889  -30.210 0.6999999881
150376  42.326  -20.114  -31.430 0.6999999881
132613  42.406  -19.506  -31.895 0.6999999881
55096  42.193  -19.379  -33.716 0.6999999881
55084  42.231  -19.430  -32.772 0.6999999881
56157  43.057  -18.159  -32.828 0.8000000119
57198  43.635  -17.619  -32.353 0.8000000119
58220  44.822  -16.610  -32.373 0.8000000119
57207  43.538  -17.537  -33.315 0.8000000119
58233  44.726  -16.565  -33.278 0.8000000119
58247  44.740  -16.595  -34.205 0.8000000119
56191  43.755  -18.849  -37.000 1.0000000000
57227  44.456  -17.388  -35.720 0.8999999762
58260  44.860  -16.713  -35.146 0.8000000119
57237  44.769  -17.693  -36.643 1.0000000000
57226  45.144  -17.034  -36.021 0.8000000119
55125  43.391  -19.238  -38.272 1.0000000000
56197  43.743  -19.088  -37.931 1.0000000000
56204  42.579  -19.443  -38.347 1.0000000000
56198  42.630  -18.676  -38.038 1.0000000000
139850  41.896  -18.164  -36.928 1.0000000000
55097  38.796  -19.083  -33.938 1.0000000000
57229  41.086  -17.611  -35.755 1.0000000000
57230  39.829  -17.480  -35.336 1.0000000000
57231  38.966  -17.537  -35.244 1.0000000000
56180  38.568  -18.286  -34.457 1.0000000000
58264  38.639  -16.922  -35.138 1.0000000000
53985  49.040  -19.906  -28.646 0.6999999881
55037  47.742  -19.693  -27.835 0.6999999881
55038  46.050  -19.925  -27.873 0.6000000238
55027  45.767  -19.163  -27.801 0.6000000238
55039  45.266  -19.627  -28.141 0.6000000238
55040  44.609  -19.290  -28.533 0.6999999881
55049  43.597  -19.172  -29.742 0.6999999881
126281  44.114  -19.000  -28.993 0.6999999881
55064  43.149  -19.211  -30.516 0.6999999881
56147  42.744  -18.970  -31.632 0.6999999881
57187  44.257  -17.105  -31.875 0.8000000119
56158  42.657  -18.826  -32.367 0.6999999881
58219  45.393  -16.235  -32.845 0.8000000119
58232  45.370  -16.216  -33.686 0.8000000119
58259  45.580  -16.425  -35.448 0.8000000119
57243  45.280  -17.561  -37.219 0.8000000119
58271  45.731  -16.688  -36.258 0.8000000119
132188  43.459  -18.450  -38.364 1.0000000000
56200  45.100  -17.665  -38.079 1.0000000000
56194  46.157  -17.043  -37.855 0.6999999881
139542  43.827  -17.581  -38.011 1.0000000000
58286  44.893  -17.084  -38.073 0.8999999762
133919  42.943  -17.165  -37.366 1.0000000000
57239  41.896  -17.176  -36.356 1.0000000000
58278  42.217  -16.178  -36.571 1.0000000000
55086  39.432  -19.755  -32.216 1.0000000000
58261  41.156  -16.616  -35.701 1.0000000000
58262  40.077  -16.507  -35.532 1.0000000000
56172  38.768  -18.445  -33.557 1.0000000000
131992  39.170  -19.118  -32.981 1.0000000000
53975  46.921  -19.851  -27.738 0.6999999881
56110  44.637  -18.521  -28.706 0.6000000238
56119  44.188  -18.430  -29.442 0.6999999881
131693  43.453  -18.288  -31.120 0.6999999881
150172  43.838  -18.384  -30.071 0.6999999881
56146  43.190  -18.337  -31.838 0.6999999881
57176  44.372  -17.276  -30.865 0.8000000119
58210  45.474  -16.246  -32.041 0.6999999881
58231  45.992  -15.861  -34.047 0.6999999881
58245  46.089  -15.930  -34.888 0.6999999881
58258  46.168  -16.132  -35.690 0.6999999881
135986  45.573  -15.911  -37.443 0.8000000119
58276  46.169  -16.212  -36.890 0.6999999881
58284  43.806  -16.893  -37.727 0.8999999762
58277  42.752  -16.325  -36.937 1.0000000000
59347  42.594  -15.322  -36.708 1.0000000000
125236  39.345  -19.087  -32.108 1.0000000000
58273  40.457  -15.793  -35.850 1.0000000000
57199  39.003  -17.966  -33.229 1.0000000000
58249  38.464  -16.979  -34.999 1.0000000000
55025  47.223  -19.182  -27.576 0.6000000238
55026  46.470  -19.126  -27.617 0.6000000238
56098  45.960  -18.322  -27.672 0.6000000238
57149  45.839  -17.392  -27.976 0.6000000238
56109  45.215  -18.815  -28.112 0.6000000238
57150  45.238  -17.973  -28.311 0.6000000238
57162  44.754  -17.709  -29.200 0.6000000238
56135  44.264  -17.802  -30.037 0.6000000238
58200  44.947  -16.785  -30.605 0.6999999881
146323  45.542  -16.153  -31.371 0.6999999881
59299  45.916  -15.854  -32.502 0.6999999881
59312  45.943  -15.886  -33.243 0.6999999881
59310  47.069  -15.072  -33.921 0.6999999881
59325  46.630  -15.521  -34.389 0.6999999881
59336  46.974  -15.274  -35.436 0.6999999881
65714  50.340  -9.500  -35.180 0.3000000119
59349  46.020  -15.852  -36.947 0.6999999881
59343  46.583  -15.467  -35.943 0.6999999881
66763  51.716  -9.495  -36.524 0.3000000119
59351  45.278  -15.681  -37.229 0.8000000119
52977  36.470  -21.364  -30.000 0.8999999762
59354  43.867  -15.963  -37.345 1.0000000000
54000  37.969  -20.562  -29.584 1.0000000000
55077  39.441  -19.451  -31.239 1.0000000000
54016  39.226  -20.164  -30.585 1.0000000000
59345  40.049  -15.076  -36.000 1.0000000000
126958  38.937  -15.987  -34.781 1.0000000000
58248  38.745  -16.300  -35.170 1.0000000000
58236  38.514  -17.464  -34.559 1.0000000000
56159  39.249  -18.517  -32.597 1.0000000000
58235  38.742  -16.735  -34.512 1.0000000000
57139  47.381  -17.343  -27.485 0.6000000238
57140  46.538  -17.495  -27.593 0.6000000238
58165  46.843  -16.733  -27.575 0.6000000238
145554  46.295  -16.893  -27.823 0.6000000238
59249  46.347  -15.765  -28.172 0.6000000238
59250  45.832  -15.787  -28.860 0.6999999881
59260  45.634  -15.883  -29.872 0.6999999881
58183  45.489  -16.510  -29.161 0.6000000238
64657  49.406  -9.976  -29.172 0.3000000119
64646  48.824  -10.460  -28.909 0.3000000119
58199  45.384  -16.314  -30.701 0.6999999881
59289  45.902  -15.737  -31.741 0.6999999881
60370  46.833  -15.045  -32.969 0.6999999881
65715  49.650  -9.409  -34.507 0.3000000119
64719  50.246  -10.523  -35.160 0.4000000060
65729  50.899  -10.342  -35.757 0.4000000060
64742  51.016  -10.847  -36.418 0.4000000060
51932  35.722  -21.754  -30.691 0.6999999881
52995  35.062  -21.129  -30.909 0.6999999881
66781  48.957  -8.510  -36.807 0.3000000119
65728  51.414  -10.446  -36.542 0.3000000119
60423  45.318  -14.993  -36.705 0.6999999881
54002  36.393  -20.534  -29.668 0.8999999762
127518  49.954  -8.375  -37.353 0.3000000119
135842  51.639  -10.349  -37.053 0.3000000119
59353  44.562  -15.753  -37.326 0.8000000119
54001  37.173  -20.156  -29.327 0.8999999762
142488  50.179  -9.461  -37.007 0.3000000119
65739  50.925  -10.555  -36.878 0.3000000119
60427  43.290  -15.106  -36.823 0.8000000119
59344  40.777  -14.583  -36.323 1.0000000000
55066  39.363  -18.780  -30.643 1.0000000000
60410  39.509  -14.963  -35.656 1.0000000000
124771  39.546  -17.920  -32.047 1.0000000000
56148  39.470  -18.643  -31.565 1.0000000000
59327  39.187  -15.501  -35.201 1.0000000000
145489  39.380  -17.527  -33.016 1.0000000000
58234  39.555  -16.115  -33.911 1.0000000000
127982  39.415  -16.934  -33.458 1.0000000000
58221  40.231  -16.474  -32.828 1.0000000000
60318  46.672  -14.320  -28.474 0.6999999881
60327  46.232  -14.351  -29.354 0.6999999881
147253  49.360  -11.478  -28.726 0.3000000119
63613  48.709  -11.252  -28.674 0.4000000060
59259  45.900  -15.187  -29.351 0.6999999881
59275  45.992  -15.038  -30.228 0.6999999881
59288  46.252  -15.013  -31.329 0.6999999881
64658  47.734  -10.408  -29.667 0.4000000060
132528  46.612  -14.655  -32.132 0.6999999881
65653  47.777  -9.831  -30.042 0.3000000119
63635  47.308  -11.054  -30.024 0.5000000000
60369  47.158  -14.211  -32.699 0.6999999881
145561  47.302  -14.591  -33.498 0.6999999881
65666  47.714  -9.692  -30.766 0.5000000000
60395  47.690  -14.532  -34.365 0.6999999881
65703  48.671  -9.936  -33.447 0.4000000060
64707  48.630  -10.729  -33.397 0.6000000238
64706  49.160  -10.847  -34.050 0.5000000000
60408  47.578  -14.790  -35.093 0.6999999881
65702  48.967  -9.211  -33.820 0.3000000119
59335  47.086  -14.966  -35.598 0.6999999881
65750  45.586  -8.757  -37.549 0.4000000060
140005  50.157  -11.553  -35.479 0.4000000060
60416  46.345  -15.084  -36.310 0.6999999881
54030  34.509  -20.575  -31.113 0.6999999881
66787  46.128  -8.321  -37.723 0.4000000060
64736  50.942  -11.112  -35.975 0.4000000060
63699  50.477  -11.385  -35.945 0.4000000060
52996  34.458  -21.273  -31.547 0.6000000238
66782  47.855  -8.070  -36.851 0.3000000119
66786  46.852  -8.133  -37.345 0.4000000060
64743  50.253  -11.130  -36.195 0.4000000060
60424  44.855  -15.014  -36.818 0.6999999881
61522  45.479  -14.422  -36.463 0.6999999881
52978  35.704  -20.888  -30.282 0.6999999881
132940  47.011  -8.614  -36.875 0.4000000060
65740  49.706  -10.118  -36.427 0.4000000060
64744  48.893  -10.440  -35.890 0.4000000060
60425  44.736  -14.991  -36.802 0.8000000119
66775  49.039  -9.226  -36.505 0.3000000119
65741  48.424  -9.524  -36.166 0.4000000060
143877  43.012  -14.372  -36.646 0.8000000119
142804  39.065  -19.426  -30.301 1.0000000000
135884  41.677  -13.911  -36.621 0.8999999762
60414  39.890  -14.385  -36.004 1.0000000000
136489  40.479  -15.855  -33.176 1.0000000000
144451  39.409  -15.552  -34.558 1.0000000000
59326  39.702  -14.970  -34.688 1.0000000000
143570  39.935  -17.128  -32.168 1.0000000000
57189  39.963  -17.493  -31.069 1.0000000000
131662  40.560  -16.536  -31.825 1.0000000000
58212  40.390  -16.838  -31.042 1.0000000000
60317  47.418  -14.362  -28.033 0.6000000238
146156  47.166  -13.765  -28.378 0.6000000238
61420  46.691  -13.597  -28.878 0.6000000238
61427  46.541  -13.478  -29.686 0.6999999881
137003  47.922  -12.780  -28.432 0.5000000000
62551  47.408  -12.261  -28.852 0.6000000238
60343  46.388  -14.143  -30.560 0.6999999881
63614  47.825  -11.420  -28.840 0.5000000000
130557  47.322  -11.601  -29.414 0.4000000060
137753  46.545  -14.301  -31.466 0.6999999881
146177  47.027  -11.751  -30.044 0.6000000238
61458  46.724  -13.665  -31.308 0.6999999881
127543  47.403  -10.961  -30.820 0.6000000238
60360  46.803  -14.028  -31.945 0.6999999881
64679  47.590  -10.444  -31.388 0.6000000238
64694  47.700  -10.975  -32.141 0.6000000238
60383  47.669  -14.019  -33.553 0.6999999881
60382  48.329  -13.854  -34.354 0.6999999881
128845  48.294  -10.315  -32.898 0.5000000000
63675  48.900  -11.544  -33.785 0.6000000238
138963  48.826  -12.351  -33.904 0.6000000238
60407  48.352  -14.198  -34.994 0.6000000238
65753  43.976  -8.976  -37.331 0.4000000060
64720  49.805  -11.019  -34.719 0.4000000060
63674  49.590  -11.662  -34.648 0.4000000060
63687  49.294  -12.191  -34.464 0.5000000000
62633  49.175  -12.811  -34.685 0.6000000238
140734  47.643  -14.533  -35.242 0.6999999881
66789  44.704  -8.508  -37.674 0.4000000060
63700  49.858  -11.902  -35.579 0.5000000000
61514  46.640  -14.362  -35.884 0.6999999881
65749  46.170  -8.668  -37.316 0.4000000060
137628  45.149  -8.839  -37.465 0.5000000000
63705  50.034  -11.682  -35.752 0.4000000060
135391  49.235  -11.455  -35.699 0.4000000060
61521  45.943  -14.765  -36.425 0.6999999881
54018  35.563  -20.009  -29.992 0.8999999762
54029  35.108  -20.498  -30.590 0.6999999881
66776  48.084  -8.775  -36.466 0.4000000060
138489  47.722  -9.776  -35.821 0.4000000060
133905  44.180  -14.253  -36.573 0.6999999881
134158  44.945  -14.467  -36.592 0.6999999881
65742  47.322  -9.135  -36.303 0.4000000060
55051  37.191  -19.295  -29.139 0.8999999762
60420  41.148  -13.941  -36.580 0.8999999762
55050  38.016  -18.955  -29.389 0.8999999762
135226  39.628  -18.136  -30.898 1.0000000000
56138  38.830  -18.706  -29.847 1.0000000000
60398  39.574  -14.794  -35.370 1.0000000000
59314  40.149  -15.391  -33.892 1.0000000000
57179  39.531  -17.517  -30.200 1.0000000000
56120  38.933  -17.875  -29.720 1.0000000000
59313  41.161  -15.237  -33.036 1.0000000000
59277  41.233  -14.792  -29.920 0.8999999762
135481  41.505  -15.325  -30.636 1.0000000000
142869  40.990  -16.105  -31.006 1.0000000000
58202  39.568  -16.648  -29.824 1.0000000000
57178  39.964  -16.969  -30.432 1.0000000000
59278  40.818  -15.612  -30.112 1.0000000000
58185  39.995  -15.764  -29.632 1.0000000000
131420  39.231  -16.077  -29.462 0.8999999762
59261  40.516  -15.127  -29.710 1.0000000000
59262  39.242  -15.374  -29.425 0.8999999762
62561  46.890  -12.890  -29.179 0.6000000238
62574  46.742  -12.831  -29.871 0.6999999881
61440  46.686  -13.244  -30.521 0.6999999881
62573  46.913  -12.415  -30.515 0.6999999881
61457  47.137  -13.366  -32.044 0.6999999881
63649  47.456  -11.357  -31.553 0.6000000238
62592  47.265  -12.335  -31.617 0.6000000238
61472  47.497  -13.545  -32.878 0.6999999881
62607  47.597  -12.802  -32.641 0.6999999881
62621  48.181  -12.525  -33.305 0.6000000238
62620  48.627  -13.084  -34.113 0.6000000238
61497  48.882  -13.497  -34.853 0.6000000238
128980  42.746  -7.986  -37.064 0.3000000119
63664  47.763  -11.827  -32.493 0.6000000238
63676  48.378  -11.854  -33.257 0.6000000238
62643  48.269  -13.453  -35.376 0.6000000238
65747  43.233  -9.163  -37.155 0.4000000060
66777  42.588  -8.616  -36.829 0.4000000060
62642  49.132  -12.656  -35.272 0.6000000238
61506  48.771  -13.522  -35.073 0.6000000238
61512  47.260  -13.529  -35.614 0.6000000238
63706  48.265  -11.933  -35.567 0.4000000060
61515  46.390  -14.190  -35.986 0.6000000238
65751  44.754  -9.178  -36.880 0.5000000000
64746  46.719  -10.607  -35.574 0.4000000060
64745  47.797  -10.763  -35.598 0.4000000060
61516  46.009  -13.795  -36.133 0.6000000238
64753  44.996  -9.047  -36.924 0.5000000000
64749  46.692  -9.602  -35.902 0.4000000060
132726  44.467  -13.562  -36.425 0.6000000238
65746  45.661  -9.059  -36.760 0.4000000060
146186  45.976  -10.006  -35.695 0.4000000060
55052  36.389  -19.668  -29.408 0.8999999762
61519  41.339  -13.290  -36.628 0.8999999762
61525  42.699  -13.681  -36.616 0.8000000119
56123  36.365  -18.685  -29.246 0.8999999762
56122  37.369  -18.399  -29.106 0.8999999762
57165  37.650  -17.536  -29.192 0.8999999762
56121  38.230  -18.147  -29.360 0.8999999762
60397  40.102  -14.350  -34.927 1.0000000000
59300  41.588  -15.322  -32.042 1.0000000000
57163  39.060  -17.213  -29.698 1.0000000000
60329  39.750  -14.184  -29.517 1.0000000000
143465  39.262  -14.654  -29.468 1.0000000000
61432  38.882  -13.911  -29.623 1.0000000000
61433  37.970  -13.938  -29.868 0.8999999762
142173  46.947  -13.000  -31.207 0.6999999881
67870  43.074  -7.234  -36.670 0.3000000119
67862  42.783  -7.942  -36.694 0.3000000119
66765  42.726  -8.699  -36.209 0.3000000119
65748  42.690  -9.402  -36.695 0.5000000000
65731  42.438  -9.512  -36.038 0.4000000060
62648  48.347  -12.733  -35.483 0.5000000000
63707  47.188  -11.617  -35.587 0.5000000000
62650  46.724  -12.359  -35.665 0.5000000000
62652  46.639  -13.274  -35.752 0.5000000000
133192  43.766  -9.628  -36.830 0.5000000000
63708  46.182  -11.327  -35.604 0.5000000000
63710  45.496  -11.747  -35.785 0.5000000000
64755  44.303  -9.948  -36.552 0.5000000000
61523  45.092  -13.855  -36.423 0.6000000238
64754  44.645  -10.340  -36.269 0.5000000000
64750  45.275  -10.337  -35.918 0.5000000000
143301  43.840  -13.301  -36.450 0.6999999881
64756  43.537  -10.583  -36.564 0.5000000000
63716  44.037  -11.043  -36.338 0.5000000000
62656  42.639  -12.775  -36.618 0.6000000238
61513  40.648  -12.994  -36.270 0.8999999762
61499  40.449  -13.769  -35.178 0.8999999762
136468  40.192  -13.602  -36.141 0.8999999762
60396  41.012  -14.025  -34.393 0.8999999762
60345  41.957  -14.602  -30.424 0.8999999762
60361  42.027  -14.958  -31.295 0.8999999762
60372  41.952  -14.766  -32.322 0.8999999762
60386  40.628  -14.695  -34.032 1.0000000000
58186  38.792  -16.651  -29.472 0.8999999762
57164  38.444  -17.363  -29.428 0.8999999762
59263  38.415  -15.861  -29.374 0.8999999762
60328  40.526  -14.468  -29.579 0.8000000119
61431  39.535  -13.519  -29.594 0.6999999881
133146  37.455  -16.086  -29.373 0.8999999762
60330  38.433  -14.789  -29.519 0.8999999762
127395  37.625  -15.253  -29.553 0.8999999762
127286  43.457  -6.977  -36.216 0.3000000119
131972  43.953  -8.056  -35.127 0.3000000119
66751  44.418  -8.425  -34.169 0.3000000119
66752  43.833  -8.727  -34.796 0.3000000119
65716  44.023  -9.120  -34.323 0.4000000060
65718  42.790  -9.822  -35.421 0.4000000060
64747  42.273  -10.046  -36.346 0.5000000000
64737  42.185  -10.215  -35.874 0.4000000060
63711  44.891  -11.537  -35.944 0.5000000000
62654  45.279  -12.739  -36.051 0.5000000000
126908  42.341  -10.982  -36.534 0.5000000000
62657  44.640  -12.626  -36.199 0.5000000000
63717  43.333  -11.615  -36.468 0.5000000000
62658  43.953  -12.342  -36.319 0.5000000000
63713  42.304  -11.595  -36.571 0.5000000000
62659  43.260  -12.572  -36.509 0.5000000000
63714  41.935  -11.663  -36.558 0.5000000000
149427  41.265  -11.869  -36.201 0.6000000238
129131  41.528  -12.434  -36.556 0.6000000238
62634  42.012  -12.221  -34.691 0.6999999881
62635  41.289  -12.623  -35.304 0.6999999881
61507  40.539  -13.233  -35.778 0.6999999881
62623  41.744  -12.893  -34.488 0.6999999881
61484  41.809  -13.534  -33.980 0.8000000119
61498  41.119  -13.329  -34.855 0.8000000119
60385  41.701  -14.340  -33.355 0.8999999762
61429  41.157  -14.018  -29.622 0.6999999881
59264  36.809  -15.512  -29.633 0.8999999762
60332  36.972  -14.740  -29.879 0.8999999762
61443  38.326  -13.325  -30.023 1.0000000000
66740  44.746  -8.568  -33.103 0.3000000119
65704  44.340  -9.202  -33.608 0.4000000060
66728  44.884  -8.676  -32.156 0.3000000119
137196  43.269  -10.049  -34.715 0.4000000060
65691  44.505  -9.415  -32.638 0.3000000119
64722  42.691  -10.611  -35.046 0.4000000060
65705  43.834  -9.778  -34.050 0.4000000060
64708  44.221  -10.215  -32.741 0.4000000060
64738  41.871  -10.635  -36.164 0.4000000060
64721  43.451  -10.604  -34.040 0.4000000060
64709  43.848  -10.820  -33.078 0.4000000060
63701  41.885  -10.922  -35.727 0.4000000060
63688  42.955  -11.204  -34.333 0.4000000060
63689  42.307  -11.434  -34.941 0.5000000000
63702  41.557  -11.271  -36.159 0.5000000000
61483  42.463  -13.634  -33.065 0.6000000238
60384  42.353  -14.189  -32.510 0.8000000119
60344  42.419  -14.322  -30.882 0.6999999881
61430  40.348  -13.608  -29.503 0.6999999881
60346  37.212  -14.043  -30.214 0.8999999762
60347  36.457  -14.293  -30.401 0.8999999762
63641  38.308  -12.549  -30.369 0.8999999762
147226  37.536  -12.447  -30.741 0.8000000119
61445  36.678  -13.523  -30.682 0.8000000119
63652  37.536  -11.284  -31.386 0.8000000119
67813  45.180  -8.030  -31.635 0.3000000119
65678  44.621  -9.339  -31.663 0.3000000119
64695  44.404  -10.084  -31.887 0.3000000119
64680  44.487  -9.907  -31.033 0.4000000060
64696  44.107  -10.827  -32.143 0.4000000060
64681  44.204  -10.683  -31.187 0.4000000060
63650  43.828  -11.473  -31.494 0.5000000000
63677  43.373  -11.389  -33.536 0.5000000000
62593  43.501  -12.249  -31.984 0.5000000000
62575  43.494  -12.177  -30.910 0.5000000000
62608  43.244  -12.175  -33.091 0.5000000000
62594  43.211  -12.985  -31.439 0.5000000000
62609  43.067  -12.969  -32.568 0.5000000000
61473  42.774  -13.649  -32.033 0.6000000238
60371  42.450  -14.294  -31.656 0.6999999881
61459  42.812  -13.709  -31.049 0.6999999881
61428  41.699  -13.525  -29.744 0.6999999881
62564  40.599  -12.807  -29.495 0.6999999881
62565  39.763  -12.884  -29.615 0.6999999881
63627  40.070  -12.141  -29.724 0.6999999881
63640  38.704  -11.681  -30.521 0.6999999881
67812  45.468  -7.202  -31.934 0.3000000119
67800  45.227  -7.371  -31.002 0.3000000119
67801  44.649  -7.788  -30.328 0.4000000060
66714  44.817  -8.697  -31.298 0.3000000119
66701  44.506  -8.678  -30.473 0.4000000060
64670  44.063  -10.305  -30.403 0.4000000060
64659  43.497  -10.564  -29.854 0.3000000119
63636  43.686  -11.247  -30.459 0.5000000000
63624  43.128  -11.375  -29.802 0.3000000119
63637  42.704  -12.134  -29.825 0.5000000000
63625  42.356  -11.407  -29.560 0.4000000060
62576  42.951  -12.853  -30.422 0.6999999881
62562  42.220  -12.895  -29.836 0.6999999881
61442  41.731  -14.170  -29.933 0.6999999881
62563  41.429  -12.810  -29.534 0.6999999881
63626  40.956  -12.087  -29.505 0.6000000238
66686  44.025  -8.270  -29.777 0.3000000119
65668  43.814  -9.756  -29.895 0.3000000119
136323  43.165  -9.878  -29.550 0.3000000119
65654  43.531  -9.092  -29.640 0.3000000119
128013  42.705  -9.138  -29.432 0.3000000119
66688  42.224  -8.367  -29.501 0.3000000119
64660  42.786  -10.656  -29.554 0.3000000119
65655  42.311  -9.919  -29.440 0.4000000060
139962  41.891  -12.135  -29.525 0.5000000000
64661  41.888  -10.636  -29.487 0.5000000000
135940  41.543  -9.968  -29.581 0.5000000000
131940  41.398  -11.345  -29.523 0.6000000238
63638  40.430  -11.350  -29.762 0.6000000238
144662  44.808  -6.138  -30.176 0.4000000060
68769  44.399  -6.571  -29.790 0.3000000119
67782  44.249  -7.295  -29.749 0.3000000119
68770  43.745  -6.628  -29.525 0.3000000119
67783  43.529  -7.526  -29.526 0.3000000119
127943  43.023  -6.961  -29.479 0.3000000119
66687  43.166  -8.344  -29.463 0.3000000119
67784  42.652  -7.598  -29.477 0.3000000119
138812  41.417  -8.341  -29.810 0.3000000119
65656  41.693  -9.181  -29.567 0.4000000060
136972  40.864  -8.942  -30.037 0.4000000060
64662  40.860  -10.450  -29.738 0.6000000238
65657  41.003  -9.637  -29.822 0.4000000060
66703  40.243  -8.657  -30.602 0.4000000060
65669  40.138  -9.629  -30.387 0.5000000000
64671  39.889  -10.659  -30.228 0.6000000238
64684  37.816  -10.564  -31.563 0.6999999881
63653  36.761  -11.374  -31.734 0.8000000119
70811  44.308  -4.855  -29.714 0.4000000060
138863  43.494  -5.896  -29.523 0.3000000119
137951  42.947  -6.272  -29.510 0.3000000119
68771  42.198  -6.777  -29.631 0.3000000119
67785  41.810  -7.638  -29.683 0.3000000119
149679  41.219  -7.748  -30.076 0.4000000060
67803  40.748  -7.492  -30.569 0.4000000060
66715  39.751  -8.233  -31.225 0.4000000060
66704  39.680  -8.960  -30.914 0.4000000060
64682  39.379  -10.177  -30.692 0.5000000000
64672  39.059  -10.882  -30.642 0.6000000238
65679  39.264  -9.526  -31.041 0.4000000060
64683  38.635  -10.209  -31.218 0.6999999881
65680  38.622  -9.346  -31.587 0.4000000060
65692  38.110  -9.097  -32.173 0.4000000060
65681  37.957  -9.789  -31.804 0.6000000238
65693  37.468  -9.451  -32.461 0.5000000000
64697  37.284  -10.181  -32.123 0.6000000238
64685  37.171  -10.801  -31.810 0.6999999881
64698  36.522  -10.650  -32.399 0.6999999881
129838  44.434  -3.972  -29.768 0.3000000119
147292  42.949  -4.904  -29.586 0.3000000119
68791  42.311  -5.842  -29.763 0.3000000119
68792  41.596  -6.176  -30.258 0.3000000119
68793  40.761  -6.593  -30.883 0.4000000060
67814  40.164  -7.387  -31.290 0.3000000119
143954  40.186  -6.623  -31.638 0.3000000119
148659  39.558  -7.658  -31.707 0.3000000119
68809  39.657  -7.015  -31.995 0.3000000119
66717  38.629  -8.660  -31.941 0.4000000060
143519  39.131  -8.154  -31.803 0.3000000119
67826  39.064  -6.739  -32.747 0.3000000119
139558  38.596  -8.061  -32.352 0.3000000119
67827  38.478  -7.437  -32.835 0.3000000119
66741  37.989  -8.059  -32.870 0.3000000119
67840  37.830  -7.473  -33.480 0.4000000060
66730  37.661  -8.729  -32.753 0.5000000000
65694  36.785  -9.812  -32.801 0.5000000000
146841  36.379  -9.417  -33.448 0.5000000000
71781  42.972  -3.503  -29.660 0.3000000119
70813  42.493  -4.364  -29.859 0.3000000119
69783  41.846  -5.160  -30.260 0.3000000119
69797  41.325  -4.842  -30.975 0.3000000119
69784  41.117  -5.608  -30.932 0.3000000119
68820  39.821  -6.168  -32.312 0.3000000119
68821  39.272  -5.936  -33.057 0.3000000119
128641  38.744  -6.294  -33.395 0.3000000119
68835  38.344  -6.839  -33.425 0.3000000119
66742  37.269  -8.210  -33.530 0.4000000060
65706  37.008  -9.065  -33.171 0.5000000000
66753  36.728  -7.955  -34.267 0.5000000000
66743  36.408  -8.681  -33.969 0.5000000000
71798  42.293  -3.464  -30.136 0.3000000119
70827  41.705  -4.145  -30.595 0.3000000119
70843  41.115  -4.273  -31.358 0.3000000119
69798  40.758  -4.985  -31.658 0.3000000119
69810  40.190  -5.370  -32.266 0.3000000119
133784  39.914  -4.996  -32.790 0.3000000119
69822  39.412  -5.161  -33.378 0.3000000119
68836  37.726  -6.867  -34.117 0.4000000060
67841  37.246  -7.480  -34.194 0.4000000060
67853  36.616  -7.361  -34.858 0.4000000060
68849  36.800  -6.567  -35.155 0.4000000060
66754  36.139  -8.060  -34.709 0.5000000000
73849  43.770  -1.998  -29.680 0.3000000119
72797  43.330  -2.729  -29.632 0.3000000119
137256  41.288  -3.108  -31.476 0.3000000119
71814  40.924  -3.690  -31.766 0.3000000119
70844  40.336  -4.621  -32.401 0.3000000119
70869  39.253  -4.491  -33.825 0.3000000119
68834  38.766  -5.707  -33.746 0.3000000119
69835  38.097  -5.542  -34.487 0.3000000119
68847  38.214  -6.254  -34.015 0.3000000119
68848  37.449  -6.171  -34.735 0.4000000060
73850  42.774  -2.046  -29.858 0.3000000119
72810  42.192  -2.665  -30.341 0.3000000119
72825  41.645  -2.508  -31.053 0.3000000119
71799  41.715  -3.258  -30.760 0.3000000119
71831  40.834  -3.069  -32.152 0.3000000119
128666  40.530  -3.041  -32.790 0.3000000119
71832  40.490  -3.773  -32.515 0.3000000119
70859  39.858  -4.298  -33.157 0.3000000119
71844  40.140  -3.385  -33.293 0.3000000119
69834  38.752  -5.015  -34.147 0.3000000119
73861  42.049  -1.867  -30.577 0.3000000119
72838  41.170  -2.424  -31.807 0.3000000119
137890  41.352  -1.016  -31.714 0.3000000119
73888  41.051  -1.722  -32.174 0.3000000119
72839  40.745  -2.417  -32.542 0.3000000119
144399  39.920  -2.969  -33.873 0.3000000119
71845  39.437  -3.666  -33.982 0.3000000119
70878  38.735  -4.262  -34.495 0.3000000119
74830  41.563  -0.283  -31.129 0.3000000119
74845  41.156  -0.258  -32.082 0.3000000119
138928  40.906  -1.002  -32.551 0.3000000119
73889  40.642  -1.740  -32.961 0.3000000119
73902  40.283  -1.744  -33.747 0.3000000119
72860  39.944  -2.358  -34.136 0.3000000119
137669  40.514  -1.020  -33.353 0.4000000060
74846  40.670  -0.257  -32.914 0.4000000060
74862  40.339  -0.303  -33.759 0.4000000060
75869  40.853  0.487  -32.428 0.3000000119
75885  40.467  0.562  -33.346 0.4000000060
145585  39.937  -21.562  -37.746 1.0000000000
54076  40.037  -20.959  -37.501 1.0000000000
52012  38.721  -22.490  -36.780 0.8999999762
62578  38.985  -13.065  -29.854 0.6999999881
142556  37.892  -11.817  -30.836 0.8000000119
63651  38.297  -11.092  -31.063 0.8000000119
47488  44.618  -26.698  -32.131 0.6000000238
48600  44.907  -25.950  -32.859 0.6000000238
44027  46.408  -29.543  -28.585 0.5000000000
44026  46.956  -30.069  -28.026 0.5000000000
49743  45.653  -24.664  -31.620 0.6000000238
48635  41.325  -25.706  -37.469 0.8999999762
49724  46.392  -24.232  -31.122 0.5000000000
138115  47.928  -28.094  -27.351 0.4000000060
48537  47.048  -26.009  -27.855 0.5000000000
45260  48.160  -28.816  -27.480 0.4000000060
142207  45.523  -22.511  -34.333 0.6999999881
49793  41.620  -25.026  -33.547 0.8999999762
51961  46.715  -21.523  -33.521 0.6999999881
49686  47.624  -24.674  -28.786 0.5000000000
48535  49.030  -25.658  -27.670 0.5000000000
50852  44.185  -23.165  -31.438 0.8000000119
131975  49.175  -28.970  -27.523 0.4000000060
49744  42.872  -24.196  -31.968 0.8000000119
51944  46.309  -21.859  -32.174 0.6999999881
49722  48.564  -24.143  -30.187 0.4000000060
49779  39.412  -24.082  -34.161 0.8000000119
52989  48.366  -21.453  -32.122 0.6000000238
50865  49.617  -23.588  -32.997 0.4000000060
49721  49.419  -24.253  -30.131 0.4000000060
51912  43.851  -21.976  -29.791 0.8000000119
53053  40.601  -21.947  -38.174 1.0000000000
50900  50.012  -22.758  -34.341 0.5000000000
53019  49.495  -21.780  -34.373 0.5000000000
53047  42.113  -20.926  -38.180 1.0000000000
53049  40.732  -21.345  -38.017 1.0000000000
56189  38.961  -18.724  -35.008 1.0000000000
56188  39.187  -18.529  -35.188 1.0000000000
56171  42.592  -18.749  -33.291 0.8000000119
57249  43.333  -17.866  -37.918 1.0000000000
58246  45.430  -16.261  -34.566 0.8000000119
56201  44.568  -18.172  -38.226 1.0000000000
56203  43.190  -19.057  -38.427 1.0000000000
58211  44.985  -16.632  -31.409 0.6999999881
58282  44.706  -16.511  -37.793 0.8000000119
59348  41.813  -15.463  -36.450 1.0000000000
58274  39.580  -15.650  -35.637 1.0000000000
58175  45.925  -16.546  -28.330 0.6000000238
58184  45.225  -16.622  -29.972 0.6999999881
66727  48.508  -8.851  -32.987 0.4000000060
52955  37.208  -20.991  -29.577 1.0000000000
133046  37.923  -19.743  -29.449 1.0000000000
134221  49.394  -10.149  -34.289 0.4000000060
59301  40.999  -15.914  -32.192 1.0000000000
65677  47.845  -9.599  -31.658 0.4000000060
64693  47.904  -10.310  -32.263 0.5000000000
146214  46.458  -8.952  -36.707 0.4000000060
58201  40.347  -16.363  -30.240 1.0000000000
62647  49.314  -12.071  -35.495 0.5000000000
61444  37.553  -13.223  -30.427 0.8000000119
64751  42.910  -10.156  -36.653 0.5000000000
63715  44.391  -11.575  -36.149 0.5000000000
136947  42.112  -12.187  -36.642 0.5000000000
139113  40.924  -12.390  -36.012 0.6999999881
63690  41.527  -11.761  -35.664 0.6000000238
63678  42.751  -11.877  -34.044 0.5000000000
62622  42.487  -12.781  -33.712 0.5000000000
63665  43.686  -11.506  -32.546 0.5000000000
62577  39.218  -12.297  -30.054 0.6999999881
63639  39.552  -11.499  -30.172 0.6999999881
68808  40.471  -5.894  -31.612 0.3000000119
45338  43.403  -28.588  -35.385 0.5000000000
46462  42.151  -28.047  -35.114 0.5000000000
44097  44.644  -29.181  -36.524 0.5000000000
44090  43.831  -29.049  -35.895 0.5000000000
45344  46.262  -27.784  -38.273 0.5000000000
45345  45.278  -28.165  -36.938 0.5000000000
45337  44.309  -28.439  -35.987 0.5000000000
46467  47.081  -26.770  -38.986 0.5000000000
130002  47.498  -26.235  -38.496 0.4000000060
47518  46.939  -26.143  -38.796 0.5000000000
46458  47.302  -26.672  -37.408 0.4000000060
47517  47.129  -25.912  -38.563 0.5000000000
46459  46.563  -26.586  -36.181 0.5000000000
127196  47.190  -25.201  -38.544 0.5000000000
49728  37.482  -24.676  -30.521 0.6999999881
49729  36.633  -24.502  -30.829 0.6999999881
138671  39.173  -23.975  -30.865 0.8000000119
49763  39.810  -24.205  -32.137 0.8000000119
49745  39.457  -25.074  -31.300 0.8000000119
50872  39.686  -23.421  -32.640 0.8999999762
50856  36.336  -23.736  -31.037 0.6999999881
50837  39.362  -23.376  -31.062 0.8999999762
50838  38.916  -23.370  -30.607 0.8999999762
50855  39.687  -23.435  -31.732 0.8999999762
51966  39.725  -22.606  -32.258 0.8999999762
51931  36.724  -22.987  -30.636 0.6000000238
50840  37.262  -23.826  -30.571 0.8000000119
51950  39.586  -22.694  -31.386 0.8999999762
148384  39.708  -22.239  -31.741 0.8999999762
53008  39.731  -21.660  -32.181 0.8999999762
54050  39.507  -21.017  -33.241 0.8999999762
58172  49.531  -16.428  -28.616 0.5000000000
57148  48.766  -17.626  -28.007 0.5000000000
56096  48.022  -17.960  -27.575 0.5000000000
55035  49.224  -19.065  -28.506 0.6000000238
56108  48.658  -18.520  -27.986 0.5000000000
55024  47.902  -18.865  -27.615 0.5000000000
141537  36.025  -22.498  -30.816 0.6000000238
51930  37.401  -22.518  -30.103 0.8999999762
51928  39.194  -22.520  -30.678 0.8999999762
51929  38.325  -22.738  -30.223 0.8999999762
131946  39.631  -21.980  -31.271 0.8999999762
54038  39.604  -20.636  -32.287 0.8999999762
59247  48.367  -15.376  -27.805 0.5000000000
59237  47.710  -15.730  -27.609 0.5000000000
59246  48.993  -15.856  -28.145 0.5000000000
57138  48.194  -17.060  -27.633 0.5000000000
58164  47.580  -16.488  -27.528 0.5000000000
59258  49.745  -15.492  -28.751 0.5000000000
58173  48.880  -16.741  -28.072 0.5000000000
52976  37.285  -21.781  -29.810 0.8999999762
135917  36.589  -22.159  -30.309 0.6999999881
51913  37.973  -22.108  -29.820 0.8999999762
52975  38.653  -21.902  -30.076 0.8999999762
52994  39.618  -21.162  -31.396 0.8999999762
61417  48.926  -13.991  -28.247 0.5000000000
59238  46.950  -15.904  -27.631 0.5000000000
60315  49.034  -14.941  -28.172 0.5000000000
60326  49.671  -14.468  -28.665 0.5000000000
52954  38.009  -21.407  -29.706 0.8999999762
54017  38.785  -20.927  -30.124 0.8999999762
54028  39.513  -20.332  -31.401 0.8999999762
60307  47.658  -15.055  -27.737 0.5000000000
130405  48.806  -12.955  -28.443 0.5000000000
61418  47.966  -13.607  -28.181 0.5000000000
61426  49.629  -13.562  -28.683 0.5000000000
62549  49.156  -12.029  -28.605 0.4000000060
127161  33.961  -19.920  -31.214 0.6000000238
55079  33.482  -19.121  -31.243 0.6000000238
54019  34.729  -19.912  -30.598 0.8000000119
55078  34.276  -19.198  -30.623 0.6999999881
56149  33.947  -18.387  -30.668 0.6999999881
56150  33.198  -18.220  -31.308 0.6999999881
57200  32.598  -17.096  -32.327 0.6999999881
56140  34.697  -18.524  -30.132 0.8000000119
55068  35.746  -19.247  -29.620 0.8000000119
57190  33.784  -17.465  -30.801 0.6999999881
57191  33.113  -17.277  -31.533 0.6999999881
139653  33.697  -16.514  -31.091 0.6999999881
58213  33.047  -16.382  -31.841 0.6999999881
57167  35.792  -17.844  -29.415 0.8000000119
130024  35.213  -17.260  -29.795 0.8000000119
57166  36.722  -17.694  -29.132 0.8000000119
59291  34.357  -15.734  -30.853 0.6999999881
58204  34.555  -16.694  -30.376 0.6999999881
58203  35.361  -16.470  -29.869 0.8000000119
59280  35.118  -15.813  -30.260 0.6999999881
145269  35.615  -15.260  -30.274 0.8000000119
60362  35.147  -14.272  -31.151 0.6000000238
137346  36.682  -16.227  -29.435 0.8000000119
59265  35.946  -15.837  -29.747 0.8000000119
61446  35.887  -13.839  -30.880 0.6000000238
145121  35.320  -13.445  -31.482 0.6000000238
61461  34.780  -13.069  -32.178 0.6000000238
60348  35.728  -14.612  -30.576 0.8000000119
61460  36.103  -13.068  -31.248 0.6000000238
62597  35.492  -12.665  -31.817 0.6000000238
59279  36.235  -15.014  -30.049 0.8000000119
62611  34.970  -12.320  -32.489 0.6000000238
62596  36.267  -12.167  -31.583 0.6000000238
63666  36.000  -11.445  -32.241 0.6999999881
63667  35.233  -11.602  -32.727 0.6000000238
62610  35.585  -12.029  -32.143 0.6000000238
64699  35.620  -10.859  -32.942 0.6000000238
62579  36.870  -12.724  -30.958 0.6999999881
62595  37.139  -11.966  -31.189 0.6999999881
46452  45.744  -27.320  -34.892 0.4000000060
47512  47.428  -25.842  -37.999 0.5000000000
46468  46.051  -27.006  -38.003 0.5000000000
53024  39.633  -21.993  -33.196 0.8999999762
56139  35.443  -18.588  -29.664 0.8000000119
44096  45.542  -28.796  -37.403 0.5000000000
46472  47.270  -26.476  -38.666 0.5000000000
135822  38.005  -24.192  -30.479 0.8000000119
56107  49.334  -18.181  -28.500 0.5000000000
57180  35.082  -17.990  -29.748 0.8000000119
57181  34.510  -17.720  -30.197 0.6999999881
58189  36.088  -16.862  -29.410 0.8000000119
60363  34.277  -14.819  -31.438 0.6999999881
60349  35.032  -15.065  -30.733 0.6999999881
50899  50.635  -23.023  -34.080 0.4000000060
51941  52.014  -22.139  -32.191 0.4000000060
51943  50.812  -22.272  -32.720 0.4000000060
51942  51.420  -22.108  -32.091 0.4000000060
52966  51.102  -21.260  -30.772 0.5000000000
52985  52.296  -21.394  -31.682 0.4000000060
53001  52.771  -21.896  -32.443 0.4000000060
53995  50.199  -20.233  -29.547 0.5000000000
55047  49.748  -19.634  -29.005 0.5000000000
54012  51.299  -20.396  -30.532 0.5000000000
55074  51.965  -19.954  -30.955 0.4000000060
54035  52.989  -20.956  -32.082 0.4000000060
54025  52.460  -20.469  -31.486 0.4000000060
52986  51.591  -21.645  -31.455 0.4000000060
53000  53.540  -21.462  -32.816 0.4000000060
56118  49.882  -18.739  -28.977 0.5000000000
55063  50.825  -19.860  -30.003 0.5000000000
55073  52.515  -19.456  -31.544 0.4000000060
130283  52.948  -19.084  -32.133 0.4000000060
56169  54.116  -18.435  -33.910 0.4000000060
144348  53.648  -18.588  -33.173 0.4000000060
55082  53.527  -19.296  -32.721 0.4000000060
146912  54.366  -18.124  -34.475 0.4000000060
55095  53.997  -19.050  -33.431 0.4000000060
55046  50.367  -19.309  -29.478 0.5000000000
56134  50.932  -18.892  -30.041 0.5000000000
55062  51.434  -19.412  -30.507 0.4000000060
62631  56.323  -12.539  -35.004 0.3000000119
56145  52.018  -18.921  -31.077 0.4000000060
61493  56.347  -13.428  -35.235 0.3000000119
56144  52.540  -18.410  -31.827 0.4000000060
61505  57.048  -13.857  -35.913 0.3000000119
142772  56.423  -14.433  -35.668 0.3000000119
59322  55.324  -15.611  -35.035 0.3000000119
58229  54.429  -16.400  -34.346 0.3000000119
58230  53.927  -16.719  -33.842 0.4000000060
56155  53.515  -17.922  -33.240 0.4000000060
56156  53.156  -18.440  -32.595 0.4000000060
60406  56.012  -15.225  -35.673 0.3000000119
58244  54.802  -16.764  -35.031 0.3000000119
57218  54.402  -17.107  -34.585 0.4000000060
57159  50.510  -17.465  -29.661 0.4000000060
57175  50.981  -17.963  -30.169 0.4000000060
57186  51.989  -17.988  -31.222 0.4000000060
57174  51.490  -17.562  -30.764 0.4000000060
63685  56.220  -11.726  -34.704 0.3000000119
62618  55.254  -12.330  -33.967 0.3000000119
61494  55.658  -13.802  -34.692 0.3000000119
61495  54.903  -14.153  -34.007 0.3000000119
60380  54.285  -14.950  -33.632 0.3000000119
59309  54.021  -15.888  -33.717 0.4000000060
57195  53.418  -17.098  -33.228 0.4000000060
57196  52.835  -17.549  -32.495 0.4000000060
60393  55.517  -14.707  -34.872 0.3000000119
60394  54.893  -15.011  -34.352 0.3000000119
57160  49.930  -17.836  -29.074 0.4000000060
61470  53.534  -13.729  -32.483 0.3000000119
60368  52.738  -14.442  -31.843 0.3000000119
59286  52.610  -15.242  -31.954 0.4000000060
60358  52.235  -14.797  -31.397 0.4000000060
58209  51.948  -16.425  -31.450 0.4000000060
132140  51.495  -16.779  -30.877 0.4000000060
128560  54.711  -12.673  -33.470 0.3000000119
61469  54.211  -13.114  -32.982 0.3000000119
130807  53.201  -14.755  -32.417 0.3000000119
59297  53.011  -15.717  -32.552 0.4000000060
58208  52.463  -16.090  -32.018 0.4000000060
146152  51.893  -17.192  -31.384 0.4000000060
61481  54.235  -13.990  -33.230 0.3000000119
60381  53.778  -14.565  -32.944 0.3000000119
59296  53.597  -15.353  -33.077 0.4000000060
58218  52.873  -16.601  -32.604 0.4000000060
57185  52.343  -16.904  -31.996 0.4000000060
58217  53.443  -16.230  -33.173 0.4000000060
60325  50.324  -14.863  -29.281 0.4000000060
59274  50.918  -15.151  -29.897 0.4000000060
59257  50.454  -15.690  -29.488 0.4000000060
58182  50.026  -16.966  -29.123 0.4000000060
60359  51.823  -14.342  -30.869 0.3000000119
60341  51.363  -14.721  -30.360 0.4000000060
129764  51.011  -15.866  -30.140 0.4000000060
58181  50.611  -16.541  -29.748 0.4000000060
61455  52.354  -13.967  -31.353 0.4000000060
59273  51.747  -15.140  -30.897 0.4000000060
58197  51.525  -15.954  -30.836 0.4000000060
58198  51.038  -17.123  -30.286 0.4000000060
59292  33.617  -15.648  -31.519 0.6000000238
59302  33.012  -15.558  -32.238 0.6000000238
61462  34.522  -13.848  -31.786 0.5000000000
61474  34.029  -13.449  -32.560 0.5000000000
62612  34.261  -12.688  -32.914 0.5000000000
64710  36.032  -10.085  -33.234 0.4000000060
72873  38.879  -2.580  -35.526 0.3000000119
72882  38.548  -2.226  -36.372 0.3000000119
72883  38.240  -2.285  -36.993 0.3000000119
137675  40.159  -1.050  -34.136 0.3000000119
73915  39.874  -1.710  -34.476 0.3000000119
73916  39.385  -1.676  -35.290 0.3000000119
135607  39.046  -1.300  -35.961 0.3000000119
73937  38.200  -1.473  -37.251 0.3000000119
72893  37.908  -2.039  -37.368 0.3000000119
73943  37.657  -1.369  -37.464 0.3000000119
74877  39.882  -0.358  -34.632 0.3000000119
138214  39.772  -1.134  -34.786 0.3000000119
74878  39.456  -0.854  -35.443 0.3000000119
74888  38.972  -0.621  -36.370 0.3000000119
73936  38.625  -1.523  -36.664 0.3000000119
74895  38.439  -0.772  -37.105 0.3000000119
74905  38.064  -0.803  -37.398 0.3000000119
74906  37.191  -0.854  -37.580 0.3000000119
74908  35.401  -0.286  -37.554 0.3000000119
75902  40.165  0.292  -34.118 0.3000000119
75903  39.815  0.527  -34.750 0.3000000119
138722  39.441  -0.002  -35.534 0.3000000119
75920  38.995  0.308  -36.416 0.3000000119
137039  38.624  -0.140  -36.988 0.3000000119
75925  38.506  0.512  -37.121 0.3000000119
74904  38.221  -0.089  -37.433 0.3000000119
137273  37.802  -0.443  -37.554 0.3000000119
74907  36.543  -0.352  -37.645 0.3000000119
76926  40.139  0.987  -34.076 0.3000000119
78000  39.614  1.838  -34.945 0.3000000119
75912  39.442  0.996  -35.559 0.3000000119
76960  38.868  1.149  -36.561 0.3000000119
76970  38.077  1.385  -37.599 0.3000000119
75938  37.903  0.985  -37.558 0.3000000119
149224  37.753  1.268  -37.621 0.3000000119
77980  39.764  2.506  -34.269 0.3000000119
132571  39.415  2.688  -35.140 0.3000000119
78020  39.225  1.925  -35.891 0.3000000119
137845  38.728  1.973  -36.836 0.3000000119
149537  38.076  2.057  -37.766 0.3000000119
79136  39.054  2.902  -36.185 0.3000000119
79137  38.684  3.590  -36.754 0.3000000119
78036  38.529  2.751  -37.193 0.3000000119
79120  39.278  3.579  -35.253 0.3000000119
79121  38.951  3.778  -35.953 0.3000000119
80126  39.106  4.377  -35.376 0.3000000119
54034  53.611  -20.384  -32.651 0.4000000060
51977  51.621  -23.276  -33.782 0.4000000060
51959  52.348  -22.626  -33.195 0.4000000060
51958  53.245  -22.443  -33.395 0.4000000060
56168  54.725  -18.736  -34.944 0.4000000060
55094  54.452  -19.325  -34.156 0.4000000060
54048  54.190  -20.914  -33.418 0.4000000060
62640  57.837  -12.746  -36.321 0.3000000119
60405  57.538  -14.614  -36.599 0.3000000119
59334  55.974  -15.970  -36.112 0.3000000119
58256  55.179  -17.089  -35.788 0.3000000119
57217  54.644  -17.861  -34.993 0.3000000119
132568  57.043  -13.054  -35.723 0.3000000119
62632  55.770  -12.148  -34.426 0.3000000119
62604  54.281  -12.230  -32.936 0.3000000119
63673  55.473  -11.335  -34.004 0.3000000119
61425  50.797  -13.553  -29.646 0.4000000060
60342  50.853  -14.372  -29.767 0.4000000060
61439  51.345  -13.925  -30.280 0.4000000060
62591  52.501  -13.014  -31.350 0.3000000119
62606  53.122  -12.910  -31.969 0.3000000119
137903  50.228  -13.290  -29.125 0.4000000060
76906  40.362  1.568  -33.336 0.3000000119
142783  40.103  2.275  -33.631 0.3000000119
79101  39.601  3.401  -34.371 0.3000000119
80119  39.440  4.269  -34.557 0.3000000119
128173  39.551  4.861  -33.995 0.3000000119
149527  56.635  -11.296  -35.003 0.3000000119
54013  50.605  -20.747  -30.178 0.5000000000
61479  55.151  -13.204  -33.992 0.3000000119
76927  39.808  1.213  -34.688 0.3000000119
75939  37.651  0.729  -37.598 0.3000000119
78047  38.296  1.967  -37.548 0.3000000119
81088  39.252  5.153  -34.728 0.3000000119
50864  50.886  -23.672  -33.587 0.3000000119
50863  51.405  -23.593  -33.871 0.3000000119
46457  38.435  -27.599  -35.224 0.6000000238
46456  38.945  -27.041  -34.375 0.6999999881
46451  38.746  -27.899  -34.067 0.6999999881
132743  52.156  -23.848  -34.224 0.3000000119
132424  49.766  -28.154  -27.424 0.3000000119
46381  49.326  -27.184  -27.307 0.3000000119
46432  38.919  -27.787  -30.917 0.6999999881
45310  39.161  -27.950  -31.607 0.6999999881
45329  39.055  -28.217  -33.065 0.6999999881
49739  51.345  -24.330  -31.811 0.3000000119
49756  51.589  -24.155  -33.332 0.3000000119
46450  39.304  -27.267  -33.225 0.6999999881
49773  52.262  -24.098  -34.269 0.3000000119
50880  53.305  -23.961  -35.007 0.3000000119
131061  52.832  -24.437  -34.222 0.3000000119
50881  52.614  -23.994  -34.650 0.3000000119
51992  54.155  -23.537  -35.360 0.3000000119
51974  54.433  -22.542  -34.833 0.3000000119
51975  53.651  -23.089  -34.463 0.3000000119
47440  49.403  -26.285  -27.448 0.3000000119
49675  49.892  -24.728  -28.424 0.4000000060
47476  39.341  -26.387  -31.157 0.6999999881
49720  50.720  -24.316  -30.784 0.3000000119
127841  50.157  -24.328  -30.127 0.3000000119
46431  39.387  -27.212  -31.509 0.6999999881
144368  39.590  -27.037  -32.301 0.6999999881
127372  52.112  -24.461  -31.195 0.3000000119
129773  52.189  -24.464  -32.286 0.3000000119
49754  53.374  -24.571  -33.333 0.3000000119
50898  54.358  -23.942  -35.485 0.3000000119
48550  49.511  -25.077  -27.956 0.4000000060
47477  38.827  -26.279  -30.617 0.6999999881
49684  51.416  -24.619  -28.767 0.3000000119
49699  50.875  -24.449  -29.627 0.3000000119
128095  51.571  -24.414  -30.488 0.3000000119
48594  39.615  -25.703  -31.525 0.6999999881
125297  52.980  -24.450  -31.350 0.3000000119
47489  39.643  -26.428  -32.737 0.6999999881
54047  54.615  -20.343  -34.286 0.3000000119
53018  54.084  -22.034  -33.707 0.3000000119
53032  55.033  -21.982  -35.548 0.3000000119
53017  54.632  -21.464  -34.454 0.3000000119
48584  39.210  -25.629  -30.956 0.6999999881
49698  51.863  -24.461  -29.489 0.3000000119
131182  39.816  -24.984  -31.805 0.6999999881
49718  53.571  -24.392  -30.353 0.3000000119
129265  39.813  -24.930  -32.619 0.6999999881
54057  55.111  -20.888  -35.422 0.3000000119
49696  53.289  -24.450  -29.474 0.3000000119
137685  39.669  -24.142  -33.114 0.6999999881
55103  54.994  -19.790  -35.198 0.3000000119
62557  51.347  -12.182  -30.037 0.3000000119
133997  38.772  -27.592  -36.773 0.5000000000
45330  38.569  -28.765  -33.759 0.6999999881
45340  37.911  -28.426  -35.736 0.6000000238
45333  38.220  -28.537  -34.788 0.6000000238
46464  38.220  -27.616  -36.169 0.6000000238
46423  38.344  -27.628  -30.228 0.6999999881
137279  38.443  -26.837  -30.304 0.6999999881
137251  50.106  -26.588  -27.380 0.3000000119
134215  37.829  -26.964  -29.935 0.6999999881
48534  49.970  -25.702  -27.577 0.4000000060
48586  37.795  -25.446  -30.333 0.6999999881
49673  51.100  -24.971  -28.119 0.4000000060
49674  50.311  -25.021  -27.964 0.4000000060
49727  38.331  -24.788  -30.513 0.6999999881
49683  52.213  -24.621  -28.761 0.3000000119
48548  52.597  -25.049  -28.242 0.3000000119
48547  53.767  -25.506  -28.223 0.3000000119
49757  50.939  -23.991  -32.715 0.3000000119
48585  38.615  -25.531  -30.570 0.6999999881
49681  53.882  -24.739  -28.749 0.3000000119
48532  52.208  -25.583  -27.809 0.3000000119
44091  43.167  -29.203  -35.870 0.5000000000
129227  41.093  -27.947  -37.677 0.5000000000
44108  41.358  -29.233  -37.665 0.5000000000
44092  42.500  -28.779  -35.702 0.4000000060
39779  36.298  -33.541  -34.757 0.4000000060
125924  35.899  -34.421  -34.620 0.5000000000
45353  41.369  -28.689  -37.519 0.4000000060
45346  41.876  -28.898  -36.793 0.5000000000
45354  40.749  -27.859  -37.693 0.5000000000
36162  34.475  -36.798  -34.610 0.4000000060
36163  33.833  -37.326  -34.408 0.4000000060
45356  39.189  -28.384  -37.150 0.4000000060
37413  33.792  -36.029  -33.309 0.4000000060
38619  34.952  -35.139  -33.284 0.4000000060
39766  36.012  -33.735  -33.915 0.5000000000
38618  35.526  -34.510  -33.623 0.4000000060
132838  36.421  -32.881  -34.208 0.5000000000
43051  37.363  -30.931  -34.383 0.4000000060
45348  38.204  -28.560  -36.383 0.5000000000
44087  37.565  -30.040  -34.867 0.4000000060
45341  37.641  -29.222  -35.935 0.4000000060
36164  32.982  -37.480  -34.228 0.4000000060
38623  29.762  -34.736  -33.167 0.4000000060
38608  34.518  -34.874  -32.539 0.4000000060
40860  30.781  -32.832  -32.533 0.4000000060
39750  35.615  -33.907  -32.872 0.5000000000
38607  35.168  -34.601  -32.890 0.4000000060
144236  31.625  -32.872  -32.101 0.4000000060
40859  36.183  -33.166  -33.259 0.5000000000
41977  32.063  -31.225  -31.309 0.4000000060
40845  31.746  -31.965  -31.671 0.4000000060
135118  36.463  -32.550  -33.470 0.5000000000
41983  37.087  -31.408  -32.332 0.5000000000
43036  32.463  -30.537  -31.023 0.4000000060
44058  32.329  -29.726  -31.344 0.4000000060
41995  37.146  -31.394  -33.486 0.5000000000
140745  37.587  -30.665  -33.509 0.6000000238
44086  38.043  -29.362  -34.375 0.5000000000
37416  30.302  -35.402  -33.489 0.4000000060
38612  30.892  -34.163  -32.839 0.4000000060
37414  32.862  -35.870  -33.298 0.4000000060
39753  31.251  -33.577  -32.547 0.4000000060
39736  35.323  -33.671  -31.835 0.5000000000
146102  34.959  -34.352  -32.172 0.4000000060
39752  32.103  -33.852  -32.242 0.4000000060
127835  35.869  -33.159  -32.267 0.5000000000
41976  32.444  -32.039  -31.052 0.4000000060
40844  32.237  -32.621  -31.491 0.4000000060
41984  36.611  -31.967  -31.971 0.5000000000
43043  37.572  -30.744  -32.625 0.5000000000
44057  32.901  -29.182  -31.170 0.4000000060
44081  38.059  -30.155  -33.015 0.6000000238
44080  38.342  -29.519  -33.427 0.6000000238
38621  31.392  -34.824  -33.108 0.4000000060
38597  34.072  -34.464  -31.819 0.4000000060
38611  31.723  -34.349  -32.711 0.4000000060
38610  32.668  -34.685  -32.473 0.4000000060
40832  33.711  -32.940  -30.771 0.4000000060
41975  36.455  -31.797  -30.989 0.5000000000
41967  33.364  -32.116  -30.512 0.4000000060
41968  32.740  -31.315  -30.726 0.4000000060
41974  36.908  -31.427  -31.439 0.5000000000
44049  32.982  -29.979  -30.742 0.4000000060
45320  38.747  -28.990  -32.819 0.6000000238
139079  38.428  -29.605  -32.609 0.6000000238
44067  38.137  -30.054  -31.932 0.6000000238
145824  32.353  -36.520  -33.724 0.4000000060
38620  32.287  -35.101  -32.980 0.4000000060
39737  33.567  -33.646  -31.269 0.4000000060
39738  32.548  -33.376  -31.625 0.4000000060
40830  35.387  -32.586  -30.776 0.5000000000
40842  34.958  -33.258  -31.067 0.5000000000
40831  34.467  -32.564  -30.507 0.5000000000
41965  35.223  -31.757  -30.080 0.5000000000
41966  34.188  -31.577  -30.082 0.5000000000
43035  36.857  -31.117  -30.624 0.5000000000
41964  36.135  -31.414  -30.184 0.5000000000
43025  35.591  -30.742  -29.733 0.5000000000
138091  33.883  -30.489  -30.125 0.4000000060
43034  37.439  -30.751  -31.412 0.6000000238
44047  34.463  -29.593  -30.060 0.5000000000
147591  33.425  -28.782  -31.015 0.4000000060
45319  39.010  -28.449  -32.154 0.6000000238
147089  38.279  -29.596  -31.326 0.6000000238
43023  37.256  -30.341  -30.353 0.6000000238
43024  36.526  -30.621  -29.920 0.5000000000
43026  34.824  -30.361  -29.742 0.5000000000
44056  37.922  -29.938  -30.895 0.6000000238
43015  36.229  -29.972  -29.643 0.6000000238
44046  35.368  -29.779  -29.664 0.5000000000
44055  38.294  -29.107  -30.779 0.6000000238
45311  38.768  -28.477  -31.290 0.6000000238
47484  35.517  -26.459  -30.838 0.5000000000
47480  36.318  -26.721  -30.287 0.6000000238
130840  35.670  -27.131  -30.436 0.5000000000
146992  37.039  -27.055  -29.900 0.6000000238
46425  36.361  -27.577  -29.879 0.6000000238
46426  35.380  -27.798  -30.223 0.5000000000
46427  34.483  -27.999  -30.730 0.5000000000
44045  37.512  -29.445  -30.090 0.6000000238
44038  36.020  -29.182  -29.606 0.5000000000
45306  34.101  -28.776  -30.576 0.5000000000
45312  33.687  -28.196  -31.205 0.5000000000
48587  36.197  -25.895  -30.630 0.5000000000
48595  36.084  -25.116  -31.078 0.5000000000
131678  36.880  -25.302  -30.552 0.6000000238
47479  37.177  -26.219  -30.179 0.6000000238
45305  36.009  -28.374  -29.702 0.6000000238
126562  35.071  -28.748  -29.971 0.5000000000
46424  37.404  -27.832  -29.792 0.6000000238
46411  36.732  -28.268  -29.667 0.6000000238
44110  39.580  -29.313  -37.340 0.4000000060
46475  40.267  -27.120  -37.685 0.5000000000
45355  39.984  -27.890  -37.558 0.4000000060
45292  37.202  -28.723  -29.736 0.6000000238
44099  42.726  -29.565  -36.577 0.5000000000
43070  40.978  -30.382  -37.723 0.5000000000
45352  41.892  -29.384  -37.469 0.5000000000
44109  40.667  -29.370  -37.656 0.5000000000
37412  34.636  -35.948  -33.792 0.4000000060
37402  34.194  -35.467  -32.923 0.4000000060
135131  30.968  -31.884  -32.325 0.4000000060
43037  31.830  -30.390  -31.537 0.4000000060
37403  33.278  -35.405  -32.818 0.4000000060
39722  34.277  -33.312  -30.944 0.4000000060
135274  31.935  -35.573  -33.368 0.4000000060
45293  36.574  -28.795  -29.621 0.6000000238
39754  30.496  -33.491  -32.706 0.3000000119
41978  31.390  -31.103  -31.811 0.3000000119
40861  30.122  -32.256  -32.606 0.3000000119
43044  31.196  -30.258  -31.923 0.3000000119
41985  30.737  -30.904  -32.208 0.3000000119
43045  30.574  -30.153  -32.289 0.3000000119
145811  30.167  -30.683  -32.505 0.3000000119
36147  34.069  -36.563  -33.872 0.4000000060
36148  33.373  -36.615  -33.750 0.4000000060
36149  31.574  -36.038  -33.612 0.4000000060
38609  33.661  -34.937  -32.343 0.4000000060
38622  30.576  -34.710  -33.186 0.4000000060
39751  33.082  -34.234  -31.896 0.4000000060
39767  30.165  -34.060  -32.955 0.4000000060
40829  35.869  -32.041  -30.625 0.5000000000
40840  36.037  -32.477  -31.499 0.5000000000
40841  35.524  -33.042  -31.468 0.5000000000
40843  32.914  -32.842  -31.013 0.4000000060
40858  36.339  -32.567  -32.603 0.5000000000
41944  48.044  -31.480  -28.756 0.5000000000
41945  47.616  -30.958  -28.656 0.5000000000
41996  36.690  -31.994  -33.010 0.5000000000
42988  48.688  -30.360  -27.674 0.3000000119
42989  47.778  -30.257  -27.761 0.5000000000
43004  47.454  -30.583  -28.255 0.5000000000
43005  46.976  -30.465  -28.911 0.5000000000
43021  48.429  -30.802  -30.681 0.5000000000
43027  33.073  -30.699  -30.555 0.4000000060
44036  46.404  -29.639  -29.559 0.5000000000
44037  36.775  -29.373  -29.674 0.6000000238
44048  33.599  -29.444  -30.580 0.4000000060
44059  31.662  -29.570  -31.752 0.4000000060
44066  38.591  -29.210  -31.834 0.6000000238
44098  43.678  -29.643  -36.320 0.5000000000
45262  46.448  -28.292  -27.736 0.5000000000
45263  45.803  -27.773  -28.111 0.5000000000
45278  45.585  -28.227  -28.762 0.5000000000
45301  46.020  -29.025  -30.252 0.5000000000
45303  38.484  -28.313  -30.589 0.6000000238
45304  37.915  -28.520  -30.114 0.6000000238
45309  45.621  -28.595  -31.641 0.6000000238
45328  45.018  -28.101  -33.064 0.5000000000
45334  37.723  -29.226  -35.326 0.4000000060
46382  48.243  -27.332  -27.314 0.4000000060
46383  47.210  -27.618  -27.455 0.4000000060
46384  46.052  -27.075  -27.840 0.5000000000
46399  45.341  -27.492  -28.896 0.5000000000
46409  44.959  -27.350  -29.686 0.6000000238
46410  44.700  -26.740  -29.946 0.6000000238
46422  38.953  -27.035  -30.706 0.6999999881
46429  45.046  -28.093  -32.083 0.5000000000
46438  39.346  -27.718  -32.300 0.6999999881
46453  43.288  -27.248  -34.427 0.6000000238
46454  42.645  -27.551  -34.528 0.6000000238
46469  41.381  -27.514  -36.662 0.6000000238
47478  38.156  -26.216  -30.244 0.6999999881
47483  39.695  -26.429  -31.868 0.6999999881
47508  42.228  -26.969  -34.172 0.6000000238
47509  41.671  -26.940  -34.768 0.6999999881
47516  38.474  -26.114  -36.238 0.8000000119
47519  45.858  -26.268  -37.785 0.5000000000
47526  41.089  -25.909  -38.122 0.8999999762
48533  50.835  -25.530  -27.691 0.4000000060
48536  48.038  -25.664  -27.790 0.5000000000
48549  51.857  -24.972  -28.185 0.3000000119
48552  47.328  -25.255  -28.288 0.5000000000
48565  45.950  -25.117  -29.022 0.6000000238
48567  44.741  -26.081  -29.969 0.6000000238
48582  45.157  -25.417  -30.312 0.6000000238
48583  44.695  -25.933  -30.793 0.6999999881
48593  44.699  -25.898  -31.730 0.6999999881
48596  35.462  -25.682  -31.274 0.5000000000
48603  39.826  -25.695  -32.233 0.6999999881
48614  42.009  -25.676  -33.300 0.8999999762
48631  38.505  -25.483  -35.886 0.8000000119
48633  46.907  -25.381  -38.660 0.6000000238
48637  41.218  -25.409  -38.034 0.8999999762
48638  39.349  -25.109  -37.673 0.8000000119
48639  38.744  -25.257  -37.188 0.8000000119
48640  41.050  -25.187  -38.177 0.8999999762
49682  52.973  -24.653  -28.763 0.3000000119
49685  50.575  -24.654  -28.646 0.4000000060
49687  46.795  -24.843  -28.867 0.5000000000
49697  52.574  -24.482  -29.322 0.3000000119
49700  49.862  -24.466  -29.246 0.4000000060
49702  47.217  -24.398  -29.487 0.5000000000
49719  52.558  -24.414  -30.203 0.3000000119
49726  39.085  -24.767  -30.833 0.6999999881
49738  53.660  -24.489  -32.075 0.3000000119
49741  49.932  -24.169  -30.948 0.4000000060
49755  52.447  -24.426  -33.452 0.3000000119
49761  43.038  -24.676  -32.411 0.8000000119
49772  52.989  -24.228  -34.748 0.3000000119
49787  54.350  -24.335  -35.236 0.3000000119
49797  47.365  -23.647  -37.728 0.8000000119
49803  41.322  -24.649  -36.571 0.8999999762
49806  39.611  -24.360  -37.859 0.8000000119
49809  40.977  -24.406  -38.213 0.8999999762
49810  40.467  -24.327  -38.155 0.8999999762
50839  38.172  -23.556  -30.439 0.8000000119
50848  50.341  -23.757  -32.838 0.3000000119
50901  49.644  -22.519  -34.477 0.5000000000
50912  46.082  -22.858  -37.015 0.8000000119
50917  47.164  -22.508  -37.959 0.8000000119
50920  41.442  -23.091  -37.807 1.0000000000
50924  38.557  -23.811  -37.122 0.8000000119
50926  40.805  -23.591  -38.266 1.0000000000
51946  44.588  -22.805  -31.057 0.8000000119
51960  51.561  -22.536  -32.988 0.4000000060
51964  41.906  -23.145  -32.285 0.8000000119
51976  52.657  -23.480  -34.232 0.3000000119
51979  49.547  -22.157  -34.553 0.5000000000
52002  54.941  -23.256  -35.674 0.3000000119
52004  47.160  -21.646  -36.945 0.8000000119
52010  46.933  -22.321  -37.775 0.8000000119
52015  38.821  -22.970  -37.294 0.8000000119
52017  41.034  -22.296  -38.295 1.0000000000
52940  47.555  -21.189  -29.084 0.6999999881
52950  48.327  -21.209  -29.397 0.6999999881
52951  46.113  -21.574  -29.401 0.6999999881
52967  50.301  -21.409  -30.607 0.5000000000
52974  39.273  -21.563  -30.657 0.8999999762
53021  48.322  -20.932  -34.865 0.6000000238
53033  49.041  -21.553  -34.856 0.5000000000
53036  39.090  -20.869  -35.041 1.0000000000
53040  41.642  -21.625  -35.933 0.8999999762
53041  39.072  -21.295  -35.841 1.0000000000
53043  42.233  -21.021  -37.774 1.0000000000
53045  39.393  -21.230  -37.117 1.0000000000
53050  39.186  -22.059  -37.393 1.0000000000
53051  41.605  -21.651  -38.083 1.0000000000
53986  48.295  -20.172  -28.372 0.6999999881
53989  45.435  -20.430  -28.340 0.6999999881
53990  44.666  -20.121  -28.554 0.8000000119
53996  49.488  -20.464  -29.226 0.6999999881
54026  51.824  -20.912  -31.049 0.4000000060
54059  41.611  -20.706  -34.432 0.8000000119
54061  39.039  -19.991  -34.922 1.0000000000
54072  43.169  -19.958  -38.207 1.0000000000
54073  42.642  -20.288  -38.077 1.0000000000
54074  41.533  -20.464  -38.159 1.0000000000
54079  41.535  -21.095  -38.176 1.0000000000
55036  48.512  -19.390  -28.091 0.5000000000
55048  44.021  -19.727  -28.993 0.6999999881
55067  38.615  -20.039  -29.923 1.0000000000
55069  35.066  -19.247  -30.096 0.8000000119
55075  43.072  -18.806  -31.100 0.6999999881
55076  42.679  -19.537  -31.041 0.6999999881
55083  53.039  -19.937  -32.037 0.4000000060
55085  41.809  -20.026  -33.209 0.6999999881
55107  38.889  -19.161  -34.695 1.0000000000
55111  39.776  -19.357  -35.739 1.0000000000
55121  43.194  -19.699  -38.082 1.0000000000
55124  40.847  -20.214  -37.568 1.0000000000
55126  42.792  -19.703  -38.374 1.0000000000
56097  47.059  -18.325  -27.468 0.6000000238
56117  50.442  -18.368  -29.559 0.4000000060
56133  51.488  -18.434  -30.623 0.4000000060
56136  43.475  -18.632  -30.534 0.6999999881
56137  39.310  -18.222  -30.203 1.0000000000
56184  44.104  -18.090  -36.394 1.0000000000
56187  39.759  -18.469  -35.325 1.0000000000
56195  45.664  -17.457  -37.836 0.8000000119
56196  44.451  -18.358  -37.604 1.0000000000
56199  45.719  -17.234  -38.080 0.6999999881
56202  43.940  -18.406  -38.417 1.0000000000
56205  44.516  -17.889  -38.302 1.0000000000
56206  44.191  -17.952  -38.343 1.0000000000
57147  49.426  -17.296  -28.551 0.5000000000
57161  45.386  -17.205  -28.703 0.6000000238
57177  43.823  -17.986  -30.671 0.6999999881
57188  43.761  -17.737  -31.450 0.6999999881
57197  44.116  -16.992  -32.820 0.8000000119
57206  44.090  -16.999  -33.780 0.8000000119
57208  38.765  -17.421  -33.839 1.0000000000
57209  38.511  -17.880  -33.954 1.0000000000
57228  43.750  -17.759  -35.327 0.8000000119
57234  45.970  -16.651  -36.863 0.6999999881
57235  45.778  -16.964  -36.845 0.8000000119
57236  45.361  -17.320  -36.771 0.8000000119
57238  42.429  -16.798  -36.763 1.0000000000
57240  46.090  -16.343  -37.207 0.8000000119
57241  45.997  -16.932  -37.333 0.6999999881
57242  45.974  -17.037  -37.317 0.6999999881
57244  42.540  -17.638  -37.340 1.0000000000
57245  46.119  -16.585  -37.741 0.8000000119
57246  45.333  -16.996  -38.149 0.8999999762
57247  45.043  -17.470  -38.144 1.0000000000
57248  43.867  -17.984  -38.427 1.0000000000
57250  44.493  -17.601  -38.262 1.0000000000
57251  44.127  -17.541  -38.183 1.0000000000
58163  48.319  -16.204  -27.726 0.5000000000
58174  46.447  -16.352  -27.855 0.6000000238
58187  37.986  -16.729  -29.288 0.8999999762
58188  37.107  -16.856  -29.226 0.8000000119
58243  55.305  -16.403  -35.507 0.3000000119
58257  46.457  -15.782  -35.813 0.6999999881
58263  39.092  -16.495  -35.375 1.0000000000
58268  46.271  -15.810  -36.491 0.6999999881
58269  46.256  -16.086  -36.523 0.6999999881
58270  46.035  -16.408  -36.257 0.6999999881
58272  41.626  -16.159  -36.175 1.0000000000
58275  46.122  -15.976  -37.088 0.6999999881
58279  45.921  -16.223  -37.567 0.8000000119
58280  45.693  -16.544  -37.901 0.8000000119
58281  44.859  -16.216  -37.763 0.8000000119
58283  44.212  -16.696  -37.796 0.8999999762
58285  43.403  -17.055  -37.548 1.0000000000
58287  44.459  -17.228  -38.019 0.8999999762
59248  46.866  -15.081  -27.948 0.6000000238
59276  45.781  -15.698  -30.892 0.6999999881
59287  52.086  -15.615  -31.439 0.4000000060
59290  41.474  -15.548  -31.394 1.0000000000
59298  46.333  -15.339  -32.260 0.6999999881
59308  54.626  -15.678  -34.281 0.3000000119
59311  46.499  -15.500  -33.562 0.6999999881
59323  54.905  -16.189  -34.787 0.3000000119
59324  47.201  -15.163  -34.765 0.6999999881
59337  46.654  -15.623  -35.173 0.6999999881
59338  39.303  -15.640  -35.400 1.0000000000
59342  46.594  -15.187  -36.052 0.6999999881
59346  46.139  -15.478  -36.683 0.6999999881
59350  45.624  -15.678  -37.071 0.6999999881
59352  44.958  -15.904  -37.447 0.8000000119
59355  43.329  -16.146  -37.193 1.0000000000
60316  48.262  -14.531  -27.923 0.5000000000
60331  37.625  -14.531  -29.776 0.8999999762
60409  39.900  -14.145  -35.737 1.0000000000
60413  47.046  -14.573  -35.685 0.6999999881
60415  39.567  -15.102  -35.651 1.0000000000
60417  46.129  -14.891  -36.368 0.6999999881
60418  42.429  -14.343  -36.626 0.8999999762
60419  41.705  -14.557  -36.539 1.0000000000
60421  45.930  -15.290  -36.672 0.6999999881
60422  45.689  -15.277  -36.714 0.6999999881
60426  44.083  -15.107  -36.892 0.8000000119
61419  47.300  -13.123  -28.598 0.6000000238
61441  42.321  -13.762  -30.277 0.6999999881
61471  52.898  -13.704  -31.846 0.3000000119
61480  54.630  -13.419  -33.524 0.3000000119
61482  47.967  -13.303  -33.483 0.6000000238
61496  49.183  -12.998  -35.044 0.6000000238
61504  57.776  -13.647  -36.427 0.3000000119
61511  47.415  -13.984  -35.567 0.6000000238
61517  45.609  -13.638  -36.225 0.6000000238
61518  42.001  -13.598  -36.660 0.8999999762
61520  40.982  -12.909  -36.509 0.8999999762
61524  43.339  -13.497  -36.543 0.6999999881
62550  48.266  -12.083  -28.516 0.5000000000
62560  46.948  -12.252  -29.608 0.6000000238
62649  47.423  -12.617  -35.595 0.5000000000
62651  41.119  -12.397  -36.343 0.6000000238
62653  46.023  -12.753  -35.868 0.5000000000
62655  42.669  -11.965  -36.559 0.5000000000
63621  49.585  -10.882  -28.917 0.3000000119
63622  48.110  -10.654  -29.012 0.4000000060
63623  47.629  -11.003  -29.349 0.4000000060
63663  48.218  -11.070  -32.864 0.5000000000
63686  49.574  -12.305  -35.147 0.5000000000
63709  41.547  -11.785  -36.370 0.6000000238
63712  42.794  -11.150  -36.574 0.5000000000
64669  47.552  -10.371  -30.421 0.5000000000
64748  41.934  -10.937  -36.399 0.4000000060
64752  42.405  -10.303  -36.451 0.5000000000
65665  48.098  -9.231  -30.180 0.3000000119
65667  44.287  -9.509  -30.397 0.4000000060
65717  43.442  -9.351  -34.927 0.3000000119
65730  42.890  -9.203  -35.638 0.4000000060
65743  42.498  -9.259  -36.490 0.4000000060
65752  44.508  -9.168  -37.064 0.4000000060
66702  40.791  -8.197  -30.299 0.4000000060
66716  39.184  -8.818  -31.428 0.4000000060
66729  38.205  -8.526  -32.420 0.3000000119
66764  43.318  -8.644  -35.451 0.3000000119
66783  42.894  -8.470  -37.159 0.3000000119
67802  41.356  -7.060  -30.132 0.4000000060
67815  39.103  -7.519  -32.249 0.3000000119
67861  43.185  -7.785  -35.973 0.3000000119
67871  42.874  -7.362  -37.036 0.3000000119
69764  44.209  -5.811  -29.680 0.4000000060
69765  43.574  -5.216  -29.546 0.3000000119
69766  42.936  -5.541  -29.552 0.3000000119
69782  42.484  -5.155  -29.757 0.3000000119
69811  39.718  -5.523  -32.745 0.3000000119
71815  40.700  -4.264  -31.938 0.3000000119
72809  42.687  -2.873  -29.853 0.3000000119
72851  40.352  -2.533  -33.354 0.3000000119
72861  39.529  -2.243  -34.787 0.3000000119
73876  41.525  -1.766  -31.386 0.3000000119
73928  38.836  -1.851  -35.958 0.3000000119
75926  38.125  0.702  -37.476 0.3000000119
75927  37.905  0.310  -37.592 0.3000000119
75928  37.078  0.563  -37.667 0.3000000119
75940  37.365  1.214  -37.659 0.3000000119
76969  38.381  1.246  -37.278 0.3000000119
76982  37.906  1.604  -37.697 0.3000000119
76983  37.710  1.822  -37.771 0.3000000119
77999  39.933  1.721  -34.141 0.3000000119
78055  37.895  2.246  -37.880 0.3000000119
124745  43.337  -23.996  -31.915 0.8000000119
125406  48.432  -21.073  -35.169 0.6000000238
125662  42.540  -22.352  -31.131 0.8000000119
125731  46.839  -24.221  -30.268 0.4000000060
126291  42.003  -12.950  -36.699 0.6000000238
126326  44.945  -8.138  -30.919 0.3000000119
126927  44.919  -17.904  -37.821 0.8000000119
127272  51.358  -13.070  -30.138 0.3000000119
127494  55.730  -12.893  -34.526 0.3000000119
127631  49.207  -24.679  -28.584 0.5000000000
127682  43.473  -14.367  -36.626 0.8000000119
127686  54.829  -22.856  -35.596 0.3000000119
128220  50.734  -22.634  -33.749 0.4000000060
128245  50.249  -23.447  -33.778 0.4000000060
128975  39.436  -27.536  -37.316 0.6999999881
129023  46.341  -15.554  -32.893 0.6999999881
129366  41.073  -13.365  -29.513 0.6999999881
129392  40.624  -13.613  -36.387 0.8999999762
129506  39.513  -24.266  -31.364 0.8000000119
129523  33.427  -31.242  -30.336 0.4000000060
129758  54.129  -19.845  -33.363 0.4000000060
130531  47.826  -22.359  -35.591 0.6999999881
130844  39.918  -14.956  -29.495 1.0000000000
130978  44.770  -17.185  -30.022 0.6999999881
131449  39.368  -20.829  -30.784 0.8999999762
131838  44.817  -5.338  -30.114 0.4000000060
131921  47.198  -11.634  -30.760 0.6000000238
132199  51.053  -9.550  -35.819 0.3000000119
132533  41.806  -19.307  -38.044 1.0000000000
132648  41.004  -28.554  -37.723 0.5000000000
132693  40.328  -7.993  -30.797 0.4000000060
132915  35.037  -21.715  -31.323 0.6999999881
133078  44.422  -23.605  -33.010 0.8000000119
133177  40.226  -28.546  -37.592 0.4000000060
133271  50.276  -14.016  -29.163 0.4000000060
133550  48.193  -9.617  -32.539 0.5000000000
134008  37.191  -6.915  -34.671 0.3000000119
134220  48.055  -14.095  -35.273 0.6999999881
135541  37.577  -23.125  -30.375 0.8999999762
135548  37.462  -0.001  -37.658 0.3000000119
135601  41.818  -1.075  -30.839 0.3000000119
136553  45.203  -27.139  -34.138 0.5000000000
136981  38.680  -24.104  -30.604 0.8000000119
137044  45.109  -14.624  -36.607 0.6999999881
137622  53.251  -25.089  -28.349 0.3000000119
138196  37.840  -30.117  -33.947 0.6000000238
138236  45.200  -7.899  -32.548 0.3000000119
138265  46.229  -15.042  -28.637 0.6999999881
139183  50.010  -23.050  -34.370 0.4000000060
140059  30.147  -32.938  -32.654 0.3000000119
140391  36.678  -32.121  -33.932 0.5000000000
141748  43.935  -10.248  -33.433 0.4000000060
141815  36.893  -29.972  -29.810 0.6000000238
141918  39.887  -22.170  -37.972 1.0000000000
141968  34.758  -31.041  -29.753 0.5000000000
142245  43.218  -21.587  -30.044 0.8000000119
142513  52.910  -24.515  -32.487 0.3000000119
142828  41.345  -3.697  -31.190 0.3000000119
143063  43.230  -11.976  -30.202 0.5000000000
143270  44.223  -9.790  -33.297 0.4000000060
143351  40.886  -15.368  -36.113 1.0000000000
143423  45.133  -17.057  -29.417 0.6000000238
144219  44.081  -9.076  -29.941 0.3000000119
144306  51.339  -15.373  -30.428 0.4000000060
144323  50.086  -16.224  -29.130 0.4000000060
144346  44.022  -18.641  -38.190 1.0000000000
145567  54.799  -17.315  -35.251 0.3000000119
145577  38.506  -19.380  -29.760 0.8999999762
145796  35.971  -7.566  -35.169 0.4000000060
145834  54.046  -17.591  -34.033 0.4000000060
146144  34.548  -33.860  -31.450 0.4000000060
146271  51.152  -16.454  -30.386 0.4000000060
146477  47.283  -15.426  -27.689 0.5000000000
147519  51.518  -25.403  -27.815 0.4000000060
147750  49.331  -21.655  -31.211 0.5000000000
147842  52.321  -17.585  -31.786 0.4000000060
148192  47.311  -23.627  -32.517 0.5000000000
148577  45.919  -16.012  -37.332 0.8000000119
148769  44.593  -9.239  -30.949 0.4000000060
149069  44.868  -17.816  -37.189 0.8000000119
149084  46.017  -16.934  -38.075 0.6999999881
150456  53.103  -14.162  -32.129 0.3000000119
150474  48.810  -32.149  -29.955 0.5000000000
150560  41.272  -29.677  -37.747 0.5000000000
