#!ascii label  , from subject sub-LJ002 vox2ras=TkReg
905
31592  30.547  -41.167  -29.907 0.6000000238
24025  24.921  -48.161  -30.359 0.6999999881
25089  25.580  -47.364  -28.673 0.6999999881
27262  28.064  -44.478  -27.529 0.8999999762
28357  29.137  -43.398  -27.859 0.8000000119
29499  29.584  -43.017  -28.633 0.8000000119
31610  30.374  -41.164  -31.013 0.6000000238
31624  30.703  -40.283  -31.590 0.6999999881
32712  31.318  -39.746  -31.836 0.6999999881
25110  24.782  -47.508  -30.695 0.6999999881
24034  23.334  -47.878  -31.279 0.6999999881
24024  25.647  -47.739  -30.294 0.6999999881
25100  26.498  -46.993  -30.065 0.6000000238
25088  26.400  -47.127  -29.358 0.6999999881
26172  26.957  -46.344  -28.616 0.6999999881
26171  27.647  -45.721  -28.893 0.8000000119
27274  28.301  -44.855  -28.896 0.8000000119
28373  28.760  -44.138  -28.415 0.8000000119
129500  29.398  -43.568  -29.498 0.8000000119
29514  29.883  -42.585  -29.921 0.6000000238
31625  30.206  -41.162  -32.182 0.6000000238
128760  30.696  -40.603  -32.693 0.6999999881
32711  32.144  -39.558  -32.325 0.6999999881
26188  24.718  -46.430  -30.317 0.5000000000
25101  24.174  -47.125  -30.750 0.6000000238
26187  25.694  -46.119  -30.330 0.4000000060
25109  25.699  -47.220  -30.508 0.6000000238
25108  26.417  -46.673  -30.311 0.5000000000
26204  27.428  -45.459  -30.239 0.6000000238
26186  27.487  -45.737  -29.747 0.8000000119
27290  28.431  -44.795  -29.819 0.6999999881
27306  29.074  -44.059  -30.844 0.6999999881
29547  29.398  -43.123  -31.546 0.6999999881
31639  30.260  -41.283  -33.313 0.5000000000
31638  31.087  -40.878  -33.793 0.6000000238
31637  31.893  -40.541  -34.115 0.6000000238
32724  31.477  -40.203  -32.989 0.6000000238
32710  33.015  -39.460  -32.741 0.5000000000
27276  24.572  -44.702  -28.428 0.5000000000
26173  24.167  -45.574  -29.270 0.6000000238
27294  23.510  -45.337  -29.352 0.6000000238
27293  25.066  -45.489  -29.569 0.5000000000
26205  26.866  -45.831  -30.380 0.5000000000
27324  27.702  -44.263  -30.866 0.6000000238
27323  28.251  -43.947  -31.258 0.6000000238
27340  29.115  -43.468  -31.628 0.6000000238
150274  29.191  -42.668  -32.602 0.5000000000
30615  29.692  -41.672  -33.696 0.5000000000
31653  30.529  -41.160  -34.141 0.6000000238
31659  31.151  -40.804  -34.312 0.6000000238
32736  32.852  -40.217  -34.449 0.5000000000
133030  33.524  -40.143  -34.900 0.5000000000
32742  34.597  -39.880  -35.001 0.5000000000
32735  33.808  -40.121  -34.661 0.5000000000
27277  23.808  -44.862  -28.394 0.5000000000
129214  23.487  -44.272  -27.950 0.5000000000
27275  25.565  -44.614  -29.015 0.5000000000
28386  26.355  -44.281  -29.700 0.4000000060
29500  27.127  -42.388  -29.018 0.3000000119
147227  26.866  -43.951  -30.288 0.4000000060
29530  27.406  -43.331  -30.593 0.3000000119
29516  27.408  -42.497  -29.995 0.3000000119
28397  27.649  -43.684  -31.057 0.5000000000
29548  27.837  -43.053  -31.430 0.5000000000
150496  28.336  -42.314  -32.597 0.5000000000
29565  28.931  -42.385  -33.285 0.5000000000
30629  29.272  -41.709  -34.122 0.5000000000
32746  29.972  -40.722  -34.343 0.6000000238
32745  30.792  -40.587  -34.437 0.6000000238
31651  31.868  -40.454  -34.338 0.5000000000
33890  33.216  -39.709  -34.921 0.5000000000
32743  34.083  -40.090  -35.050 0.5000000000
28360  24.226  -43.439  -27.198 0.5000000000
28359  25.016  -43.281  -27.242 0.5000000000
29502  25.966  -42.878  -27.621 0.5000000000
30559  26.819  -42.281  -28.085 0.4000000060
29501  26.584  -42.899  -28.601 0.5000000000
30558  27.379  -41.629  -28.398 0.4000000060
31577  27.980  -40.964  -28.996 0.3000000119
31611  27.945  -40.982  -30.603 0.3000000119
126962  27.976  -41.119  -31.702 0.4000000060
30618  28.436  -41.637  -33.472 0.5000000000
31654  28.660  -41.127  -33.807 0.4000000060
127367  30.982  -39.640  -34.556 0.5000000000
35009  31.427  -37.896  -34.392 0.5000000000
33891  31.913  -39.378  -34.637 0.5000000000
32752  34.652  -39.584  -35.173 0.5000000000
33888  34.343  -39.002  -35.306 0.4000000060
35007  33.615  -38.598  -34.900 0.5000000000
30536  24.795  -41.777  -26.155 0.5000000000
30534  26.257  -41.513  -26.339 0.5000000000
31561  26.868  -41.359  -26.764 0.5000000000
30546  27.198  -41.426  -27.480 0.4000000060
131660  27.712  -40.858  -27.872 0.4000000060
31576  28.255  -40.185  -28.311 0.3000000119
31594  28.094  -40.695  -29.814 0.3000000119
139600  28.075  -40.379  -31.099 0.4000000060
32713  28.150  -40.103  -31.840 0.4000000060
32725  28.222  -40.179  -32.692 0.4000000060
31626  28.084  -40.824  -32.467 0.4000000060
32737  28.408  -40.353  -33.280 0.4000000060
149662  28.863  -39.944  -33.654 0.5000000000
138860  29.641  -38.960  -34.051 0.5000000000
33892  30.209  -39.770  -34.370 0.6000000238
144429  32.139  -37.385  -34.180 0.4000000060
35008  32.522  -38.438  -34.587 0.5000000000
148586  26.632  -40.404  -25.540 0.4000000060
31560  27.403  -40.877  -26.851 0.4000000060
31549  26.789  -40.934  -26.109 0.4000000060
125316  28.637  -39.462  -27.768 0.4000000060
33814  29.048  -38.741  -28.388 0.4000000060
31593  28.317  -40.143  -29.322 0.4000000060
33841  28.671  -38.685  -30.120 0.4000000060
141509  28.435  -39.294  -30.419 0.4000000060
33856  28.351  -39.235  -31.564 0.4000000060
131106  28.502  -38.386  -31.785 0.4000000060
33881  28.520  -39.359  -32.953 0.5000000000
34997  28.984  -37.817  -33.193 0.5000000000
36168  29.289  -37.451  -33.518 0.6000000238
36166  30.693  -37.018  -33.876 0.5000000000
36150  30.864  -36.113  -33.681 0.4000000060
36165  31.507  -36.803  -33.867 0.4000000060
141330  26.906  -39.776  -25.191 0.4000000060
128268  28.082  -39.739  -26.135 0.4000000060
32611  27.697  -39.495  -25.408 0.4000000060
32627  28.584  -39.376  -26.696 0.4000000060
32669  28.620  -39.451  -28.812 0.4000000060
33842  28.490  -38.689  -30.936 0.4000000060
34968  28.624  -37.782  -31.182 0.4000000060
145761  28.596  -37.733  -32.339 0.4000000060
145916  28.722  -37.248  -32.789 0.5000000000
36152  28.931  -36.861  -33.167 0.4000000060
36151  30.059  -36.274  -33.666 0.6000000238
33766  28.048  -38.830  -25.003 0.4000000060
33764  29.320  -38.160  -25.783 0.4000000060
33800  29.526  -38.140  -26.727 0.4000000060
33813  29.526  -37.881  -27.938 0.4000000060
34943  29.298  -38.020  -29.067 0.4000000060
34953  29.259  -37.298  -29.871 0.5000000000
34967  28.826  -37.874  -30.507 0.4000000060
146792  28.745  -37.432  -30.894 0.3000000119
36133  28.516  -36.397  -31.605 0.3000000119
34980  28.548  -37.314  -31.745 0.4000000060
37419  28.705  -35.555  -32.766 0.4000000060
38624  29.074  -35.177  -33.058 0.4000000060
37417  29.524  -35.639  -33.404 0.5000000000
33757  27.625  -38.236  -24.672 0.4000000060
34934  30.029  -37.411  -27.041 0.4000000060
128725  30.052  -36.923  -28.024 0.4000000060
36103  29.960  -36.269  -28.841 0.3000000119
36104  29.540  -36.367  -29.612 0.3000000119
36121  29.152  -36.336  -30.367 0.3000000119
36122  28.754  -36.288  -30.999 0.3000000119
37395  28.408  -35.759  -32.024 0.3000000119
144509  29.166  -34.529  -32.857 0.4000000060
39768  29.488  -33.990  -32.825 0.4000000060
34902  29.438  -37.572  -25.286 0.3000000119
36069  30.346  -36.952  -26.274 0.3000000119
36085  30.405  -36.628  -27.196 0.3000000119
36093  30.378  -35.995  -28.017 0.3000000119
37361  30.158  -35.427  -28.866 0.3000000119
38570  29.689  -34.761  -29.585 0.3000000119
37373  29.311  -35.455  -30.126 0.4000000060
38571  29.024  -34.565  -30.336 0.4000000060
147090  28.936  -35.039  -30.553 0.3000000119
137182  28.177  -33.946  -31.195 0.3000000119
129059  28.401  -34.367  -32.154 0.3000000119
39769  28.791  -34.051  -32.583 0.4000000060
39756  28.995  -33.332  -32.658 0.4000000060
40862  29.459  -32.704  -32.686 0.4000000060
148403  28.320  -32.637  -30.295 0.4000000060
39723  28.425  -33.737  -30.636 0.4000000060
39724  27.883  -33.249  -31.181 0.3000000119
39757  28.164  -33.327  -32.322 0.4000000060
40864  27.837  -32.379  -32.228 0.4000000060
137820  28.407  -30.893  -32.722 0.4000000060
40863  28.528  -32.541  -32.606 0.4000000060
41987  29.140  -31.764  -32.690 0.4000000060
39710  28.072  -32.881  -30.651 0.4000000060
41979  27.314  -31.588  -31.459 0.5000000000
41989  27.607  -31.580  -32.125 0.4000000060
43047  27.616  -30.713  -32.644 0.4000000060
41986  30.115  -31.388  -32.553 0.3000000119
130324  28.732  -30.204  -32.856 0.3000000119
30572  30.287  -41.849  -29.448 0.6999999881
26156  27.893  -45.027  -28.101 0.8000000119
29546  29.807  -42.135  -31.620 0.6000000238
132994  29.233  -43.952  -30.304 0.6999999881
29529  29.674  -42.868  -30.810 0.6999999881
32723  32.497  -40.064  -33.532 0.6000000238
27309  26.509  -45.652  -30.313 0.4000000060
28398  27.200  -44.020  -30.596 0.4000000060
26203  28.168  -44.796  -30.407 0.6999999881
27341  28.796  -43.657  -31.512 0.6999999881
29556  29.378  -42.621  -32.346 0.6999999881
28375  25.300  -43.875  -28.063 0.5000000000
29557  28.650  -42.645  -32.666 0.5000000000
145366  27.825  -41.687  -31.109 0.4000000060
32747  29.514  -39.904  -34.062 0.6000000238
126078  30.982  -38.674  -34.532 0.5000000000
35011  29.773  -38.079  -33.919 0.6000000238
138132  29.019  -38.142  -29.799 0.3000000119
36140  28.525  -36.645  -32.286 0.4000000060
34892  28.850  -37.529  -24.809 0.4000000060
37386  28.506  -35.437  -31.384 0.3000000119
39739  27.970  -33.711  -31.732 0.3000000119
133071  27.668  -32.883  -31.773 0.3000000119
133159  29.398  -30.852  -32.656 0.3000000119
134423  28.125  -44.854  -23.290 0.6000000238
26095  28.633  -45.409  -23.340 0.6000000238
26114  31.819  -45.316  -24.215 0.6000000238
27222  32.840  -44.095  -24.485 0.6000000238
23943  26.866  -47.355  -23.334 0.5000000000
127895  27.047  -45.636  -23.206 0.6000000238
28315  26.816  -44.011  -23.647 0.6999999881
144274  27.512  -44.345  -23.439 0.6999999881
126378  27.948  -45.764  -23.272 0.6000000238
27205  29.237  -43.983  -23.334 0.6000000238
129765  30.730  -44.115  -23.426 0.6000000238
28310  31.126  -43.401  -23.474 0.6000000238
28325  32.515  -42.800  -23.818 0.6000000238
133824  32.376  -43.568  -23.885 0.6000000238
29455  33.499  -42.281  -24.409 0.6000000238
30521  34.716  -41.108  -25.338 0.6999999881
25013  25.615  -46.104  -22.837 0.6000000238
27209  24.913  -44.654  -23.670 0.6999999881
25012  26.519  -46.353  -23.076 0.5000000000
27208  25.910  -44.460  -23.506 0.6999999881
27207  26.799  -44.750  -23.324 0.6999999881
28313  28.307  -43.274  -23.801 0.6999999881
134751  28.859  -43.452  -23.560 0.6999999881
29445  30.567  -42.326  -23.752 0.5000000000
29456  32.937  -42.209  -24.010 0.6000000238
31523  33.590  -40.766  -24.690 0.6000000238
30512  34.157  -41.069  -24.876 0.6999999881
32607  34.441  -39.671  -25.445 0.6999999881
32624  35.608  -39.409  -26.219 0.6999999881
33778  35.599  -38.521  -26.463 0.6999999881
36116  41.406  -36.382  -30.656 0.4000000060
37368  39.547  -35.052  -29.528 0.5000000000
36089  37.839  -35.956  -28.234 0.6000000238
36090  37.444  -36.608  -27.933 0.6000000238
34916  35.951  -37.743  -26.847 0.6999999881
24995  21.807  -46.774  -22.540 0.5000000000
25014  23.100  -46.295  -22.866 0.5000000000
26116  23.481  -45.581  -24.206 0.6000000238
24993  23.439  -46.773  -22.512 0.5000000000
27226  24.708  -44.585  -24.482 0.6999999881
26115  24.082  -44.938  -23.910 0.5000000000
26082  24.726  -45.961  -22.730 0.6000000238
129829  25.892  -43.963  -25.019 0.6999999881
27224  26.209  -43.746  -24.146 0.6999999881
28327  27.812  -43.209  -24.357 0.6999999881
29446  29.782  -42.572  -23.849 0.6999999881
30514  32.592  -41.506  -24.129 0.6000000238
31524  32.941  -40.802  -24.487 0.6000000238
32608  33.700  -39.618  -25.353 0.6999999881
150223  35.097  -38.363  -26.259 0.6999999881
34931  35.475  -36.995  -27.158 0.6999999881
36080  36.763  -36.460  -27.600 0.6000000238
36081  36.000  -36.296  -27.469 0.6000000238
139720  21.763  -46.581  -25.902 0.5000000000
25016  20.694  -45.717  -22.769 0.4000000060
23968  22.482  -46.555  -24.740 0.5000000000
25029  21.851  -46.326  -24.341 0.5000000000
25027  22.783  -46.175  -23.781 0.5000000000
25063  23.644  -46.943  -26.441 0.6000000238
26134  23.550  -45.879  -25.102 0.6000000238
26148  25.447  -45.525  -26.415 0.6999999881
26133  24.179  -45.572  -25.489 0.6000000238
26132  25.818  -44.689  -25.865 0.6999999881
28335  27.461  -43.435  -25.155 0.6999999881
29459  29.422  -42.378  -24.463 0.6999999881
29457  30.878  -41.643  -24.231 0.6999999881
30507  31.755  -41.522  -24.056 0.6999999881
139928  32.505  -40.301  -25.044 0.6999999881
32609  32.895  -39.707  -25.510 0.6999999881
33780  33.697  -38.485  -26.411 0.8000000119
139718  34.854  -37.283  -27.023 0.6999999881
38556  37.893  -34.482  -28.684 0.5000000000
37359  36.549  -35.152  -28.253 0.6000000238
36082  35.231  -36.257  -27.759 0.6000000238
26117  20.809  -44.756  -24.464 0.4000000060
23987  22.609  -47.576  -26.815 0.6000000238
148494  22.661  -47.212  -26.076 0.6000000238
23986  23.119  -47.420  -26.554 0.6000000238
25062  24.485  -46.707  -26.854 0.6000000238
26159  25.863  -46.075  -27.275 0.6000000238
27252  26.705  -44.742  -26.497 0.6999999881
27238  27.243  -44.053  -26.079 0.6999999881
29479  28.939  -42.808  -26.078 0.6999999881
29469  28.882  -42.603  -24.894 0.6999999881
133629  29.500  -42.356  -26.321 0.8000000119
29467  29.935  -41.869  -25.982 0.8000000119
30532  31.078  -41.012  -25.885 0.6000000238
32626  32.570  -39.415  -26.347 0.6000000238
33798  33.348  -38.250  -27.221 0.8000000119
34919  33.997  -37.882  -26.886 0.6999999881
39706  38.766  -33.226  -29.673 0.5000000000
38557  37.073  -34.485  -28.694 0.6000000238
36091  35.060  -35.904  -28.528 0.6999999881
39707  37.938  -33.373  -29.719 0.6000000238
25077  21.808  -47.042  -27.579 0.5000000000
26160  21.365  -45.243  -27.717 0.4000000060
27264  20.886  -44.168  -28.239 0.4000000060
24005  22.041  -47.761  -28.024 0.5000000000
25064  21.817  -46.806  -26.684 0.5000000000
149471  23.341  -48.238  -28.175 0.6000000238
24001  24.667  -47.403  -27.889 0.6000000238
25076  25.367  -46.753  -27.613 0.6000000238
26158  26.608  -45.914  -27.697 0.6999999881
28346  28.406  -43.482  -26.465 0.8000000119
29478  29.290  -42.777  -27.034 0.8000000119
30545  30.403  -41.648  -27.530 0.6000000238
31559  31.356  -40.495  -27.475 0.6000000238
32649  32.377  -39.304  -27.318 0.6999999881
33811  33.138  -38.184  -28.126 0.6999999881
36120  34.529  -36.629  -30.120 0.6999999881
136339  36.382  -34.636  -28.948 0.6000000238
37384  35.570  -35.403  -30.122 0.6000000238
37394  35.713  -35.800  -31.134 0.6000000238
38584  37.233  -33.677  -29.995 0.6000000238
37383  36.147  -35.013  -30.785 0.6000000238
22989  22.512  -48.133  -30.475 0.5000000000
25090  21.730  -47.212  -28.560 0.5000000000
26174  21.403  -46.211  -29.383 0.5000000000
27296  21.049  -45.340  -29.605 0.5000000000
22982  23.331  -48.456  -30.423 0.5000000000
22984  22.338  -48.255  -29.490 0.5000000000
143844  24.683  -48.016  -29.128 0.6000000238
29488  29.988  -42.295  -28.092 0.6999999881
30571  30.709  -41.146  -28.937 0.6000000238
32668  31.502  -40.030  -28.923 0.6000000238
32667  31.999  -39.378  -29.007 0.6000000238
33825  33.047  -38.216  -29.043 0.6999999881
33826  32.503  -38.762  -29.534 0.6000000238
34965  34.195  -37.379  -30.712 0.6000000238
36119  35.130  -36.169  -30.583 0.6999999881
39721  37.814  -33.283  -30.524 0.5000000000
37393  36.362  -35.579  -31.877 0.4000000060
24035  22.827  -47.959  -31.244 0.5000000000
24043  22.442  -47.239  -31.722 0.5000000000
25120  21.823  -46.635  -32.071 0.5000000000
25121  20.945  -46.204  -31.785 0.5000000000
25112  20.153  -45.758  -31.568 0.5000000000
26224  19.840  -45.615  -31.420 0.5000000000
32702  31.285  -39.724  -30.761 0.6000000238
33840  32.531  -38.803  -30.536 0.6000000238
128743  33.181  -38.444  -30.952 0.4000000060
34978  34.478  -37.725  -31.644 0.5000000000
34977  35.098  -37.337  -31.991 0.4000000060
36130  35.862  -36.242  -31.897 0.4000000060
36131  35.366  -36.548  -31.504 0.5000000000
26221  23.320  -46.715  -31.388 0.6000000238
26222  22.482  -46.486  -32.141 0.5000000000
26235  22.204  -46.276  -32.334 0.5000000000
27343  21.928  -45.738  -32.356 0.5000000000
27326  21.475  -45.050  -32.194 0.5000000000
27328  19.783  -45.500  -31.507 0.5000000000
28417  19.201  -44.913  -31.164 0.4000000060
27312  18.396  -44.940  -30.732 0.5000000000
127547  17.745  -44.427  -30.342 0.4000000060
28388  17.221  -43.838  -29.988 0.4000000060
27299  15.528  -45.039  -30.132 0.4000000060
33855  32.707  -39.003  -31.616 0.6000000238
33854  33.434  -38.772  -31.990 0.4000000060
34989  34.837  -38.209  -32.560 0.4000000060
36139  35.699  -36.944  -32.329 0.4000000060
26208  22.673  -45.780  -31.710 0.5000000000
136601  22.381  -44.800  -31.776 0.4000000060
28413  22.326  -43.947  -31.657 0.4000000060
28414  21.845  -43.975  -31.826 0.5000000000
29531  22.274  -42.500  -30.931 0.4000000060
28400  19.949  -43.577  -30.922 0.5000000000
29532  21.623  -42.241  -30.793 0.4000000060
130739  20.675  -42.207  -30.386 0.5000000000
29533  20.132  -42.800  -30.457 0.5000000000
135538  20.318  -41.645  -29.772 0.3000000119
29519  18.239  -42.696  -29.584 0.3000000119
30577  17.855  -42.201  -28.939 0.3000000119
32721  34.183  -39.876  -34.023 0.4000000060
27295  22.873  -44.624  -29.973 0.5000000000
28377  22.803  -43.733  -29.251 0.5000000000
28399  22.432  -43.251  -31.180 0.4000000060
28361  23.557  -43.577  -27.501 0.4000000060
138005  23.064  -42.670  -27.829 0.4000000060
29503  22.839  -43.018  -28.796 0.4000000060
31578  23.365  -40.395  -28.956 0.4000000060
30537  24.053  -41.940  -26.410 0.4000000060
30548  23.432  -41.826  -27.072 0.4000000060
30560  23.106  -41.453  -28.251 0.4000000060
31540  24.888  -40.594  -25.684 0.4000000060
32651  23.988  -39.826  -27.258 0.4000000060
32652  23.749  -39.764  -28.352 0.4000000060
32671  23.610  -39.359  -29.697 0.4000000060
31562  24.028  -40.518  -26.499 0.4000000060
30525  25.145  -41.095  -25.728 0.3000000119
124621  24.330  -39.187  -27.058 0.4000000060
33802  24.433  -38.406  -27.476 0.4000000060
33815  24.285  -38.125  -28.754 0.4000000060
32612  26.365  -39.229  -24.889 0.4000000060
33828  23.789  -37.815  -29.898 0.4000000060
130207  24.156  -36.654  -28.714 0.4000000060
33758  26.668  -38.298  -24.689 0.3000000119
148847  26.100  -37.975  -24.770 0.4000000060
34905  25.665  -37.525  -25.238 0.4000000060
132988  25.011  -37.332  -25.941 0.4000000060
139565  24.797  -36.724  -26.566 0.4000000060
139186  24.511  -36.752  -27.563 0.4000000060
36070  25.024  -35.949  -26.350 0.3000000119
31591  31.021  -40.507  -29.371 0.6000000238
22974  23.213  -48.526  -29.464 0.5000000000
32701  31.986  -39.307  -31.160 0.6000000238
33868  34.526  -39.117  -33.251 0.4000000060
27203  31.371  -44.748  -23.721 0.6000000238
32606  35.101  -39.879  -25.712 0.6999999881
33779  34.537  -38.269  -26.310 0.6999999881
36099  39.452  -36.096  -29.707 0.5000000000
124593  39.149  -34.045  -29.348 0.5000000000
130919  38.451  -36.144  -28.718 0.5000000000
131457  38.710  -34.682  -28.942 0.4000000060
37358  37.496  -35.193  -28.325 0.6000000238
128461  21.637  -46.198  -23.153 0.5000000000
30523  30.476  -41.454  -25.277 0.6999999881
37350  35.757  -35.639  -28.019 0.6000000238
26149  24.677  -45.862  -26.178 0.6000000238
31536  31.742  -40.557  -25.364 0.6999999881
32648  32.974  -38.822  -26.773 0.8000000119
36092  34.659  -36.429  -28.161 0.6999999881
26150  21.445  -45.787  -26.444 0.4000000060
30544  30.951  -41.071  -26.980 0.6000000238
31558  31.893  -39.863  -26.896 0.6000000238
34942  33.543  -37.644  -28.566 0.6999999881
34941  34.112  -37.013  -28.144 0.6999999881
40817  38.937  -32.729  -30.301 0.5000000000
39705  39.492  -32.922  -29.919 0.5000000000
36102  34.421  -36.553  -29.013 0.6999999881
37371  35.673  -35.202  -28.974 0.6000000238
30556  30.812  -41.095  -27.986 0.6999999881
32650  31.792  -39.825  -28.043 0.6999999881
33812  32.609  -38.737  -28.594 0.6999999881
36132  34.768  -36.926  -31.095 0.6000000238
38585  36.668  -34.281  -30.379 0.6000000238
38596  36.765  -34.636  -31.407 0.6000000238
24026  22.012  -47.607  -30.497 0.5000000000
25102  21.462  -46.833  -30.435 0.5000000000
26190  20.943  -45.858  -30.470 0.4000000060
32686  31.409  -39.861  -29.734 0.6000000238
34979  33.818  -38.071  -31.324 0.6000000238
26195  16.257  -45.828  -30.298 0.3000000119
33853  34.153  -38.530  -32.277 0.5000000000
34988  35.492  -37.822  -32.863 0.4000000060
28415  20.936  -43.715  -31.432 0.5000000000
29535  18.605  -43.219  -30.198 0.4000000060
128244  15.980  -44.167  -29.797 0.4000000060
32614  24.877  -39.814  -25.597 0.4000000060
33768  25.131  -38.999  -25.378 0.4000000060
17577  36.478  -53.429  -37.180 0.3000000119
19736  38.735  -52.188  -36.894 0.3000000119
29555  38.149  -43.094  -32.154 0.4000000060
30627  40.425  -41.635  -33.967 0.4000000060
28429  39.596  -43.158  -34.310 0.4000000060
28435  39.323  -44.009  -34.523 0.4000000060
128264  38.963  -40.849  -31.580 0.4000000060
30599  38.091  -41.913  -31.173 0.4000000060
30583  37.744  -41.536  -30.456 0.4000000060
30569  37.406  -41.175  -29.738 0.5000000000
29512  36.472  -42.411  -29.613 0.5000000000
29496  36.241  -42.072  -28.740 0.5000000000
31650  40.634  -40.527  -33.344 0.4000000060
30602  39.661  -41.447  -32.936 0.5000000000
29544  37.745  -42.696  -31.454 0.5000000000
28371  35.018  -43.697  -28.382 0.5000000000
131595  41.113  -40.608  -33.539 0.5000000000
30614  40.246  -41.166  -33.469 0.5000000000
30612  41.665  -41.200  -33.751 0.5000000000
30626  40.723  -41.866  -34.296 0.4000000060
29572  40.779  -42.511  -34.726 0.4000000060
27350  39.506  -44.218  -35.121 0.4000000060
28443  40.094  -43.869  -35.371 0.4000000060
26253  39.546  -45.300  -35.653 0.3000000119
24073  38.674  -47.226  -36.331 0.4000000060
33851  40.577  -38.407  -31.738 0.4000000060
32699  39.172  -38.931  -30.732 0.4000000060
128329  38.580  -39.199  -30.058 0.4000000060
137577  41.246  -38.658  -31.984 0.4000000060
32720  40.022  -39.700  -32.329 0.4000000060
32709  39.478  -39.500  -31.467 0.4000000060
31608  38.010  -40.727  -30.203 0.4000000060
31589  37.672  -40.261  -29.457 0.5000000000
30570  36.814  -41.636  -29.311 0.5000000000
33866  41.682  -39.113  -32.342 0.4000000060
31635  40.521  -39.946  -32.873 0.4000000060
30597  39.294  -41.082  -32.207 0.4000000060
31590  37.089  -40.860  -29.028 0.5000000000
142042  36.638  -41.310  -28.682 0.5000000000
30555  35.817  -42.063  -27.842 0.5000000000
29475  35.424  -42.093  -26.846 0.6000000238
142309  35.036  -42.919  -26.954 0.6000000238
146665  36.178  -39.138  -26.768 0.6000000238
31545  36.049  -39.843  -26.619 0.6000000238
29476  34.848  -42.620  -26.168 0.5000000000
29578  41.249  -43.180  -35.122 0.4000000060
29466  33.873  -42.755  -24.871 0.5000000000
27357  40.565  -44.422  -35.600 0.4000000060
26252  40.301  -45.100  -35.815 0.4000000060
26262  39.990  -45.792  -36.158 0.4000000060
145899  39.215  -37.774  -30.138 0.4000000060
34949  38.719  -37.750  -29.538 0.5000000000
33824  38.189  -38.631  -29.271 0.5000000000
33809  37.725  -38.248  -28.508 0.5000000000
31574  36.724  -40.567  -28.240 0.5000000000
33796  37.230  -38.091  -27.836 0.5000000000
32623  36.479  -39.900  -27.362 0.6000000238
33797  36.616  -37.890  -27.286 0.6000000238
126387  36.774  -38.843  -27.472 0.6000000238
17586  35.235  -54.350  -37.502 0.3000000119
19735  39.604  -51.837  -36.817 0.3000000119
24079  41.146  -47.977  -37.368 0.3000000119
136102  41.349  -37.894  -31.501 0.4000000060
34976  40.680  -37.686  -31.335 0.4000000060
34963  40.349  -37.217  -30.863 0.4000000060
33837  39.483  -38.176  -30.689 0.4000000060
34948  39.224  -37.021  -29.813 0.4000000060
34939  38.178  -37.646  -28.811 0.5000000000
144175  38.910  -36.359  -29.294 0.4000000060
136500  38.050  -36.783  -28.442 0.5000000000
30531  35.038  -41.687  -25.803 0.6000000238
28333  34.271  -43.162  -25.669 0.5000000000
34964  39.705  -37.455  -30.535 0.4000000060
30582  38.440  -41.041  -30.957 0.4000000060
28356  34.847  -43.589  -27.584 0.5000000000
25164  41.174  -47.018  -37.265 0.3000000119
33852  39.789  -38.613  -31.358 0.4000000060
143230  38.075  -39.503  -29.541 0.5000000000
31573  37.229  -40.152  -28.756 0.5000000000
32647  37.026  -39.622  -28.169 0.6000000238
38613  28.511  -35.236  -32.338 0.3000000119
19734  40.267  -51.492  -36.744 0.3000000119
22963  22.931  -48.415  -28.393 0.5000000000
22964  22.322  -48.234  -28.561 0.5000000000
22973  24.019  -48.521  -29.934 0.6999999881
22975  22.649  -48.463  -29.164 0.5000000000
22981  23.872  -48.237  -30.732 0.5000000000
22983  22.779  -48.406  -30.025 0.5000000000
22988  23.227  -48.263  -30.986 0.6999999881
23942  27.368  -46.519  -23.324 0.6000000238
23944  25.941  -47.096  -22.911 0.5000000000
23969  22.377  -46.899  -25.440 0.6000000238
23970  22.169  -47.118  -26.147 0.6000000238
23985  23.801  -47.423  -27.202 0.6000000238
23988  22.177  -47.428  -27.122 0.6000000238
24002  23.868  -47.927  -28.101 0.6000000238
24003  23.125  -47.940  -27.519 0.6000000238
24004  22.481  -48.004  -27.674 0.5000000000
24016  26.090  -47.491  -30.099 0.6000000238
24017  25.680  -47.744  -29.821 0.6999999881
24018  23.675  -48.407  -28.832 0.5000000000
24019  21.928  -47.988  -28.934 0.5000000000
24023  25.974  -47.405  -30.342 0.6999999881
24032  25.271  -47.740  -30.493 0.6000000238
24033  24.309  -47.938  -30.783 0.6999999881
24036  22.307  -47.783  -30.899 0.5000000000
24042  22.780  -47.393  -31.704 0.5000000000
24078  41.752  -47.532  -37.445 0.3000000119
25015  22.316  -46.433  -23.031 0.5000000000
25028  22.108  -46.450  -23.970 0.5000000000
25044  23.904  -46.273  -25.961 0.6000000238
25045  23.062  -46.819  -25.577 0.6000000238
25046  22.124  -46.691  -24.789 0.5000000000
25047  21.965  -46.694  -25.295 0.6000000238
25061  25.204  -46.208  -26.847 0.6000000238
25075  26.196  -46.655  -28.203 0.6999999881
25087  27.039  -46.468  -29.526 0.6999999881
25099  26.960  -46.306  -30.150 0.6000000238
25107  26.896  -46.122  -30.312 0.5000000000
25111  23.697  -47.561  -31.063 0.6999999881
25118  22.937  -47.022  -31.899 0.6000000238
25119  22.378  -46.780  -32.153 0.5000000000
25127  21.834  -46.331  -32.318 0.5000000000
25128  21.217  -46.222  -32.103 0.5000000000
26083  23.904  -46.033  -22.761 0.5000000000
26096  26.185  -45.376  -23.107 0.6999999881
26097  25.275  -45.238  -23.085 0.6000000238
26098  24.393  -45.317  -23.199 0.6000000238
26099  23.607  -45.661  -23.421 0.5000000000
26135  21.514  -45.854  -25.112 0.5000000000
26136  21.029  -44.809  -25.719 0.4000000060
26146  26.889  -45.294  -27.241 0.6999999881
26147  26.259  -45.402  -26.819 0.6999999881
26157  27.296  -45.568  -27.953 0.6999999881
26185  27.999  -45.136  -30.049 0.6999999881
26189  23.794  -46.306  -30.171 0.6000000238
26191  19.770  -45.680  -30.639 0.5000000000
26197  15.002  -45.509  -29.912 0.4000000060
26206  26.137  -46.497  -30.407 0.5000000000
26207  25.356  -46.922  -30.577 0.4000000060
26209  21.164  -46.355  -31.208 0.4000000060
26210  20.319  -45.926  -31.139 0.5000000000
26211  19.596  -45.622  -31.136 0.5000000000
26219  27.758  -45.047  -30.374 0.6999999881
26220  27.463  -45.007  -30.510 0.6000000238
26223  20.441  -45.875  -31.811 0.5000000000
26236  21.173  -45.891  -32.259 0.5000000000
26263  39.305  -45.938  -35.904 0.3000000119
27202  31.610  -43.897  -23.626 0.6000000238
27204  29.885  -44.690  -23.362 0.6000000238
27206  28.350  -44.001  -23.416 0.6999999881
27223  32.140  -44.482  -24.041 0.6000000238
27225  25.426  -44.159  -24.262 0.6999999881
27239  26.660  -43.663  -25.041 0.6999999881
27240  25.259  -44.332  -25.040 0.6999999881
27241  24.832  -45.004  -25.469 0.6000000238
27250  27.961  -44.079  -26.797 0.8999999762
27251  27.448  -44.747  -27.199 0.6999999881
27253  20.591  -43.597  -27.273 0.4000000060
27263  24.024  -44.241  -27.709 0.5000000000
27278  23.204  -44.489  -28.707 0.5000000000
27279  21.243  -45.132  -28.829 0.5000000000
27289  28.915  -44.239  -29.464 0.8000000119
27291  26.721  -44.731  -30.314 0.4000000060
27292  26.049  -45.241  -29.914 0.4000000060
27298  16.352  -44.944  -30.334 0.4000000060
27307  28.698  -44.363  -30.658 0.6999999881
27308  27.113  -44.974  -30.501 0.5000000000
27310  23.190  -45.702  -30.549 0.6000000238
27311  22.551  -44.029  -31.213 0.4000000060
27321  29.017  -43.964  -31.083 0.6999999881
27322  28.423  -44.331  -30.871 0.6999999881
27325  22.134  -44.828  -32.041 0.4000000060
27327  20.645  -45.229  -32.043 0.5000000000
27342  22.286  -45.690  -32.181 0.5000000000
27364  41.145  -45.015  -35.943 0.4000000060
28309  31.780  -42.982  -23.582 0.6000000238
28311  30.392  -43.178  -23.455 0.5000000000
28312  29.520  -43.291  -23.519 0.6000000238
28314  27.630  -43.686  -23.715 0.6999999881
28324  33.140  -43.066  -24.263 0.6000000238
28326  28.410  -42.911  -24.387 0.6999999881
28328  27.053  -43.499  -24.233 0.6999999881
28334  28.242  -43.082  -25.319 0.6999999881
28343  34.578  -43.430  -26.572 0.5000000000
28345  28.834  -43.281  -27.006 0.8000000119
28347  23.716  -42.755  -26.901 0.4000000060
28358  28.534  -43.946  -27.446 0.8999999762
28370  35.265  -43.249  -28.179 0.5000000000
28372  29.191  -43.701  -28.771 0.8000000119
28374  26.101  -43.666  -28.738 0.5000000000
28376  23.033  -43.701  -28.197 0.5000000000
28385  29.560  -43.310  -30.199 0.6999999881
28387  22.650  -43.391  -30.565 0.4000000060
28389  16.619  -44.190  -30.044 0.4000000060
28396  29.357  -43.616  -30.917 0.6999999881
28401  18.973  -43.970  -30.786 0.5000000000
28402  17.049  -44.762  -30.383 0.3000000119
28411  29.191  -43.629  -31.337 0.6999999881
28412  28.030  -43.464  -31.448 0.5000000000
28416  20.027  -44.579  -31.503 0.4000000060
28425  29.198  -43.130  -31.973 0.6000000238
28426  29.012  -42.964  -32.395 0.6000000238
28427  28.530  -43.220  -31.919 0.6000000238
28430  39.051  -43.819  -33.710 0.4000000060
28433  40.414  -43.206  -35.139 0.4000000060
28434  39.764  -43.459  -35.000 0.4000000060
29443  32.203  -42.191  -23.765 0.6000000238
29444  31.387  -42.212  -23.686 0.6000000238
29447  28.970  -42.804  -23.941 0.6999999881
29454  34.039  -41.918  -24.762 0.6999999881
29458  30.018  -41.931  -24.525 0.6999999881
29465  34.470  -42.310  -25.368 0.5000000000
29468  29.493  -42.196  -25.354 0.8000000119
29477  29.863  -42.153  -27.055 0.8000000119
29480  25.834  -42.178  -26.679 0.5000000000
29481  25.208  -42.204  -26.402 0.5000000000
29482  24.580  -42.605  -26.644 0.5000000000
29487  35.353  -42.782  -27.644 0.5000000000
29489  29.570  -42.723  -27.749 0.8000000119
29490  25.342  -42.674  -26.832 0.5000000000
29497  35.677  -42.753  -28.415 0.5000000000
29498  29.974  -42.413  -29.022 0.8000000119
29504  22.770  -42.675  -29.971 0.4000000060
29513  35.925  -42.914  -29.203 0.5000000000
29515  29.687  -42.979  -29.475 0.8000000119
29517  26.861  -43.308  -29.582 0.3000000119
29520  17.491  -42.984  -29.439 0.3000000119
29521  16.635  -43.389  -29.320 0.4000000060
29526  37.415  -42.337  -30.732 0.4000000060
29534  19.381  -43.014  -30.370 0.5000000000
29543  38.412  -42.283  -31.907 0.4000000060
29550  21.780  -43.101  -31.293 0.5000000000
29551  20.883  -42.947  -30.815 0.5000000000
29553  39.436  -42.226  -33.139 0.5000000000
29558  28.190  -42.868  -32.121 0.6000000238
29561  39.738  -42.504  -33.897 0.4000000060
29563  29.315  -42.257  -33.124 0.5000000000
29564  29.124  -42.429  -33.077 0.5000000000
29566  28.558  -42.160  -33.239 0.5000000000
29571  41.714  -42.657  -34.652 0.4000000060
29573  40.228  -42.226  -34.315 0.4000000060
30513  33.415  -41.503  -24.426 0.6000000238
30520  35.145  -40.741  -25.741 0.6999999881
30522  31.311  -41.089  -24.812 0.6999999881
30524  25.950  -40.891  -25.633 0.4000000060
30530  35.573  -41.117  -26.429 0.6000000238
30533  30.450  -41.515  -26.482 0.6000000238
30535  25.513  -41.617  -26.099 0.5000000000
30543  35.930  -41.326  -27.266 0.6000000238
30547  26.585  -41.949  -27.200 0.5000000000
30554  36.291  -41.357  -28.061 0.5000000000
30557  30.368  -41.746  -28.501 0.6000000238
30573  27.558  -41.726  -29.435 0.3000000119
30585  30.132  -42.010  -30.457 0.6000000238
30586  27.704  -41.753  -30.332 0.3000000119
30590  19.822  -42.331  -29.978 0.5000000000
30591  18.998  -42.480  -29.775 0.3000000119
30598  38.699  -41.503  -31.694 0.5000000000
30603  39.054  -41.867  -32.400 0.5000000000
30604  29.698  -41.873  -32.797 0.5000000000
30605  28.179  -41.641  -32.732 0.5000000000
30613  40.859  -41.192  -33.928 0.5000000000
30616  29.232  -41.999  -33.758 0.5000000000
30617  28.867  -41.938  -33.909 0.5000000000
30628  29.724  -41.487  -34.102 0.5000000000
31525  32.133  -40.891  -24.534 0.6999999881
31533  34.598  -40.440  -25.307 0.6999999881
31534  34.015  -40.262  -24.978 0.6000000238
31535  33.291  -40.212  -24.933 0.6000000238
31537  27.431  -40.265  -25.970 0.4000000060
31538  26.129  -40.044  -25.226 0.3000000119
31539  25.430  -40.345  -25.464 0.4000000060
31546  35.627  -40.245  -26.207 0.6999999881
31547  32.145  -39.993  -25.879 0.6000000238
31548  31.502  -40.491  -26.408 0.6000000238
31550  24.442  -41.123  -26.043 0.4000000060
31551  23.798  -41.253  -26.554 0.4000000060
31557  36.034  -40.532  -26.875 0.6000000238
31563  23.526  -40.724  -27.447 0.4000000060
31575  31.204  -40.521  -28.460 0.6999999881
31588  38.290  -39.968  -30.076 0.4000000060
31609  30.826  -40.393  -30.379 0.6000000238
31622  39.453  -40.325  -31.915 0.4000000060
31623  38.949  -40.299  -31.190 0.4000000060
31636  39.962  -40.554  -32.767 0.4000000060
31640  28.198  -40.992  -33.158 0.5000000000
31649  41.556  -40.354  -33.274 0.5000000000
31652  31.334  -40.749  -34.305 0.6000000238
31660  30.328  -41.099  -34.259 0.6000000238
31661  29.584  -41.363  -34.205 0.6000000238
31662  29.104  -41.558  -34.181 0.5000000000
32597  27.216  -39.011  -24.839 0.4000000060
32610  28.400  -39.178  -25.747 0.4000000060
32613  25.618  -39.519  -25.177 0.4000000060
32625  33.314  -39.108  -25.954 0.6999999881
32628  28.095  -40.174  -27.058 0.4000000060
32629  24.377  -39.778  -26.362 0.4000000060
32670  24.100  -39.017  -28.141 0.4000000060
32684  37.600  -39.405  -28.893 0.5000000000
32685  31.924  -39.268  -30.093 0.6000000238
32687  28.511  -39.393  -29.716 0.4000000060
32688  28.227  -40.075  -30.291 0.3000000119
32700  38.832  -39.710  -30.682 0.4000000060
32703  28.267  -39.632  -31.026 0.4000000060
32708  40.103  -39.021  -31.974 0.4000000060
32722  33.441  -40.033  -33.833 0.6000000238
32732  41.006  -39.973  -33.160 0.4000000060
32733  34.945  -39.691  -34.855 0.5000000000
32734  34.413  -39.949  -34.758 0.5000000000
32744  31.616  -40.409  -34.465 0.6000000238
33756  28.411  -38.145  -24.833 0.4000000060
33762  34.977  -38.962  -25.906 0.6999999881
33763  34.132  -38.962  -25.787 0.6999999881
33765  28.723  -38.550  -25.409 0.4000000060
33767  25.766  -38.558  -24.943 0.4000000060
33777  36.261  -38.402  -26.891 0.6000000238
33781  28.979  -38.730  -26.266 0.4000000060
33782  24.640  -38.868  -26.221 0.4000000060
33799  32.762  -38.727  -27.689 0.6999999881
33801  29.094  -38.756  -27.308 0.4000000060
33810  37.350  -38.841  -28.265 0.5000000000
33816  23.968  -38.646  -29.378 0.4000000060
33827  28.867  -38.746  -29.327 0.3000000119
33829  23.542  -38.331  -30.606 0.4000000060
33838  38.898  -38.418  -30.074 0.4000000060
33839  33.038  -38.274  -29.977 0.6000000238
33869  33.811  -39.347  -33.030 0.4000000060
33870  28.551  -38.618  -32.449 0.4000000060
33880  28.909  -38.802  -33.340 0.5000000000
33889  33.942  -39.696  -35.163 0.5000000000
33893  29.190  -39.156  -33.755 0.5000000000
34903  28.997  -38.038  -25.142 0.4000000060
34904  26.423  -37.420  -24.764 0.4000000060
34917  35.185  -37.797  -26.602 0.6999999881
34918  34.579  -37.685  -26.785 0.6999999881
34920  29.873  -37.609  -26.055 0.3000000119
34921  25.071  -38.154  -25.655 0.4000000060
34922  24.691  -37.684  -26.757 0.4000000060
34929  37.034  -37.257  -27.635 0.6000000238
34930  36.335  -37.090  -27.279 0.6999999881
34932  34.307  -37.345  -27.308 0.6999999881
34933  33.696  -37.661  -27.672 0.8000000119
34935  24.391  -37.492  -28.083 0.4000000060
34940  37.631  -37.441  -28.164 0.5000000000
34944  24.044  -37.290  -29.313 0.4000000060
34950  33.988  -37.179  -29.780 0.6999999881
34951  33.508  -37.713  -29.455 0.6999999881
34952  29.632  -37.138  -28.912 0.3000000119
34962  41.019  -37.101  -31.080 0.4000000060
34966  33.598  -37.815  -30.370 0.6000000238
34998  28.738  -38.260  -32.841 0.5000000000
35010  30.488  -37.906  -34.208 0.5000000000
35012  29.254  -38.354  -33.625 0.5000000000
35020  35.002  -38.751  -35.493 0.5000000000
36044  29.370  -36.910  -24.844 0.4000000060
36056  29.961  -36.969  -25.414 0.3000000119
36083  34.724  -36.804  -27.536 0.6999999881
36084  30.646  -36.010  -27.219 0.3000000119
36100  38.585  -36.949  -29.102 0.5000000000
36101  34.991  -35.895  -29.532 0.6000000238
36118  39.890  -36.673  -30.343 0.4000000060
36153  28.687  -36.333  -32.800 0.4000000060
36167  29.888  -37.189  -33.773 0.6000000238
37348  37.164  -35.826  -27.865 0.6000000238
37349  36.465  -35.824  -27.740 0.6000000238
37357  38.237  -35.310  -28.584 0.6000000238
37369  38.897  -35.596  -29.088 0.5000000000
37370  36.144  -34.711  -29.754 0.6000000238
37372  29.758  -35.660  -29.434 0.3000000119
37385  28.856  -35.525  -30.744 0.3000000119
37404  28.537  -35.888  -32.460 0.4000000060
37415  31.105  -35.371  -33.436 0.4000000060
37418  28.958  -35.986  -33.154 0.4000000060
38567  38.313  -33.846  -29.136 0.5000000000
38568  37.499  -33.896  -29.186 0.6000000238
38569  36.776  -34.185  -29.447 0.6000000238
38586  28.544  -34.665  -30.908 0.3000000119
38598  28.261  -34.515  -31.545 0.3000000119
38625  28.724  -34.819  -32.635 0.3000000119
39709  28.595  -33.094  -30.169 0.4000000060
39720  38.333  -32.983  -30.171 0.5000000000
39755  29.814  -33.404  -32.750 0.4000000060
40833  27.585  -32.374  -31.131 0.5000000000
41988  28.113  -31.650  -32.538 0.4000000060
125640  32.623  -40.163  -34.540 0.5000000000
126527  27.972  -45.272  -29.507 0.6999999881
127012  40.069  -42.814  -34.743 0.4000000060
127505  27.855  -41.225  -29.836 0.3000000119
127979  23.005  -46.265  -24.647 0.6000000238
128561  27.990  -42.189  -31.881 0.5000000000
129170  17.925  -43.491  -30.011 0.4000000060
129365  24.058  -45.109  -24.718 0.6000000238
129700  21.547  -46.165  -28.216 0.4000000060
129792  30.309  -38.782  -34.364 0.5000000000
129923  36.166  -54.160  -37.564 0.3000000119
130157  21.594  -46.267  -27.274 0.5000000000
130956  39.955  -41.835  -33.663 0.5000000000
131256  33.912  -37.213  -28.985 0.6999999881
132268  28.929  -44.734  -23.299 0.6000000238
132489  27.510  -32.180  -31.766 0.3000000119
132700  27.724  -42.437  -30.931 0.4000000060
133831  29.244  -40.861  -34.161 0.6000000238
133882  28.366  -39.324  -32.233 0.4000000060
133985  37.284  -52.686  -36.872 0.3000000119
134445  32.320  -39.212  -28.144 0.6999999881
134783  29.014  -44.226  -30.343 0.6999999881
134953  20.968  -44.511  -31.833 0.5000000000
134956  21.775  -47.025  -31.411 0.5000000000
135039  34.505  -41.622  -25.194 0.6999999881
135463  28.347  -44.522  -28.066 0.8000000119
136155  24.522  -40.398  -25.957 0.4000000060
137816  29.955  -43.846  -23.329 0.6000000238
138672  29.353  -36.532  -33.478 0.4000000060
139033  38.508  -40.355  -30.607 0.4000000060
139035  28.333  -35.048  -31.921 0.3000000119
139095  27.286  -30.972  -31.941 0.4000000060
139199  28.685  -37.037  -31.193 0.3000000119
139568  28.941  -37.054  -30.665 0.3000000119
140704  21.743  -47.406  -29.569 0.5000000000
142427  31.083  -45.548  -23.862 0.6000000238
142786  18.298  -43.991  -30.452 0.4000000060
144167  40.088  -37.892  -31.163 0.4000000060
144260  27.929  -44.521  -30.793 0.6000000238
145025  34.689  -44.189  -28.200 0.5000000000
145202  24.597  -43.924  -27.663 0.5000000000
145232  28.439  -44.673  -30.315 0.6999999881
145931  22.109  -47.979  -29.770 0.5000000000
146022  26.460  -44.196  -25.709 0.6999999881
147288  34.540  -44.175  -27.656 0.5000000000
147320  22.917  -48.349  -30.737 0.5000000000
147760  30.943  -40.104  -32.257 0.6999999881
148136  27.036  -41.827  -27.791 0.4000000060
148425  36.312  -40.744  -27.560 0.6000000238
148729  24.807  -47.115  -30.663 0.5000000000
148758  29.940  -41.786  -25.266 0.6999999881
148763  27.473  -45.039  -23.256 0.6000000238
149002  31.065  -42.816  -23.506 0.5000000000
149093  39.900  -42.643  -34.383 0.4000000060
149236  27.886  -43.626  -25.982 0.6999999881
149284  36.914  -53.051  -37.090 0.3000000119
149325  23.908  -39.200  -28.891 0.4000000060
149807  39.472  -33.491  -29.657 0.5000000000
150082  40.812  -39.256  -32.486 0.4000000060
150213  19.471  -44.270  -31.118 0.4000000060
150254  22.739  -45.025  -31.053 0.4000000060
150282  33.748  -40.075  -35.031 0.5000000000
150539  37.711  -38.791  -28.742 0.5000000000
