#!ascii label  , from subject sub-LJ002 vox2ras=TkReg
1727
134580  33.061  -26.469  -25.129 0.8999999762
46353  32.804  -28.034  -24.985 0.8000000119
46352  33.376  -28.253  -25.444 0.8000000119
43984  33.090  -29.819  -25.376 0.6999999881
43983  33.547  -29.857  -25.992 0.8000000119
47398  31.981  -26.220  -24.910 0.8999999762
47409  33.869  -26.992  -25.554 1.0000000000
46351  34.266  -27.449  -26.257 1.0000000000
46365  33.904  -28.311  -26.073 0.8999999762
45244  33.721  -29.038  -26.545 0.8000000119
133552  33.497  -29.273  -27.227 0.8000000119
45264  33.699  -28.644  -27.356 0.8999999762
130565  33.048  -30.264  -27.304 0.8000000119
43006  32.462  -30.190  -27.929 0.6999999881
42992  32.053  -30.981  -28.013 0.6999999881
48505  31.550  -25.155  -25.194 0.8000000119
146821  32.047  -24.585  -25.111 0.8999999762
49644  31.142  -23.834  -25.340 0.8999999762
49646  29.109  -23.518  -25.772 0.8999999762
150138  33.934  -26.158  -25.538 0.8999999762
47408  34.389  -26.521  -25.979 1.0000000000
45243  34.121  -28.173  -26.814 0.8999999762
46386  34.105  -27.279  -27.837 1.0000000000
139632  33.939  -27.928  -27.592 0.8999999762
45279  33.250  -28.275  -28.051 0.8999999762
45265  33.129  -28.996  -27.824 0.8000000119
43007  31.618  -30.301  -28.416 0.6999999881
130222  32.899  -24.687  -25.111 0.8999999762
135394  32.145  -23.713  -24.994 0.8999999762
50781  30.393  -22.722  -25.360 0.8999999762
50782  29.472  -22.665  -25.434 0.8999999762
48504  32.503  -25.474  -25.072 0.8999999762
150588  33.954  -25.579  -25.482 0.8999999762
47423  34.609  -26.746  -26.732 1.0000000000
46401  32.499  -27.797  -28.615 0.8000000119
45280  32.511  -28.651  -28.366 0.8000000119
44029  31.257  -29.598  -28.732 0.8000000119
45282  31.090  -28.751  -29.020 0.8000000119
44039  30.449  -29.479  -29.166 0.8000000119
44040  29.549  -29.355  -29.446 0.8000000119
50780  31.293  -22.824  -25.103 0.8999999762
50766  29.014  -22.406  -24.861 0.8999999762
49632  28.230  -22.955  -24.721 0.8999999762
49631  29.237  -23.083  -24.281 0.8999999762
48494  27.871  -24.135  -24.431 0.8000000119
48495  27.110  -24.337  -24.716 0.8000000119
139402  33.823  -24.939  -25.353 0.8999999762
48484  28.469  -25.299  -23.969 0.6999999881
143184  26.964  -25.275  -24.572 0.6999999881
47402  25.884  -26.507  -24.680 0.6999999881
49642  34.448  -24.395  -25.615 0.8999999762
46345  26.244  -27.465  -24.349 0.6999999881
45216  25.518  -29.164  -24.196 0.6999999881
49656  34.962  -24.768  -26.265 1.0000000000
43961  25.881  -29.961  -23.831 0.6000000238
48517  34.978  -25.491  -26.668 1.0000000000
48538  35.034  -25.327  -27.570 1.0000000000
47444  34.493  -26.731  -27.622 1.0000000000
143697  33.748  -26.572  -28.369 1.0000000000
46400  33.443  -27.500  -28.209 0.8999999762
135228  34.006  -25.710  -28.507 1.0000000000
47459  32.740  -26.372  -28.910 0.8999999762
125604  32.865  -27.031  -28.601 0.8000000119
147840  31.336  -28.203  -29.089 0.8000000119
45294  30.834  -27.923  -29.308 0.8000000119
45295  30.172  -28.642  -29.334 0.8000000119
45296  29.252  -28.543  -29.547 0.8000000119
46415  29.846  -27.815  -29.481 0.8000000119
45297  28.374  -28.463  -29.798 0.8000000119
51879  29.872  -22.225  -25.088 0.8999999762
51877  31.393  -22.431  -24.714 0.8999999762
51863  30.897  -22.288  -24.562 0.8999999762
50757  29.887  -22.461  -24.477 0.8999999762
49621  28.792  -24.108  -24.118 0.8999999762
49643  33.382  -23.793  -25.086 0.8999999762
47400  27.254  -26.157  -24.272 0.6999999881
46333  27.025  -27.950  -23.872 0.6000000238
147268  26.212  -29.298  -23.837 0.6000000238
134805  35.077  -23.886  -26.006 1.0000000000
41858  25.462  -31.818  -23.350 0.5000000000
142826  35.224  -24.921  -26.913 1.0000000000
40747  25.348  -32.612  -22.918 0.5000000000
150211  35.010  -24.839  -27.943 1.0000000000
48555  34.566  -25.104  -28.322 1.0000000000
48557  33.269  -25.770  -28.850 1.0000000000
143557  32.589  -25.756  -29.193 0.8999999762
46413  31.625  -27.758  -29.076 0.8000000119
137240  32.009  -26.133  -29.317 0.8999999762
133250  31.297  -26.554  -29.438 0.8000000119
46414  31.253  -27.246  -29.310 0.8000000119
48570  31.318  -25.756  -29.617 0.8999999762
145514  30.699  -26.196  -29.679 0.8000000119
48571  30.481  -25.405  -29.986 0.8999999762
135837  29.446  -27.041  -29.698 0.8000000119
136011  28.482  -27.061  -29.832 0.8000000119
47470  28.060  -26.392  -30.136 0.8000000119
138360  27.526  -27.080  -30.030 0.8000000119
49620  30.112  -23.278  -23.752 0.8999999762
50779  32.307  -22.885  -24.748 0.8999999762
140377  32.075  -22.421  -24.379 0.8999999762
48483  29.476  -25.408  -23.532 0.6999999881
47393  28.096  -26.333  -23.918 0.8000000119
50778  34.348  -23.372  -25.361 0.8999999762
51876  32.993  -22.432  -24.419 0.8999999762
45202  27.829  -28.797  -23.436 0.6999999881
43960  26.819  -30.054  -23.446 0.6000000238
132198  26.259  -30.654  -23.453 0.6000000238
43959  27.759  -29.736  -23.219 0.6999999881
42916  26.967  -31.022  -23.123 0.6000000238
41857  26.223  -31.436  -23.187 0.5000000000
49655  35.347  -24.253  -26.737 1.0000000000
40731  26.388  -32.405  -22.073 0.5000000000
39616  25.286  -33.361  -21.951 0.5000000000
49676  35.239  -24.587  -27.487 1.0000000000
49688  34.894  -24.244  -28.156 1.0000000000
49689  34.148  -24.370  -28.766 1.0000000000
48556  33.720  -25.089  -28.867 1.0000000000
48569  32.070  -25.348  -29.474 0.8999999762
143020  34.437  -23.694  -28.645 1.0000000000
50818  33.778  -23.647  -29.122 0.8999999762
49705  33.292  -24.373  -29.211 0.8999999762
134398  31.390  -24.905  -29.857 0.8999999762
49706  32.294  -24.405  -29.617 0.8999999762
49709  29.811  -24.672  -30.272 0.8999999762
48572  29.446  -25.535  -30.171 0.8999999762
49707  31.450  -24.016  -30.039 0.8999999762
49708  30.681  -24.421  -30.189 0.8999999762
48573  28.456  -25.650  -30.249 0.8999999762
49731  30.081  -23.836  -30.376 0.8999999762
51862  31.638  -22.330  -24.250 0.8999999762
51852  30.561  -22.367  -24.411 0.8999999762
135551  29.688  -24.204  -23.689 0.8999999762
50756  30.671  -22.672  -23.853 0.8999999762
48482  30.190  -25.144  -23.326 1.0000000000
47392  29.038  -26.474  -23.508 0.8000000119
51850  32.031  -22.270  -23.939 0.8999999762
46331  28.597  -27.480  -23.462 0.6999999881
131938  34.233  -22.491  -24.909 0.8999999762
45201  28.608  -28.506  -23.220 0.6999999881
42915  27.612  -30.559  -22.915 0.6999999881
41848  26.830  -31.705  -22.512 0.5000000000
41841  26.379  -32.312  -21.514 0.5000000000
40717  25.055  -33.241  -21.264 0.5000000000
50796  35.520  -23.308  -26.542 1.0000000000
50810  35.423  -23.796  -27.451 1.0000000000
137496  35.623  -22.946  -27.379 1.0000000000
50811  35.033  -23.207  -28.209 1.0000000000
50817  34.254  -22.983  -28.904 1.0000000000
51900  35.292  -22.312  -27.932 1.0000000000
135861  33.480  -22.857  -29.402 0.8999999762
50825  32.106  -23.460  -29.931 0.8999999762
50826  31.423  -23.247  -30.219 0.8999999762
48606  29.891  -25.728  -32.622 0.6999999881
49766  29.265  -24.580  -32.695 0.8000000119
49767  28.159  -24.779  -32.567 0.8000000119
49768  26.989  -24.519  -32.284 0.8000000119
125191  32.586  -22.150  -24.061 0.8999999762
50754  32.105  -22.606  -23.499 1.0000000000
50755  31.495  -22.999  -23.413 1.0000000000
48473  30.933  -25.610  -22.852 1.0000000000
47391  29.969  -26.639  -23.131 0.6999999881
46330  29.557  -27.482  -23.082 0.6999999881
51861  33.842  -22.004  -24.262 0.8999999762
43958  28.469  -29.351  -22.917 0.6999999881
41840  26.865  -31.897  -21.745 0.6000000238
50777  35.120  -22.963  -25.673 0.8999999762
41825  24.776  -32.494  -20.617 0.4000000060
143268  35.795  -22.610  -26.738 1.0000000000
131979  34.612  -22.339  -28.549 1.0000000000
51914  33.211  -22.146  -29.547 1.0000000000
145645  34.327  -21.833  -28.729 1.0000000000
146698  25.514  -23.609  -30.763 0.8999999762
140085  32.619  -25.572  -33.381 0.6000000238
48619  31.262  -25.368  -33.137 0.6000000238
49785  30.132  -24.457  -32.854 0.8000000119
50875  28.784  -24.095  -32.676 0.8000000119
131863  25.945  -25.127  -32.032 0.8999999762
49732  25.752  -24.636  -30.910 0.8999999762
51841  32.771  -22.307  -23.589 0.8999999762
46318  30.271  -27.450  -22.470 0.8000000119
45200  29.668  -28.119  -22.490 0.6999999881
43953  28.656  -29.577  -22.270 0.6999999881
42902  27.750  -30.747  -21.679 0.6000000238
42884  25.841  -30.979  -20.503 0.4000000060
51874  35.579  -22.387  -26.024 1.0000000000
51875  35.073  -22.263  -25.342 0.8999999762
51891  35.920  -21.997  -26.593 1.0000000000
51899  35.774  -22.196  -27.255 1.0000000000
52931  35.459  -21.556  -27.656 1.0000000000
52944  34.744  -21.530  -28.331 1.0000000000
52945  34.007  -21.342  -28.852 1.0000000000
50829  26.793  -23.396  -30.398 0.8999999762
51918  27.049  -22.677  -30.297 0.8999999762
128654  25.959  -22.939  -30.414 0.8999999762
50858  25.688  -23.602  -31.500 0.8999999762
50844  25.123  -23.785  -31.002 0.8999999762
48605  33.745  -25.651  -32.921 0.6000000238
47503  33.035  -26.017  -33.131 0.6000000238
48618  31.994  -25.520  -33.392 0.6000000238
49784  30.938  -24.547  -33.208 0.8000000119
138231  29.594  -23.831  -32.823 0.8000000119
137152  26.867  -23.710  -32.196 0.8999999762
141466  32.190  -23.342  -22.977 0.8999999762
49610  31.800  -23.957  -22.842 0.8999999762
47379  30.668  -26.577  -22.623 0.6999999881
49609  32.562  -24.093  -22.421 0.8999999762
48463  32.128  -24.851  -22.288 0.8999999762
45195  29.605  -28.532  -22.050 0.6000000238
52882  34.443  -21.725  -23.866 1.0000000000
51849  33.542  -22.003  -23.755 1.0000000000
43943  29.085  -29.068  -21.953 0.6000000238
43944  28.603  -29.618  -21.711 0.6000000238
42882  27.255  -30.394  -20.881 0.5000000000
52908  35.313  -21.749  -25.260 1.0000000000
51860  34.698  -21.990  -24.804 1.0000000000
52889  35.480  -21.247  -24.664 1.0000000000
52907  35.811  -21.659  -25.933 1.0000000000
52930  35.871  -21.600  -27.113 1.0000000000
53976  35.699  -20.926  -27.264 1.0000000000
53977  35.046  -20.740  -27.906 1.0000000000
55041  34.241  -20.612  -28.471 1.0000000000
53991  33.462  -20.607  -28.987 1.0000000000
54003  32.651  -20.675  -29.544 1.0000000000
130753  31.958  -20.274  -29.884 1.0000000000
52958  31.854  -21.116  -30.181 1.0000000000
54020  31.044  -21.059  -30.437 1.0000000000
52980  30.307  -21.528  -30.525 0.8999999762
52979  31.213  -21.790  -30.428 0.8999999762
51917  28.093  -22.510  -30.377 0.8999999762
51937  25.203  -22.847  -30.801 0.8999999762
50876  26.757  -22.751  -32.194 0.8999999762
134547  35.404  -24.952  -31.676 0.6000000238
48604  34.380  -25.134  -32.606 0.6000000238
49781  33.663  -24.338  -33.357 0.6000000238
137333  32.481  -24.886  -33.530 0.6000000238
50893  30.557  -23.658  -33.185 0.8000000119
50894  28.837  -23.399  -32.727 0.8000000119
50746  32.944  -23.162  -22.769 0.8999999762
150007  32.112  -25.368  -21.793 0.6999999881
45181  30.080  -28.064  -22.079 0.6000000238
45182  29.859  -28.130  -21.498 0.6000000238
51848  34.348  -21.994  -23.317 0.8999999762
45183  28.804  -28.958  -21.321 0.6000000238
43927  27.602  -29.683  -20.845 0.5000000000
52890  34.845  -21.698  -24.455 1.0000000000
145521  35.712  -21.324  -25.388 1.0000000000
132662  35.080  -21.411  -23.994 0.8999999762
124706  35.987  -21.024  -25.896 1.0000000000
53967  35.941  -20.382  -26.576 1.0000000000
129223  35.357  -20.045  -27.409 1.0000000000
125656  34.525  -19.852  -28.014 1.0000000000
53992  32.977  -19.974  -29.103 1.0000000000
54004  31.269  -20.349  -30.231 1.0000000000
54022  29.648  -20.815  -30.502 1.0000000000
52959  28.760  -20.920  -30.361 0.8999999762
52961  27.399  -21.829  -30.202 0.8999999762
51919  25.536  -22.061  -30.301 0.8999999762
150599  24.853  -21.740  -30.984 0.8999999762
50874  34.571  -23.818  -32.572 0.6000000238
49780  34.223  -24.414  -32.950 0.6000000238
49782  33.001  -24.251  -33.585 0.6000000238
51987  32.040  -23.106  -33.578 0.6999999881
51989  30.703  -22.868  -33.293 0.6999999881
51990  29.836  -22.900  -32.974 0.6999999881
134297  27.873  -23.109  -32.598 0.8000000119
51971  26.259  -21.927  -32.172 0.8999999762
49746  35.883  -24.368  -31.399 0.6000000238
53029  29.615  -21.849  -32.852 0.6999999881
50895  28.825  -22.575  -32.729 0.8000000119
51970  27.904  -22.300  -32.645 0.8999999762
47369  30.856  -27.067  -21.423 0.6999999881
46286  29.551  -27.752  -20.717 0.6000000238
50744  34.423  -22.870  -21.927 0.8999999762
49608  33.194  -24.043  -22.012 0.8000000119
48452  32.214  -25.381  -21.141 0.6999999881
51839  34.733  -22.241  -22.501 0.8000000119
52881  35.588  -21.056  -23.796 0.8000000119
53944  35.985  -20.672  -24.447 0.8999999762
126997  35.954  -20.855  -25.217 1.0000000000
53960  36.125  -20.446  -25.781 1.0000000000
55015  35.740  -19.268  -26.894 1.0000000000
55028  34.901  -19.156  -27.560 1.0000000000
55029  34.091  -18.937  -28.079 1.0000000000
130538  32.750  -19.265  -28.846 1.0000000000
55043  32.314  -19.751  -29.396 1.0000000000
55054  30.572  -19.609  -30.223 1.0000000000
54005  29.118  -20.158  -30.357 0.8999999762
125350  27.796  -21.001  -30.227 0.8999999762
128109  26.770  -21.088  -30.105 0.8999999762
52982  24.958  -21.231  -30.849 0.8999999762
50891  33.379  -23.571  -33.468 0.6000000238
51988  31.338  -22.478  -33.463 0.6999999881
53015  25.312  -21.752  -31.740 0.8999999762
51951  35.901  -23.066  -31.220 0.6000000238
50857  35.619  -23.652  -31.604 0.6000000238
140283  30.554  -22.164  -33.255 0.6999999881
53030  28.680  -21.898  -32.685 0.6999999881
48464  31.701  -26.015  -21.578 0.6999999881
46285  30.298  -27.501  -21.075 0.6000000238
144543  34.218  -23.237  -21.504 0.8000000119
49588  33.353  -24.101  -21.129 0.8000000119
47354  31.247  -26.495  -21.030 0.6999999881
52858  35.309  -21.902  -22.114 0.6999999881
132920  35.899  -21.075  -23.026 0.6999999881
53931  36.195  -20.573  -23.554 0.6999999881
53943  36.488  -19.937  -24.272 0.8000000119
131053  36.495  -19.556  -25.102 0.8000000119
55004  36.260  -19.669  -25.954 0.8000000119
55003  36.569  -18.904  -25.528 0.8000000119
55014  36.205  -18.849  -26.273 0.8999999762
56111  33.230  -18.751  -28.385 1.0000000000
55053  31.526  -19.587  -29.777 1.0000000000
56124  30.992  -18.801  -29.678 1.0000000000
56112  32.546  -18.573  -28.651 1.0000000000
56113  31.934  -18.842  -29.178 1.0000000000
55070  29.887  -20.106  -30.428 1.0000000000
55055  29.574  -19.423  -30.303 1.0000000000
54006  28.181  -20.216  -30.278 0.8999999762
139731  27.614  -19.550  -30.236 0.8999999762
54008  26.329  -20.240  -30.154 0.8999999762
54009  25.690  -20.469  -30.328 0.8999999762
150449  34.677  -23.307  -32.431 0.6000000238
50890  34.008  -23.698  -33.137 0.6000000238
50892  32.761  -23.529  -33.581 0.6000000238
131460  32.159  -21.985  -33.556 0.6999999881
54032  24.960  -20.448  -31.194 0.8999999762
53013  26.972  -21.169  -32.468 0.8999999762
53028  30.508  -21.281  -33.248 0.6999999881
53012  27.975  -21.545  -32.636 0.8999999762
54043  27.190  -20.257  -32.410 0.8999999762
50737  34.009  -23.477  -21.028 0.6999999881
49589  32.658  -24.684  -20.759 0.6000000238
49565  31.908  -25.058  -20.206 0.6000000238
47356  29.809  -27.052  -20.362 0.6000000238
52857  35.524  -21.746  -21.329 0.6999999881
50721  33.466  -23.497  -20.221 0.6000000238
52870  35.913  -21.346  -22.096 0.6999999881
53918  36.501  -20.595  -22.491 0.6999999881
53930  36.776  -19.977  -23.263 0.6999999881
56084  35.688  -18.235  -26.710 0.8000000119
56099  35.204  -18.562  -27.253 0.8000000119
56100  34.486  -18.354  -27.574 0.8000000119
131442  32.047  -18.010  -28.671 1.0000000000
129261  30.077  -18.700  -30.049 1.0000000000
56114  31.205  -18.105  -29.048 1.0000000000
56125  30.478  -18.176  -29.501 1.0000000000
56126  29.048  -18.660  -30.160 1.0000000000
56127  28.379  -17.937  -30.053 1.0000000000
55057  27.071  -19.042  -30.195 1.0000000000
55058  26.474  -19.408  -30.270 0.8999999762
51985  33.698  -22.944  -33.225 0.6000000238
55080  25.429  -19.854  -30.792 0.8999999762
136815  35.369  -23.072  -31.761 0.6000000238
51968  33.983  -22.326  -32.670 0.6000000238
51986  32.946  -22.721  -33.520 0.6999999881
55092  25.400  -19.599  -31.197 0.8999999762
129331  29.771  -20.871  -32.914 0.6999999881
55089  28.220  -19.915  -32.543 0.8999999762
49566  31.050  -24.835  -19.590 0.5000000000
51812  34.686  -22.402  -20.571 0.6000000238
51814  32.997  -23.053  -19.655 0.5000000000
126443  36.039  -21.180  -21.009 0.6999999881
51811  35.191  -22.012  -20.758 0.6999999881
132350  36.405  -20.781  -21.527 0.6999999881
56056  37.246  -18.950  -23.786 0.6999999881
54995  36.899  -19.056  -24.559 0.6999999881
56083  36.409  -18.168  -26.051 0.8000000119
57126  35.972  -17.482  -26.459 0.8000000119
144646  35.371  -17.517  -26.860 0.8000000119
58153  35.483  -16.872  -26.780 0.8000000119
57127  34.978  -17.885  -27.210 0.8000000119
57142  33.578  -17.278  -27.692 0.8999999762
56102  32.811  -18.036  -28.297 1.0000000000
57141  34.249  -17.602  -27.465 0.8000000119
57143  32.991  -16.975  -27.944 0.8999999762
57151  32.394  -17.331  -28.317 1.0000000000
128176  30.503  -17.526  -29.140 1.0000000000
56128  27.240  -18.146  -30.227 1.0000000000
143139  26.738  -18.813  -30.282 0.8999999762
56130  25.874  -19.426  -30.581 0.8999999762
56152  25.779  -19.184  -30.865 0.8999999762
56141  26.230  -18.526  -30.677 0.8999999762
56166  25.778  -19.022  -31.134 0.8999999762
51953  34.570  -22.005  -31.917 0.6000000238
51969  33.392  -22.269  -33.234 0.6000000238
127896  31.176  -20.887  -33.435 0.6999999881
54041  29.030  -20.416  -32.669 0.8000000119
145034  27.409  -19.430  -32.260 0.8999999762
51952  35.350  -22.419  -31.441 0.6000000238
53026  31.859  -21.069  -33.507 0.6999999881
54054  30.591  -20.306  -33.275 0.6999999881
56163  28.368  -19.027  -32.439 0.8000000119
55090  26.708  -18.954  -31.813 0.8999999762
54055  29.795  -20.107  -32.893 0.6999999881
146884  27.554  -18.666  -32.120 0.8999999762
128940  34.215  -22.185  -19.820 0.5000000000
51796  32.207  -22.987  -19.447 0.5000000000
53891  35.461  -21.421  -20.484 0.6999999881
52830  33.526  -21.854  -19.488 0.5000000000
54968  37.112  -19.841  -22.355 0.6999999881
53905  36.793  -20.128  -21.508 0.6999999881
54980  37.337  -19.286  -23.050 0.6999999881
56055  37.633  -18.533  -23.320 0.6999999881
142265  37.697  -17.536  -24.423 0.6999999881
56076  37.078  -18.107  -25.174 0.6999999881
126068  36.715  -17.378  -25.915 0.8000000119
58152  36.266  -16.726  -26.391 0.8000000119
58167  34.155  -16.837  -27.413 0.8000000119
58176  32.459  -16.590  -28.259 0.8999999762
57152  31.395  -17.247  -28.659 1.0000000000
133171  29.578  -17.861  -29.706 1.0000000000
58166  34.884  -16.288  -27.210 0.8000000119
58168  33.523  -16.607  -27.718 0.8000000119
58178  30.968  -16.496  -28.819 0.8999999762
57168  29.758  -17.084  -29.200 1.0000000000
57169  28.765  -17.191  -29.595 1.0000000000
58190  30.134  -16.465  -29.122 0.8999999762
57170  27.715  -17.268  -29.953 1.0000000000
57171  26.921  -17.367  -30.204 1.0000000000
57172  26.565  -17.505  -30.514 1.0000000000
57192  26.352  -17.680  -31.159 0.8999999762
53025  32.908  -21.791  -33.421 0.6999999881
57182  26.346  -17.608  -30.858 0.8999999762
53009  33.880  -21.474  -32.243 0.6000000238
53010  33.386  -21.615  -32.966 0.6000000238
56164  27.012  -17.981  -31.700 0.8999999762
54051  32.839  -21.056  -33.157 0.6999999881
54053  31.572  -20.174  -33.400 0.6999999881
55099  31.081  -19.464  -33.379 0.6999999881
55088  29.205  -19.565  -32.684 0.6999999881
55100  30.192  -19.323  -33.072 0.6999999881
57202  28.230  -17.991  -32.281 0.8000000119
57203  27.537  -17.226  -31.968 0.8999999762
56162  29.379  -18.552  -32.740 0.6999999881
52845  34.839  -21.711  -20.089 0.6000000238
52846  34.242  -21.356  -19.577 0.5000000000
54958  36.656  -19.503  -20.774 0.6999999881
53906  36.313  -20.334  -20.650 0.5000000000
56047  37.675  -18.606  -22.505 0.6999999881
54967  37.420  -19.192  -22.216 0.6999999881
57103  37.946  -17.816  -23.542 0.6999999881
57092  37.835  -17.757  -21.958 0.6999999881
57119  37.376  -17.110  -25.238 0.6999999881
58142  37.626  -16.259  -25.285 0.6999999881
58143  37.003  -16.552  -25.875 0.8000000119
59227  35.786  -16.081  -26.779 0.8000000119
59226  36.620  -15.946  -26.359 0.8000000119
59241  34.064  -16.096  -27.580 0.8000000119
129756  35.408  -15.369  -27.318 0.8000000119
59240  34.619  -15.594  -27.583 0.8000000119
134292  32.845  -16.073  -28.204 0.8000000119
59254  31.440  -15.910  -28.843 0.8999999762
59269  29.749  -15.769  -29.580 0.8999999762
58191  29.188  -16.511  -29.434 1.0000000000
59251  34.003  -15.358  -28.082 0.8000000119
59252  33.092  -15.480  -28.448 0.8000000119
137694  27.291  -16.696  -30.032 1.0000000000
58193  27.650  -16.039  -30.123 1.0000000000
130112  26.741  -16.128  -30.724 1.0000000000
54052  32.286  -20.556  -33.305 0.6999999881
146859  31.623  -19.472  -33.364 0.6999999881
58226  26.834  -16.925  -31.487 0.8999999762
130107  26.657  -16.022  -31.001 1.0000000000
125328  30.820  -18.686  -33.399 0.6999999881
56175  30.223  -18.494  -33.165 0.8000000119
57214  29.185  -17.533  -32.728 0.8000000119
127995  37.947  -18.017  -22.810 0.6999999881
58122  38.219  -17.016  -23.741 0.6999999881
58133  37.949  -16.691  -24.578 0.6999999881
59204  38.166  -15.897  -24.698 0.6999999881
59216  37.303  -15.790  -25.866 0.6999999881
59215  37.915  -15.449  -25.391 0.6999999881
59225  37.128  -15.170  -26.360 0.8000000119
59239  36.261  -15.337  -26.836 0.8000000119
60309  35.571  -14.563  -27.720 0.8000000119
147728  36.028  -14.836  -27.274 0.8000000119
60310  34.835  -14.910  -27.889 0.8000000119
59267  31.903  -15.357  -29.073 0.8999999762
59268  30.684  -15.874  -29.186 0.8999999762
60322  32.968  -14.904  -28.881 0.8000000119
60335  31.536  -14.868  -29.622 0.8999999762
59270  28.663  -15.937  -29.844 0.8999999762
54040  33.285  -20.842  -32.562 0.6000000238
60351  30.283  -14.658  -30.295 0.8999999762
60337  29.899  -15.128  -30.074 0.8999999762
59283  27.484  -15.419  -30.523 1.0000000000
54039  33.822  -20.695  -31.763 0.6000000238
137911  26.888  -15.391  -30.951 0.8999999762
56174  31.531  -18.774  -33.370 0.6999999881
59293  26.911  -15.392  -31.220 0.8999999762
57213  29.953  -17.858  -33.150 0.8000000119
131716  28.326  -16.956  -32.422 0.8999999762
58225  27.535  -16.337  -32.007 0.8000000119
57091  38.199  -17.203  -22.766 0.6999999881
58121  38.421  -16.410  -23.143 0.6999999881
59214  38.367  -15.231  -24.762 0.6999999881
148793  37.556  -15.325  -25.897 0.6999999881
60289  37.825  -14.837  -25.883 0.6999999881
60299  37.513  -14.225  -26.511 0.6999999881
60321  33.606  -14.781  -28.675 0.8000000119
60334  32.431  -14.717  -29.371 0.8000000119
60333  33.241  -14.373  -29.253 0.8000000119
124866  32.822  -14.007  -29.888 0.8000000119
59282  28.210  -15.353  -30.365 0.8999999762
126844  32.678  -20.253  -32.848 0.6000000238
61436  31.995  -14.226  -30.084 0.8000000119
60350  31.031  -14.325  -30.288 0.8999999762
60353  28.695  -14.676  -30.743 0.8999999762
60354  27.715  -14.722  -30.913 0.8999999762
54031  33.185  -19.917  -32.027 0.6000000238
55098  32.120  -19.478  -33.180 0.6999999881
60355  27.303  -14.709  -31.213 0.8999999762
125542  31.162  -18.016  -33.550 0.6999999881
127185  27.268  -15.047  -31.642 0.8000000119
58239  29.756  -16.363  -33.458 0.6999999881
58224  28.404  -15.988  -32.632 0.8000000119
59192  38.517  -15.659  -23.390 0.6999999881
60288  38.320  -14.688  -25.194 0.6999999881
60320  34.372  -14.532  -28.474 0.8000000119
61423  33.993  -14.112  -29.068 0.8000000119
61435  33.577  -13.666  -29.653 0.8000000119
130020  32.379  -13.536  -30.433 0.8000000119
61450  29.219  -14.024  -31.121 0.8999999762
143863  32.587  -19.479  -32.587 0.6000000238
61451  28.336  -14.043  -31.326 0.8999999762
56173  31.983  -18.351  -33.211 0.6999999881
125156  31.604  -17.979  -33.430 0.6999999881
62585  28.097  -13.461  -31.794 0.8999999762
58238  30.447  -16.648  -33.715 0.6999999881
124634  29.242  -15.727  -33.258 0.8000000119
60390  27.841  -13.799  -32.276 0.8000000119
59331  30.173  -15.597  -33.683 0.6999999881
59318  28.603  -15.026  -32.895 0.8000000119
59319  28.152  -14.494  -32.617 0.8000000119
59317  29.462  -14.638  -33.485 0.8000000119
134469  38.587  -15.004  -23.630 0.6999999881
60275  38.576  -14.602  -24.317 0.6000000238
55087  32.790  -18.939  -31.942 0.6000000238
126644  31.984  -13.010  -30.934 0.8000000119
61463  30.445  -13.213  -31.283 0.8999999762
62584  28.772  -13.374  -31.651 0.8999999762
56160  32.667  -18.006  -32.106 0.6000000238
147120  28.477  -12.990  -32.073 0.8999999762
57211  31.396  -17.316  -33.615 0.8000000119
61476  27.903  -13.532  -32.116 0.8999999762
60389  28.282  -14.017  -32.751 0.8000000119
58251  30.827  -15.993  -33.866 0.6999999881
142888  29.235  -13.715  -33.507 0.8000000119
61489  28.759  -13.181  -33.229 0.8000000119
56161  32.264  -17.755  -32.862 0.6999999881
62583  31.221  -13.095  -31.165 0.8000000119
57201  32.199  -16.878  -33.020 0.5000000000
57210  31.863  -17.461  -33.317 0.6000000238
58223  32.129  -16.144  -33.103 0.6000000238
58237  31.695  -16.426  -33.490 0.6999999881
147784  28.725  -12.601  -32.545 0.8000000119
59316  31.731  -15.399  -33.663 0.6000000238
59329  31.416  -14.872  -33.913 0.6000000238
60402  29.933  -13.834  -33.737 0.6999999881
61488  29.492  -13.073  -33.752 0.8000000119
61490  28.351  -13.279  -32.622 0.8000000119
60401  30.920  -14.173  -34.044 0.6000000238
62599  30.667  -12.483  -31.574 0.8000000119
63657  30.008  -11.982  -32.179 0.8000000119
63658  29.317  -11.647  -32.798 0.8999999762
58222  32.530  -16.250  -32.593 0.6000000238
62627  29.189  -12.344  -33.575 0.8000000119
62628  28.741  -12.488  -33.092 0.8000000119
127443  30.347  -13.302  -34.062 0.6000000238
63656  30.905  -11.649  -31.853 0.8000000119
64689  30.280  -10.908  -32.625 0.8000000119
127577  31.977  -15.677  -33.361 0.6000000238
59328  31.927  -14.607  -33.903 0.6000000238
63669  29.457  -11.295  -33.316 0.8000000119
60400  31.616  -14.010  -34.137 0.6000000238
63695  29.872  -11.244  -34.080 0.6999999881
64701  29.855  -10.690  -33.243 0.8000000119
148263  31.817  -12.509  -34.481 0.6000000238
135190  30.370  -11.196  -34.366 0.6000000238
64729  29.952  -10.722  -34.091 0.6999999881
60399  32.171  -13.860  -34.063 0.6000000238
61500  31.875  -13.123  -34.323 0.6000000238
63654  32.380  -10.815  -31.643 0.8000000119
60374  33.041  -14.725  -32.587 0.6000000238
131519  31.348  -10.876  -32.120 0.8000000119
60364  33.489  -14.968  -31.938 0.5000000000
64700  30.376  -10.062  -33.217 0.8000000119
61475  33.207  -13.813  -33.030 0.6000000238
60375  32.553  -14.486  -33.261 0.6000000238
65724  30.566  -9.543  -33.959 0.6000000238
60373  33.746  -14.251  -32.206 0.5000000000
60387  32.616  -13.786  -33.691 0.6000000238
61487  32.499  -13.139  -34.145 0.6000000238
63694  31.017  -11.295  -34.573 0.6000000238
61486  33.107  -13.116  -33.749 0.6000000238
144084  32.224  -12.467  -34.456 0.6000000238
62636  32.432  -11.638  -34.621 0.6000000238
63693  31.578  -11.031  -34.678 0.6000000238
65684  32.464  -9.966  -32.086 0.8000000119
64688  30.982  -10.144  -32.743 0.8000000119
65683  33.274  -9.674  -31.776 0.8000000119
66720  32.570  -9.204  -32.516 0.6999999881
65685  31.638  -9.580  -32.806 0.6999999881
61485  33.652  -13.077  -33.222 0.6000000238
141824  30.602  -9.812  -34.263 0.6000000238
65708  31.063  -9.072  -34.022 0.6000000238
65696  30.672  -9.581  -33.576 0.6999999881
64727  31.401  -10.054  -34.586 0.6000000238
62624  33.657  -12.333  -33.707 0.5000000000
132713  32.278  -10.697  -34.743 0.6000000238
63668  34.489  -11.919  -33.226 0.5000000000
146753  33.423  -9.123  -32.075 0.6999999881
66733  32.394  -8.504  -33.125 0.6000000238
66744  31.457  -8.739  -33.862 0.6000000238
65695  31.292  -9.204  -33.460 0.6000000238
66757  31.523  -8.641  -34.338 0.6000000238
67831  32.009  -8.245  -33.707 0.6000000238
63680  34.038  -11.454  -33.963 0.5000000000
63692  32.927  -11.066  -34.669 0.6000000238
64725  33.025  -10.272  -34.840 0.6000000238
64726  32.221  -9.958  -34.832 0.6000000238
65723  31.039  -9.306  -34.296 0.6000000238
67843  31.930  -8.106  -34.123 0.6000000238
63691  33.604  -10.899  -34.511 0.6000000238
64724  33.952  -10.107  -34.745 0.6000000238
63679  34.831  -11.140  -33.481 0.5000000000
64712  34.417  -10.656  -34.204 0.5000000000
64711  35.229  -10.342  -33.752 0.4000000060
64723  34.790  -9.826  -34.476 0.5000000000
145206  33.135  -8.691  -32.543 0.6000000238
149329  32.552  -7.874  -33.492 0.6000000238
65721  32.645  -9.448  -35.028 0.6000000238
65722  32.002  -8.517  -34.790 0.6000000238
65720  33.498  -9.484  -35.075 0.6000000238
65733  33.049  -8.811  -35.256 0.6000000238
132863  34.333  -9.314  -35.017 0.6000000238
144942  35.115  -9.013  -34.841 0.5000000000
65707  35.661  -9.428  -34.050 0.4000000060
65719  35.737  -8.661  -34.570 0.4000000060
68863  32.458  -7.352  -35.014 0.6000000238
68838  32.720  -6.925  -34.250 0.5000000000
67830  33.028  -7.200  -33.628 0.5000000000
67829  33.991  -7.309  -33.104 0.5000000000
66769  32.544  -8.102  -35.146 0.6000000238
68851  32.684  -6.825  -34.794 0.5000000000
65732  33.880  -8.761  -35.320 0.6000000238
66756  34.636  -8.545  -35.272 0.5000000000
66755  35.417  -8.149  -35.133 0.4000000060
68824  34.389  -6.608  -33.179 0.4000000060
67866  33.017  -7.375  -35.360 0.6000000238
150445  32.810  -6.859  -35.185 0.5000000000
66766  34.743  -7.754  -35.464 0.4000000060
67865  33.909  -7.351  -35.548 0.6000000238
68862  33.344  -6.721  -35.366 0.6000000238
68837  33.060  -6.385  -34.646 0.4000000060
67854  35.463  -7.293  -35.432 0.4000000060
67864  34.771  -6.908  -35.566 0.4000000060
69825  33.516  -5.916  -34.515 0.4000000060
131914  34.075  -6.498  -35.544 0.4000000060
69848  33.602  -6.064  -35.249 0.4000000060
134419  36.172  -6.904  -35.387 0.4000000060
145844  34.195  -5.870  -35.535 0.4000000060
68822  35.632  -5.928  -32.628 0.4000000060
69815  33.867  -6.107  -33.828 0.4000000060
69838  33.451  -5.885  -34.947 0.4000000060
69846  35.372  -5.676  -36.111 0.4000000060
68861  34.774  -6.141  -35.770 0.4000000060
127860  34.599  -5.443  -35.875 0.4000000060
69847  33.994  -5.371  -35.348 0.4000000060
69823  34.971  -5.220  -33.651 0.4000000060
70871  34.794  -4.786  -34.206 0.4000000060
69824  34.219  -5.409  -34.238 0.4000000060
69858  35.100  -4.984  -36.382 0.3000000119
70880  34.263  -4.708  -35.424 0.4000000060
69837  33.875  -5.345  -34.969 0.4000000060
70862  35.558  -4.779  -33.569 0.4000000060
70872  34.238  -4.744  -34.909 0.4000000060
143143  27.090  -25.212  -32.360 0.8000000119
48575  26.203  -25.202  -30.571 0.8999999762
48588  25.735  -25.729  -30.808 0.8999999762
145065  26.686  -25.664  -30.371 0.8999999762
51915  32.607  -22.664  -29.836 0.8999999762
52957  32.611  -21.680  -29.816 1.0000000000
52956  33.324  -21.418  -29.343 1.0000000000
49710  28.821  -24.810  -30.304 0.8999999762
49730  30.808  -23.607  -30.303 0.8999999762
50841  30.901  -22.985  -30.370 0.8999999762
134837  28.247  -24.055  -30.417 0.8999999762
50842  30.302  -23.088  -30.444 0.8999999762
142574  29.592  -23.222  -30.461 0.8999999762
51916  31.953  -22.100  -30.217 1.0000000000
135120  27.157  -24.071  -30.420 0.8999999762
52981  29.326  -21.632  -30.455 0.8999999762
68825  33.198  -6.467  -34.086 0.4000000060
128863  33.629  -6.698  -33.598 0.4000000060
68823  35.228  -6.494  -32.588 0.4000000060
46385  34.378  -27.433  -27.123 1.0000000000
149813  31.933  -29.703  -28.386 0.8000000119
49645  30.058  -23.581  -25.659 0.8999999762
48502  34.472  -25.529  -25.858 1.0000000000
45281  31.798  -28.365  -28.790 0.8000000119
143602  33.443  -22.937  -24.856 0.8999999762
48568  32.873  -25.131  -29.232 0.8999999762
46412  32.055  -26.998  -29.111 0.8000000119
138763  30.472  -27.002  -29.528 0.8000000119
137594  28.899  -27.775  -29.655 0.8000000119
131529  29.938  -26.261  -29.870 0.8999999762
132423  28.997  -26.335  -30.022 0.8000000119
49711  27.539  -24.986  -30.306 0.8999999762
48574  27.613  -25.820  -30.266 0.8000000119
50824  32.929  -23.571  -29.539 0.8999999762
50827  29.241  -23.965  -30.392 0.8999999762
51851  31.298  -22.355  -23.991 0.8999999762
49619  30.996  -23.656  -23.342 1.0000000000
42908  27.845  -30.735  -22.298 0.6000000238
41824  26.034  -32.385  -21.098 0.4000000060
41823  26.463  -31.779  -20.966 0.4000000060
48608  27.920  -25.790  -32.430 0.6999999881
130225  27.946  -23.931  -32.548 0.8000000119
50830  26.143  -23.902  -30.535 0.8999999762
47505  31.580  -26.143  -32.961 0.6000000238
131421  25.683  -24.517  -31.377 0.8999999762
46301  30.907  -27.037  -22.070 0.6999999881
50828  27.725  -23.315  -30.431 0.8999999762
51954  25.134  -23.078  -31.116 0.8999999762
51972  25.511  -22.604  -31.601 0.8999999762
131462  32.261  -24.058  -33.571 0.6999999881
133903  31.458  -23.877  -33.455 0.6999999881
49601  32.674  -24.728  -21.651 0.8000000119
51840  33.804  -22.494  -22.891 0.8999999762
55042  33.605  -19.699  -28.567 1.0000000000
51935  29.786  -22.442  -30.487 0.8999999762
52960  28.415  -21.706  -30.342 0.8999999762
50843  28.770  -23.179  -30.451 0.8999999762
51920  25.062  -21.923  -30.728 0.8999999762
52871  35.176  -21.573  -23.120 0.8000000119
46287  28.734  -27.842  -20.443 0.5000000000
52962  25.886  -21.203  -30.070 0.8999999762
53959  36.249  -20.207  -25.147 0.8999999762
53027  31.283  -21.633  -33.457 0.6999999881
54044  26.181  -20.552  -32.161 0.8999999762
53011  28.895  -21.228  -32.668 0.8000000119
47334  30.892  -26.114  -20.249 0.6000000238
50736  34.467  -22.944  -21.147 0.8000000119
49564  32.429  -24.338  -19.979 0.6000000238
130525  36.947  -19.460  -23.799 0.6999999881
56101  33.619  -18.065  -27.889 1.0000000000
55056  28.590  -19.449  -30.289 1.0000000000
129299  26.425  -19.751  -32.035 0.8999999762
50703  32.128  -23.787  -19.580 0.6000000238
48427  30.343  -25.406  -19.668 0.5000000000
139156  31.449  -23.482  -19.390 0.5000000000
56067  37.440  -18.359  -24.155 0.6999999881
56151  26.084  -18.444  -31.050 0.8999999762
53892  35.066  -20.831  -19.750 0.6000000238
53893  34.098  -20.433  -19.527 0.5000000000
54957  37.147  -19.367  -21.518 0.6999999881
58177  31.733  -16.495  -28.547 0.8999999762
59242  33.403  -15.996  -27.933 0.8000000119
59305  26.932  -15.904  -31.446 0.8999999762
56037  36.958  -18.687  -20.881 0.6999999881
60300  36.687  -14.629  -26.958 0.8000000119
59253  32.259  -15.863  -28.537 0.8999999762
60336  30.638  -15.170  -29.753 0.8999999762
144975  30.357  -17.398  -33.537 0.8000000119
58240  29.131  -16.627  -32.958 0.8000000119
58132  38.387  -16.212  -23.960 0.6999999881
148861  35.548  -13.660  -28.427 0.8000000119
61466  27.585  -14.149  -31.686 0.8999999762
59203  38.510  -15.448  -24.135 0.6999999881
133227  30.897  -13.636  -30.807 0.8999999762
60248  38.405  -15.024  -22.883 0.6000000238
129352  30.358  -14.542  -33.775 0.6999999881
142658  29.959  -12.696  -31.711 0.8999999762
61503  29.829  -12.416  -34.050 0.6999999881
132890  31.142  -13.285  -34.259 0.6000000238
129645  30.875  -11.858  -34.456 0.6000000238
64714  29.851  -10.624  -33.663 0.8000000119
135084  30.628  -10.538  -34.427 0.6000000238
65686  30.935  -9.666  -33.224 0.6999999881
62625  32.887  -12.418  -34.263 0.6000000238
131882  31.816  -9.212  -34.728 0.6000000238
127906  33.260  -11.660  -34.357 0.6000000238
67842  32.396  -7.457  -34.453 0.6000000238
69814  34.824  -5.854  -33.295 0.4000000060
69813  35.639  -5.350  -33.051 0.4000000060
69859  34.401  -4.711  -35.906 0.4000000060
147522  26.700  -25.145  -30.400 0.8999999762
36046  27.827  -36.604  -24.477 0.4000000060
37314  27.253  -35.743  -24.638 0.4000000060
38513  26.791  -34.901  -25.001 0.4000000060
141471  28.533  -36.239  -24.447 0.4000000060
38511  28.151  -34.211  -24.483 0.4000000060
38512  27.161  -33.925  -24.858 0.4000000060
139094  30.378  -34.655  -24.593 0.3000000119
132065  28.952  -34.465  -24.290 0.4000000060
38520  30.878  -35.017  -24.984 0.4000000060
146855  31.080  -35.308  -25.558 0.4000000060
38535  31.519  -34.628  -26.465 0.4000000060
38547  31.484  -34.254  -27.176 0.4000000060
39649  27.923  -33.267  -24.651 0.5000000000
39656  27.177  -32.887  -25.070 0.4000000060
132914  30.019  -33.322  -24.372 0.4000000060
39648  28.791  -33.648  -24.410 0.4000000060
38510  31.116  -34.234  -24.843 0.5000000000
39655  31.749  -33.715  -25.292 0.4000000060
39675  31.916  -33.876  -26.280 0.4000000060
39684  31.754  -33.438  -27.227 0.5000000000
40799  31.348  -32.934  -27.938 0.5000000000
40812  30.730  -32.372  -28.534 0.6000000238
39697  30.538  -33.805  -28.600 0.5000000000
40813  30.137  -32.949  -29.051 0.6000000238
40818  29.434  -32.294  -29.454 0.4000000060
41875  28.314  -31.751  -24.803 0.5000000000
41897  27.602  -31.603  -25.127 0.5000000000
126185  26.862  -31.635  -25.428 0.5000000000
145646  26.014  -31.716  -25.776 0.5000000000
40761  29.753  -32.495  -24.432 0.6000000238
40762  28.702  -32.652  -24.579 0.6000000238
40760  30.632  -32.928  -24.473 0.5000000000
41871  31.577  -31.791  -24.628 0.6000000238
40774  31.927  -32.873  -25.042 0.5000000000
39654  32.296  -33.060  -25.734 0.5000000000
132105  32.441  -32.314  -26.844 0.4000000060
41930  32.215  -31.769  -27.468 0.6000000238
41946  31.618  -31.524  -28.088 0.6000000238
41947  30.999  -31.629  -28.424 0.6000000238
138464  30.657  -31.099  -28.700 0.6000000238
43009  30.096  -30.956  -29.134 0.6000000238
137106  28.900  -30.045  -29.589 0.6000000238
41948  30.368  -31.633  -28.874 0.6000000238
41956  29.668  -31.594  -29.298 0.6000000238
41957  28.820  -31.614  -29.710 0.6000000238
43018  28.411  -30.759  -29.888 0.6000000238
148619  28.645  -31.347  -24.765 0.5000000000
42953  28.226  -30.771  -25.030 0.5000000000
42954  27.530  -30.310  -25.411 0.5000000000
42976  26.141  -30.328  -25.810 0.5000000000
138279  30.488  -31.086  -24.498 0.6000000238
134301  29.738  -30.693  -24.586 0.6000000238
41870  32.230  -31.416  -24.898 0.6000000238
42926  31.169  -30.606  -24.517 0.6000000238
40773  32.416  -32.143  -25.394 0.5000000000
42951  32.673  -30.595  -25.145 0.6000000238
41929  32.835  -31.650  -26.610 0.6000000238
42991  32.749  -30.927  -27.269 0.6000000238
43008  30.723  -30.358  -28.841 0.6000000238
44042  27.925  -29.848  -30.058 0.6999999881
43986  27.968  -29.802  -25.359 0.6000000238
43987  27.278  -29.701  -25.582 0.5000000000
44000  26.533  -29.625  -25.788 0.5000000000
42927  30.363  -30.377  -24.518 0.6000000238
43985  29.733  -29.723  -24.690 0.6000000238
42952  28.728  -29.777  -25.031 0.6000000238
45245  26.806  -28.003  -26.074 0.5000000000
45246  25.533  -28.141  -26.613 0.5000000000
139097  31.204  -29.249  -24.532 0.6000000238
42974  33.375  -30.529  -26.280 0.6000000238
137561  27.959  -29.024  -30.071 0.6999999881
45234  29.156  -28.991  -25.165 0.6000000238
133506  28.350  -29.065  -25.407 0.6000000238
45235  27.766  -28.321  -25.641 0.6000000238
45214  30.476  -29.044  -24.627 0.6000000238
46356  28.304  -27.403  -25.601 0.6000000238
46357  27.458  -27.275  -25.866 0.6000000238
46366  26.782  -27.026  -26.212 0.6000000238
139190  25.634  -26.340  -26.802 0.6000000238
45233  30.251  -28.259  -24.757 0.6000000238
140397  24.914  -25.966  -27.173 0.5000000000
43966  31.626  -29.867  -24.571 0.6000000238
47445  24.479  -24.715  -27.441 0.6000000238
45298  27.516  -28.443  -30.092 0.6999999881
136181  29.486  -28.216  -25.092 0.6000000238
47414  27.940  -26.423  -25.805 0.6000000238
46354  29.930  -27.476  -25.027 0.6000000238
138451  29.602  -26.611  -25.366 0.6000000238
131750  28.765  -26.527  -25.583 0.6000000238
47425  27.182  -26.270  -26.192 0.6000000238
47427  25.402  -25.117  -26.883 0.6000000238
45213  31.195  -28.444  -24.571 0.6000000238
48521  25.556  -24.401  -26.578 0.6000000238
45212  32.141  -28.241  -24.668 0.6000000238
45231  33.476  -29.043  -25.711 0.6000000238
46417  27.044  -27.758  -30.208 0.6999999881
46428  26.174  -27.699  -30.700 0.6999999881
46343  30.780  -27.585  -24.757 0.6000000238
137243  28.375  -25.500  -25.852 0.6999999881
47424  27.607  -25.391  -26.186 0.6999999881
46341  32.329  -27.295  -24.820 0.6000000238
47481  25.579  -26.488  -30.901 0.6999999881
47412  30.081  -25.733  -25.424 0.6999999881
47399  31.354  -26.918  -24.825 0.6999999881
133022  30.446  -26.724  -25.073 0.6999999881
48508  28.769  -24.506  -25.915 0.6999999881
49657  27.593  -23.828  -26.023 0.6999999881
130229  26.849  -25.215  -26.453 0.6000000238
49658  26.869  -23.930  -26.060 0.6999999881
49648  26.590  -23.916  -25.608 0.6000000238
50785  25.767  -24.161  -26.195 0.5000000000
48609  26.537  -25.867  -32.246 0.8000000119
48506  30.582  -24.797  -25.480 0.6999999881
48507  29.640  -24.594  -25.727 0.6999999881
49647  28.277  -23.631  -25.883 0.6999999881
50797  27.834  -23.202  -25.621 0.6999999881
131298  24.358  -25.271  -25.827 0.5000000000
133198  27.284  -23.406  -25.186 0.6999999881
49635  26.262  -24.178  -25.502 0.6000000238
47415  25.226  -25.608  -25.295 0.6000000238
61447  33.113  -13.276  -30.267 0.6999999881
60308  36.969  -13.921  -27.238 0.6999999881
61412  35.847  -13.923  -28.076 0.6999999881
61422  35.224  -13.352  -28.856 0.6999999881
149267  37.559  -13.538  -26.956 0.6000000238
61434  34.407  -13.308  -29.408 0.6999999881
140327  34.406  -12.538  -29.819 0.6999999881
145726  32.626  -12.916  -30.662 0.6999999881
62582  32.367  -12.333  -31.056 0.6999999881
60298  38.209  -14.035  -25.751 0.6000000238
61410  37.244  -13.207  -27.541 0.6000000238
61421  35.998  -13.228  -28.445 0.6999999881
62554  35.726  -12.577  -28.976 0.6999999881
61390  38.516  -13.099  -25.549 0.6000000238
62580  34.016  -12.121  -30.295 0.6999999881
62581  33.200  -12.395  -30.591 0.6999999881
61403  38.094  -13.410  -26.388 0.6000000238
62532  37.913  -12.872  -27.052 0.6000000238
62544  37.536  -12.324  -27.776 0.6000000238
62553  36.315  -12.532  -28.598 0.6999999881
62566  35.016  -12.573  -29.424 0.6999999881
63642  34.159  -11.440  -30.409 0.6999999881
63643  33.537  -11.565  -30.697 0.6999999881
148606  33.169  -11.045  -31.119 0.6999999881
62531  38.438  -12.572  -26.365 0.6000000238
63605  38.034  -11.464  -27.720 0.5000000000
62552  36.878  -12.098  -28.440 0.6000000238
63628  36.136  -11.000  -29.386 0.5000000000
64665  35.276  -11.001  -29.848 0.6999999881
143491  34.417  -10.318  -30.645 0.6999999881
65672  33.928  -10.030  -31.151 0.6999999881
69836  37.481  -5.347  -35.357 0.3000000119
68859  36.977  -5.928  -35.370 0.3000000119
67863  35.614  -6.404  -35.729 0.3000000119
36047  26.851  -36.598  -24.681 0.4000000060
36057  26.045  -36.601  -25.178 0.3000000119
36058  25.341  -36.630  -25.802 0.4000000060
34893  28.117  -37.499  -24.585 0.3000000119
38521  26.040  -34.974  -25.485 0.4000000060
37322  30.646  -35.708  -25.203 0.4000000060
131273  26.284  -34.151  -25.377 0.4000000060
137167  30.928  -35.811  -25.950 0.4000000060
37336  30.951  -35.658  -26.761 0.4000000060
37351  30.741  -35.417  -27.540 0.4000000060
131792  30.779  -33.155  -28.419 0.5000000000
39698  29.884  -33.828  -29.311 0.4000000060
40777  25.837  -32.679  -25.802 0.4000000060
150418  28.405  -31.910  -30.060 0.5000000000
41918  25.297  -31.265  -26.219 0.5000000000
43019  27.588  -30.718  -30.426 0.6000000238
44001  25.760  -29.670  -26.166 0.5000000000
127003  25.403  -29.021  -26.503 0.5000000000
45247  24.674  -28.635  -27.021 0.5000000000
44051  26.592  -29.124  -31.019 0.6000000238
45266  24.842  -27.729  -27.037 0.5000000000
139826  24.134  -25.600  -27.759 0.4000000060
45299  26.694  -28.462  -30.536 0.6999999881
49677  24.288  -24.044  -27.094 0.5000000000
46446  25.981  -27.251  -31.622 0.6999999881
48510  24.229  -24.341  -26.580 0.5000000000
47497  26.139  -26.585  -31.993 0.8000000119
138021  27.232  -26.572  -32.309 0.6999999881
128397  23.847  -26.456  -25.674 0.5000000000
47416  24.645  -26.313  -25.349 0.6000000238
54956  37.449  -18.600  -21.646 0.6000000238
126953  37.262  -17.850  -21.078 0.6000000238
61376  38.505  -13.873  -24.938 0.6000000238
129517  38.665  -11.747  -26.348 0.5000000000
64632  37.674  -10.760  -28.360 0.5000000000
64648  36.891  -10.459  -29.052 0.5000000000
65660  36.092  -9.564  -29.743 0.5000000000
65670  35.444  -9.559  -30.224 0.5000000000
66707  34.575  -8.914  -31.269 0.5000000000
147660  37.736  -4.656  -35.594 0.3000000119
70886  37.293  -4.771  -36.138 0.3000000119
69845  36.168  -5.700  -36.079 0.3000000119
45232  32.798  -28.906  -25.047 0.6000000238
43965  32.435  -29.825  -24.848 0.6000000238
42950  33.216  -30.572  -25.685 0.6000000238
50767  28.365  -22.576  -25.076 0.8000000119
44041  28.643  -29.220  -29.713 0.6999999881
46416  27.965  -27.763  -29.871 0.6999999881
47472  26.196  -26.396  -30.489 0.6999999881
61411  36.513  -13.576  -27.844 0.6999999881
62598  31.525  -12.371  -31.367 0.6999999881
65682  34.011  -9.343  -31.517 0.6000000238
68860  36.432  -6.149  -35.609 0.3000000119
48610  25.575  -25.940  -31.792 0.8000000119
146103  28.257  -26.606  -32.414 0.6999999881
37313  28.100  -35.723  -24.416 0.4000000060
136306  28.536  -35.063  -24.331 0.4000000060
37312  29.200  -36.226  -24.545 0.3000000119
39646  30.549  -33.790  -24.531 0.5000000000
40776  26.596  -32.390  -25.464 0.5000000000
37360  30.484  -35.202  -28.241 0.3000000119
39708  29.167  -33.830  -29.977 0.4000000060
128815  25.226  -32.121  -26.218 0.5000000000
48509  24.990  -24.543  -26.007 0.6000000238
63630  34.712  -11.768  -29.922 0.6999999881
63644  32.788  -11.635  -31.116 0.6999999881
62545  36.767  -12.847  -28.139 0.6999999881
63629  35.520  -11.806  -29.431 0.6999999881
62543  38.273  -12.065  -27.093 0.6000000238
63615  37.431  -11.606  -28.250 0.5000000000
63617  36.242  -11.893  -28.956 0.6000000238
64674  34.589  -10.934  -30.320 0.6999999881
64675  33.842  -10.798  -30.765 0.6999999881
63604  38.560  -11.262  -26.991 0.5000000000
63616  36.876  -11.306  -28.764 0.5000000000
64673  35.029  -10.273  -30.281 0.5000000000
66706  35.301  -8.758  -30.685 0.5000000000
65671  34.665  -9.581  -30.787 0.6999999881
63586  38.791  -11.326  -25.620 0.5000000000
65640  37.517  -9.819  -28.763 0.5000000000
65659  36.776  -9.642  -29.316 0.5000000000
66691  35.881  -8.974  -30.075 0.5000000000
45325  26.309  -27.988  -32.016 0.6000000238
46445  26.736  -27.324  -32.170 0.6000000238
133300  31.035  -26.942  -32.702 0.5000000000
46443  29.040  -27.191  -32.551 0.6000000238
47496  29.061  -26.206  -32.519 0.6000000238
46439  32.923  -27.269  -32.306 0.5000000000
47493  31.913  -26.820  -32.791 0.5000000000
47495  30.026  -26.609  -32.609 0.6000000238
43968  25.107  -29.892  -24.253 0.5000000000
48607  29.031  -25.350  -32.597 0.6000000238
130950  33.504  -27.145  -31.966 0.5000000000
47486  34.114  -26.748  -31.790 0.5000000000
141673  24.785  -31.346  -23.817 0.4000000060
41859  24.700  -32.157  -23.579 0.4000000060
39635  24.543  -33.065  -23.118 0.4000000060
47492  32.645  -26.725  -32.767 0.5000000000
47485  34.808  -26.243  -31.513 0.5000000000
47491  33.452  -26.525  -32.493 0.5000000000
39626  24.704  -33.704  -22.344 0.4000000060
48597  34.825  -25.461  -31.889 0.5000000000
47490  34.222  -25.973  -32.236 0.5000000000
39617  24.702  -33.873  -21.772 0.4000000060
45163  28.293  -28.551  -20.665 0.4000000060
45164  27.487  -28.924  -20.554 0.4000000060
130993  26.865  -29.511  -20.487 0.4000000060
130965  25.278  -30.215  -20.336 0.3000000119
132619  31.867  -21.919  -19.301 0.4000000060
51797  31.239  -22.627  -19.305 0.4000000060
47336  28.996  -26.466  -19.852 0.4000000060
47357  28.333  -27.090  -20.163 0.4000000060
135931  30.970  -21.902  -19.301 0.4000000060
46288  27.789  -27.785  -20.299 0.4000000060
48429  28.372  -25.513  -19.619 0.4000000060
47337  27.886  -26.259  -19.920 0.4000000060
136410  27.100  -28.173  -20.324 0.4000000060
130080  26.066  -29.226  -20.281 0.4000000060
50704  30.824  -23.992  -19.338 0.4000000060
50705  29.972  -23.634  -19.302 0.4000000060
140344  29.601  -24.877  -19.444 0.4000000060
53878  32.567  -20.617  -19.490 0.4000000060
51798  30.326  -22.333  -19.311 0.4000000060
132418  29.886  -22.921  -19.279 0.4000000060
135836  29.335  -24.140  -19.364 0.4000000060
50706  28.467  -23.954  -19.408 0.4000000060
49569  27.929  -24.639  -19.539 0.4000000060
47358  27.422  -26.927  -20.203 0.4000000060
50707  27.624  -23.823  -19.521 0.4000000060
48455  26.486  -25.576  -20.188 0.4000000060
150571  26.380  -27.267  -20.391 0.4000000060
54941  35.692  -20.121  -19.913 0.4000000060
149509  31.910  -20.332  -19.594 0.4000000060
136671  31.144  -21.209  -19.396 0.4000000060
147707  29.848  -21.921  -19.380 0.4000000060
142918  36.114  -19.608  -20.248 0.5000000000
54942  34.794  -19.783  -19.645 0.4000000060
54932  33.138  -20.082  -19.588 0.4000000060
53880  30.530  -20.593  -19.618 0.4000000060
52834  29.326  -21.562  -19.490 0.4000000060
51799  29.508  -22.349  -19.356 0.4000000060
148005  28.428  -22.780  -19.411 0.4000000060
51801  27.927  -22.554  -19.483 0.4000000060
49570  27.076  -24.418  -19.731 0.4000000060
56023  36.161  -18.770  -20.325 0.5000000000
133357  35.291  -18.484  -20.153 0.5000000000
56024  34.403  -18.693  -19.964 0.4000000060
54944  32.733  -19.247  -19.906 0.4000000060
54933  32.278  -19.847  -19.695 0.4000000060
54934  31.520  -19.817  -19.820 0.4000000060
51800  28.650  -22.229  -19.424 0.4000000060
57065  35.620  -17.879  -20.335 0.5000000000
56025  33.224  -18.602  -20.236 0.4000000060
131121  31.856  -19.214  -20.105 0.4000000060
54935  30.800  -19.916  -19.907 0.4000000060
57067  33.646  -17.848  -20.543 0.4000000060
56026  32.256  -18.584  -20.459 0.4000000060
56027  31.361  -18.645  -20.610 0.4000000060
147722  34.621  -16.723  -20.903 0.4000000060
58100  34.299  -16.315  -21.328 0.4000000060
58101  33.430  -16.523  -21.511 0.4000000060
57081  33.077  -17.236  -21.186 0.4000000060
58102  32.562  -16.671  -21.742 0.4000000060
57077  37.505  -17.016  -21.328 0.5000000000
58098  36.943  -16.221  -21.127 0.5000000000
134998  35.891  -15.848  -21.150 0.4000000060
129132  33.708  -15.952  -21.749 0.4000000060
59169  32.975  -15.891  -22.056 0.4000000060
58110  32.088  -16.177  -22.284 0.3000000119
59178  38.360  -15.785  -22.604 0.5000000000
58099  35.249  -16.460  -20.888 0.5000000000
131428  35.001  -17.156  -20.596 0.4000000060
57068  32.668  -17.908  -20.803 0.4000000060
57069  31.772  -18.016  -21.032 0.4000000060
57080  34.057  -17.041  -20.860 0.4000000060
57082  32.184  -17.375  -21.424 0.4000000060
59165  37.471  -15.620  -21.644 0.5000000000
59167  34.926  -15.741  -21.429 0.4000000060
60234  34.531  -15.150  -21.935 0.4000000060
60262  37.987  -14.362  -22.476 0.5000000000
59166  36.576  -15.331  -21.502 0.5000000000
140952  35.497  -15.087  -21.683 0.4000000060
146988  34.949  -14.742  -22.015 0.4000000060
128469  33.688  -14.762  -22.508 0.4000000060
126478  33.079  -15.178  -22.536 0.3000000119
59182  32.376  -15.481  -22.574 0.3000000119
59183  31.608  -15.665  -22.690 0.3000000119
60261  38.469  -14.196  -23.353 0.4000000060
127796  38.593  -13.669  -24.141 0.5000000000
61346  35.696  -13.456  -22.506 0.3000000119
60250  35.410  -14.297  -22.159 0.4000000060
60251  34.436  -14.516  -22.352 0.4000000060
60252  33.096  -14.533  -22.883 0.3000000119
150444  32.577  -14.911  -22.845 0.3000000119
60253  31.945  -15.024  -22.980 0.3000000119
59193  31.203  -15.194  -23.132 0.3000000119
136127  37.335  -13.774  -22.371 0.3000000119
61361  38.045  -13.511  -22.816 0.4000000060
61360  38.425  -13.255  -23.485 0.4000000060
149928  38.608  -12.974  -24.058 0.4000000060
62511  38.725  -12.520  -25.037 0.4000000060
131351  38.721  -12.173  -25.636 0.4000000060
61347  34.721  -13.691  -22.643 0.3000000119
61348  33.778  -14.003  -22.875 0.3000000119
60263  33.080  -13.961  -23.199 0.3000000119
60264  32.382  -14.306  -23.203 0.3000000119
59194  30.446  -15.262  -23.258 0.3000000119
59195  29.621  -15.279  -23.355 0.3000000119
61345  36.603  -13.333  -22.485 0.3000000119
61365  31.753  -13.721  -23.594 0.3000000119
60265  31.513  -14.523  -23.341 0.3000000119
60266  30.121  -14.510  -23.574 0.3000000119
61344  37.344  -12.891  -22.788 0.3000000119
138070  38.081  -12.835  -23.124 0.3000000119
63542  38.521  -11.842  -24.121 0.3000000119
149842  38.771  -11.050  -26.288 0.4000000060
135922  38.713  -10.524  -26.709 0.4000000060
64647  38.254  -9.913  -28.083 0.4000000060
64663  36.314  -10.184  -29.476 0.4000000060
60267  29.175  -14.601  -23.608 0.3000000119
62475  36.920  -12.094  -23.135 0.3000000119
62459  36.144  -12.646  -22.850 0.3000000119
62474  37.799  -12.212  -23.242 0.3000000119
63529  38.132  -11.661  -23.706 0.3000000119
136173  38.728  -10.946  -25.019 0.3000000119
64601  38.768  -10.389  -25.733 0.4000000060
137438  38.750  -9.586  -25.921 0.3000000119
137710  38.739  -9.903  -26.414 0.4000000060
136867  38.651  -9.887  -27.189 0.4000000060
65639  38.024  -9.093  -28.444 0.4000000060
65658  37.303  -8.995  -29.097 0.4000000060
144094  38.772  -9.155  -26.586 0.3000000119
66675  37.746  -8.300  -28.761 0.4000000060
148336  36.598  -8.224  -29.739 0.4000000060
68774  36.819  -6.923  -30.176 0.4000000060
67804  36.287  -7.373  -30.546 0.4000000060
66718  34.853  -8.263  -31.473 0.4000000060
66719  34.006  -8.627  -32.033 0.5000000000
66651  38.847  -8.312  -26.231 0.3000000119
66664  38.798  -8.357  -27.117 0.3000000119
66674  38.426  -8.344  -28.029 0.3000000119
67773  38.204  -7.580  -28.430 0.4000000060
67786  37.517  -7.574  -29.147 0.4000000060
67787  36.786  -7.623  -29.800 0.4000000060
68773  37.362  -6.879  -29.595 0.3000000119
67816  35.872  -7.112  -31.337 0.3000000119
67817  35.189  -7.548  -31.749 0.3000000119
66731  34.400  -7.839  -32.296 0.4000000060
68811  35.478  -6.966  -32.030 0.3000000119
67828  34.815  -7.152  -32.495 0.3000000119
138043  38.867  -6.795  -26.895 0.3000000119
133478  38.572  -6.816  -27.957 0.3000000119
68760  38.027  -6.834  -28.871 0.3000000119
68772  37.894  -6.021  -29.395 0.3000000119
69786  37.646  -5.522  -30.219 0.3000000119
69787  37.158  -5.844  -30.777 0.3000000119
68795  36.589  -6.516  -30.904 0.3000000119
68810  36.052  -6.373  -31.938 0.3000000119
69799  36.768  -5.724  -31.483 0.3000000119
148681  38.809  -7.052  -26.235 0.3000000119
68759  38.454  -6.076  -28.410 0.3000000119
69785  38.192  -5.127  -29.621 0.3000000119
131591  37.434  -5.066  -31.015 0.3000000119
69812  36.291  -5.530  -32.321 0.3000000119
70847  36.976  -4.938  -31.929 0.3000000119
70861  36.406  -4.712  -32.851 0.3000000119
56022  36.512  -17.902  -20.553 0.5000000000
46436  25.963  -27.858  -31.341 0.6000000238
45324  27.204  -28.209  -32.480 0.5000000000
129631  28.381  -28.054  -32.514 0.5000000000
46441  30.960  -27.887  -32.490 0.5000000000
129939  29.328  -28.015  -32.481 0.5000000000
132527  33.980  -27.496  -31.452 0.5000000000
46435  32.511  -27.942  -31.994 0.5000000000
135574  31.590  -27.451  -32.572 0.5000000000
136945  25.951  -25.450  -25.026 0.6000000238
47403  25.178  -26.702  -24.980 0.6000000238
46346  25.497  -27.492  -24.602 0.6000000238
138222  24.823  -29.137  -24.512 0.5000000000
43969  24.328  -29.675  -24.635 0.5000000000
42929  24.552  -30.583  -24.262 0.5000000000
40764  23.368  -32.361  -24.335 0.5000000000
39636  23.616  -33.082  -23.713 0.4000000060
39627  23.847  -33.854  -22.861 0.4000000060
38482  24.242  -34.345  -22.110 0.4000000060
39618  24.109  -34.262  -21.495 0.4000000060
135321  24.343  -31.510  -20.388 0.3000000119
43929  25.168  -29.341  -20.356 0.4000000060
47359  26.120  -26.168  -20.393 0.4000000060
130083  26.211  -27.821  -20.379 0.4000000060
143489  26.382  -24.182  -19.833 0.4000000060
53894  30.039  -19.975  -19.940 0.4000000060
51802  27.368  -23.069  -19.563 0.4000000060
52848  26.310  -22.064  -20.083 0.4000000060
53882  28.851  -20.830  -19.781 0.4000000060
139588  28.538  -21.484  -19.614 0.4000000060
54946  30.396  -19.471  -20.282 0.4000000060
53896  28.364  -20.214  -20.194 0.4000000060
58103  31.706  -16.843  -21.947 0.4000000060
56038  30.892  -18.143  -21.200 0.4000000060
57083  31.308  -17.484  -21.579 0.4000000060
58111  31.254  -16.333  -22.417 0.3000000119
59184  30.817  -15.790  -22.817 0.3000000119
58113  29.587  -16.506  -22.651 0.3000000119
46433  34.844  -27.129  -31.027 0.5000000000
41826  23.700  -32.192  -20.354 0.4000000060
49591  25.690  -24.342  -20.234 0.4000000060
50723  26.092  -23.583  -19.934 0.4000000060
54947  29.673  -19.366  -20.512 0.4000000060
53895  29.227  -20.086  -20.091 0.4000000060
40718  24.249  -33.149  -20.665 0.4000000060
47494  30.761  -25.995  -32.733 0.5000000000
52831  32.697  -21.453  -19.387 0.4000000060
145476  38.276  -16.446  -22.448 0.5000000000
127560  38.635  -13.094  -24.688 0.5000000000
53877  33.410  -20.982  -19.417 0.4000000060
59179  37.986  -15.211  -22.138 0.5000000000
136316  38.399  -10.653  -27.565 0.4000000060
46442  30.123  -27.535  -32.539 0.6000000238
46440  32.222  -27.409  -32.493 0.5000000000
46434  33.243  -27.742  -31.768 0.5000000000
48430  27.297  -25.348  -19.876 0.4000000060
48454  26.966  -26.171  -20.166 0.4000000060
54943  33.728  -19.436  -19.708 0.4000000060
52835  27.883  -21.800  -19.617 0.4000000060
51815  26.587  -22.913  -19.803 0.4000000060
57066  34.652  -17.834  -20.392 0.4000000060
57079  35.929  -17.134  -20.500 0.5000000000
58096  38.053  -16.016  -21.964 0.5000000000
58097  37.638  -16.339  -21.578 0.5000000000
131054  36.191  -16.523  -20.777 0.5000000000
57078  36.786  -17.086  -20.756 0.5000000000
59180  37.225  -14.635  -21.843 0.5000000000
60233  36.246  -14.629  -21.778 0.4000000060
60249  36.427  -14.003  -22.158 0.4000000060
62473  38.382  -12.437  -23.678 0.3000000119
62491  38.633  -12.436  -24.400 0.4000000060
63562  38.740  -11.752  -24.852 0.3000000119
65638  38.557  -9.128  -27.602 0.4000000060
63530  37.433  -11.530  -23.481 0.3000000119
66689  37.056  -8.250  -29.367 0.4000000060
68794  37.251  -6.297  -30.182 0.3000000119
67805  35.591  -7.869  -30.959 0.4000000060
67765  38.888  -7.613  -26.642 0.3000000119
67772  38.694  -7.583  -27.530 0.3000000119
69756  38.795  -5.360  -27.905 0.3000000119
70860  37.212  -4.178  -32.351 0.3000000119
52836  27.184  -22.277  -19.714 0.4000000060
47446  23.819  -24.626  -28.148 0.4000000060
48522  23.681  -24.039  -26.902 0.4000000060
47428  22.637  -25.388  -26.888 0.4000000060
47417  23.070  -26.198  -26.244 0.3000000119
48511  23.473  -25.021  -26.413 0.4000000060
46360  23.055  -27.259  -25.799 0.3000000119
41969  27.526  -31.523  -30.791 0.5000000000
46359  23.797  -27.642  -25.392 0.5000000000
150202  23.500  -28.890  -25.283 0.3000000119
44060  26.746  -29.713  -31.626 0.5000000000
44072  26.668  -29.427  -32.606 0.5000000000
43038  27.031  -30.237  -32.248 0.5000000000
46358  24.613  -27.408  -25.079 0.5000000000
45218  24.147  -28.626  -25.012 0.4000000060
44061  26.257  -29.016  -31.812 0.5000000000
139534  27.187  -29.877  -33.105 0.5000000000
44071  27.913  -29.529  -33.104 0.3000000119
44073  26.485  -28.738  -32.414 0.5000000000
127255  26.980  -29.131  -33.115 0.4000000060
45323  27.771  -28.763  -32.876 0.4000000060
43046  29.789  -30.134  -32.580 0.3000000119
44069  30.332  -29.427  -32.401 0.3000000119
44070  29.289  -29.443  -32.624 0.3000000119
45315  31.505  -28.919  -32.007 0.3000000119
44068  31.062  -29.503  -32.144 0.3000000119
127604  30.042  -28.548  -32.456 0.4000000060
128050  28.825  -28.736  -32.619 0.4000000060
39628  22.985  -34.294  -22.933 0.3000000119
45313  32.987  -28.439  -31.523 0.4000000060
45314  32.198  -28.816  -31.706 0.4000000060
45322  30.971  -28.729  -32.319 0.4000000060
38494  23.582  -34.515  -22.358 0.3000000119
40719  23.393  -33.133  -20.307 0.3000000119
129193  25.178  -27.705  -20.613 0.3000000119
46290  25.778  -26.972  -20.504 0.3000000119
46291  24.769  -26.896  -20.736 0.3000000119
47360  25.254  -26.179  -20.662 0.3000000119
49592  24.973  -24.762  -20.697 0.3000000119
51816  25.861  -22.855  -20.178 0.3000000119
53897  27.479  -20.401  -20.275 0.3000000119
52847  27.081  -21.313  -19.952 0.3000000119
143295  26.269  -21.260  -20.272 0.3000000119
52849  25.636  -21.611  -20.458 0.3000000119
51829  24.528  -22.666  -21.006 0.3000000119
56028  30.430  -18.818  -20.723 0.3000000119
56029  29.681  -18.746  -20.974 0.3000000119
54949  27.830  -19.542  -20.638 0.3000000119
53898  26.595  -20.559  -20.404 0.3000000119
57084  30.448  -17.594  -21.731 0.3000000119
56039  30.034  -18.260  -21.364 0.3000000119
54960  28.430  -18.874  -20.978 0.3000000119
149449  27.265  -19.333  -20.846 0.3000000119
57086  28.708  -17.710  -21.920 0.3000000119
56041  28.182  -18.276  -21.514 0.3000000119
54961  27.506  -18.832  -21.158 0.3000000119
57093  30.864  -16.976  -22.108 0.3000000119
57094  30.022  -17.087  -22.255 0.3000000119
57085  29.586  -17.687  -21.844 0.3000000119
129104  28.297  -17.159  -22.407 0.3000000119
41958  28.124  -31.448  -30.226 0.5000000000
45321  31.701  -28.137  -32.219 0.4000000060
38461  23.441  -34.545  -21.015 0.3000000119
54948  28.782  -19.497  -20.549 0.3000000119
52850  25.007  -22.060  -20.681 0.3000000119
56040  29.120  -18.369  -21.375 0.3000000119
43970  23.628  -29.470  -25.094 0.3000000119
42930  23.757  -30.378  -24.748 0.3000000119
39637  22.946  -33.625  -23.585 0.3000000119
139488  25.061  -33.071  -26.290 0.4000000060
137369  24.332  -33.076  -26.973 0.4000000060
41919  24.628  -31.623  -26.720 0.4000000060
41932  23.460  -31.623  -27.957 0.4000000060
139379  23.362  -30.803  -27.974 0.3000000119
42978  24.728  -30.729  -26.686 0.4000000060
41931  24.010  -31.052  -27.355 0.4000000060
44018  24.135  -29.438  -27.399 0.4000000060
38558  30.301  -34.604  -28.787 0.3000000119
44002  24.897  -29.750  -26.695 0.4000000060
45283  23.008  -28.204  -28.306 0.3000000119
46389  22.903  -26.405  -28.595 0.3000000119
131006  23.801  -28.477  -27.720 0.4000000060
48559  21.925  -25.352  -28.682 0.3000000119
46402  22.279  -26.620  -29.011 0.3000000119
47429  22.038  -25.761  -27.466 0.3000000119
45267  24.201  -27.668  -27.557 0.4000000060
47447  23.207  -25.212  -28.344 0.3000000119
48542  22.519  -24.637  -28.174 0.3000000119
39687  23.765  -33.124  -27.683 0.4000000060
40800  24.034  -32.192  -27.347 0.4000000060
46369  22.275  -26.714  -26.537 0.3000000119
39658  25.715  -33.553  -25.763 0.3000000119
46370  21.507  -26.779  -27.244 0.3000000119
34894  27.259  -37.466  -24.585 0.4000000060
36043  29.995  -36.171  -24.821 0.4000000060
36045  28.664  -36.853  -24.582 0.3000000119
36055  30.489  -36.367  -25.619 0.4000000060
36068  30.671  -36.273  -26.499 0.4000000060
37310  30.311  -35.389  -24.734 0.4000000060
37311  29.538  -35.265  -24.408 0.3000000119
37321  31.266  -35.220  -26.234 0.4000000060
37323  26.422  -35.748  -25.087 0.4000000060
37324  25.636  -35.735  -25.691 0.4000000060
38483  23.602  -34.698  -21.756 0.3000000119
38519  31.469  -34.628  -25.589 0.4000000060
38536  31.208  -35.008  -27.047 0.4000000060
38548  30.846  -34.584  -27.919 0.4000000060
39592  24.442  -33.737  -21.182 0.4000000060
39593  23.839  -33.861  -20.776 0.4000000060
39625  25.171  -33.162  -22.471 0.4000000060
39645  31.281  -33.379  -24.752 0.5000000000
39647  29.693  -34.080  -24.336 0.4000000060
39657  26.464  -33.258  -25.405 0.4000000060
39674  32.253  -32.992  -26.590 0.4000000060
39676  25.205  -33.875  -26.157 0.3000000119
39677  24.642  -33.843  -26.661 0.4000000060
39685  31.163  -33.717  -27.919 0.5000000000
39686  24.083  -33.851  -27.404 0.4000000060
40716  25.532  -32.662  -20.995 0.5000000000
40732  25.835  -32.786  -21.632 0.5000000000
40739  25.768  -32.844  -22.264 0.5000000000
40748  24.057  -32.459  -23.851 0.4000000060
40758  31.983  -32.185  -24.844 0.6000000238
40759  31.403  -32.548  -24.648 0.5000000000
40763  27.794  -32.375  -24.868 0.5000000000
40775  27.199  -32.173  -25.203 0.5000000000
40793  32.604  -32.356  -26.166 0.4000000060
40794  24.630  -32.409  -26.681 0.4000000060
40798  31.962  -32.636  -27.340 0.5000000000
40819  28.663  -32.403  -29.924 0.5000000000
41839  27.410  -31.334  -22.051 0.6000000238
41849  26.089  -32.235  -22.705 0.5000000000
41860  23.930  -31.503  -24.317 0.5000000000
41872  30.699  -31.966  -24.465 0.6000000238
41873  29.792  -31.520  -24.501 0.6000000238
41874  29.032  -31.804  -24.588 0.6000000238
41895  33.219  -31.189  -26.037 0.6000000238
41896  32.806  -31.285  -25.503 0.6000000238
41898  26.500  -30.983  -25.626 0.5000000000
41917  25.862  -30.948  -25.883 0.5000000000
42883  26.627  -30.944  -20.745 0.4000000060
42885  24.864  -30.827  -20.355 0.3000000119
42901  28.325  -30.261  -22.032 0.6000000238
42903  27.149  -31.260  -21.330 0.6000000238
42909  27.384  -31.114  -22.566 0.5000000000
42917  25.432  -30.795  -23.704 0.4000000060
42925  32.043  -30.595  -24.683 0.6000000238
42928  29.076  -30.397  -24.765 0.5000000000
42955  26.878  -30.318  -25.595 0.5000000000
42956  23.032  -30.101  -25.309 0.3000000119
42975  33.153  -30.987  -26.582 0.6000000238
42977  25.450  -30.457  -26.246 0.5000000000
42990  33.220  -30.538  -26.844 0.8000000119
42993  24.292  -30.234  -27.168 0.4000000060
42994  23.646  -30.143  -27.684 0.3000000119
43016  29.848  -30.182  -29.332 0.6000000238
43017  29.270  -30.866  -29.475 0.6000000238
43028  27.180  -30.674  -31.245 0.5000000000
43926  28.198  -29.354  -21.065 0.5000000000
43928  26.175  -30.103  -20.378 0.4000000060
43945  28.045  -30.084  -21.370 0.6000000238
43952  29.076  -28.790  -22.525 0.6000000238
43954  28.212  -30.122  -22.593 0.6999999881
43967  30.753  -29.804  -24.525 0.6000000238
43988  22.862  -29.126  -25.529 0.3000000119
43999  33.433  -29.903  -26.806 0.8000000119
44017  33.078  -29.686  -27.575 0.8000000119
44028  32.514  -29.388  -28.159 0.8000000119
44043  27.242  -29.153  -30.361 0.6000000238
44050  27.147  -29.889  -30.737 0.6000000238
45162  29.161  -28.381  -20.968 0.6000000238
45165  26.551  -28.690  -20.329 0.4000000060
45166  25.619  -28.526  -20.399 0.4000000060
45203  26.948  -29.042  -23.673 0.6999999881
45215  26.066  -28.399  -24.173 0.6999999881
45217  25.094  -28.371  -24.564 0.5000000000
45236  27.040  -28.945  -25.761 0.5000000000
45237  23.279  -28.288  -25.475 0.3000000119
45268  23.389  -27.461  -28.128 0.3000000119
45307  26.143  -28.462  -31.156 0.6000000238
45316  26.196  -28.418  -31.742 0.5000000000
46289  26.921  -27.464  -20.314 0.4000000060
46302  30.464  -27.623  -21.810 0.6999999881
46332  27.590  -27.139  -23.879 0.6000000238
46342  31.573  -27.696  -24.653 0.6000000238
46344  26.755  -26.871  -24.305 0.6999999881
46355  29.143  -27.441  -25.369 0.6000000238
46367  26.101  -27.305  -26.498 0.5000000000
46368  25.271  -27.112  -26.875 0.5000000000
46387  24.544  -26.832  -27.390 0.4000000060
46388  23.702  -26.540  -27.946 0.4000000060
46403  21.844  -26.841  -29.062 0.3000000119
46444  27.845  -27.331  -32.360 0.6999999881
47335  30.030  -26.274  -19.964 0.5000000000
47355  30.595  -26.814  -20.644 0.6000000238
47368  31.268  -26.644  -21.726 0.6999999881
47378  31.305  -26.349  -22.211 0.6999999881
47390  30.291  -25.935  -23.123 0.6999999881
47401  26.509  -25.838  -24.596 0.6000000238
47410  33.228  -27.464  -25.232 1.0000000000
47411  30.996  -25.942  -25.128 0.8000000119
47413  29.204  -25.596  -25.634 0.6999999881
47426  26.345  -26.049  -26.586 0.6000000238
47448  21.903  -25.199  -28.180 0.3000000119
47458  34.592  -25.977  -28.032 1.0000000000
47460  22.369  -25.657  -28.820 0.3000000119
47461  21.756  -26.061  -29.095 0.3000000119
47462  21.425  -25.983  -28.942 0.3000000119
47471  27.111  -26.404  -30.240 0.8000000119
47487  25.499  -26.582  -31.391 0.6999999881
47504  32.308  -26.167  -33.139 0.6000000238
48426  31.208  -25.509  -19.989 0.6000000238
48428  29.362  -25.567  -19.570 0.4000000060
48453  31.595  -25.826  -20.668 0.6999999881
48456  25.667  -25.346  -20.433 0.4000000060
48472  31.678  -25.580  -22.273 0.6999999881
48485  27.622  -25.277  -24.327 0.6999999881
48496  26.441  -24.719  -25.020 0.6000000238
48497  25.749  -24.656  -25.501 0.6000000238
48503  33.392  -25.577  -25.276 0.8999999762
48518  27.977  -24.487  -26.123 0.6999999881
48519  27.218  -24.435  -26.278 0.6000000238
48520  26.413  -24.360  -26.378 0.6000000238
48523  22.910  -24.655  -27.007 0.4000000060
48524  22.493  -24.767  -27.721 0.3000000119
48539  24.739  -24.229  -27.057 0.5000000000
48540  24.011  -24.053  -27.545 0.4000000060
48541  23.278  -24.242  -28.031 0.4000000060
48558  22.604  -24.891  -28.412 0.3000000119
48598  25.283  -26.040  -31.187 0.8000000119
48616  33.924  -24.962  -33.166 0.6000000238
48617  33.241  -25.116  -33.377 0.6000000238
48620  30.487  -25.187  -32.838 0.6999999881
48621  29.787  -25.048  -32.678 0.8000000119
49567  30.179  -24.484  -19.405 0.4000000060
49568  28.830  -24.779  -19.440 0.4000000060
49590  26.413  -24.877  -20.020 0.4000000060
49611  31.380  -24.724  -22.826 1.0000000000
49633  27.418  -23.404  -24.893 0.6999999881
49634  26.814  -23.857  -25.159 0.6000000238
49649  25.677  -24.160  -25.958 0.6000000238
49650  24.829  -24.258  -26.662 0.5000000000
49659  26.015  -24.123  -26.276 0.6999999881
49660  25.049  -24.337  -26.643 0.5000000000
49661  24.132  -23.974  -27.090 0.5000000000
49662  23.172  -24.240  -27.722 0.3000000119
49678  23.797  -24.036  -27.419 0.4000000060
49712  26.496  -24.697  -30.490 0.8999999762
49747  34.876  -24.849  -32.142 0.6000000238
49764  35.154  -24.223  -32.018 0.6000000238
49765  34.642  -24.486  -32.476 0.6000000238
49769  26.031  -24.336  -31.929 0.8999999762
49783  31.729  -24.722  -33.454 0.6000000238
50708  26.836  -23.662  -19.686 0.4000000060
50720  34.107  -22.904  -20.361 0.6000000238
50722  32.754  -23.669  -19.791 0.5000000000
50745  33.832  -23.464  -21.928 0.8000000119
50768  27.771  -22.897  -25.107 0.6999999881
50769  27.179  -23.571  -25.506 0.6000000238
50783  28.506  -22.774  -25.422 0.8000000119
50784  27.560  -23.167  -25.368 0.6999999881
50798  27.334  -23.576  -25.696 0.6999999881
50799  26.696  -23.883  -25.881 0.6999999881
50873  35.044  -23.471  -32.123 0.6000000238
51795  32.818  -22.328  -19.466 0.5000000000
51813  33.551  -22.664  -19.743 0.5000000000
51828  34.999  -22.392  -21.475 0.8000000119
51864  30.210  -22.225  -24.809 0.8999999762
51865  29.601  -22.231  -24.914 0.8999999762
51878  30.645  -22.274  -25.016 0.8999999762
51880  29.095  -22.332  -25.054 0.8999999762
51907  33.928  -22.126  -29.119 1.0000000000
51933  31.347  -22.559  -30.343 1.0000000000
51934  30.641  -22.403  -30.462 0.8999999762
51936  28.974  -22.381  -30.431 0.8999999762
51938  24.913  -22.255  -31.155 0.8999999762
51967  34.767  -22.814  -32.185 0.6000000238
52832  31.920  -20.989  -19.402 0.4000000060
52833  30.254  -21.451  -19.412 0.4000000060
52924  35.966  -21.273  -26.570 1.0000000000
52963  25.355  -21.249  -30.435 0.8999999762
52997  24.909  -21.411  -31.291 0.8999999762
53014  25.984  -21.263  -32.107 0.8999999762
53879  31.299  -20.462  -19.620 0.4000000060
53881  29.690  -20.718  -19.654 0.4000000060
53883  28.028  -21.012  -19.901 0.4000000060
54007  27.219  -20.276  -30.176 0.8999999762
54021  30.467  -20.566  -30.464 1.0000000000
54023  25.290  -20.525  -30.664 0.8999999762
54042  28.062  -20.755  -32.607 0.8999999762
54045  25.364  -20.913  -31.741 0.8999999762
54945  31.052  -19.305  -20.250 0.4000000060
54950  26.983  -19.803  -20.639 0.3000000119
54959  29.141  -18.952  -20.867 0.3000000119
55059  25.991  -19.748  -30.352 0.8999999762
55071  25.606  -19.981  -30.505 0.8999999762
55091  25.949  -19.349  -31.495 0.8999999762
56042  27.439  -18.226  -21.673 0.3000000119
56129  26.295  -19.048  -30.434 0.8999999762
56165  26.212  -18.570  -31.319 0.8999999762
57128  34.822  -17.167  -27.135 0.8000000119
57153  30.526  -16.979  -28.891 0.8999999762
57212  30.882  -17.336  -33.705 0.8000000119
57222  31.111  -16.612  -33.826 0.6999999881
58109  38.020  -16.801  -21.945 0.5000000000
58169  33.048  -16.456  -28.005 0.8000000119
58192  28.176  -16.607  -29.775 1.0000000000
58194  26.815  -16.647  -30.377 1.0000000000
58205  26.547  -16.751  -30.755 1.0000000000
58214  26.451  -16.761  -31.085 0.8999999762
58250  31.290  -15.768  -33.810 0.6999999881
59168  34.217  -15.698  -21.713 0.4000000060
59181  33.741  -15.372  -22.120 0.4000000060
59185  30.006  -15.862  -22.934 0.3000000119
59266  32.523  -15.257  -28.832 0.8000000119
59271  27.018  -15.859  -30.509 1.0000000000
59281  29.148  -15.286  -30.196 0.8999999762
59303  32.415  -15.396  -32.952 0.6000000238
59304  27.692  -15.261  -32.214 0.8000000119
59315  32.125  -14.990  -33.522 0.6000000238
59330  30.872  -15.176  -33.886 0.6999999881
60319  35.146  -14.124  -28.326 0.8000000119
60338  27.144  -15.164  -30.799 0.8999999762
60352  29.589  -14.633  -30.539 0.8999999762
60365  27.267  -14.810  -31.370 0.8999999762
60376  27.667  -14.363  -32.208 0.8000000119
60377  27.522  -14.215  -31.873 0.8999999762
60388  28.704  -14.117  -33.110 0.8000000119
61448  31.596  -13.641  -30.618 0.8000000119
61449  30.170  -13.969  -30.813 0.8999999762
61452  27.749  -14.013  -31.557 0.8999999762
61464  29.620  -13.306  -31.450 0.8999999762
61465  27.818  -13.604  -31.885 0.8999999762
61501  31.364  -12.531  -34.435 0.6000000238
61502  30.619  -12.519  -34.311 0.6000000238
62567  33.825  -12.905  -30.045 0.6999999881
62600  29.158  -12.612  -32.109 0.8999999762
62601  28.288  -13.149  -32.151 0.8999999762
62613  28.902  -12.055  -32.998 0.8000000119
62614  28.530  -12.895  -32.575 0.8000000119
62626  31.648  -11.912  -34.597 0.6000000238
62637  30.157  -11.785  -34.236 0.6999999881
62638  29.565  -11.707  -33.878 0.8000000119
63655  31.904  -11.615  -31.531 0.6999999881
63681  29.585  -11.152  -33.740 0.6999999881
63682  29.170  -11.762  -33.438 0.8000000119
64664  35.699  -10.255  -29.804 0.5000000000
64686  33.192  -10.391  -31.407 0.6999999881
64687  31.752  -10.244  -32.301 0.8000000119
64713  30.175  -10.038  -33.640 0.8000000119
64728  30.079  -10.073  -34.047 0.6999999881
66690  36.524  -8.830  -29.631 0.4000000060
66705  36.128  -8.229  -30.196 0.4000000060
66721  31.875  -9.017  -33.124 0.6000000238
66732  33.339  -8.003  -32.909 0.5000000000
66734  31.748  -8.725  -33.518 0.6000000238
66767  34.148  -8.124  -35.454 0.6000000238
66768  33.420  -8.094  -35.408 0.6000000238
67855  32.070  -7.984  -34.644 0.6000000238
68850  33.025  -6.374  -35.066 0.4000000060
124686  34.627  -13.881  -28.816 0.8000000119
125636  34.843  -26.101  -27.247 1.0000000000
125751  35.468  -19.242  -19.947 0.5000000000
126368  30.598  -17.975  -33.471 0.8000000119
128012  26.267  -22.007  -29.971 0.8999999762
128315  26.609  -18.224  -30.411 0.8999999762
129467  34.721  -26.096  -26.440 1.0000000000
130800  29.390  -33.245  -24.409 0.4000000060
130888  32.867  -31.759  -25.901 0.5000000000
130913  31.948  -29.093  -24.608 0.6000000238
132127  25.465  -31.862  -20.592 0.4000000060
132356  34.298  -23.146  -32.751 0.6000000238
132610  26.857  -19.669  -30.176 0.8999999762
132723  30.850  -14.733  -23.410 0.3000000119
132868  31.987  -16.923  -28.419 1.0000000000
133032  32.440  -21.279  -33.431 0.6999999881
133215  26.181  -28.801  -26.147 0.5000000000
133218  32.367  -18.681  -32.728 0.6999999881
133377  30.610  -23.163  -19.284 0.4000000060
133494  26.602  -26.822  -20.341 0.4000000060
133606  25.653  -27.168  -31.017 0.6999999881
133610  31.483  -32.160  -27.971 0.6000000238
134171  32.987  -24.111  -20.340 0.6000000238
134541  27.835  -30.256  -33.095 0.3000000119
134800  21.143  -27.298  -27.332 0.3000000119
134853  25.595  -22.278  -20.383 0.3000000119
134979  31.668  -24.292  -19.592 0.6000000238
135056  27.648  -34.921  -24.583 0.4000000060
135343  27.972  -18.760  -30.247 1.0000000000
135880  31.222  -23.188  -33.425 0.6999999881
135899  27.687  -29.176  -25.556 0.5000000000
136003  28.706  -28.256  -25.386 0.6000000238
136138  26.135  -24.940  -26.611 0.6000000238
136928  25.586  -20.084  -31.690 0.8999999762
137234  32.364  -7.578  -33.928 0.5000000000
137405  29.311  -33.062  -29.653 0.4000000060
137615  23.043  -32.085  -28.432 0.4000000060
137779  28.062  -32.174  -30.447 0.5000000000
137789  27.269  -30.939  -25.380 0.5000000000
137847  27.948  -22.793  -25.251 0.8000000119
137988  29.785  -17.101  -33.353 0.6999999881
138124  25.376  -25.371  -31.346 0.8999999762
138635  30.549  -24.443  -23.324 1.0000000000
138796  31.260  -30.981  -28.411 0.6000000238
139118  30.078  -32.164  -29.074 0.6000000238
139340  25.931  -26.975  -30.654 0.6999999881
139541  26.608  -27.062  -30.334 0.6999999881
139631  30.974  -9.215  -33.774 0.6999999881
141378  36.270  -14.259  -27.531 0.8000000119
141422  27.194  -21.933  -32.499 0.8999999762
141564  31.241  -15.452  -29.290 0.8999999762
142161  32.362  -8.812  -35.046 0.6000000238
143093  31.902  -22.810  -30.159 0.8999999762
143833  31.139  -31.330  -24.516 0.6000000238
144369  31.833  -29.065  -28.573 0.8000000119
144812  27.937  -27.991  -23.585 0.6999999881
144989  29.070  -31.085  -24.701 0.5000000000
145327  28.130  -23.216  -19.427 0.4000000060
145893  32.265  -14.352  -33.734 0.6000000238
145933  33.791  -27.709  -25.687 0.8000000119
146074  29.341  -28.637  -21.586 0.6000000238
146248  35.778  -20.802  -20.271 0.5000000000
146279  22.770  -27.291  -28.609 0.3000000119
146341  33.088  -17.526  -28.035 0.8999999762
147076  26.170  -28.095  -26.325 0.5000000000
147322  27.118  -16.322  -30.227 1.0000000000
147372  38.829  -6.201  -26.662 0.3000000119
147566  34.086  -14.957  -22.248 0.4000000060
148472  29.301  -22.810  -30.467 0.8999999762
148883  27.667  -28.360  -20.436 0.4000000060
149168  28.809  -35.725  -24.379 0.4000000060
149194  29.806  -28.840  -24.854 0.6000000238
149336  31.667  -31.159  -24.603 0.6000000238
149390  29.211  -28.176  -23.031 0.6999999881
149864  30.448  -13.939  -33.879 0.6999999881
150031  29.038  -23.145  -19.345 0.4000000060
150423  29.107  -27.262  -20.262 0.5000000000
150537  21.586  -25.961  -27.893 0.3000000119
