#!ascii label  , from subject sub-LJ002 vox2ras=TkReg
1064
28441  41.772  -43.856  -35.416 0.3000000119
40826  41.248  -32.692  -30.673 0.6000000238
39778  39.266  -33.327  -34.938 0.6999999881
129113  38.958  -34.441  -35.628 0.6999999881
28442  40.855  -43.755  -35.432 0.4000000060
33850  41.979  -38.544  -31.796 0.4000000060
29577  42.415  -43.431  -35.071 0.5000000000
137191  43.369  -43.742  -35.738 0.5000000000
40825  42.152  -32.990  -30.827 0.6999999881
133480  40.359  -32.056  -31.866 0.6999999881
40856  41.141  -32.040  -31.788 0.5000000000
148776  40.504  -32.707  -34.855 0.6000000238
40887  39.895  -32.701  -34.666 0.6000000238
40888  40.108  -33.218  -35.439 0.6999999881
38636  39.362  -35.230  -36.723 0.6999999881
30624  42.175  -42.101  -34.183 0.5000000000
33865  42.534  -39.072  -32.134 0.4000000060
29570  42.736  -42.832  -34.594 0.6000000238
34961  41.847  -37.179  -30.869 0.4000000060
36115  42.334  -36.337  -30.508 0.5000000000
30610  43.799  -41.736  -33.731 0.6000000238
128661  41.810  -35.523  -30.394 0.6000000238
38582  42.094  -34.626  -30.345 0.6000000238
30622  44.426  -42.198  -34.555 0.6000000238
39717  42.784  -33.579  -30.748 0.6000000238
140342  41.541  -32.348  -33.484 0.6000000238
40886  41.254  -32.671  -34.574 0.6000000238
39788  41.515  -33.952  -36.197 0.6999999881
40892  40.926  -33.209  -35.495 0.6999999881
39789  40.578  -34.171  -36.397 0.6999999881
39796  40.614  -35.129  -37.372 0.6999999881
38645  38.849  -35.922  -37.262 0.6999999881
38643  40.874  -35.406  -37.938 0.6999999881
130398  40.364  -35.465  -37.850 0.6999999881
38644  39.638  -35.549  -37.750 0.6999999881
38660  40.884  -35.302  -38.333 0.6999999881
30625  41.280  -41.875  -34.332 0.5000000000
31632  42.709  -40.247  -32.831 0.5000000000
32719  42.219  -39.619  -32.595 0.5000000000
34975  42.353  -37.873  -31.258 0.4000000060
30611  42.695  -41.570  -33.671 0.5000000000
36114  43.301  -36.305  -30.465 0.5000000000
37380  42.886  -35.324  -30.327 0.6000000238
30609  44.863  -41.610  -34.072 0.6000000238
31645  45.256  -40.857  -33.644 0.5000000000
32731  45.613  -40.083  -33.179 0.5000000000
142183  42.455  -32.607  -31.616 0.6999999881
40876  42.452  -32.563  -33.199 0.6000000238
40836  41.663  -32.340  -31.247 0.6999999881
39777  41.858  -33.315  -35.192 0.6000000238
40885  42.173  -32.859  -34.204 0.6000000238
39787  42.475  -33.999  -35.869 0.6000000238
38641  42.626  -35.024  -37.536 0.6000000238
38642  41.706  -35.314  -37.901 0.6999999881
37434  38.927  -35.865  -37.648 0.6999999881
139202  42.698  -35.002  -38.363 0.6000000238
38661  40.398  -35.225  -38.296 0.6999999881
39803  39.579  -34.741  -38.225 0.6999999881
141116  41.643  -35.335  -38.408 0.6999999881
34974  43.329  -37.852  -31.089 0.4000000060
31647  43.196  -40.977  -33.190 0.5000000000
32718  43.086  -39.649  -32.413 0.4000000060
34959  43.772  -37.068  -30.706 0.5000000000
37379  43.769  -35.600  -30.369 0.6000000238
31631  43.660  -40.354  -32.731 0.4000000060
39716  43.621  -33.748  -30.832 0.6000000238
31630  44.674  -40.300  -32.850 0.4000000060
33863  44.419  -38.961  -31.991 0.4000000060
32716  45.006  -39.484  -32.523 0.4000000060
34986  45.665  -38.074  -31.808 0.4000000060
39732  43.750  -33.283  -31.648 0.6999999881
40854  42.659  -32.536  -32.417 0.6000000238
39764  43.035  -33.091  -33.834 0.6000000238
38634  43.027  -34.624  -36.554 0.6000000238
39776  42.764  -33.516  -34.798 0.6000000238
38640  43.412  -34.750  -37.293 0.6000000238
138374  38.738  -34.530  -37.936 0.6999999881
39802  40.322  -34.554  -38.351 0.6999999881
39808  41.810  -34.729  -38.717 0.6000000238
39809  41.026  -34.842  -38.518 0.6000000238
33848  43.867  -38.442  -31.528 0.4000000060
34973  44.276  -37.726  -31.109 0.4000000060
38580  43.888  -34.688  -30.441 0.6999999881
33847  44.791  -38.277  -31.620 0.4000000060
39731  44.396  -33.627  -31.282 0.8000000119
33861  46.663  -38.717  -32.812 0.5000000000
40835  43.173  -32.854  -32.059 0.6999999881
39763  43.886  -33.150  -33.527 0.6000000238
39786  43.442  -33.914  -35.522 0.5000000000
39775  43.496  -33.460  -34.446 0.6000000238
39804  37.836  -34.407  -37.505 0.6999999881
40907  44.322  -33.461  -38.882 0.6000000238
38649  43.226  -34.724  -38.294 0.6000000238
40902  39.047  -33.490  -37.765 0.8000000119
40903  38.189  -33.360  -37.389 0.8000000119
132983  43.455  -33.917  -38.703 0.6000000238
39807  42.561  -34.375  -38.653 0.6000000238
36112  45.004  -36.148  -30.571 0.5000000000
37378  44.528  -35.457  -30.462 0.6000000238
36129  45.512  -36.702  -30.908 0.5000000000
36127  47.322  -36.059  -31.519 0.6999999881
34971  46.071  -37.274  -31.444 0.4000000060
39748  43.846  -33.056  -32.501 0.6999999881
39785  44.202  -33.694  -35.987 0.6000000238
39774  44.186  -33.260  -34.697 0.6000000238
39792  45.149  -33.514  -37.818 0.6000000238
40896  37.470  -33.227  -36.835 0.6000000238
39801  44.497  -33.972  -38.248 0.6000000238
40901  39.909  -33.553  -38.036 0.6999999881
137962  38.549  -32.455  -37.300 0.6999999881
42027  43.120  -32.338  -38.641 0.6999999881
40909  42.264  -32.986  -38.526 0.6999999881
40900  40.768  -33.674  -38.261 0.6999999881
37376  46.061  -35.380  -30.808 0.5000000000
38578  45.646  -34.867  -30.737 0.6000000238
38579  44.923  -34.667  -30.669 0.6000000238
37391  47.621  -35.299  -31.497 0.6999999881
36128  46.381  -36.237  -31.138 0.6000000238
38594  45.049  -33.980  -31.060 0.6999999881
36126  48.105  -35.817  -31.850 0.6999999881
36137  47.833  -36.715  -32.049 0.6999999881
145378  44.985  -33.144  -32.313 0.6999999881
39762  44.666  -32.768  -33.692 0.6999999881
40884  44.864  -32.892  -35.453 0.5000000000
40874  44.884  -32.557  -34.524 0.6000000238
42010  36.817  -32.210  -35.278 0.5000000000
40899  45.854  -32.866  -38.456 0.6000000238
39784  45.018  -33.360  -36.625 0.6000000238
42014  37.379  -31.459  -36.107 0.6000000238
42009  37.140  -31.491  -35.548 0.5000000000
40906  45.174  -33.003  -39.170 0.6000000238
39800  45.219  -33.348  -38.712 0.6000000238
42020  39.417  -32.175  -37.505 0.6000000238
42013  37.870  -31.086  -36.483 0.5000000000
43064  37.686  -30.454  -36.136 0.5000000000
42025  45.184  -32.334  -39.268 0.6999999881
42026  44.217  -32.305  -39.002 0.6999999881
43076  42.803  -31.342  -38.383 0.6999999881
42029  41.424  -32.447  -38.140 0.6999999881
129946  40.195  -31.249  -37.508 0.5000000000
43075  43.617  -31.474  -38.457 0.6999999881
42018  41.655  -31.082  -38.080 0.6000000238
38593  45.560  -34.358  -30.933 0.6000000238
148961  46.854  -34.566  -31.253 0.6999999881
38592  46.264  -34.560  -31.014 0.6000000238
38590  48.201  -33.980  -31.835 0.6999999881
39746  45.659  -33.106  -32.131 0.6999999881
40873  45.672  -32.408  -33.852 0.6999999881
39761  45.261  -32.810  -32.905 0.6999999881
40891  45.704  -32.639  -36.136 0.6000000238
42005  36.998  -31.570  -34.975 0.4000000060
44101  37.615  -29.931  -35.924 0.4000000060
125663  45.930  -31.655  -39.214 0.6000000238
40905  45.795  -32.761  -39.034 0.6000000238
138566  39.413  -31.005  -37.227 0.5000000000
43063  38.242  -30.293  -36.578 0.5000000000
130536  40.950  -31.481  -37.766 0.5000000000
43071  39.981  -30.219  -37.364 0.4000000060
139953  44.821  -31.515  -38.766 0.6000000238
135020  42.907  -30.623  -38.030 0.6999999881
145713  42.286  -30.883  -38.226 0.6000000238
44107  42.508  -29.984  -37.541 0.5000000000
39729  47.455  -33.610  -31.805 0.6000000238
39730  46.770  -33.994  -31.427 0.6999999881
39745  46.619  -33.186  -32.026 0.6999999881
40849  49.383  -32.730  -32.806 0.6999999881
40850  48.366  -32.472  -32.768 0.6999999881
40853  46.164  -32.706  -32.831 0.6000000238
42012  47.108  -31.660  -37.629 0.6000000238
40894  46.469  -32.213  -36.867 0.5000000000
40898  46.518  -32.260  -38.073 0.6000000238
145322  46.609  -31.412  -39.212 0.6000000238
40904  46.446  -32.256  -38.971 0.6000000238
43072  39.007  -30.207  -37.084 0.4000000060
44111  38.642  -29.351  -36.778 0.5000000000
44100  37.926  -29.583  -36.223 0.4000000060
126694  45.780  -31.053  -38.815 0.6000000238
45356  39.189  -28.384  -37.150 0.4000000060
43068  44.046  -30.788  -37.766 0.6000000238
44106  43.410  -30.230  -37.028 0.5000000000
39744  47.473  -32.882  -32.375 0.6999999881
40852  46.918  -32.614  -32.688 0.6000000238
134350  49.136  -32.067  -33.207 0.6999999881
40851  47.505  -32.355  -32.913 0.6000000238
40872  46.899  -32.222  -33.524 0.6000000238
40869  49.871  -32.106  -33.376 0.6999999881
40882  46.597  -32.083  -34.645 0.5000000000
42011  47.550  -30.955  -38.299 0.6000000238
42017  47.092  -31.620  -38.700 0.6000000238
133702  47.146  -30.698  -39.262 0.5000000000
43066  46.270  -30.088  -38.700 0.6000000238
43067  45.086  -30.621  -37.940 0.6000000238
41994  48.432  -31.342  -34.306 0.6999999881
42003  47.783  -31.188  -34.995 0.6999999881
42004  47.143  -31.582  -35.350 0.6000000238
42007  47.436  -31.082  -37.068 0.5000000000
44102  48.135  -28.798  -39.264 0.6000000238
43061  47.693  -30.323  -37.772 0.6000000238
44103  47.577  -28.478  -39.411 0.6000000238
44104  46.468  -28.828  -38.575 0.6000000238
43062  44.380  -30.163  -36.925 0.5000000000
33885  47.855  -38.866  -35.162 0.5000000000
34995  47.938  -38.046  -33.293 0.5000000000
35003  49.078  -37.864  -35.139 0.5000000000
33874  48.287  -38.329  -34.451 0.5000000000
34983  48.332  -37.283  -32.808 0.6999999881
37407  51.106  -35.482  -33.870 0.6999999881
36145  49.191  -36.986  -33.316 0.5000000000
34993  49.592  -37.312  -34.478 0.5000000000
37399  48.897  -35.501  -32.214 0.6999999881
36135  49.557  -36.163  -32.862 0.6999999881
38603  48.981  -34.451  -32.198 0.6999999881
27355  42.340  -44.420  -35.831 0.3000000119
39790  39.699  -34.161  -36.047 0.6999999881
128477  40.458  -32.321  -33.877 0.6000000238
38654  38.681  -35.439  -37.882 0.6999999881
34985  46.611  -37.959  -32.126 0.6000000238
39793  44.247  -34.123  -37.210 0.6000000238
134087  41.591  -33.858  -38.527 0.6999999881
42022  37.816  -32.154  -36.763 0.6000000238
42019  40.441  -32.405  -37.808 0.6999999881
42021  38.555  -31.302  -36.984 0.6000000238
42028  42.247  -31.778  -38.341 0.6999999881
43058  37.323  -30.787  -35.253 0.5000000000
43069  41.880  -30.057  -37.956 0.5000000000
40890  46.452  -32.100  -35.718 0.5000000000
40871  47.921  -31.932  -33.555 0.6999999881
42008  47.004  -31.612  -36.423 0.5000000000
148480  46.987  -29.261  -39.184 0.6000000238
44105  45.349  -29.700  -37.490 0.6000000238
40881  47.504  -31.692  -34.436 0.6000000238
43073  47.643  -29.743  -39.201 0.6000000238
130898  47.403  -31.103  -35.890 0.5000000000
38615  52.091  -34.727  -35.050 0.6000000238
38614  54.340  -33.946  -34.152 0.6000000238
39741  53.872  -33.156  -33.100 0.4000000060
39783  53.511  -33.135  -35.477 0.5000000000
38616  51.484  -34.654  -33.935 0.6000000238
38583  40.400  -34.914  -30.058 0.5000000000
38600  53.983  -34.234  -32.880 0.4000000060
128449  41.471  -34.047  -30.331 0.5000000000
143571  40.074  -33.352  -29.888 0.5000000000
38631  53.521  -33.896  -35.798 0.5000000000
38588  52.517  -34.467  -31.764 0.4000000060
146318  41.100  -33.649  -30.301 0.5000000000
40839  39.160  -32.465  -31.022 0.5000000000
39770  54.196  -32.856  -35.179 0.6000000238
40827  40.440  -32.558  -30.547 0.5000000000
39772  52.792  -33.278  -35.301 0.5000000000
37398  50.641  -34.887  -33.170 0.6000000238
38575  51.701  -35.400  -30.484 0.4000000060
37375  52.162  -36.131  -30.264 0.4000000060
40846  54.355  -32.739  -33.860 0.4000000060
38595  37.275  -33.894  -30.967 0.5000000000
39771  54.011  -32.254  -35.157 0.5000000000
128523  38.717  -32.781  -31.785 0.5000000000
128071  37.389  -34.284  -31.959 0.5000000000
143402  52.202  -33.776  -34.561 0.6000000238
148119  51.417  -33.801  -33.668 0.6000000238
132221  49.797  -35.154  -32.622 0.6000000238
40877  39.462  -32.603  -33.857 0.5000000000
38604  38.005  -34.352  -33.701 0.5000000000
38606  37.052  -35.079  -32.394 0.4000000060
40880  52.856  -31.698  -34.619 0.5000000000
133197  53.532  -31.727  -34.752 0.5000000000
40867  51.885  -31.944  -34.210 0.6000000238
40868  50.835  -32.303  -33.645 0.6000000238
39759  50.760  -33.332  -33.348 0.6000000238
38602  49.945  -33.839  -32.726 0.6000000238
39726  53.041  -33.293  -32.339 0.4000000060
38589  51.569  -34.670  -30.965 0.4000000060
37400  37.397  -35.420  -33.469 0.5000000000
139757  36.612  -36.755  -33.486 0.4000000060
125528  38.549  -33.941  -34.689 0.6000000238
37401  36.797  -35.910  -32.898 0.4000000060
41990  53.498  -31.218  -34.144 0.6000000238
43053  52.223  -30.703  -34.175 0.6000000238
43054  51.275  -30.590  -34.026 0.6000000238
42000  50.825  -30.867  -34.130 0.6000000238
37367  51.758  -35.538  -29.760 0.4000000060
38617  37.810  -35.488  -34.628 0.5000000000
36146  36.989  -36.930  -34.369 0.4000000060
34996  35.847  -38.320  -33.827 0.4000000060
41970  52.739  -31.373  -32.719 0.6000000238
40834  52.593  -32.342  -32.310 0.4000000060
43040  52.030  -30.434  -33.005 0.6000000238
41980  53.643  -31.377  -33.786 0.6000000238
43052  53.028  -30.954  -34.190 0.5000000000
44074  50.744  -30.092  -33.759 0.6000000238
142579  51.667  -30.265  -33.243 0.5000000000
42001  49.899  -30.864  -34.147 0.6000000238
37366  52.581  -36.264  -29.639 0.4000000060
132101  51.983  -33.634  -31.659 0.4000000060
37423  38.214  -35.892  -35.672 0.6000000238
36159  37.403  -37.054  -35.257 0.5000000000
35005  36.465  -38.173  -35.399 0.5000000000
33877  35.996  -38.723  -34.793 0.5000000000
41971  51.769  -31.602  -32.077 0.4000000060
39727  51.393  -32.909  -31.515 0.4000000060
41972  50.742  -31.262  -31.641 0.5000000000
43041  50.415  -29.915  -32.477 0.5000000000
44062  49.651  -29.726  -32.570 0.5000000000
44082  49.909  -30.084  -33.856 0.6000000238
43056  49.448  -30.529  -34.165 0.6000000238
41993  49.371  -31.391  -33.839 0.6000000238
39703  49.944  -33.714  -29.280 0.4000000060
38576  51.000  -34.843  -29.964 0.4000000060
38564  50.568  -34.304  -29.263 0.4000000060
38563  51.321  -34.823  -29.266 0.4000000060
37435  38.426  -36.237  -37.311 0.6000000238
39704  49.340  -33.031  -29.306 0.4000000060
38577  50.302  -34.097  -29.955 0.4000000060
35017  37.252  -37.412  -36.328 0.6000000238
35025  36.521  -37.858  -36.168 0.5000000000
148623  35.649  -38.465  -35.634 0.4000000060
39728  50.594  -32.443  -31.267 0.4000000060
43030  50.687  -30.409  -31.998 0.5000000000
44075  49.401  -29.747  -33.383 0.5000000000
44076  48.467  -29.724  -33.537 0.6000000238
42002  49.051  -30.912  -34.414 0.6000000238
43057  48.485  -30.596  -34.592 0.6000000238
40809  49.757  -32.626  -28.566 0.4000000060
38655  37.837  -35.481  -37.588 0.6000000238
36182  37.601  -36.545  -37.137 0.6000000238
36180  36.449  -37.265  -36.367 0.5000000000
35006  34.467  -37.932  -35.230 0.5000000000
40824  49.162  -32.531  -30.006 0.4000000060
41961  49.130  -31.775  -30.548 0.4000000060
41973  49.841  -30.944  -31.318 0.5000000000
44052  49.063  -29.815  -31.904 0.5000000000
44083  49.040  -30.099  -34.080 0.5000000000
40808  50.390  -33.051  -28.534 0.4000000060
38656  37.224  -35.585  -37.243 0.6000000238
37431  36.236  -35.464  -36.206 0.5000000000
38629  35.654  -35.247  -35.009 0.5000000000
43031  49.256  -30.348  -31.420 0.5000000000
44063  48.821  -29.634  -32.608 0.4000000060
44077  47.222  -29.562  -33.653 0.4000000060
128112  47.937  -30.076  -34.552 0.4000000060
146577  47.676  -30.471  -35.248 0.6000000238
43059  47.502  -30.564  -36.302 0.4000000060
41942  50.415  -32.048  -28.250 0.4000000060
40810  49.119  -32.567  -28.833 0.4000000060
38646  37.182  -34.755  -37.159 0.6000000238
40811  48.533  -32.033  -28.866 0.4000000060
39798  37.190  -33.938  -36.821 0.5000000000
38638  36.422  -34.834  -36.310 0.5000000000
38639  36.089  -34.789  -35.570 0.5000000000
37411  35.358  -35.247  -34.175 0.4000000060
39780  36.269  -34.026  -35.221 0.4000000060
43033  47.535  -29.823  -30.965 0.5000000000
44054  47.120  -29.411  -31.665 0.5000000000
45317  46.270  -29.049  -32.127 0.6000000238
133231  46.988  -29.727  -34.731 0.4000000060
44088  47.587  -29.771  -37.114 0.4000000060
45326  46.233  -29.188  -33.159 0.5000000000
40893  36.703  -32.890  -35.550 0.5000000000
39791  36.426  -34.096  -35.763 0.6000000238
40889  36.548  -32.843  -35.002 0.4000000060
44089  47.212  -29.138  -36.419 0.5000000000
45318  45.564  -28.640  -32.640 0.5000000000
44078  46.330  -29.294  -34.224 0.5000000000
44085  46.659  -29.282  -35.210 0.5000000000
41943  48.646  -31.635  -28.456 0.4000000060
44094  48.000  -29.308  -38.452 0.4000000060
44095  47.813  -28.757  -37.814 0.5000000000
45331  45.805  -28.203  -34.794 0.5000000000
45327  45.637  -28.648  -33.793 0.5000000000
42006  36.708  -32.228  -34.686 0.4000000060
45350  47.892  -27.644  -39.489 0.4000000060
46471  47.725  -27.132  -39.170 0.4000000060
45349  48.219  -27.946  -39.357 0.5000000000
45342  48.327  -28.260  -38.891 0.5000000000
144532  47.106  -27.551  -36.884 0.5000000000
45343  47.442  -28.115  -37.234 0.5000000000
45335  46.579  -28.467  -35.768 0.5000000000
45336  46.473  -27.502  -35.877 0.5000000000
39765  38.674  -33.266  -33.818 0.5000000000
38628  38.306  -34.864  -35.113 0.6000000238
132880  39.503  -32.316  -31.876 0.6000000238
38637  38.698  -35.500  -36.214 0.6000000238
124998  41.232  -34.800  -30.306 0.5000000000
135308  37.264  -32.433  -36.296 0.5000000000
145188  47.756  -30.802  -35.204 0.6000000238
39735  37.947  -33.458  -31.612 0.5000000000
40857  39.067  -32.691  -32.800 0.5000000000
39749  38.340  -33.399  -32.699 0.5000000000
37410  37.048  -36.230  -33.699 0.4000000060
34987  36.093  -37.349  -33.201 0.4000000060
41982  52.393  -30.837  -32.800 0.6000000238
37409  37.411  -36.241  -34.443 0.6000000238
36160  36.949  -37.588  -35.081 0.4000000060
135496  50.516  -33.419  -30.754 0.4000000060
36177  38.077  -36.672  -36.961 0.6000000238
36172  37.749  -36.941  -36.236 0.6000000238
35018  36.786  -37.900  -36.047 0.5000000000
33900  35.444  -39.076  -35.358 0.5000000000
33879  34.818  -39.564  -34.175 0.5000000000
36173  35.307  -37.879  -35.658 0.5000000000
37436  36.702  -35.739  -36.802 0.5000000000
36161  35.664  -36.942  -35.950 0.5000000000
37432  35.840  -35.808  -35.706 0.5000000000
44064  47.845  -29.501  -32.617 0.5000000000
140090  34.964  -37.118  -35.392 0.5000000000
43022  47.688  -30.499  -30.423 0.5000000000
39799  36.751  -34.169  -36.404 0.6000000238
44084  47.380  -29.894  -35.707 0.3000000119
46466  47.783  -26.976  -38.431 0.4000000060
10573  34.447  -60.702  -35.800 0.3000000119
11487  34.545  -60.044  -36.494 0.3000000119
11478  34.837  -59.924  -35.720 0.3000000119
14446  34.687  -57.442  -36.785 0.3000000119
12433  34.420  -59.367  -36.886 0.3000000119
14444  36.015  -56.270  -37.264 0.3000000119
14445  35.723  -56.517  -36.980 0.3000000119
15439  34.650  -55.644  -33.568 0.3000000119
14420  34.835  -56.260  -35.550 0.3000000119
15470  36.682  -55.526  -36.254 0.3000000119
127217  37.014  -55.804  -36.919 0.3000000119
16487  35.240  -55.159  -34.283 0.3000000119
17527  37.075  -53.341  -33.963 0.3000000119
16486  36.341  -54.857  -35.172 0.3000000119
16485  37.429  -54.552  -35.553 0.4000000060
16499  38.075  -55.002  -36.478 0.4000000060
16497  39.449  -54.400  -36.639 0.4000000060
16511  39.407  -54.427  -36.849 0.3000000119
19709  39.157  -52.210  -34.429 0.3000000119
18626  38.938  -53.012  -34.840 0.4000000060
17546  39.611  -53.659  -35.645 0.4000000060
17561  39.278  -54.294  -36.151 0.4000000060
18608  38.240  -52.359  -34.065 0.3000000119
17576  39.926  -53.946  -36.548 0.4000000060
20838  39.567  -50.540  -33.761 0.4000000060
19697  39.352  -51.364  -34.109 0.4000000060
17583  39.920  -53.826  -36.895 0.4000000060
18657  41.080  -52.757  -36.426 0.3000000119
19708  40.119  -52.114  -34.746 0.4000000060
18625  39.877  -52.908  -35.186 0.3000000119
18624  40.793  -52.775  -35.489 0.4000000060
20837  40.458  -50.320  -34.081 0.4000000060
18622  42.129  -52.009  -35.733 0.5000000000
18640  41.077  -53.129  -35.999 0.4000000060
30633  44.956  -42.270  -35.631 0.5000000000
21962  40.582  -49.451  -33.731 0.4000000060
18651  41.391  -52.731  -36.151 0.4000000060
27362  42.908  -44.764  -36.483 0.3000000119
28447  43.899  -43.833  -36.520 0.4000000060
21992  42.228  -49.529  -36.911 0.3000000119
36117  40.615  -36.468  -30.638 0.4000000060
37382  40.115  -35.804  -30.180 0.4000000060
33876  46.662  -39.237  -33.367 0.4000000060
33875  47.364  -38.830  -33.806 0.4000000060
32730  46.339  -39.770  -33.648 0.4000000060
20844  41.265  -51.063  -34.686 0.4000000060
19707  41.043  -51.941  -35.071 0.3000000119
18623  41.544  -52.478  -35.679 0.5000000000
32740  46.643  -39.902  -34.659 0.4000000060
31658  45.671  -41.160  -34.853 0.4000000060
21971  41.424  -50.094  -34.349 0.4000000060
28439  44.185  -43.318  -36.133 0.4000000060
19732  42.671  -51.421  -36.035 0.4000000060
28438  44.742  -42.875  -36.462 0.5000000000
20866  42.414  -51.360  -36.261 0.5000000000
28451  44.279  -44.115  -36.999 0.4000000060
26259  42.613  -45.325  -36.816 0.4000000060
21991  43.008  -49.382  -36.756 0.3000000119
26267  43.190  -45.723  -37.289 0.4000000060
38566  39.911  -34.140  -29.708 0.4000000060
34984  47.501  -37.571  -32.401 0.4000000060
21970  42.491  -49.844  -34.650 0.4000000060
20843  42.189  -50.823  -35.012 0.4000000060
31657  46.354  -40.488  -35.352 0.4000000060
31666  46.090  -41.010  -35.942 0.5000000000
21969  43.036  -49.938  -34.833 0.4000000060
19705  42.591  -51.286  -35.550 0.4000000060
31671  46.190  -41.280  -36.695 0.5000000000
23011  43.213  -49.164  -34.620 0.4000000060
23010  44.050  -49.221  -34.948 0.4000000060
20841  43.296  -50.249  -35.496 0.4000000060
21977  43.577  -49.822  -35.558 0.5000000000
135564  43.810  -49.452  -36.191 0.5000000000
32751  47.020  -39.849  -35.909 0.4000000060
24059  44.539  -48.442  -34.629 0.4000000060
132770  43.646  -49.242  -36.403 0.5000000000
29581  45.255  -42.557  -36.812 0.4000000060
23031  43.230  -48.530  -37.034 0.4000000060
25161  43.698  -46.515  -37.386 0.4000000060
26266  43.958  -45.575  -37.343 0.4000000060
27368  43.987  -44.863  -37.187 0.4000000060
32750  47.562  -39.284  -35.827 0.4000000060
35016  49.405  -38.017  -36.398 0.3000000119
21967  44.083  -49.215  -35.288 0.4000000060
23016  45.087  -48.383  -35.350 0.4000000060
32757  47.320  -40.053  -36.885 0.4000000060
33867  35.207  -38.754  -33.481 0.4000000060
25130  45.944  -46.807  -33.952 0.4000000060
24058  45.217  -48.141  -34.732 0.4000000060
23025  44.625  -48.620  -35.806 0.5000000000
24070  44.657  -47.873  -36.410 0.5000000000
31669  47.634  -40.133  -37.171 0.5000000000
30636  46.585  -41.319  -36.957 0.4000000060
25139  45.973  -47.063  -34.445 0.4000000060
24075  44.267  -47.321  -37.075 0.4000000060
29583  45.635  -42.553  -37.024 0.4000000060
27367  44.732  -44.725  -37.223 0.4000000060
28449  45.445  -43.367  -37.070 0.4000000060
36158  50.366  -36.885  -35.226 0.4000000060
33899  48.135  -38.906  -36.301 0.3000000119
24056  45.937  -47.257  -35.106 0.4000000060
25145  45.711  -47.150  -35.523 0.4000000060
33904  48.420  -38.980  -36.983 0.3000000119
26251  46.438  -46.297  -34.898 0.4000000060
25151  46.005  -46.345  -35.617 0.4000000060
148237  45.351  -47.125  -36.089 0.4000000060
25152  45.469  -46.445  -36.384 0.5000000000
26246  46.832  -46.130  -34.161 0.4000000060
27353  47.161  -44.558  -34.478 0.4000000060
27360  45.989  -44.724  -36.639 0.4000000060
27365  45.843  -43.851  -37.027 0.4000000060
30641  46.803  -41.355  -36.982 0.4000000060
36143  50.943  -36.187  -34.682 0.4000000060
26257  46.335  -45.564  -35.618 0.4000000060
18656  35.274  -53.437  -36.399 0.3000000119
17529  35.316  -54.186  -32.829 0.3000000119
18609  37.375  -52.613  -33.590 0.3000000119
20839  38.734  -50.790  -33.395 0.4000000060
125752  41.867  -48.292  -33.886 0.4000000060
23012  42.379  -48.900  -34.242 0.4000000060
23002  42.792  -48.167  -34.120 0.4000000060
25131  45.118  -46.754  -33.789 0.4000000060
35015  50.166  -37.660  -36.847 0.3000000119
26238  46.853  -45.882  -33.583 0.4000000060
35001  50.621  -37.031  -36.505 0.4000000060
35023  50.263  -37.894  -37.077 0.4000000060
143216  48.597  -39.297  -37.305 0.4000000060
28432  47.608  -43.998  -33.802 0.4000000060
28436  47.160  -43.528  -34.786 0.4000000060
28437  46.697  -44.030  -35.578 0.4000000060
28445  46.433  -43.236  -36.444 0.4000000060
30634  48.036  -40.446  -37.114 0.3000000119
30639  47.865  -40.193  -37.240 0.4000000060
29568  47.649  -43.021  -34.149 0.4000000060
29575  44.484  -42.841  -35.835 0.4000000060
36157  51.442  -35.939  -36.120 0.4000000060
11496  34.250  -60.067  -37.123 0.3000000119
13436  34.305  -58.014  -35.825 0.3000000119
149683  35.022  -57.085  -37.316 0.3000000119
17579  34.832  -53.862  -36.843 0.3000000119
17578  35.613  -53.689  -37.078 0.3000000119
14436  35.007  -56.669  -36.431 0.3000000119
16474  35.710  -54.428  -33.887 0.3000000119
15455  35.550  -55.561  -35.418 0.4000000060
16513  38.328  -55.164  -36.901 0.4000000060
17548  37.703  -53.833  -34.949 0.3000000119
18627  37.991  -53.114  -34.456 0.3000000119
17562  38.398  -54.443  -35.882 0.4000000060
17560  39.954  -53.946  -36.314 0.4000000060
19699  37.622  -51.827  -33.305 0.3000000119
21963  39.761  -49.735  -33.435 0.4000000060
19720  42.656  -51.408  -35.753 0.4000000060
21986  43.374  -49.993  -36.200 0.5000000000
24076  43.474  -47.556  -37.304 0.3000000119
20865  43.407  -50.180  -36.015 0.5000000000
24051  43.784  -47.757  -34.150 0.4000000060
26264  45.240  -45.581  -37.074 0.4000000060
29580  46.583  -42.247  -36.799 0.4000000060
36169  53.119  -35.688  -36.398 0.4000000060
37427  53.017  -35.281  -36.668 0.4000000060
36154  54.022  -35.571  -34.304 0.4000000060
38599  54.195  -34.648  -33.453 0.3000000119
136091  54.089  -34.289  -35.355 0.5000000000
38633  52.651  -34.945  -36.533 0.4000000060
38627  52.636  -34.381  -35.822 0.4000000060
32695  49.737  -39.598  -30.273 0.3000000119
31604  50.444  -40.339  -30.814 0.3000000119
32676  54.793  -39.437  -29.320 0.3000000119
140800  54.451  -37.998  -30.941 0.3000000119
36110  53.453  -37.171  -30.338 0.3000000119
37388  53.480  -35.818  -31.819 0.3000000119
31583  51.577  -40.727  -29.422 0.3000000119
31581  53.051  -41.152  -28.857 0.3000000119
31567  53.668  -40.587  -28.760 0.3000000119
32696  48.688  -39.348  -30.534 0.3000000119
32679  49.712  -39.687  -29.194 0.3000000119
34957  54.537  -38.310  -30.154 0.3000000119
133188  52.740  -36.713  -30.044 0.3000000119
31569  51.630  -41.013  -28.368 0.3000000119
32637  54.258  -39.499  -28.175 0.3000000119
33832  54.830  -38.877  -29.651 0.3000000119
141000  51.146  -39.625  -27.659 0.3000000119
32639  51.861  -40.346  -27.873 0.3000000119
33786  53.894  -38.805  -27.744 0.3000000119
33787  52.362  -39.183  -27.759 0.3000000119
137367  52.772  -38.266  -27.596 0.3000000119
32662  49.260  -40.022  -27.976 0.3000000119
34947  54.834  -37.944  -28.925 0.3000000119
124169  54.746  -37.343  -28.711 0.3000000119
37356  52.285  -35.539  -29.111 0.3000000119
33788  50.504  -39.028  -27.548 0.3000000119
33804  55.219  -38.767  -28.446 0.3000000119
124170  54.633  -36.044  -28.449 0.3000000119
136675  51.531  -38.323  -27.625 0.3000000119
124167  55.004  -37.916  -27.543 0.3000000119
124296  55.635  -37.981  -27.953 0.3000000119
124164  55.625  -37.319  -27.556 0.3000000119
39694  51.232  -33.610  -28.564 0.3000000119
38554  53.258  -35.393  -28.658 0.3000000119
39693  52.292  -33.723  -28.521 0.3000000119
141083  51.200  -32.538  -28.333 0.3000000119
130711  49.403  -31.933  -28.363 0.3000000119
41927  50.854  -31.191  -27.889 0.3000000119
149588  49.839  -30.801  -27.737 0.3000000119
140285  49.131  -29.743  -27.560 0.3000000119
135427  54.141  -35.412  -33.509 0.3000000119
37420  53.971  -35.028  -35.358 0.4000000060
36125  53.811  -36.695  -31.462 0.3000000119
36098  53.613  -37.130  -29.485 0.3000000119
36155  53.530  -35.871  -35.383 0.5000000000
32678  50.628  -40.145  -29.678 0.3000000119
32658  54.944  -39.410  -28.776 0.3000000119
33833  54.454  -39.188  -30.090 0.3000000119
34969  54.246  -37.462  -31.653 0.3000000119
37387  54.005  -35.986  -32.348 0.3000000119
32659  52.543  -40.789  -28.177 0.3000000119
133336  50.278  -40.374  -28.331 0.3000000119
32638  53.073  -39.857  -28.075 0.3000000119
127553  53.965  -37.257  -27.252 0.3000000119
124364  55.142  -37.158  -27.249 0.3000000119
124165  55.661  -37.693  -28.136 0.3000000119
127491  51.234  -37.191  -27.541 0.3000000119
124166  55.649  -36.816  -28.173 0.3000000119
32759  49.326  -39.066  -37.337 0.3000000119
31668  48.680  -40.116  -36.974 0.4000000060
31655  50.047  -39.716  -35.035 0.4000000060
31656  49.396  -40.124  -35.386 0.4000000060
33902  50.178  -38.213  -37.130 0.3000000119
32738  50.802  -39.110  -35.387 0.4000000060
32728  50.602  -39.744  -34.322 0.3000000119
32753  50.055  -38.724  -37.040 0.4000000060
33883  51.411  -38.450  -35.524 0.4000000060
32727  51.291  -39.254  -34.226 0.3000000119
35022  51.466  -37.166  -36.930 0.3000000119
33894  51.485  -37.736  -36.517 0.4000000060
33873  51.946  -38.347  -34.493 0.4000000060
35021  52.088  -36.377  -36.921 0.3000000119
35013  52.079  -37.087  -36.528 0.4000000060
34999  53.106  -36.780  -34.934 0.4000000060
36176  51.423  -36.812  -36.923 0.3000000119
36175  51.900  -36.091  -36.966 0.3000000119
36170  51.782  -35.845  -36.804 0.3000000119
35014  50.809  -37.239  -36.993 0.3000000119
33882  52.020  -37.751  -35.637 0.4000000060
32749  49.848  -39.413  -36.459 0.4000000060
19689  37.897  -51.056  -32.998 0.3000000119
30631  47.663  -41.677  -35.674 0.3000000119
19672  35.889  -51.351  -30.126 0.3000000119
19681  35.824  -51.471  -31.045 0.3000000119
20830  37.327  -50.605  -32.269 0.3000000119
21964  38.993  -50.033  -33.047 0.3000000119
31664  48.790  -40.507  -35.778 0.3000000119
30620  47.751  -42.193  -34.634 0.3000000119
21949  36.492  -49.955  -30.584 0.3000000119
21957  37.608  -49.856  -32.014 0.3000000119
21948  37.119  -49.481  -31.242 0.3000000119
21955  39.218  -49.263  -32.769 0.3000000119
24053  41.041  -48.001  -33.401 0.3000000119
135201  48.286  -41.466  -34.788 0.3000000119
21928  36.732  -49.032  -29.565 0.3000000119
22992  37.467  -48.761  -31.002 0.3000000119
21940  36.811  -49.209  -30.397 0.3000000119
22997  38.678  -48.788  -32.183 0.3000000119
21947  37.898  -49.113  -31.763 0.3000000119
22995  40.147  -48.175  -32.983 0.3000000119
22985  37.882  -48.092  -30.712 0.3000000119
22991  38.245  -48.406  -31.487 0.3000000119
22996  39.441  -48.481  -32.555 0.3000000119
22990  38.980  -48.057  -31.926 0.3000000119
25133  42.780  -47.075  -33.590 0.3000000119
25132  43.914  -46.749  -33.660 0.3000000119
26239  46.466  -46.117  -33.543 0.3000000119
24029  37.591  -47.837  -29.884 0.3000000119
25134  41.894  -46.833  -33.201 0.3000000119
24045  40.450  -47.443  -32.711 0.3000000119
147255  43.060  -46.450  -33.320 0.3000000119
30619  48.993  -41.038  -34.340 0.3000000119
24027  38.989  -47.066  -30.888 0.3000000119
25105  38.694  -46.770  -30.135 0.3000000119
24038  39.316  -47.373  -31.634 0.3000000119
24037  40.025  -47.049  -32.011 0.3000000119
25122  43.315  -45.852  -33.004 0.3000000119
26227  46.228  -45.594  -32.992 0.3000000119
27344  47.971  -44.154  -33.094 0.3000000119
30608  48.818  -42.007  -33.524 0.3000000119
31643  49.591  -40.732  -33.987 0.3000000119
30635  47.559  -41.181  -36.703 0.3000000119
25113  41.068  -46.068  -31.959 0.3000000119
146820  42.521  -45.581  -32.474 0.3000000119
26228  45.150  -45.405  -32.877 0.3000000119
27345  47.559  -44.791  -32.986 0.3000000119
20829  38.183  -50.314  -32.684 0.3000000119
20820  36.151  -50.712  -30.777 0.3000000119
20831  36.505  -50.986  -31.695 0.3000000119
11488  34.336  -60.350  -36.729 0.3000000119
11495  34.393  -59.936  -36.906 0.3000000119
12421  34.586  -59.524  -36.158 0.3000000119
12422  34.487  -58.826  -35.811 0.3000000119
12434  34.394  -58.594  -36.562 0.3000000119
15469  37.608  -55.454  -36.779 0.3000000119
15471  35.996  -56.097  -36.572 0.3000000119
15479  36.527  -55.970  -37.236 0.3000000119
16498  38.839  -54.767  -36.628 0.4000000060
16500  37.283  -55.128  -36.134 0.4000000060
16522  38.801  -54.805  -37.083 0.3000000119
17547  38.684  -53.752  -35.331 0.4000000060
17549  36.714  -54.066  -34.480 0.3000000119
17558  40.949  -53.148  -36.176 0.4000000060
17559  40.459  -53.508  -36.281 0.4000000060
17574  40.508  -53.225  -36.665 0.4000000060
17575  40.425  -53.482  -36.463 0.4000000060
18638  42.068  -52.116  -35.904 0.4000000060
18639  41.551  -52.659  -35.960 0.5000000000
18641  40.444  -53.462  -35.891 0.4000000060
18655  35.879  -53.116  -36.420 0.3000000119
19698  38.487  -51.580  -33.708 0.4000000060
19706  41.844  -51.727  -35.302 0.5000000000
19719  43.082  -50.881  -35.818 0.4000000060
19731  43.029  -50.763  -36.147 0.5000000000
19733  41.867  -52.104  -36.234 0.3000000119
20819  36.799  -50.225  -31.463 0.3000000119
20842  42.739  -50.603  -35.212 0.4000000060
20845  40.285  -51.200  -34.420 0.4000000060
20853  43.247  -50.433  -35.651 0.4000000060
20854  43.009  -50.812  -35.616 0.4000000060
21956  38.428  -49.551  -32.418 0.3000000119
21961  41.473  -49.033  -33.936 0.4000000060
21968  43.665  -49.687  -35.380 0.4000000060
21976  44.092  -49.224  -35.528 0.4000000060
21985  44.091  -49.100  -36.038 0.5000000000
21987  42.843  -50.092  -36.517 0.5000000000
22986  37.196  -48.519  -30.159 0.3000000119
23001  43.750  -48.603  -34.497 0.4000000060
23003  40.591  -48.688  -33.456 0.3000000119
23004  39.910  -48.928  -33.196 0.4000000060
23008  45.217  -48.380  -35.032 0.4000000060
23009  44.711  -48.775  -35.031 0.4000000060
23017  44.633  -48.803  -35.258 0.4000000060
23026  44.065  -48.386  -36.617 0.5000000000
23032  42.451  -48.684  -37.214 0.3000000119
24028  38.284  -47.421  -30.424 0.3000000119
24039  38.595  -47.707  -31.214 0.3000000119
24044  41.206  -47.121  -33.026 0.3000000119
24046  39.694  -47.729  -32.341 0.3000000119
24049  45.560  -47.397  -34.431 0.4000000060
24050  44.880  -47.524  -34.230 0.4000000060
24052  41.882  -47.539  -33.573 0.3000000119
24057  45.615  -47.732  -34.812 0.4000000060
24063  45.554  -47.895  -35.185 0.4000000060
24069  45.192  -47.796  -35.828 0.5000000000
25114  40.362  -46.393  -31.638 0.3000000119
25115  39.669  -46.723  -31.290 0.3000000119
25123  42.370  -46.250  -32.945 0.3000000119
25124  41.489  -46.439  -32.635 0.3000000119
25125  40.742  -46.727  -32.352 0.3000000119
25129  46.480  -46.514  -33.995 0.4000000060
25138  46.303  -46.714  -34.512 0.4000000060
25144  46.161  -46.826  -35.045 0.4000000060
25153  44.963  -47.041  -36.671 0.5000000000
25159  45.003  -46.197  -37.095 0.4000000060
25160  44.438  -46.356  -37.275 0.4000000060
25162  42.852  -46.694  -37.411 0.4000000060
26216  41.398  -45.426  -31.566 0.3000000119
26225  47.161  -45.360  -33.190 0.3000000119
26226  46.902  -45.543  -33.139 0.3000000119
26237  47.157  -45.481  -33.553 0.4000000060
26240  45.679  -46.162  -33.403 0.3000000119
26241  44.524  -45.975  -33.310 0.3000000119
26258  45.779  -45.617  -36.434 0.5000000000
26265  44.603  -45.551  -37.287 0.4000000060
27349  47.107  -45.444  -34.230 0.4000000060
27354  46.769  -45.096  -35.077 0.4000000060
27356  41.423  -44.404  -35.668 0.3000000119
27361  43.628  -44.457  -36.794 0.4000000060
27363  42.038  -44.931  -36.182 0.3000000119
27366  45.366  -44.210  -37.131 0.4000000060
27369  43.362  -45.055  -37.014 0.4000000060
28440  43.177  -44.241  -36.154 0.4000000060
28444  46.818  -42.929  -35.857 0.4000000060
28446  44.642  -43.322  -36.765 0.4000000060
28448  46.043  -43.013  -37.032 0.4000000060
28450  44.887  -43.762  -37.059 0.4000000060
29560  48.198  -43.436  -33.276 0.4000000060
29567  48.237  -42.489  -33.767 0.3000000119
29569  44.096  -42.720  -34.971 0.5000000000
29574  47.320  -42.546  -35.202 0.3000000119
29576  43.574  -43.215  -35.209 0.5000000000
29579  47.168  -42.022  -36.318 0.4000000060
29582  47.061  -41.483  -36.892 0.4000000060
29584  45.145  -43.055  -36.969 0.4000000060
30621  45.159  -41.826  -34.997 0.4000000060
30623  43.326  -42.371  -34.256 0.6000000238
30630  48.172  -40.871  -36.311 0.3000000119
30632  45.575  -41.560  -35.880 0.5000000000
30637  45.856  -41.881  -37.047 0.4000000060
30638  45.477  -41.967  -36.554 0.5000000000
30640  47.381  -40.810  -37.030 0.3000000119
30642  46.192  -41.964  -37.100 0.4000000060
31568  52.370  -41.098  -28.402 0.3000000119
31582  52.365  -41.152  -29.056 0.3000000119
31633  42.015  -40.100  -32.984 0.5000000000
31634  41.499  -39.692  -32.843 0.5000000000
31644  46.050  -40.444  -34.165 0.6000000238
31646  44.267  -41.047  -33.263 0.5000000000
31648  42.272  -40.718  -33.296 0.5000000000
31663  49.259  -39.760  -36.689 0.4000000060
31665  46.634  -40.548  -36.434 0.5000000000
31667  49.054  -39.462  -37.292 0.3000000119
31670  46.944  -40.675  -37.004 0.5000000000
31672  48.942  -39.272  -37.363 0.4000000060
31673  48.522  -39.917  -37.273 0.3000000119
31674  47.213  -40.701  -37.038 0.4000000060
32636  54.902  -39.256  -28.369 0.3000000119
32640  50.864  -40.563  -27.770 0.3000000119
32660  51.614  -40.994  -27.973 0.3000000119
32661  50.876  -40.831  -27.950 0.3000000119
32677  54.363  -40.052  -29.023 0.3000000119
32693  54.109  -39.941  -29.679 0.3000000119
32715  45.977  -39.271  -32.801 0.5000000000
32717  44.050  -39.640  -32.356 0.4000000060
32729  46.857  -39.443  -34.040 0.4000000060
32739  47.247  -39.407  -34.879 0.5000000000
32741  35.015  -39.609  -35.091 0.5000000000
32748  50.455  -38.956  -36.407 0.4000000060
32754  49.537  -39.141  -37.173 0.4000000060
32755  49.115  -38.811  -37.315 0.4000000060
32756  47.979  -39.596  -37.240 0.5000000000
32758  49.657  -38.710  -37.194 0.3000000119
32760  48.295  -39.699  -37.297 0.4000000060
33785  55.069  -38.767  -27.972 0.3000000119
33844  54.489  -38.516  -30.504 0.3000000119
33849  42.910  -38.506  -31.607 0.4000000060
33862  45.309  -38.762  -32.171 0.4000000060
33864  43.467  -39.052  -31.991 0.4000000060
33878  35.420  -39.158  -34.421 0.5000000000
33884  48.599  -38.415  -35.730 0.4000000060
33886  35.868  -38.777  -35.311 0.4000000060
33887  35.450  -39.285  -35.048 0.5000000000
33895  50.998  -38.379  -36.466 0.4000000060
33896  50.607  -38.227  -37.008 0.4000000060
33897  49.669  -38.275  -37.067 0.4000000060
33898  48.896  -38.556  -36.821 0.3000000119
33901  50.823  -37.578  -37.037 0.3000000119
33903  49.705  -38.458  -37.130 0.3000000119
33905  49.370  -38.861  -37.298 0.4000000060
34946  55.047  -38.561  -29.156 0.3000000119
34958  44.672  -36.934  -30.753 0.5000000000
34960  42.818  -37.144  -30.751 0.4000000060
34970  46.982  -36.997  -31.709 0.4000000060
34972  45.175  -37.527  -31.240 0.4000000060
34992  52.589  -37.579  -34.646 0.4000000060
34994  48.765  -37.694  -33.848 0.5000000000
35000  52.539  -37.144  -35.650 0.4000000060
35002  49.862  -37.438  -35.862 0.3000000119
35004  37.132  -37.617  -35.822 0.5000000000
35019  36.153  -38.382  -35.748 0.4000000060
35024  36.992  -37.438  -36.461 0.5000000000
36108  54.241  -37.553  -30.958 0.3000000119
36109  54.311  -37.808  -29.833 0.3000000119
36111  45.680  -35.989  -30.720 0.5000000000
36113  44.187  -36.266  -30.488 0.6000000238
36124  54.188  -36.743  -31.978 0.3000000119
36136  48.652  -36.435  -32.461 0.6999999881
36138  36.249  -36.455  -32.597 0.4000000060
36144  50.076  -36.647  -33.885 0.6999999881
36156  52.761  -36.386  -36.225 0.4000000060
36171  51.337  -36.500  -36.790 0.3000000119
36174  52.790  -35.998  -36.848 0.3000000119
36178  37.572  -36.888  -36.763 0.6000000238
36179  37.026  -36.709  -36.807 0.5000000000
36181  38.028  -36.483  -37.250 0.6000000238
37377  45.322  -35.420  -30.609 0.6000000238
37381  40.910  -35.637  -30.449 0.5000000000
37389  52.923  -36.444  -30.813 0.3000000119
37390  48.244  -34.896  -31.727 0.6999999881
37392  46.882  -35.225  -31.180 0.6999999881
37396  54.121  -35.452  -32.964 0.3000000119
37405  54.233  -34.656  -34.434 0.4000000060
37406  51.543  -35.384  -34.957 0.4000000060
37408  50.442  -35.852  -33.390 0.6999999881
37421  53.482  -35.249  -36.102 0.4000000060
37422  51.883  -35.107  -36.054 0.4000000060
37424  37.804  -36.387  -35.382 0.6000000238
37425  35.243  -36.158  -34.937 0.5000000000
37426  53.601  -34.564  -36.024 0.4000000060
37428  52.671  -35.292  -36.756 0.4000000060
37429  52.238  -35.548  -36.839 0.3000000119
37430  38.326  -36.349  -36.626 0.6000000238
37433  52.422  -35.729  -36.877 0.3000000119
37437  36.287  -36.336  -36.399 0.5000000000
37438  38.367  -36.038  -37.527 0.6000000238
37439  37.761  -36.157  -37.407 0.6000000238
37440  37.290  -36.199  -37.154 0.6000000238
38555  50.942  -34.310  -28.817 0.4000000060
38565  40.709  -34.009  -30.106 0.5000000000
38581  42.924  -34.265  -30.466 0.6000000238
38587  53.347  -34.891  -32.206 0.4000000060
38591  47.454  -34.497  -31.475 0.6999999881
38601  50.863  -34.121  -33.250 0.6000000238
38605  37.779  -33.993  -32.563 0.5000000000
38626  54.287  -33.712  -34.920 0.5000000000
38630  54.197  -33.759  -35.543 0.5000000000
38632  53.129  -34.143  -36.003 0.5000000000
38635  42.125  -34.679  -36.906 0.6999999881
38647  36.761  -34.998  -36.855 0.6000000238
38648  43.733  -34.594  -37.983 0.6000000238
38650  42.274  -35.225  -38.223 0.6000000238
38651  41.091  -35.356  -38.289 0.6999999881
38652  40.474  -35.460  -38.127 0.6999999881
38653  39.600  -35.489  -37.984 0.6999999881
38657  42.954  -34.580  -38.509 0.6000000238
38658  42.130  -35.061  -38.606 0.6999999881
38659  41.376  -35.204  -38.507 0.6999999881
39695  50.365  -33.816  -28.820 0.4000000060
39696  49.734  -33.247  -28.840 0.4000000060
39714  50.965  -34.064  -30.831 0.4000000060
39715  44.389  -34.107  -30.785 0.6999999881
39718  41.494  -33.357  -30.466 0.6999999881
39719  40.748  -33.145  -30.251 0.5000000000
39725  53.430  -33.991  -32.468 0.4000000060
39733  42.990  -33.189  -31.266 0.6999999881
39734  38.441  -32.825  -30.855 0.5000000000
39740  54.293  -33.630  -33.620 0.4000000060
39742  53.467  -32.417  -32.869 0.4000000060
39743  48.815  -33.415  -32.364 0.6999999881
39747  44.430  -33.246  -32.023 0.6999999881
39758  54.409  -33.125  -34.426 0.6000000238
39760  50.125  -32.858  -33.139 0.6000000238
39773  52.565  -32.620  -34.629 0.6000000238
39781  53.864  -32.932  -35.414 0.5000000000
39782  53.788  -32.271  -35.148 0.5000000000
39794  43.659  -34.303  -36.494 0.6000000238
39795  41.252  -34.850  -37.157 0.6999999881
39797  40.047  -35.091  -37.103 0.6999999881
39805  44.628  -33.615  -38.776 0.6000000238
39806  43.856  -34.187  -38.568 0.6000000238
40816  48.744  -32.318  -29.368 0.4000000060
40823  49.768  -32.091  -30.920 0.4000000060
40828  39.661  -32.577  -30.471 0.5000000000
40837  40.843  -32.214  -31.092 0.5000000000
40838  39.978  -32.269  -31.098 0.5000000000
40847  54.008  -32.013  -33.647 0.4000000060
40848  53.358  -31.634  -33.118 0.6000000238
40855  41.881  -32.169  -32.316 0.6000000238
40865  54.242  -32.179  -34.612 0.6000000238
40866  53.952  -31.617  -34.339 0.5000000000
40870  48.658  -31.801  -33.522 0.6999999881
40875  43.234  -32.754  -32.926 0.6000000238
40878  53.860  -31.754  -34.770 0.5000000000
40879  53.381  -32.395  -35.049 0.5000000000
40883  45.649  -32.392  -35.025 0.6000000238
40895  45.795  -32.828  -37.331 0.6000000238
40897  36.936  -33.175  -36.190 0.5000000000
40908  42.948  -33.511  -38.704 0.6999999881
41928  50.037  -31.277  -27.941 0.3000000119
41981  53.145  -31.015  -33.399 0.6000000238
41991  51.174  -31.421  -34.070 0.6000000238
41992  50.347  -31.429  -33.863 0.6000000238
41997  53.545  -31.419  -34.456 0.5000000000
41998  52.844  -31.182  -34.440 0.5000000000
41999  51.929  -31.048  -34.340 0.6000000238
42015  37.003  -32.261  -35.797 0.5000000000
42016  47.407  -30.769  -39.038 0.6000000238
42023  46.842  -31.502  -39.164 0.6000000238
42024  46.074  -32.185  -39.215 0.6000000238
42987  49.662  -30.267  -27.608 0.3000000119
43002  49.191  -31.072  -27.892 0.3000000119
43020  49.024  -31.085  -30.859 0.5000000000
43029  51.524  -30.682  -32.367 0.5000000000
43032  48.399  -30.093  -31.227 0.5000000000
43039  52.645  -30.721  -33.329 0.6000000238
43042  49.734  -29.917  -31.983 0.5000000000
43048  53.017  -30.867  -33.776 0.6000000238
43049  52.358  -30.591  -33.644 0.5000000000
43050  51.561  -30.352  -33.698 0.5000000000
43055  50.346  -30.497  -33.990 0.6000000238
43060  37.433  -30.655  -35.796 0.5000000000
43065  47.833  -29.987  -38.818 0.6000000238
43074  46.634  -30.866  -39.218 0.6000000238
44053  48.191  -29.678  -31.811 0.5000000000
44065  46.950  -29.327  -32.609 0.5000000000
44079  46.046  -28.882  -34.731 0.5000000000
44093  37.517  -29.955  -35.603 0.4000000060
44112  47.870  -28.861  -39.441 0.6000000238
44113  47.320  -29.701  -39.275 0.6000000238
45351  47.302  -27.578  -39.214 0.4000000060
45357  48.065  -28.096  -39.540 0.5000000000
46458  47.302  -26.672  -37.408 0.4000000060
46465  48.223  -27.509  -39.140 0.4000000060
46477  48.055  -27.594  -39.444 0.5000000000
124163  55.368  -38.297  -28.327 0.3000000119
124266  55.776  -37.127  -27.748 0.3000000119
124327  53.680  -36.454  -28.854 0.3000000119
125921  45.069  -33.475  -31.674 0.6999999881
126845  49.178  -39.187  -29.735 0.3000000119
126935  53.086  -34.729  -36.439 0.4000000060
127206  47.708  -39.442  -36.663 0.3000000119
128851  46.035  -38.553  -32.330 0.5000000000
129055  39.905  -32.138  -32.837 0.6000000238
129107  36.479  -33.457  -35.348 0.6000000238
129496  40.863  -31.959  -32.700 0.6000000238
129632  50.131  -40.288  -27.822 0.3000000119
130185  51.260  -30.169  -32.721 0.5000000000
130395  42.165  -33.796  -30.519 0.6000000238
131309  46.433  -44.714  -35.915 0.4000000060
131429  46.273  -43.956  -36.559 0.4000000060
131922  50.231  -29.785  -33.271 0.6000000238
132265  45.028  -42.485  -36.346 0.5000000000
133327  48.364  -30.947  -34.754 0.6000000238
133658  45.870  -33.752  -31.385 0.6000000238
134784  50.974  -40.700  -28.580 0.3000000119
134977  35.972  -37.880  -36.044 0.5000000000
135542  51.938  -34.578  -28.746 0.3000000119
135745  43.012  -35.019  -37.984 0.6000000238
135755  52.469  -35.566  -31.249 0.4000000060
135848  50.041  -30.198  -31.778 0.5000000000
135939  51.673  -32.961  -33.871 0.6000000238
136342  48.059  -33.242  -32.187 0.6999999881
137825  53.511  -40.325  -28.394 0.3000000119
138069  47.438  -44.828  -33.599 0.4000000060
138257  44.507  -33.004  -32.811 0.6999999881
138647  42.246  -33.977  -38.677 0.6000000238
138933  42.617  -43.980  -35.578 0.3000000119
138992  36.478  -37.752  -34.309 0.4000000060
138994  45.454  -44.969  -37.019 0.4000000060
139023  43.845  -33.112  -38.881 0.6999999881
139062  36.630  -33.529  -35.811 0.6000000238
139616  37.541  -34.644  -32.792 0.4000000060
139664  54.351  -39.857  -28.585 0.3000000119
139727  50.951  -36.494  -36.047 0.4000000060
140311  55.177  -39.067  -29.043 0.3000000119
140570  50.133  -39.928  -27.586 0.3000000119
140869  36.955  -31.685  -34.350 0.4000000060
141875  47.232  -38.266  -32.821 0.4000000060
142119  44.615  -32.899  -39.148 0.6000000238
142689  53.650  -37.903  -27.447 0.3000000119
142893  52.534  -37.389  -27.430 0.3000000119
143160  50.388  -30.609  -27.690 0.3000000119
144366  53.044  -40.965  -28.473 0.3000000119
144951  48.861  -32.103  -28.643 0.4000000060
144953  51.074  -37.777  -36.975 0.3000000119
145018  40.859  -53.123  -36.359 0.4000000060
145542  51.019  -29.951  -33.217 0.5000000000
145901  51.237  -31.738  -28.103 0.3000000119
146132  48.114  -27.827  -38.444 0.5000000000
146802  49.778  -33.207  -30.178 0.4000000060
146862  38.128  -36.515  -36.012 0.6000000238
147336  45.263  -47.010  -33.981 0.4000000060
148091  44.298  -45.127  -37.275 0.4000000060
148202  51.965  -35.080  -31.118 0.4000000060
148422  39.128  -35.178  -38.140 0.6999999881
149270  43.641  -45.277  -37.224 0.4000000060
149530  40.086  -32.844  -30.136 0.5000000000
149559  53.728  -31.495  -34.471 0.6000000238
150402  43.423  -42.832  -34.711 0.5000000000
150499  46.710  -45.784  -34.747 0.4000000060
