#!ascii label  , from subject sub-LJ002 vox2ras=TkReg
1701
3713  23.824  -68.483  -39.653 0.5000000000
17461  23.426  -54.140  -28.812 0.6000000238
17449  23.237  -54.021  -27.896 0.6000000238
15378  21.466  -55.631  -27.135 0.6000000238
143215  22.087  -54.999  -27.005 0.6999999881
15357  20.755  -55.628  -26.435 0.6000000238
17431  23.323  -53.434  -26.595 0.6999999881
16383  21.469  -54.973  -26.274 0.6000000238
10600  20.014  -60.530  -38.150 0.5000000000
146669  21.154  -60.753  -35.750 0.6000000238
10588  21.311  -60.167  -36.830 0.6000000238
10610  20.599  -60.445  -38.040 0.5000000000
145635  22.168  -62.380  -35.130 0.5000000000
8751  21.682  -61.901  -35.095 0.4000000060
9686  20.561  -61.763  -36.920 0.5000000000
10599  20.644  -61.074  -37.793 0.6000000238
131444  18.196  -56.440  -31.957 0.5000000000
7131  23.821  -64.932  -39.504 0.4000000060
130389  18.706  -56.466  -31.428 0.5000000000
13390  17.895  -56.889  -31.348 0.5000000000
14385  20.237  -56.379  -30.891 0.6000000238
15407  21.728  -55.713  -30.218 0.6000000238
128211  23.954  -53.865  -29.119 0.6000000238
134397  24.410  -53.561  -28.685 0.6999999881
16408  22.339  -55.188  -28.786 0.6000000238
17460  23.899  -53.613  -28.236 0.6999999881
124386  26.178  -52.642  -27.965 0.6000000238
128855  24.862  -52.788  -27.441 0.6999999881
20761  27.867  -51.171  -27.110 0.6000000238
18540  25.642  -52.424  -27.357 0.6000000238
128814  24.371  -52.792  -26.840 0.6999999881
20746  27.500  -50.837  -26.387 0.6999999881
135795  20.171  -55.523  -26.150 0.6000000238
12447  19.192  -58.951  -37.248 0.5000000000
11505  20.933  -59.747  -37.908 0.6000000238
144430  20.161  -59.358  -37.791 0.5000000000
10562  21.621  -60.549  -35.069 0.6000000238
136940  21.519  -60.014  -35.672 0.6999999881
10598  21.033  -60.292  -37.741 0.6000000238
8781  23.274  -62.916  -36.050 0.4000000060
15429  20.104  -55.196  -32.299 0.5000000000
15421  18.712  -56.027  -32.195 0.5000000000
4908  24.402  -67.363  -40.056 0.5000000000
14397  19.586  -55.999  -31.642 0.5000000000
17492  23.029  -54.392  -30.924 0.6999999881
15419  21.457  -55.387  -31.155 0.6000000238
17491  23.542  -54.418  -30.565 0.6999999881
16430  22.823  -54.586  -30.380 0.6000000238
16431  22.206  -54.964  -30.807 0.6000000238
17472  24.066  -54.150  -29.823 0.6999999881
16416  22.366  -55.155  -29.802 0.6000000238
17471  24.612  -53.772  -29.250 0.6999999881
18539  26.898  -52.376  -27.965 0.6000000238
17458  25.913  -53.231  -28.603 0.6000000238
19624  27.457  -51.837  -27.637 0.6000000238
18556  25.373  -52.952  -28.023 0.6000000238
20760  28.741  -50.965  -27.403 0.6000000238
20745  28.279  -50.591  -26.592 0.6999999881
17417  22.284  -53.540  -25.480 0.6999999881
16385  19.892  -55.063  -25.749 0.5000000000
128471  25.856  -51.908  -26.697 0.6999999881
18527  24.451  -52.449  -26.234 0.6999999881
16358  21.063  -54.477  -25.488 0.6000000238
14460  21.421  -56.953  -37.631 0.5000000000
146298  20.324  -58.010  -37.400 0.5000000000
13453  19.716  -57.222  -36.924 0.5000000000
12437  22.162  -57.926  -37.578 0.6999999881
12445  21.140  -58.516  -37.657 0.6000000238
10561  22.170  -60.362  -34.729 0.5000000000
11468  21.893  -59.671  -34.940 0.6999999881
11482  21.764  -59.360  -35.731 0.6999999881
11492  21.581  -59.526  -36.598 0.6000000238
12444  21.664  -58.581  -37.677 0.6000000238
9685  23.727  -61.957  -36.076 0.4000000060
8765  22.881  -62.314  -35.377 0.4000000060
9669  22.363  -61.714  -34.982 0.5000000000
16465  19.534  -54.726  -33.174 0.5000000000
17509  22.071  -54.317  -32.228 0.5000000000
16464  20.463  -54.367  -33.003 0.5000000000
16451  20.990  -54.878  -32.001 0.5000000000
17506  23.799  -54.498  -31.217 0.6000000238
16450  21.835  -54.663  -31.714 0.5000000000
16429  25.098  -54.469  -30.767 0.6999999881
18583  27.969  -53.060  -29.844 0.6000000238
147316  26.337  -53.834  -29.869 0.6999999881
124510  24.856  -54.146  -29.930 0.6999999881
19658  29.172  -52.204  -29.070 0.6000000238
138381  28.025  -52.813  -29.096 0.6000000238
17469  26.545  -53.488  -29.219 0.6999999881
21914  31.036  -49.920  -28.427 0.6999999881
18553  28.428  -52.374  -28.713 0.6000000238
18554  27.583  -52.506  -28.423 0.6000000238
22962  31.024  -49.008  -27.126 0.6000000238
20758  30.435  -50.254  -27.963 0.6999999881
20759  29.656  -50.473  -27.495 0.6999999881
25060  32.202  -46.989  -26.033 0.6000000238
22945  31.416  -48.407  -26.745 0.6000000238
21897  30.220  -49.928  -27.323 0.6999999881
17420  19.778  -53.881  -24.942 0.6000000238
21877  29.747  -49.846  -26.773 0.6999999881
18511  24.159  -52.275  -25.595 0.6999999881
16359  20.260  -54.518  -25.361 0.6000000238
23965  31.505  -47.302  -25.572 0.6999999881
23984  31.111  -48.060  -25.930 0.6000000238
21859  29.856  -49.178  -26.045 0.8000000119
21879  27.890  -50.296  -25.828 0.6999999881
20747  26.776  -51.105  -26.172 0.6999999881
19615  24.850  -52.005  -25.880 0.6999999881
13452  20.346  -56.663  -37.095 0.6000000238
13442  22.759  -57.709  -36.034 0.6999999881
13451  22.605  -57.387  -37.258 0.6999999881
13461  21.742  -57.814  -37.739 0.6000000238
11467  22.436  -59.052  -34.693 0.5000000000
12414  22.475  -58.359  -35.078 0.6999999881
141332  23.822  -61.246  -35.578 0.4000000060
10578  23.440  -60.807  -34.913 0.5000000000
17542  19.472  -53.741  -34.331 0.5000000000
16495  18.161  -54.517  -34.551 0.5000000000
17541  20.264  -53.744  -33.878 0.5000000000
130948  22.846  -54.144  -32.723 0.6000000238
132654  25.769  -53.953  -32.196 0.6000000238
16448  23.897  -54.388  -32.302 0.6999999881
17508  22.612  -54.339  -31.908 0.6999999881
17503  27.224  -53.358  -31.267 0.6999999881
17505  25.905  -54.256  -31.162 0.6999999881
19675  29.121  -52.237  -30.121 0.6000000238
18582  28.435  -52.590  -30.530 0.6000000238
17489  26.555  -53.907  -30.692 0.6999999881
22971  32.269  -48.896  -28.955 0.6999999881
21929  31.633  -49.533  -28.909 0.6999999881
20797  30.288  -51.211  -29.204 0.6999999881
18499  20.522  -52.744  -24.081 0.6000000238
22960  32.424  -48.384  -28.106 0.6000000238
22972  31.907  -49.017  -28.310 0.6999999881
20781  29.640  -51.538  -28.712 0.6999999881
26129  33.522  -44.562  -25.784 0.6000000238
25041  33.025  -45.903  -26.064 0.6000000238
25058  33.516  -46.020  -26.979 0.6000000238
24000  32.139  -48.077  -27.184 0.6000000238
21895  31.413  -49.374  -28.058 0.6999999881
17399  21.157  -53.228  -24.492 0.6000000238
26130  33.049  -45.199  -25.553 0.6000000238
23982  32.488  -47.330  -26.820 0.6000000238
20710  25.917  -50.590  -24.855 0.6999999881
19591  24.063  -51.426  -24.469 0.6000000238
19603  23.769  -51.982  -24.889 0.6999999881
18513  21.927  -53.250  -24.862 0.6000000238
27236  33.547  -43.741  -25.168 0.5000000000
26113  32.556  -45.070  -24.736 0.6000000238
25043  31.135  -46.847  -24.794 0.8000000119
23967  29.953  -47.836  -24.837 0.8000000119
21840  28.545  -48.931  -24.904 0.8000000119
127867  28.222  -49.641  -25.349 0.8000000119
20729  26.389  -50.828  -25.497 0.6999999881
19602  24.579  -51.589  -25.107 0.6999999881
23966  30.722  -47.591  -25.187 0.8000000119
22933  29.399  -48.549  -25.144 0.8000000119
13460  22.286  -57.143  -37.744 0.6999999881
14451  21.879  -56.401  -37.491 0.6999999881
15485  20.478  -55.412  -36.539 0.6999999881
147926  19.585  -56.491  -36.713 0.6000000238
13441  23.317  -57.298  -35.374 0.6999999881
14453  19.569  -55.739  -36.443 0.6000000238
13427  23.564  -57.883  -34.629 0.6000000238
143339  18.596  -54.666  -35.619 0.5000000000
17573  19.608  -53.679  -34.960 0.5000000000
132211  18.742  -46.994  -22.606 0.6000000238
17557  20.225  -53.463  -34.532 0.5000000000
23930  19.403  -47.555  -22.240 0.5000000000
126306  21.595  -53.591  -33.624 0.5000000000
144611  20.090  -48.702  -22.016 0.6000000238
144082  24.627  -52.876  -33.770 0.6999999881
124472  22.825  -53.418  -33.844 0.6000000238
18592  26.957  -52.675  -32.269 0.6999999881
17518  24.414  -53.831  -33.285 0.6999999881
20664  21.050  -50.158  -22.443 0.6000000238
19674  29.539  -51.627  -30.748 0.6999999881
18591  28.108  -52.309  -31.573 0.6000000238
22979  32.622  -48.793  -29.760 0.6999999881
21942  31.627  -49.825  -30.493 0.6999999881
20811  30.231  -51.252  -30.227 0.6999999881
19572  22.099  -51.319  -23.409 0.6000000238
20687  21.609  -50.769  -22.892 0.6000000238
24014  33.337  -47.591  -28.658 0.6000000238
137906  31.552  -49.872  -29.698 0.6999999881
19571  22.992  -51.163  -23.546 0.6000000238
18481  20.009  -52.192  -23.749 0.6000000238
27260  34.388  -44.727  -27.752 0.6000000238
25073  33.699  -46.546  -27.878 0.6000000238
147551  25.273  -49.972  -23.729 0.6999999881
20712  23.914  -50.927  -23.790 0.6000000238
19593  22.529  -51.838  -23.986 0.6000000238
27249  33.875  -44.631  -26.463 0.6000000238
23941  28.949  -47.031  -23.798 0.6000000238
23955  28.298  -47.619  -23.945 0.6000000238
125387  26.905  -49.458  -24.473 0.6999999881
20683  25.320  -50.496  -24.274 0.6000000238
18497  22.958  -52.264  -24.648 0.6000000238
142487  30.263  -45.625  -23.614 0.6000000238
130278  28.026  -48.454  -24.305 0.8000000119
25026  30.699  -46.324  -24.086 0.6000000238
23954  29.557  -47.355  -24.241 0.6999999881
21841  27.751  -49.216  -24.678 0.8000000119
14450  22.903  -56.177  -36.984 0.6999999881
15483  22.302  -55.926  -37.098 0.6999999881
15484  21.403  -55.613  -36.879 0.6999999881
145700  23.604  -56.580  -35.737 0.6999999881
13450  23.058  -56.801  -36.597 0.6999999881
16520  20.822  -54.886  -36.113 0.6000000238
16509  20.122  -54.128  -35.512 0.6000000238
27210  20.145  -44.317  -23.823 0.6000000238
27211  19.301  -44.036  -23.600 0.6000000238
26084  19.724  -45.823  -22.527 0.6000000238
26085  18.886  -45.178  -22.712 0.6000000238
17572  20.510  -53.486  -35.031 0.6000000238
24997  19.541  -46.734  -22.329 0.5000000000
18618  24.275  -51.541  -34.538 0.6999999881
17537  23.708  -52.876  -34.149 0.6999999881
132227  21.261  -47.088  -22.139 0.4000000060
127854  20.029  -47.300  -22.011 0.5000000000
18601  26.591  -51.821  -33.250 0.6999999881
17536  25.260  -52.249  -33.739 0.8000000119
22900  21.979  -48.400  -21.891 0.5000000000
125876  28.338  -51.516  -32.241 0.6000000238
17516  26.109  -52.803  -32.903 0.6999999881
21808  22.471  -49.176  -22.198 0.6000000238
20810  30.634  -50.709  -30.746 0.6999999881
19682  29.164  -51.262  -31.791 0.6999999881
21806  24.231  -48.965  -22.638 0.6999999881
20663  22.042  -50.032  -22.438 0.6000000238
135747  33.209  -48.199  -29.892 0.6999999881
150473  32.845  -48.638  -30.456 0.6999999881
22896  25.297  -47.884  -22.774 0.5000000000
20686  22.533  -50.632  -22.953 0.6000000238
27288  34.871  -44.816  -29.480 0.6000000238
25085  33.785  -46.979  -28.704 0.6000000238
24022  33.512  -47.592  -29.320 0.6999999881
21823  24.686  -49.655  -23.195 0.6999999881
27273  34.593  -44.985  -28.656 0.6000000238
26170  34.077  -46.290  -28.448 0.6000000238
147650  27.642  -47.244  -23.586 0.5000000000
22914  25.686  -48.583  -23.223 0.6000000238
27261  33.989  -45.104  -27.064 0.6000000238
26094  29.378  -45.532  -23.441 0.6000000238
25011  28.811  -46.175  -23.479 0.5000000000
21821  26.365  -48.901  -23.718 0.6999999881
147117  30.677  -44.963  -23.550 0.6000000238
139803  23.418  -55.255  -36.456 0.6999999881
16519  22.821  -54.589  -36.378 0.6999999881
16507  22.078  -53.841  -35.795 0.6000000238
16508  21.117  -54.047  -35.670 0.6000000238
27242  20.416  -43.853  -25.299 0.4000000060
27228  18.749  -43.343  -24.135 0.5000000000
136067  21.711  -52.983  -34.955 0.6000000238
26100  21.302  -45.559  -23.759 0.5000000000
27212  18.388  -43.840  -23.406 0.6000000238
18637  23.069  -51.654  -35.557 0.6999999881
128157  21.514  -53.150  -34.591 0.6000000238
126744  21.161  -46.498  -22.490 0.5000000000
19694  26.950  -51.084  -33.771 0.6999999881
24994  22.608  -46.935  -22.412 0.4000000060
22994  32.105  -49.166  -31.823 0.6999999881
21959  30.693  -49.869  -32.304 0.6999999881
19692  28.718  -50.722  -32.918 0.6999999881
129219  23.192  -47.749  -22.142 0.6000000238
24040  33.859  -47.549  -31.312 0.6999999881
24041  33.209  -48.172  -31.767 0.6999999881
20821  30.327  -50.452  -31.742 0.6999999881
144047  29.585  -50.625  -32.255 0.6999999881
24992  24.198  -46.706  -22.521 0.5000000000
22898  23.787  -48.174  -22.285 0.5000000000
25097  34.424  -46.428  -29.810 0.6000000238
24030  33.714  -47.582  -30.197 0.6999999881
24031  33.324  -48.187  -30.789 0.6999999881
22987  32.260  -49.242  -30.703 0.6999999881
23925  24.441  -47.530  -22.455 0.5000000000
143919  34.972  -44.101  -29.047 0.5000000000
128977  35.248  -44.354  -29.931 0.6000000238
25084  34.249  -46.378  -29.108 0.6000000238
16518  23.471  -54.271  -36.342 0.6999999881
17582  22.873  -53.514  -36.008 0.6999999881
131530  20.714  -43.913  -26.316 0.4000000060
17568  24.057  -52.350  -36.293 0.6999999881
17570  22.285  -52.777  -35.378 0.6999999881
28337  19.266  -42.835  -26.064 0.4000000060
18649  23.230  -51.728  -35.998 0.6999999881
28316  17.981  -43.290  -23.902 0.6000000238
18635  24.624  -50.591  -35.175 0.8000000119
18636  23.773  -51.009  -35.583 0.6999999881
19702  27.420  -50.792  -34.271 0.6000000238
18616  25.921  -51.263  -34.144 0.6000000238
141304  16.708  -44.550  -25.588 0.6000000238
21958  31.412  -49.398  -32.524 0.6999999881
20833  29.402  -50.238  -33.165 0.6999999881
19693  27.832  -51.028  -33.311 0.6000000238
22993  32.558  -48.620  -32.275 0.6000000238
25116  34.970  -46.095  -31.549 0.6000000238
25031  14.678  -46.946  -24.595 0.5000000000
27305  35.029  -45.163  -30.200 0.6000000238
26202  34.798  -46.101  -30.531 0.6999999881
28395  35.749  -43.888  -30.373 0.5000000000
18648  24.060  -51.193  -36.042 0.6999999881
28362  20.331  -43.522  -27.944 0.4000000060
19717  25.001  -50.504  -35.402 0.8000000119
28338  18.455  -42.949  -25.655 0.5000000000
20851  27.532  -50.874  -34.433 0.8000000119
27254  18.027  -43.944  -27.107 0.4000000060
28364  18.971  -43.520  -27.602 0.4000000060
19703  26.426  -50.863  -34.701 0.6999999881
127634  17.178  -45.303  -26.890 0.4000000060
27244  17.050  -43.690  -25.179 0.5000000000
132183  34.021  -47.205  -32.338 0.6000000238
142996  31.979  -48.995  -32.698 0.6000000238
23000  30.738  -49.465  -33.327 0.6999999881
26161  18.173  -45.654  -28.501 0.4000000060
26234  35.115  -46.053  -32.308 0.6000000238
131166  33.533  -47.710  -32.258 0.6000000238
135106  15.304  -46.722  -26.130 0.4000000060
26138  15.674  -45.861  -25.467 0.6000000238
26201  35.162  -45.504  -30.921 0.6000000238
28394  36.380  -43.475  -30.706 0.5000000000
29527  36.727  -42.732  -30.352 0.5000000000
28378  20.194  -44.088  -28.568 0.4000000060
18647  25.206  -51.475  -36.024 0.8000000119
27265  19.392  -44.257  -28.439 0.4000000060
20864  27.024  -50.940  -34.843 0.6999999881
27266  18.565  -44.557  -28.063 0.4000000060
21965  30.182  -49.664  -33.971 0.6000000238
21966  29.488  -50.048  -33.845 0.6999999881
22998  32.270  -48.550  -33.351 0.6000000238
22999  31.479  -49.072  -33.433 0.6000000238
26176  17.744  -46.295  -29.026 0.4000000060
26163  16.698  -46.478  -27.977 0.4000000060
26218  35.407  -45.522  -31.559 0.6000000238
25078  15.883  -47.050  -28.051 0.4000000060
28409  36.722  -43.836  -31.402 0.4000000060
27297  20.386  -45.431  -29.919 0.4000000060
20863  27.870  -50.919  -34.514 0.6999999881
27281  19.660  -45.292  -29.535 0.4000000060
21973  30.473  -49.725  -34.417 0.6999999881
20850  28.411  -50.655  -34.270 0.6000000238
26175  18.611  -45.773  -29.592 0.4000000060
134235  33.933  -47.020  -33.239 0.6000000238
24055  32.841  -47.908  -33.684 0.6000000238
26177  17.059  -46.706  -28.850 0.4000000060
26233  35.635  -45.592  -32.273 0.6000000238
25092  16.281  -47.011  -28.756 0.3000000119
27319  36.408  -44.561  -31.789 0.4000000060
28408  37.427  -43.477  -31.750 0.4000000060
28423  37.853  -43.908  -32.459 0.4000000060
27329  19.184  -45.489  -30.927 0.4000000060
26212  18.303  -45.519  -30.421 0.4000000060
25136  34.475  -46.604  -33.428 0.6000000238
26232  36.054  -45.563  -32.945 0.6000000238
26244  35.684  -46.049  -33.589 0.6000000238
28422  38.610  -43.494  -32.898 0.4000000060
28431  38.305  -44.325  -33.235 0.5000000000
29554  38.841  -42.676  -32.619 0.4000000060
29505  16.309  -42.646  -28.448 0.3000000119
29562  39.259  -43.003  -33.410 0.4000000060
29518  22.534  -42.453  -30.734 0.4000000060
30576  18.618  -41.984  -29.130 0.3000000119
30550  15.790  -41.311  -27.192 0.4000000060
30561  22.900  -42.069  -29.190 0.4000000060
30587  22.502  -41.438  -30.797 0.4000000060
31597  20.755  -40.876  -29.671 0.3000000119
31615  21.485  -40.436  -30.436 0.3000000119
128193  17.449  -41.660  -28.374 0.3000000119
30562  18.173  -41.424  -28.566 0.3000000119
30549  16.495  -41.182  -27.629 0.3000000119
31595  23.161  -40.029  -30.345 0.4000000060
31612  22.957  -39.825  -30.868 0.4000000060
133773  22.415  -40.642  -30.991 0.4000000060
32692  20.390  -40.469  -28.889 0.3000000119
31579  18.486  -40.683  -28.236 0.3000000119
31526  17.599  -40.376  -23.742 0.4000000060
31511  17.479  -39.977  -22.476 0.3000000119
33742  17.602  -38.532  -22.268 0.3000000119
32675  19.006  -40.186  -27.880 0.3000000119
32657  17.060  -40.060  -27.111 0.3000000119
32689  23.231  -39.165  -30.931 0.4000000060
31613  22.580  -40.020  -30.914 0.4000000060
32690  21.733  -39.674  -30.547 0.3000000119
32691  21.143  -40.138  -29.676 0.3000000119
32673  20.909  -39.915  -28.815 0.3000000119
32619  17.692  -40.103  -25.472 0.3000000119
137451  20.001  -40.107  -28.234 0.3000000119
32594  18.310  -39.863  -22.963 0.3000000119
32655  19.868  -39.945  -27.380 0.3000000119
138095  19.951  -37.909  -23.812 0.4000000060
34881  19.144  -38.310  -23.238 0.3000000119
36048  19.352  -36.860  -24.411 0.3000000119
128540  18.439  -37.696  -23.172 0.3000000119
136631  23.189  -38.454  -31.081 0.4000000060
33831  22.065  -38.741  -30.542 0.4000000060
32672  21.503  -39.424  -29.778 0.3000000119
32602  18.160  -40.323  -24.450 0.4000000060
32653  21.453  -39.259  -28.630 0.3000000119
32618  18.733  -40.242  -25.196 0.3000000119
124850  19.445  -39.718  -23.535 0.4000000060
32600  20.056  -39.859  -24.031 0.4000000060
36062  18.812  -36.077  -24.988 0.3000000119
33843  23.220  -37.602  -31.152 0.4000000060
33857  22.969  -37.164  -31.145 0.4000000060
33830  22.549  -37.711  -30.414 0.4000000060
33803  22.122  -38.633  -28.216 0.4000000060
126148  21.610  -39.198  -27.377 0.3000000119
32630  21.729  -39.169  -26.174 0.3000000119
32615  21.377  -39.186  -25.137 0.3000000119
33769  21.457  -38.428  -24.931 0.3000000119
36060  20.659  -36.653  -25.321 0.5000000000
142649  20.520  -38.704  -23.921 0.4000000060
34908  20.333  -37.205  -24.612 0.4000000060
144591  18.456  -35.487  -25.443 0.3000000119
36107  23.014  -36.359  -30.077 0.4000000060
34945  22.683  -36.771  -29.733 0.4000000060
34936  22.457  -37.278  -28.272 0.3000000119
36088  22.055  -35.873  -27.794 0.3000000119
37354  21.387  -35.381  -27.132 0.3000000119
39701  21.403  -33.413  -28.105 0.3000000119
135204  22.220  -38.541  -27.081 0.3000000119
33783  22.388  -37.745  -27.138 0.3000000119
36059  21.505  -36.952  -25.790 0.3000000119
37339  20.962  -35.610  -26.469 0.3000000119
37355  20.559  -35.011  -26.655 0.3000000119
128776  21.783  -38.610  -25.563 0.3000000119
147780  20.141  -35.995  -25.568 0.3000000119
37325  19.360  -35.706  -25.500 0.3000000119
38540  18.111  -34.185  -25.857 0.3000000119
36071  24.571  -35.998  -27.161 0.3000000119
37352  24.270  -35.285  -27.622 0.3000000119
37362  23.798  -35.251  -28.586 0.3000000119
38572  23.098  -34.677  -29.186 0.3000000119
39712  22.560  -33.355  -28.737 0.3000000119
40822  21.553  -32.636  -28.474 0.3000000119
37374  22.963  -35.372  -29.603 0.3000000119
139477  22.889  -34.062  -28.850 0.3000000119
37365  22.267  -34.681  -28.761 0.3000000119
39713  21.979  -33.348  -28.653 0.3000000119
128858  20.953  -32.639  -27.929 0.3000000119
150531  20.341  -32.663  -27.577 0.3000000119
38538  19.697  -34.733  -26.356 0.3000000119
38551  19.528  -33.923  -26.653 0.3000000119
136050  19.100  -35.084  -25.824 0.3000000119
136702  18.661  -33.736  -26.330 0.3000000119
38522  25.595  -34.348  -25.790 0.3000000119
38559  23.876  -34.595  -27.933 0.3000000119
38560  23.459  -34.595  -28.772 0.3000000119
39700  23.359  -33.254  -28.321 0.3000000119
41959  22.464  -31.915  -28.696 0.3000000119
41951  21.320  -31.130  -28.494 0.3000000119
144793  19.809  -32.263  -27.394 0.3000000119
136359  19.341  -32.557  -27.012 0.3000000119
38541  17.382  -33.647  -25.637 0.3000000119
43010  22.870  -30.032  -28.308 0.3000000119
41950  22.075  -31.107  -28.729 0.3000000119
41953  19.789  -31.296  -27.520 0.3000000119
41933  18.934  -30.806  -27.065 0.3000000119
39678  18.400  -33.000  -26.364 0.3000000119
40795  18.084  -32.203  -26.308 0.3000000119
44030  22.580  -28.876  -28.535 0.3000000119
43012  21.555  -30.136  -28.574 0.3000000119
43013  20.760  -30.404  -28.187 0.3000000119
44019  23.307  -29.221  -27.959 0.3000000119
45284  22.286  -27.690  -28.800 0.3000000119
44032  21.464  -28.954  -28.588 0.3000000119
45286  20.960  -28.401  -28.182 0.3000000119
42995  19.370  -30.238  -27.458 0.3000000119
42996  18.604  -29.877  -27.082 0.3000000119
41920  17.973  -30.633  -26.185 0.3000000119
4303  24.143  -67.906  -39.978 0.5000000000
6356  23.483  -66.583  -40.032 0.5000000000
6352  23.473  -65.880  -39.796 0.4000000060
17448  23.572  -53.552  -27.388 0.6999999881
17432  22.643  -53.793  -26.223 0.6999999881
7923  23.404  -63.388  -36.936 0.4000000060
6351  24.299  -66.310  -40.059 0.5000000000
19638  28.089  -51.974  -28.117 0.6000000238
17520  22.139  -54.056  -32.776 0.5000000000
136599  30.035  -50.876  -28.323 0.6000000238
18617  25.235  -51.100  -34.446 0.8000000119
17538  22.762  -52.360  -34.774 0.6999999881
127557  35.524  -43.601  -29.594 0.5000000000
21950  31.531  -49.668  -31.504 0.6999999881
26152  16.301  -45.536  -26.015 0.4000000060
29528  36.063  -43.126  -30.011 0.5000000000
145152  34.810  -46.311  -32.843 0.6000000238
29545  37.060  -43.093  -31.053 0.4000000060
23007  30.988  -49.250  -34.188 0.6000000238
25137  33.819  -46.986  -33.915 0.6000000238
27313  17.632  -45.324  -30.433 0.3000000119
27338  36.685  -44.969  -32.474 0.4000000060
27348  36.942  -45.383  -33.214 0.4000000060
30575  22.778  -41.663  -30.394 0.4000000060
36106  23.171  -36.695  -30.530 0.3000000119
38549  24.420  -34.585  -27.102 0.3000000119
19724  30.928  -50.071  -34.863 0.5000000000
19726  29.255  -51.217  -34.692 0.5000000000
19727  28.377  -51.200  -34.672 0.6999999881
18645  26.962  -51.790  -35.304 0.6999999881
17567  24.983  -52.534  -36.258 0.6000000238
148811  30.346  -50.145  -34.649 0.5000000000
20862  28.836  -50.761  -34.467 0.6000000238
19728  27.362  -51.244  -34.848 0.6000000238
148241  24.427  -55.391  -35.788 0.6000000238
14449  23.553  -55.996  -36.393 0.6000000238
18634  27.432  -52.448  -35.052 0.6999999881
16493  25.956  -54.143  -35.540 0.6000000238
16505  25.335  -53.630  -36.077 0.6000000238
17554  26.529  -53.469  -35.459 0.6999999881
16504  25.787  -53.286  -35.949 0.6000000238
16517  24.026  -54.457  -36.373 0.6000000238
21982  31.333  -49.542  -35.018 0.5000000000
16492  27.224  -53.934  -34.665 0.6999999881
138104  26.580  -54.478  -34.758 0.6999999881
15462  25.892  -55.162  -34.743 0.6000000238
14440  24.973  -55.534  -35.245 0.6000000238
16491  27.828  -53.312  -34.560 0.6000000238
15474  25.269  -54.537  -35.725 0.6000000238
18615  29.899  -52.534  -33.989 0.6000000238
23023  32.649  -48.773  -35.341 0.5000000000
21972  31.147  -49.395  -34.703 0.5000000000
17535  28.786  -53.577  -33.840 0.6999999881
15461  26.622  -55.239  -34.101 0.6000000238
13440  24.027  -57.067  -34.743 0.6000000238
23022  33.509  -48.383  -35.423 0.5000000000
23013  33.027  -48.007  -35.006 0.5000000000
26256  37.152  -46.294  -34.824 0.5000000000
24068  33.786  -47.703  -35.110 0.5000000000
26248  37.702  -45.708  -34.409 0.4000000060
14330  19.688  -56.731  -27.197 0.4000000060
15393  21.724  -55.819  -28.180 0.4000000060
15394  21.006  -56.325  -27.630 0.4000000060
14350  21.165  -56.473  -28.584 0.5000000000
15401  21.800  -55.841  -29.207 0.5000000000
148860  20.582  -56.906  -28.956 0.5000000000
25142  34.686  -46.914  -34.699 0.5000000000
15402  21.175  -56.436  -29.608 0.5000000000
144596  16.683  -58.193  -29.456 0.6000000238
25140  36.267  -46.514  -34.718 0.4000000060
15408  20.997  -56.191  -30.583 0.5000000000
14374  20.249  -56.871  -29.926 0.5000000000
13378  17.718  -57.378  -30.353 0.5000000000
14331  18.856  -56.787  -27.303 0.5000000000
14352  19.259  -57.235  -27.784 0.5000000000
14354  17.292  -56.980  -27.820 0.5000000000
13328  18.676  -57.424  -28.504 0.5000000000
13330  16.581  -57.341  -28.297 0.5000000000
14375  19.029  -57.239  -29.727 0.5000000000
13329  17.629  -57.358  -28.376 0.5000000000
13354  17.042  -57.658  -29.244 0.5000000000
26250  35.894  -46.278  -34.167 0.5000000000
13353  18.032  -57.409  -29.388 0.5000000000
26247  38.524  -45.380  -34.873 0.4000000060
27351  38.974  -44.727  -34.732 0.4000000060
16360  19.650  -54.447  -25.478 0.5000000000
14356  15.442  -56.474  -28.053 0.5000000000
25135  35.035  -46.472  -34.012 0.5000000000
27347  37.848  -45.139  -33.686 0.4000000060
144357  19.683  -53.328  -24.631 0.5000000000
18530  18.771  -52.611  -26.710 0.5000000000
140741  18.762  -51.766  -28.001 0.5000000000
17435  18.817  -53.508  -26.651 0.5000000000
27346  38.732  -44.604  -34.027 0.4000000060
143738  18.792  -52.396  -25.375 0.5000000000
18515  18.673  -51.950  -26.245 0.5000000000
19604  18.626  -51.528  -25.278 0.5000000000
125622  18.502  -51.087  -26.166 0.5000000000
19639  18.774  -51.153  -28.789 0.5000000000
19676  18.630  -51.345  -30.592 0.4000000060
150582  18.552  -50.881  -24.697 0.5000000000
130125  18.190  -50.193  -28.120 0.6000000238
20798  18.118  -50.335  -29.832 0.6000000238
19575  19.491  -51.463  -23.568 0.5000000000
20690  18.766  -50.710  -23.786 0.5000000000
20731  18.320  -50.454  -25.607 0.5000000000
21898  17.791  -49.937  -27.757 0.6000000238
21932  17.514  -50.007  -29.319 0.6000000238
20814  17.047  -49.874  -31.258 0.6000000238
20824  16.974  -49.908  -32.287 0.5000000000
20825  15.660  -49.731  -32.151 0.5000000000
20827  14.019  -49.963  -31.405 0.5000000000
20689  19.382  -50.733  -23.147 0.5000000000
21825  18.858  -49.968  -22.977 0.5000000000
127510  18.390  -49.868  -23.803 0.5000000000
21880  17.917  -49.969  -26.339 0.5000000000
21843  18.008  -49.326  -24.418 0.6000000238
21916  17.271  -49.827  -28.613 0.6000000238
21933  16.774  -49.904  -30.057 0.6000000238
21945  16.048  -49.761  -30.978 0.6000000238
21954  14.495  -49.708  -31.109 0.5000000000
144984  12.425  -53.724  -26.773 0.5000000000
20816  12.731  -49.628  -30.323 0.5000000000
21810  20.509  -49.386  -22.159 0.5000000000
22902  19.392  -48.407  -22.260 0.5000000000
133765  18.225  -49.172  -23.495 0.6000000238
22926  17.712  -48.838  -23.943 0.6000000238
21865  16.868  -49.480  -25.451 0.6000000238
20763  16.559  -50.230  -27.412 0.6000000238
140212  16.611  -50.058  -26.323 0.6000000238
20782  15.871  -50.641  -28.913 0.6000000238
20764  15.986  -50.818  -28.010 0.6000000238
21934  15.782  -49.939  -30.156 0.6000000238
20801  14.543  -50.254  -29.892 0.5000000000
20815  13.654  -49.747  -30.723 0.5000000000
19662  13.391  -50.401  -29.259 0.5000000000
137661  13.137  -51.138  -28.821 0.5000000000
19663  12.785  -50.097  -28.754 0.5000000000
19643  12.533  -51.246  -28.312 0.5000000000
22916  18.072  -48.395  -23.269 0.6000000238
22917  17.453  -48.308  -23.392 0.6000000238
21844  16.618  -49.477  -24.354 0.6000000238
20714  16.178  -50.434  -23.910 0.6000000238
20732  16.420  -50.129  -25.110 0.6000000238
19626  15.465  -51.655  -27.626 0.6000000238
19605  15.696  -51.858  -25.215 0.6000000238
19627  14.738  -52.262  -28.192 0.5000000000
18542  14.969  -52.391  -27.051 0.5000000000
19641  14.485  -51.762  -28.987 0.5000000000
18543  14.202  -53.014  -27.516 0.5000000000
17436  14.248  -53.527  -25.849 0.6000000238
18544  13.474  -53.016  -27.832 0.5000000000
136774  12.914  -53.474  -27.322 0.5000000000
16361  13.106  -54.292  -25.769 0.5000000000
16339  12.377  -54.648  -24.459 0.5000000000
22905  16.254  -48.053  -22.643 0.6000000238
21827  15.715  -49.600  -22.816 0.6000000238
137943  15.817  -51.209  -23.635 0.6000000238
18531  15.167  -52.462  -25.923 0.6000000238
17401  14.572  -53.486  -24.711 0.6000000238
16338  13.174  -54.437  -24.789 0.5000000000
25000  16.000  -46.554  -22.457 0.6000000238
18516  15.209  -52.663  -24.838 0.6000000238
17383  14.402  -53.491  -23.634 0.6000000238
17384  13.569  -53.918  -23.345 0.5000000000
26118  15.907  -44.842  -24.069 0.6000000238
26089  15.729  -45.921  -22.719 0.6000000238
23935  14.963  -47.906  -22.505 0.6000000238
20666  15.144  -50.121  -22.659 0.6000000238
18483  15.193  -52.265  -23.335 0.6000000238
18464  14.192  -52.356  -22.878 0.5000000000
25030  15.000  -46.132  -23.942 0.6000000238
22919  14.626  -48.620  -22.771 0.6000000238
25018  14.702  -46.893  -23.488 0.6000000238
19577  14.847  -51.922  -22.904 0.6000000238
22928  14.219  -48.563  -23.770 0.6000000238
22929  13.674  -49.408  -24.713 0.5000000000
23971  14.327  -47.850  -25.397 0.4000000060
16506  24.576  -53.651  -36.347 0.6000000238
17566  25.947  -52.508  -35.959 0.6999999881
24062  32.849  -47.860  -34.423 0.5000000000
24061  33.525  -47.391  -34.516 0.5000000000
24066  35.418  -47.580  -35.491 0.5000000000
25150  35.140  -47.067  -35.081 0.5000000000
13331  15.674  -57.253  -28.299 0.6000000238
139374  17.483  -49.775  -26.964 0.6000000238
135297  17.087  -49.548  -26.245 0.6000000238
149231  15.385  -51.004  -29.280 0.6000000238
18558  14.015  -52.427  -28.407 0.5000000000
21814  15.288  -49.133  -22.543 0.6000000238
20692  15.609  -50.595  -23.005 0.6000000238
21828  14.159  -49.482  -23.403 0.6000000238
20693  13.776  -51.237  -23.044 0.6000000238
3705  24.240  -68.733  -38.843 0.4000000060
3695  25.096  -69.041  -36.554 0.5000000000
4272  25.590  -67.946  -36.914 0.5000000000
3699  25.010  -68.733  -37.435 0.4000000060
4291  25.027  -68.287  -38.388 0.4000000060
4298  25.435  -67.599  -39.134 0.4000000060
4299  24.644  -68.094  -39.366 0.4000000060
4882  25.594  -67.421  -36.056 0.5000000000
4268  25.784  -68.215  -35.660 0.5000000000
132486  26.240  -66.954  -38.324 0.5000000000
4899  26.182  -66.940  -39.095 0.5000000000
4903  24.951  -67.502  -39.770 0.4000000060
5596  25.560  -66.559  -36.455 0.5000000000
5603  26.198  -66.584  -37.704 0.5000000000
5616  26.688  -66.386  -38.689 0.5000000000
130156  26.706  -66.204  -39.480 0.5000000000
4907  25.256  -66.912  -40.019 0.4000000060
146064  26.398  -65.524  -40.014 0.4000000060
6319  25.994  -65.718  -37.024 0.5000000000
6326  26.975  -65.830  -38.169 0.5000000000
7108  27.530  -64.376  -38.453 0.5000000000
6341  27.200  -65.742  -39.110 0.5000000000
6346  27.033  -65.617  -39.745 0.5000000000
124666  24.498  -65.350  -39.817 0.4000000060
12412  23.894  -58.628  -34.473 0.5000000000
11466  23.234  -59.359  -34.504 0.4000000060
10559  23.838  -60.077  -34.762 0.4000000060
10577  24.310  -60.673  -35.581 0.4000000060
9684  24.417  -61.222  -36.421 0.4000000060
8788  23.881  -62.581  -37.045 0.4000000060
7119  27.688  -64.632  -39.081 0.5000000000
8787  24.497  -62.341  -38.096 0.4000000060
8794  24.363  -63.249  -38.678 0.4000000060
141983  24.083  -64.227  -39.350 0.4000000060
7930  27.688  -63.929  -38.991 0.4000000060
7945  26.634  -64.166  -39.766 0.5000000000
7946  24.752  -64.338  -39.613 0.4000000060
7129  26.388  -64.729  -39.954 0.4000000060
11465  24.327  -59.350  -34.602 0.4000000060
10587  25.231  -60.494  -36.761 0.4000000060
9692  24.988  -61.494  -37.933 0.4000000060
139265  27.473  -63.012  -38.553 0.4000000060
8793  25.142  -62.705  -38.745 0.4000000060
7942  24.648  -63.751  -39.312 0.4000000060
8800  27.145  -62.433  -38.580 0.4000000060
7940  26.640  -63.554  -39.374 0.4000000060
8802  25.983  -63.098  -39.273 0.4000000060
150335  26.070  -63.681  -39.622 0.4000000060
138467  24.280  -57.966  -34.414 0.5000000000
12411  24.945  -58.588  -34.469 0.4000000060
12425  25.769  -58.833  -34.806 0.4000000060
11479  26.099  -59.196  -35.664 0.4000000060
11491  25.997  -59.845  -37.434 0.4000000060
10597  25.436  -60.804  -37.862 0.4000000060
9698  25.984  -61.122  -38.590 0.4000000060
127908  25.237  -61.936  -38.381 0.4000000060
9703  27.262  -61.441  -38.511 0.4000000060
9705  26.176  -61.723  -38.683 0.4000000060
9706  25.804  -62.569  -38.859 0.4000000060
14428  24.824  -56.569  -34.568 0.5000000000
13425  25.492  -57.159  -34.095 0.5000000000
14426  26.421  -56.087  -33.853 0.6000000238
12410  25.861  -58.084  -34.395 0.5000000000
11490  26.379  -59.368  -36.889 0.4000000060
12443  27.046  -59.010  -37.437 0.4000000060
12455  27.188  -59.157  -38.201 0.4000000060
11516  27.379  -59.436  -38.588 0.4000000060
131967  27.303  -57.681  -34.485 0.4000000060
14412  27.321  -55.861  -33.656 0.5000000000
13439  27.768  -58.171  -35.550 0.4000000060
12435  27.523  -58.451  -36.818 0.4000000060
143890  28.860  -57.154  -34.244 0.5000000000
13422  29.145  -57.343  -35.140 0.4000000060
13449  28.157  -58.014  -36.734 0.4000000060
15443  28.622  -55.481  -33.455 0.6000000238
15444  27.832  -55.303  -33.597 0.6000000238
14423  29.544  -56.890  -34.442 0.5000000000
14439  29.828  -56.907  -35.397 0.4000000060
18633  27.894  -51.777  -34.883 0.5000000000
23931  18.091  -47.218  -22.930 0.5000000000
24999  16.820  -46.480  -22.584 0.5000000000
27229  17.407  -43.355  -24.408 0.5000000000
26086  17.968  -45.476  -22.651 0.5000000000
26103  17.019  -44.959  -22.715 0.5000000000
134365  17.010  -47.777  -22.968 0.5000000000
143601  25.637  -67.204  -37.010 0.5000000000
4280  25.370  -68.216  -37.592 0.5000000000
11480  24.788  -59.966  -35.430 0.4000000060
132180  25.660  -59.727  -36.192 0.4000000060
132681  26.258  -62.401  -38.810 0.4000000060
13424  26.849  -58.129  -34.782 0.4000000060
12423  27.139  -58.561  -35.664 0.4000000060
11503  26.319  -59.953  -38.216 0.4000000060
135706  26.463  -60.123  -38.500 0.4000000060
129204  26.393  -57.237  -34.062 0.5000000000
14424  28.119  -56.737  -33.796 0.5000000000
14410  29.010  -56.465  -33.700 0.6000000238
13437  29.386  -57.154  -36.179 0.5000000000
15442  29.612  -55.793  -33.516 0.5000000000
23027  39.496  -48.376  -36.798 0.3000000119
21990  38.254  -48.966  -35.918 0.3000000119
23029  37.893  -48.198  -36.338 0.3000000119
24072  39.455  -47.646  -36.801 0.3000000119
24071  40.330  -47.334  -37.048 0.3000000119
25163  41.980  -46.817  -37.394 0.3000000119
26268  42.289  -46.004  -37.135 0.3000000119
21978  37.754  -49.382  -35.608 0.3000000119
134109  35.859  -50.637  -34.840 0.4000000060
20857  36.251  -50.033  -35.031 0.4000000060
20855  38.377  -49.755  -35.768 0.3000000119
20858  35.027  -49.710  -35.117 0.4000000060
23018  37.259  -48.587  -35.934 0.4000000060
140828  33.341  -48.987  -35.593 0.4000000060
20860  31.625  -49.874  -35.147 0.4000000060
21995  40.244  -48.975  -36.851 0.3000000119
24074  37.835  -47.614  -36.257 0.3000000119
128219  35.965  -47.938  -35.973 0.4000000060
26261  40.851  -45.650  -36.334 0.3000000119
25157  38.734  -46.429  -35.904 0.3000000119
18629  34.440  -52.182  -34.336 0.4000000060
18630  33.745  -52.478  -33.959 0.4000000060
17532  31.483  -53.259  -33.385 0.4000000060
18614  30.753  -52.375  -33.725 0.4000000060
19722  36.605  -51.150  -35.313 0.4000000060
19710  35.197  -50.868  -34.588 0.4000000060
19711  34.441  -51.188  -34.296 0.4000000060
18613  31.647  -52.259  -33.557 0.4000000060
18631  30.974  -51.403  -34.348 0.4000000060
20856  37.830  -50.313  -35.617 0.3000000119
19700  32.710  -50.965  -34.267 0.4000000060
19714  30.054  -51.062  -34.690 0.4000000060
21989  39.110  -49.624  -36.168 0.3000000119
21980  33.788  -49.495  -35.380 0.4000000060
19713  31.607  -50.574  -34.737 0.4000000060
23034  40.967  -48.814  -37.151 0.3000000119
145279  34.153  -48.923  -35.594 0.4000000060
25147  37.516  -46.560  -35.392 0.4000000060
16488  33.235  -54.135  -34.845 0.4000000060
15440  31.025  -55.092  -33.596 0.4000000060
17564  33.904  -53.744  -35.396 0.4000000060
17551  33.590  -53.375  -34.326 0.4000000060
16489  32.510  -54.478  -34.287 0.4000000060
16477  31.312  -54.223  -33.481 0.4000000060
19737  37.815  -52.054  -36.517 0.3000000119
18643  35.937  -52.399  -35.614 0.4000000060
20867  40.569  -50.696  -36.670 0.3000000119
20868  39.630  -50.728  -36.511 0.3000000119
18632  30.133  -51.766  -34.364 0.4000000060
21994  40.925  -49.746  -36.843 0.3000000119
15441  30.560  -55.910  -33.831 0.4000000060
15458  31.393  -55.507  -34.134 0.4000000060
26255  37.976  -45.982  -35.060 0.3000000119
26254  38.775  -45.720  -35.431 0.3000000119
25146  38.191  -46.293  -35.512 0.3000000119
17553  28.360  -52.538  -34.592 0.4000000060
17533  30.604  -53.360  -33.446 0.4000000060
140706  29.120  -54.762  -33.427 0.4000000060
15459  30.980  -56.040  -34.839 0.4000000060
128147  36.890  -49.416  -35.409 0.3000000119
25156  39.557  -46.678  -36.415 0.3000000119
26260  41.740  -45.519  -36.550 0.3000000119
19723  35.914  -51.518  -35.049 0.4000000060
23019  36.168  -48.461  -35.906 0.4000000060
20846  34.224  -50.252  -34.787 0.4000000060
21979  35.003  -48.783  -35.627 0.4000000060
20848  32.492  -50.096  -35.150 0.4000000060
24064  37.190  -47.244  -35.794 0.4000000060
140941  34.849  -52.750  -35.006 0.4000000060
16476  32.127  -54.027  -33.592 0.4000000060
17531  32.311  -53.104  -33.453 0.4000000060
19721  37.449  -51.233  -35.799 0.3000000119
19712  33.675  -51.471  -33.982 0.4000000060
20870  38.266  -51.279  -36.225 0.3000000119
18644  35.360  -52.922  -35.629 0.4000000060
19738  37.062  -52.012  -36.058 0.3000000119
130774  38.996  -51.311  -36.522 0.3000000119
140134  21.234  -69.264  -33.951 0.3000000119
3670  20.354  -69.191  -33.936 0.3000000119
4257  22.679  -68.813  -33.583 0.3000000119
4258  20.854  -68.593  -33.477 0.3000000119
3669  22.194  -69.449  -33.864 0.3000000119
3685  21.757  -70.024  -34.328 0.3000000119
4243  23.120  -68.287  -33.375 0.3000000119
4867  22.338  -68.010  -33.290 0.3000000119
4855  21.424  -67.927  -33.103 0.3000000119
139918  24.630  -68.358  -33.062 0.3000000119
4256  23.630  -68.979  -33.532 0.3000000119
134717  22.317  -70.658  -34.583 0.3000000119
137274  24.546  -69.298  -37.084 0.3000000119
146602  23.188  -66.259  -32.814 0.3000000119
5565  22.866  -66.769  -32.869 0.3000000119
4853  24.174  -67.618  -33.094 0.3000000119
137327  23.625  -66.850  -32.953 0.3000000119
136802  22.113  -67.166  -32.804 0.3000000119
3682  24.540  -69.878  -34.198 0.3000000119
3690  25.839  -68.872  -35.050 0.3000000119
3696  24.648  -69.677  -36.095 0.3000000119
4852  25.166  -67.982  -32.822 0.3000000119
3667  24.203  -69.690  -33.792 0.3000000119
4254  25.497  -69.112  -33.248 0.3000000119
3665  25.702  -69.181  -33.635 0.3000000119
3680  25.854  -69.150  -34.192 0.3000000119
138730  25.379  -69.463  -34.787 0.3000000119
4265  26.307  -68.319  -34.768 0.3000000119
132177  25.991  -64.183  -35.664 0.4000000060
5592  25.636  -66.634  -35.530 0.4000000060
5535  17.231  -66.700  -29.625 0.3000000119
5517  15.576  -67.163  -28.209 0.3000000119
4244  20.497  -68.050  -32.791 0.3000000119
4245  19.611  -68.424  -32.757 0.3000000119
6263  21.301  -65.268  -31.514 0.3000000119
5547  19.974  -66.336  -31.204 0.3000000119
5534  18.322  -66.476  -30.271 0.3000000119
4829  18.001  -67.293  -30.638 0.3000000119
4824  15.646  -67.223  -29.043 0.3000000119
125892  23.353  -64.696  -32.466 0.3000000119
5545  21.111  -66.071  -31.752 0.3000000119
145477  19.525  -66.852  -31.203 0.3000000119
4839  17.837  -67.993  -31.050 0.3000000119
4830  17.003  -67.645  -30.480 0.3000000119
5567  21.586  -66.545  -32.255 0.3000000119
4856  20.510  -67.466  -32.169 0.3000000119
134127  19.325  -67.487  -31.555 0.3000000119
4227  18.106  -68.399  -31.691 0.3000000119
4857  19.873  -67.855  -32.112 0.3000000119
4858  18.978  -68.243  -32.083 0.3000000119
3683  23.633  -70.253  -34.281 0.3000000119
3113  23.426  -70.512  -34.833 0.3000000119
5566  22.461  -66.148  -32.545 0.3000000119
3681  25.254  -69.580  -34.120 0.3000000119
5528  16.983  -65.997  -28.354 0.3000000119
4246  18.314  -68.831  -32.393 0.3000000119
6280  21.821  -65.647  -32.070 0.3000000119
5533  19.245  -66.226  -30.727 0.3000000119
4837  20.111  -67.079  -31.630 0.3000000119
4838  18.555  -67.791  -31.313 0.3000000119
4247  17.518  -68.821  -32.084 0.3000000119
146337  26.014  -67.614  -35.183 0.3000000119
10584  31.637  -60.667  -36.954 0.3000000119
9681  31.008  -60.745  -36.187 0.3000000119
10575  29.432  -60.531  -35.605 0.3000000119
130655  28.139  -61.075  -36.054 0.4000000060
9683  27.691  -61.599  -36.540 0.4000000060
8780  27.440  -62.347  -37.343 0.3000000119
7921  27.529  -63.322  -38.115 0.3000000119
10594  30.974  -59.705  -37.216 0.3000000119
10586  29.540  -60.001  -36.559 0.4000000060
10595  28.796  -60.073  -37.401 0.4000000060
10605  28.181  -60.277  -38.252 0.4000000060
8792  27.485  -62.086  -38.286 0.3000000119
11515  28.154  -59.046  -38.631 0.4000000060
131623  27.825  -59.715  -38.665 0.4000000060
10612  26.932  -60.862  -38.709 0.3000000119
143247  28.201  -58.289  -38.146 0.3000000119
139933  32.685  -61.861  -36.153 0.3000000119
8777  32.566  -61.689  -36.429 0.3000000119
9665  30.301  -60.829  -35.411 0.4000000060
9652  28.466  -61.725  -34.759 0.4000000060
8763  27.688  -61.739  -35.394 0.3000000119
8764  27.066  -62.369  -36.040 0.3000000119
7901  26.520  -63.286  -35.744 0.3000000119
9688  33.225  -61.105  -37.215 0.3000000119
148345  32.820  -60.784  -37.499 0.3000000119
10604  32.501  -60.078  -37.756 0.3000000119
11498  31.351  -59.381  -37.775 0.3000000119
11499  30.025  -59.060  -37.800 0.3000000119
11500  29.337  -59.525  -37.719 0.4000000060
12451  31.736  -58.358  -38.270 0.3000000119
13466  31.956  -57.429  -38.187 0.3000000119
11513  30.330  -58.633  -38.090 0.3000000119
149296  29.480  -58.572  -38.322 0.4000000060
11501  28.543  -59.512  -38.398 0.4000000060
14466  31.249  -56.847  -37.786 0.3000000119
13457  29.618  -57.368  -37.951 0.4000000060
13459  28.721  -57.751  -37.982 0.4000000060
15482  30.828  -56.154  -36.811 0.3000000119
127988  30.195  -56.623  -37.318 0.4000000060
14458  29.660  -57.099  -37.638 0.4000000060
139617  28.151  -58.104  -37.569 0.4000000060
15472  32.060  -55.370  -35.894 0.3000000119
138943  29.897  -56.751  -36.295 0.4000000060
15473  31.248  -55.864  -35.909 0.3000000119
134239  33.449  -63.073  -31.559 0.3000000119
7852  32.491  -63.634  -32.817 0.3000000119
125792  32.038  -64.205  -33.171 0.3000000119
7057  31.614  -64.205  -33.918 0.3000000119
9651  33.382  -61.715  -35.498 0.3000000119
8747  32.931  -62.115  -34.795 0.3000000119
8748  32.369  -62.702  -34.833 0.3000000119
7876  30.712  -64.169  -34.555 0.3000000119
10583  34.203  -60.723  -36.547 0.3000000119
9663  33.928  -61.121  -36.377 0.3000000119
7896  32.184  -62.404  -35.481 0.3000000119
7897  31.604  -62.839  -35.190 0.3000000119
7899  30.558  -63.101  -34.834 0.3000000119
7877  29.477  -63.589  -34.577 0.3000000119
145817  27.262  -63.204  -34.745 0.3000000119
7880  26.584  -63.820  -34.984 0.3000000119
7078  26.136  -64.927  -35.127 0.3000000119
6311  26.595  -65.979  -34.758 0.3000000119
10591  34.057  -60.707  -37.042 0.3000000119
14456  31.593  -56.277  -37.520 0.3000000119
14457  30.888  -56.440  -37.409 0.3000000119
15490  32.358  -55.767  -37.503 0.3000000119
15491  31.498  -55.878  -37.160 0.3000000119
16516  32.798  -54.892  -36.473 0.3000000119
16502  32.711  -54.753  -35.373 0.3000000119
140567  31.565  -55.588  -35.066 0.3000000119
7838  33.846  -63.226  -30.798 0.3000000119
8725  33.146  -62.327  -32.457 0.3000000119
8726  32.733  -62.783  -32.965 0.3000000119
7864  32.082  -63.468  -33.942 0.3000000119
9639  33.589  -61.445  -34.684 0.3000000119
8740  32.554  -62.790  -33.887 0.3000000119
5591  26.229  -66.836  -34.874 0.3000000119
7827  34.298  -63.310  -29.981 0.3000000119
8709  33.681  -62.363  -31.474 0.3000000119
9603  33.513  -61.549  -32.280 0.3000000119
9623  33.415  -61.399  -33.353 0.3000000119
8739  32.944  -62.069  -33.719 0.3000000119
10558  34.367  -60.909  -35.012 0.3000000119
9588  34.850  -61.952  -30.432 0.3000000119
9601  34.898  -60.883  -30.972 0.3000000119
9622  33.908  -60.784  -32.795 0.3000000119
9638  34.117  -60.808  -34.063 0.3000000119
6317  25.473  -65.688  -35.940 0.3000000119
7100  25.919  -64.703  -36.452 0.3000000119
7922  26.819  -64.006  -37.317 0.3000000119
9691  27.732  -61.736  -37.702 0.3000000119
10606  27.457  -60.459  -38.623 0.4000000060
139494  29.059  -57.258  -36.899 0.4000000060
17580  34.086  -54.039  -36.454 0.3000000119
9680  32.181  -61.494  -36.606 0.3000000119
10585  30.524  -60.010  -36.569 0.3000000119
8779  31.425  -61.659  -35.855 0.3000000119
10576  28.749  -60.547  -36.244 0.4000000060
9682  28.214  -60.874  -37.220 0.4000000060
9690  27.726  -61.118  -38.140 0.4000000060
130315  28.722  -58.335  -38.408 0.4000000060
136210  33.496  -61.306  -36.657 0.3000000119
8759  32.162  -62.108  -35.861 0.3000000119
8762  29.487  -62.267  -34.622 0.3000000119
8761  30.516  -61.905  -35.093 0.3000000119
8750  27.706  -62.440  -34.747 0.4000000060
7900  27.032  -62.738  -35.186 0.3000000119
11497  33.910  -60.279  -37.436 0.3000000119
11510  33.545  -59.589  -37.932 0.3000000119
12450  32.782  -59.064  -38.310 0.3000000119
12453  29.624  -58.112  -38.291 0.4000000060
15480  32.122  -55.314  -36.914 0.3000000119
7874  31.660  -63.321  -34.736 0.3000000119
7898  31.041  -63.423  -34.853 0.3000000119
7092  30.388  -64.063  -34.596 0.3000000119
16515  33.503  -54.525  -36.908 0.3000000119
14387  18.498  -56.966  -30.652 0.4000000060
3111  24.761  -69.827  -34.661 0.3000000119
3112  24.043  -70.172  -34.738 0.3000000119
3114  22.956  -70.709  -34.661 0.3000000119
3666  25.073  -69.527  -33.689 0.3000000119
3668  23.195  -69.668  -33.815 0.3000000119
3684  22.708  -70.266  -34.163 0.3000000119
3691  25.292  -69.261  -35.641 0.3000000119
3720  23.072  -68.824  -39.973 0.5000000000
4222  15.976  -67.590  -30.020 0.3000000119
4228  17.210  -68.329  -31.386 0.3000000119
4241  25.197  -68.742  -32.970 0.3000000119
4242  23.895  -68.283  -33.299 0.3000000119
4255  24.658  -69.063  -33.309 0.3000000119
4259  20.041  -68.697  -33.384 0.3000000119
4269  25.475  -68.640  -36.106 0.5000000000
4807  15.090  -67.605  -28.081 0.3000000119
4825  14.968  -67.540  -28.654 0.3000000119
4854  23.138  -67.519  -33.158 0.3000000119
4889  25.860  -67.236  -37.712 0.5000000000
4900  25.725  -67.585  -38.193 0.5000000000
4914  23.831  -67.103  -40.187 0.5000000000
5536  16.402  -67.137  -29.568 0.3000000119
5546  20.523  -66.410  -31.543 0.3000000119
5548  18.840  -67.012  -30.988 0.3000000119
5568  20.836  -66.829  -31.968 0.3000000119
5620  26.535  -66.063  -39.901 0.5000000000
5623  25.853  -66.269  -40.068 0.4000000060
5624  26.113  -66.589  -39.774 0.4000000060
5625  24.577  -66.851  -40.152 0.5000000000
6264  20.547  -65.677  -31.218 0.3000000119
6265  19.867  -65.724  -30.847 0.3000000119
6278  23.255  -65.575  -32.639 0.3000000119
6279  22.563  -65.160  -32.300 0.3000000119
6316  25.778  -65.801  -35.246 0.3000000119
6325  27.481  -65.153  -38.703 0.5000000000
6340  27.464  -65.104  -39.410 0.5000000000
6350  25.307  -65.831  -40.103 0.4000000060
7073  31.094  -64.176  -34.449 0.3000000119
7093  25.709  -65.024  -35.643 0.3000000119
7109  26.986  -65.024  -37.690 0.5000000000
7124  27.520  -64.544  -39.396 0.5000000000
7125  27.102  -64.849  -39.781 0.5000000000
7130  25.535  -64.965  -39.929 0.4000000060
7851  33.065  -63.349  -32.072 0.3000000119
7875  31.154  -63.565  -34.781 0.3000000119
7878  28.166  -63.382  -34.544 0.3000000119
7912  26.818  -63.093  -36.766 0.3000000119
7939  27.229  -64.107  -39.441 0.5000000000
7941  25.364  -63.639  -39.490 0.4000000060
7943  24.071  -63.939  -39.171 0.4000000060
8695  34.812  -62.651  -29.881 0.3000000119
8708  34.319  -62.571  -30.592 0.3000000119
8749  28.568  -62.609  -34.557 0.4000000060
8758  32.837  -62.060  -35.598 0.3000000119
8760  31.519  -62.501  -35.387 0.3000000119
8776  33.030  -61.531  -36.626 0.3000000119
8778  32.146  -61.944  -36.099 0.3000000119
8782  22.415  -63.137  -35.387 0.5000000000
8786  27.606  -62.530  -38.161 0.4000000060
8801  26.637  -62.782  -38.896 0.4000000060
8803  25.270  -63.239  -39.159 0.4000000060
8804  24.739  -63.460  -39.104 0.4000000060
9602  34.077  -61.357  -31.437 0.3000000119
9650  33.921  -61.259  -35.701 0.3000000119
9653  22.594  -60.953  -34.758 0.5000000000
9654  21.887  -61.126  -34.866 0.5000000000
9655  21.352  -61.345  -35.262 0.4000000060
9664  33.354  -61.571  -36.192 0.3000000119
9666  29.418  -61.174  -34.904 0.4000000060
9667  28.568  -61.006  -35.357 0.4000000060
9668  23.153  -61.531  -35.154 0.4000000060
9670  20.824  -61.547  -35.843 0.6000000238
9677  33.831  -61.074  -36.829 0.3000000119
9678  33.349  -61.280  -36.906 0.3000000119
9679  32.864  -61.447  -36.851 0.3000000119
9689  32.583  -61.143  -37.140 0.3000000119
9693  24.424  -61.789  -37.170 0.4000000060
9699  25.740  -61.903  -38.602 0.4000000060
9704  26.700  -61.748  -38.670 0.4000000060
10560  22.914  -60.208  -34.621 0.4000000060
10572  34.529  -60.346  -36.161 0.3000000119
10574  30.137  -60.245  -35.896 0.3000000119
10589  21.009  -60.957  -36.966 0.6000000238
10592  33.690  -60.821  -37.285 0.3000000119
10593  32.063  -60.397  -37.480 0.3000000119
10596  25.842  -60.277  -37.853 0.4000000060
10603  33.296  -60.460  -37.615 0.3000000119
10607  26.900  -60.098  -38.684 0.3000000119
10608  26.009  -60.506  -38.402 0.4000000060
10609  25.578  -61.225  -38.350 0.4000000060
10613  26.433  -60.797  -38.629 0.4000000060
11464  25.318  -59.363  -35.016 0.4000000060
11481  22.044  -58.879  -35.357 0.6999999881
11489  30.038  -59.581  -37.144 0.4000000060
11502  26.599  -59.487  -37.919 0.4000000060
11504  21.354  -59.398  -37.550 0.6000000238
11506  20.498  -59.898  -38.052 0.5000000000
11511  32.905  -59.765  -37.992 0.3000000119
11512  31.210  -58.765  -38.100 0.3000000119
11514  28.979  -58.956  -38.407 0.4000000060
11517  26.740  -59.659  -38.444 0.4000000060
12413  23.035  -58.529  -34.585 0.5000000000
12424  26.476  -58.702  -35.165 0.4000000060
12426  22.335  -58.330  -36.020 0.6999999881
12427  21.988  -58.744  -36.886 0.6999999881
12436  26.849  -58.964  -36.284 0.4000000060
12438  19.449  -58.099  -36.972 0.5000000000
12442  27.642  -58.587  -37.895 0.4000000060
12446  20.249  -58.720  -37.571 0.5000000000
12452  30.565  -58.148  -38.158 0.4000000060
12454  27.825  -58.739  -38.451 0.3000000119
13423  28.213  -57.588  -34.645 0.5000000000
13426  24.889  -57.578  -34.269 0.5000000000
13428  22.953  -57.930  -34.959 0.6999999881
13438  28.686  -57.688  -36.109 0.5000000000
13447  29.145  -57.315  -37.521 0.4000000060
13448  28.615  -57.615  -37.220 0.4000000060
13458  29.260  -57.444  -37.912 0.4000000060
13462  20.857  -57.537  -37.531 0.5000000000
13467  30.886  -57.542  -38.031 0.3000000119
13468  29.941  -57.618  -38.091 0.4000000060
13469  29.258  -57.713  -38.208 0.4000000060
14312  20.094  -56.148  -26.599 0.6000000238
14329  20.379  -56.529  -27.206 0.4000000060
14332  17.985  -56.607  -27.493 0.5000000000
14351  20.300  -56.949  -27.945 0.5000000000
14353  18.307  -57.153  -27.782 0.5000000000
14355  16.294  -56.722  -27.841 0.5000000000
14357  14.877  -56.339  -28.454 0.5000000000
14386  19.435  -56.732  -30.741 0.4000000060
14409  29.856  -56.404  -33.905 0.6000000238
14411  28.164  -56.000  -33.523 0.6000000238
14422  30.266  -56.514  -34.620 0.5000000000
14425  27.265  -56.914  -33.899 0.5000000000
14427  25.590  -56.242  -34.222 0.6000000238
14438  30.479  -56.403  -35.833 0.3000000119
14441  24.218  -56.045  -35.552 0.6999999881
14447  30.185  -56.518  -36.754 0.4000000060
14448  29.594  -56.861  -37.025 0.4000000060
14452  20.859  -56.111  -37.103 0.6999999881
14459  22.511  -56.566  -37.472 0.6999999881
15379  20.758  -56.143  -26.910 0.6000000238
15420  20.603  -55.708  -31.431 0.6000000238
15460  27.195  -54.817  -33.969 0.6000000238
15475  24.036  -55.289  -36.213 0.6000000238
15476  19.755  -54.778  -36.002 0.6000000238
15481  31.540  -55.690  -36.656 0.3000000119
16323  13.025  -54.437  -23.826 0.5000000000
16363  11.829  -54.529  -25.124 0.5000000000
16382  22.316  -54.427  -26.602 0.6000000238
16384  20.590  -55.092  -25.835 0.6000000238
16386  19.192  -54.664  -26.111 0.5000000000
16397  22.628  -54.496  -27.456 0.6999999881
16398  22.228  -55.151  -27.800 0.6000000238
16407  22.821  -54.562  -28.357 0.6000000238
16415  22.913  -54.608  -29.347 0.6000000238
16446  25.283  -54.465  -31.580 0.6999999881
16447  24.545  -54.547  -31.453 0.6000000238
16449  22.521  -54.491  -31.371 0.6999999881
16462  24.930  -54.331  -32.386 0.6999999881
16463  21.386  -54.322  -32.550 0.5000000000
16478  30.445  -54.295  -33.403 0.4000000060
16479  28.011  -54.386  -33.782 0.6000000238
16480  19.664  -54.075  -33.700 0.5000000000
16481  18.823  -54.108  -33.960 0.5000000000
16490  31.800  -54.819  -33.833 0.4000000060
16494  18.769  -53.906  -34.855 0.5000000000
16501  33.416  -54.386  -35.960 0.3000000119
16503  32.041  -55.113  -34.693 0.3000000119
16510  19.222  -54.090  -35.445 0.5000000000
16528  32.928  -55.041  -37.221 0.3000000119
17400  20.225  -53.371  -24.490 0.5000000000
17402  13.870  -54.131  -24.199 0.5000000000
17418  21.488  -53.786  -25.143 0.6000000238
17419  20.647  -53.930  -24.913 0.6000000238
17421  13.825  -54.061  -25.270 0.6000000238
17433  21.896  -54.209  -25.813 0.6000000238
17434  19.182  -53.826  -25.590 0.5000000000
17437  13.622  -53.862  -26.272 0.6000000238
17438  12.999  -53.970  -26.633 0.5000000000
17439  11.683  -53.631  -26.508 0.5000000000
17447  24.202  -53.205  -27.496 0.6999999881
17451  14.044  -53.477  -26.715 0.6000000238
17452  13.546  -53.546  -27.111 0.5000000000
17453  12.071  -53.049  -27.250 0.5000000000
17459  24.626  -53.246  -28.101 0.6999999881
17470  25.564  -53.725  -29.363 0.6999999881
17473  23.440  -54.331  -29.855 0.6999999881
17488  27.195  -53.533  -30.098 0.6999999881
17490  24.262  -54.414  -30.554 0.6999999881
17504  26.531  -53.587  -31.779 0.6999999881
17507  23.164  -54.369  -31.528 0.6999999881
17517  25.262  -53.471  -33.107 0.6999999881
17519  23.561  -53.919  -33.351 0.6000000238
17521  21.656  -54.036  -32.915 0.5000000000
17522  21.031  -53.851  -33.352 0.5000000000
17530  33.049  -52.816  -33.631 0.4000000060
17534  29.730  -53.429  -33.603 0.4000000060
17539  22.124  -53.163  -34.349 0.6999999881
17540  20.857  -53.430  -34.138 0.5000000000
17550  34.289  -53.061  -34.719 0.4000000060
17552  32.866  -53.719  -33.931 0.4000000060
17555  22.289  -52.493  -35.119 0.6000000238
17556  20.956  -53.189  -34.744 0.6000000238
17563  34.681  -53.447  -35.799 0.4000000060
17565  26.722  -52.507  -35.572 0.6999999881
17569  22.847  -52.475  -35.886 0.6999999881
17571  21.386  -53.252  -35.189 0.6000000238
17581  23.580  -53.194  -36.221 0.6999999881
18480  20.820  -52.124  -23.666 0.6000000238
18482  19.377  -52.111  -24.044 0.5000000000
18484  14.667  -52.704  -23.198 0.6000000238
18485  13.956  -53.180  -22.977 0.5000000000
18498  22.030  -52.608  -24.372 0.6000000238
18500  19.664  -52.786  -24.305 0.5000000000
18501  19.011  -52.301  -24.646 0.5000000000
18502  15.643  -52.046  -23.976 0.6000000238
18503  15.122  -52.898  -23.854 0.6000000238
18512  23.392  -52.582  -25.377 0.6999999881
18514  19.158  -53.151  -24.938 0.5000000000
18517  14.775  -53.044  -25.557 0.6000000238
18526  25.077  -52.325  -26.656 0.6999999881
18528  23.056  -53.238  -25.796 0.6999999881
18529  18.836  -52.937  -25.892 0.5000000000
18532  14.574  -53.015  -26.460 0.6000000238
18541  18.777  -52.648  -27.460 0.5000000000
18545  12.737  -52.737  -27.853 0.5000000000
18555  26.760  -52.938  -28.531 0.6000000238
18559  13.197  -52.137  -28.405 0.5000000000
18566  28.558  -52.610  -29.537 0.6000000238
18567  27.398  -53.174  -29.143 0.6000000238
18611  32.969  -51.845  -33.659 0.4000000060
18612  32.413  -52.277  -33.521 0.4000000060
18619  23.320  -51.591  -34.932 0.6999999881
18628  35.239  -52.006  -34.779 0.4000000060
18642  36.452  -51.985  -35.636 0.4000000060
18646  26.145  -51.678  -35.734 0.6000000238
18650  22.632  -52.008  -35.610 0.6999999881
19556  15.024  -51.094  -22.755 0.6000000238
19557  14.409  -51.555  -22.827 0.5000000000
19573  21.210  -51.447  -23.331 0.6000000238
19574  20.349  -51.562  -23.332 0.6000000238
19576  15.365  -51.558  -23.137 0.6000000238
19592  23.375  -51.607  -24.218 0.6000000238
19594  21.666  -52.007  -23.768 0.6000000238
19595  18.877  -51.563  -24.269 0.5000000000
19601  25.330  -51.493  -25.568 0.6999999881
19613  27.080  -51.379  -26.903 0.6999999881
19614  26.027  -51.425  -25.994 0.6999999881
19616  15.612  -51.709  -26.438 0.6000000238
19623  28.192  -51.519  -27.683 0.6000000238
19625  26.510  -52.008  -27.310 0.6000000238
19637  28.793  -51.645  -28.233 0.6000000238
19640  15.281  -51.460  -28.766 0.6000000238
19642  13.789  -51.619  -29.006 0.5000000000
19657  29.722  -51.728  -29.673 0.6999999881
19659  18.744  -51.086  -29.755 0.4000000060
19660  14.903  -51.097  -29.457 0.6000000238
19661  14.190  -50.924  -29.505 0.5000000000
19683  28.809  -51.965  -31.199 0.6999999881
19701  32.052  -51.474  -33.868 0.4000000060
19704  25.446  -50.602  -34.944 0.8000000119
19715  29.107  -51.736  -34.577 0.4000000060
19716  25.954  -50.670  -35.093 0.6999999881
19718  24.425  -50.650  -35.642 0.6999999881
19725  30.209  -50.470  -34.656 0.5000000000
19729  26.414  -51.066  -35.219 0.6000000238
19730  24.748  -50.724  -35.808 0.8000000119
20662  22.965  -49.900  -22.554 0.6000000238
20665  19.942  -50.304  -22.594 0.5000000000
20667  14.606  -50.689  -22.796 0.6000000238
20684  24.683  -50.411  -23.738 0.6999999881
20685  23.409  -50.468  -23.108 0.6000000238
20688  20.683  -50.904  -22.911 0.5000000000
20691  16.159  -49.843  -23.381 0.6000000238
20711  24.654  -51.004  -24.362 0.6000000238
20713  18.299  -50.088  -24.643 0.5000000000
20715  16.038  -51.142  -24.551 0.6000000238
20728  27.105  -50.520  -25.670 0.6999999881
20730  25.287  -51.069  -24.897 0.6999999881
20733  16.093  -50.907  -25.789 0.6000000238
20748  18.288  -50.545  -26.513 0.5000000000
20749  16.079  -50.876  -26.952 0.6000000238
20762  18.120  -50.284  -27.276 0.6000000238
20780  30.668  -50.555  -28.799 0.6999999881
20783  12.275  -49.647  -28.977 0.5000000000
20796  30.749  -50.724  -29.730 0.6999999881
20799  16.281  -50.064  -29.353 0.6000000238
20800  15.450  -50.414  -29.662 0.6000000238
20802  13.646  -49.820  -29.918 0.5000000000
20803  12.810  -49.731  -29.486 0.5000000000
20812  18.374  -50.806  -30.503 0.6000000238
20822  29.963  -51.045  -31.282 0.6999999881
20826  14.870  -49.818  -31.838 0.5000000000
20832  29.977  -50.164  -32.571 0.6999999881
20834  28.176  -50.603  -33.780 0.6000000238
20835  16.403  -50.063  -32.673 0.5000000000
20836  15.485  -50.361  -32.667 0.5000000000
20840  28.213  -50.622  -34.188 0.6999999881
20847  33.490  -50.611  -34.565 0.4000000060
20849  29.299  -50.405  -34.308 0.6000000238
20852  26.798  -50.891  -34.783 0.6999999881
20859  33.337  -49.941  -35.188 0.4000000060
20861  29.709  -50.452  -34.534 0.6000000238
20869  38.704  -50.496  -36.114 0.3000000119
21807  23.376  -49.064  -22.364 0.5000000000
21809  21.502  -49.271  -22.107 0.6000000238
21811  19.551  -49.329  -22.380 0.5000000000
21812  18.710  -48.914  -22.740 0.5000000000
21813  15.974  -48.739  -22.681 0.6000000238
21815  14.759  -49.570  -22.703 0.6000000238
21822  25.527  -49.310  -23.469 0.6999999881
21824  23.818  -49.749  -22.800 0.6000000238
21826  16.513  -49.070  -23.429 0.6000000238
21829  14.041  -50.434  -23.238 0.6000000238
21842  26.018  -49.866  -24.176 0.6000000238
21845  13.390  -50.266  -24.361 0.5000000000
21860  29.003  -49.366  -25.600 0.8000000119
21861  27.426  -49.899  -25.151 0.8000000119
21862  26.637  -50.196  -24.963 0.8000000119
21863  17.853  -49.545  -25.402 0.5000000000
21864  17.286  -49.230  -25.522 0.6000000238
21876  30.397  -49.391  -26.861 0.6999999881
21878  28.647  -50.033  -26.024 0.6999999881
21881  16.959  -49.836  -27.096 0.6000000238
21896  30.820  -49.586  -27.611 0.6999999881
21899  17.252  -49.800  -27.849 0.6000000238
21900  16.658  -50.088  -28.353 0.6000000238
21915  17.819  -49.961  -28.535 0.6000000238
21917  16.946  -49.889  -29.107 0.6000000238
21930  31.170  -50.168  -29.272 0.6999999881
21931  18.401  -50.406  -28.902 0.6000000238
21935  15.009  -49.989  -30.161 0.6000000238
21936  14.344  -49.822  -30.434 0.5000000000
21943  31.196  -50.315  -30.186 0.6999999881
21944  17.502  -50.085  -30.288 0.6000000238
21946  15.125  -49.807  -30.742 0.5000000000
21951  31.037  -50.194  -31.178 0.6999999881
21952  16.254  -49.658  -31.898 0.6000000238
21953  15.365  -49.664  -31.495 0.5000000000
21960  30.013  -49.826  -33.264 0.6999999881
21974  29.900  -49.803  -34.062 0.6000000238
21975  28.981  -50.367  -34.127 0.6999999881
21981  32.894  -49.420  -35.441 0.4000000060
21983  30.714  -49.818  -34.722 0.5000000000
21984  29.882  -50.001  -34.330 0.6999999881
21988  40.041  -49.800  -36.559 0.3000000119
22897  24.575  -48.275  -22.558 0.5000000000
22899  22.890  -48.350  -22.072 0.6000000238
22901  20.916  -48.408  -21.836 0.6000000238
22903  18.570  -47.897  -22.666 0.5000000000
22904  17.787  -47.726  -23.113 0.6000000238
22906  15.517  -48.162  -22.488 0.6000000238
22907  14.989  -48.656  -22.484 0.6000000238
22912  27.505  -47.957  -23.767 0.6000000238
22913  26.842  -48.203  -23.605 0.5000000000
22915  25.034  -48.803  -22.909 0.5000000000
22918  16.779  -48.375  -23.183 0.6000000238
22923  29.338  -47.924  -24.576 0.6999999881
22924  28.772  -48.200  -24.502 0.8000000119
22925  27.230  -48.697  -24.102 0.6000000238
22927  17.156  -48.826  -24.025 0.6000000238
22932  30.305  -48.350  -25.566 0.8000000119
22934  17.516  -49.059  -24.792 0.6000000238
22935  17.057  -49.116  -24.816 0.6000000238
22936  14.006  -48.569  -25.039 0.4000000060
22946  30.686  -48.737  -26.371 0.6000000238
22961  31.665  -48.786  -27.584 0.6999999881
22980  32.041  -49.418  -29.729 0.6999999881
23005  32.259  -48.361  -34.240 0.6000000238
23006  31.672  -48.753  -34.072 0.6000000238
23014  32.365  -48.474  -34.827 0.5000000000
23015  31.683  -48.879  -34.593 0.6000000238
23020  35.311  -48.196  -35.748 0.4000000060
23021  34.421  -48.151  -35.514 0.4000000060
23024  31.807  -49.028  -35.041 0.5000000000
23028  38.863  -48.605  -36.367 0.3000000119
23030  36.876  -47.919  -36.184 0.3000000119
23924  25.044  -46.855  -22.636 0.5000000000
23926  23.694  -47.353  -22.306 0.5000000000
23927  22.477  -47.655  -22.006 0.4000000060
23928  21.946  -47.264  -22.144 0.4000000060
23929  20.702  -47.535  -21.909 0.4000000060
23932  17.323  -47.145  -22.772 0.5000000000
23933  16.288  -47.327  -22.514 0.6000000238
23934  15.483  -47.274  -22.476 0.6000000238
23945  14.977  -47.079  -22.736 0.6000000238
23946  14.570  -47.736  -23.049 0.6000000238
23953  30.315  -47.101  -24.445 0.8000000119
23956  14.393  -47.689  -24.160 0.6000000238
23983  31.815  -47.701  -26.374 0.6000000238
23999  32.783  -47.662  -27.605 0.6000000238
24015  32.922  -48.187  -28.984 0.6999999881
24047  33.464  -47.549  -33.063 0.6000000238
24048  33.016  -48.106  -32.759 0.6000000238
24054  33.356  -47.381  -33.873 0.6000000238
24060  34.102  -47.246  -34.765 0.5000000000
24065  36.317  -47.463  -35.665 0.4000000060
24067  34.586  -47.456  -35.198 0.5000000000
24080  40.240  -48.194  -37.166 0.3000000119
24996  20.436  -46.681  -22.261 0.5000000000
24998  17.857  -46.452  -22.728 0.5000000000
25001  15.428  -46.599  -22.617 0.6000000238
25010  29.739  -46.495  -23.776 0.6000000238
25017  15.140  -46.267  -23.042 0.6000000238
25025  31.483  -46.077  -24.456 0.6000000238
25042  31.975  -46.506  -25.202 0.6999999881
25048  15.108  -46.345  -25.030 0.5000000000
25049  14.762  -47.260  -25.795 0.4000000060
25059  32.822  -46.600  -26.495 0.6000000238
25065  15.459  -46.871  -27.171 0.4000000060
25074  33.138  -46.929  -27.289 0.6000000238
25086  33.352  -47.297  -28.041 0.6000000238
25091  16.371  -46.514  -29.522 0.3000000119
25098  34.008  -46.996  -29.575 0.6000000238
25106  34.269  -46.934  -30.454 0.6999999881
25117  34.483  -46.768  -31.447 0.6000000238
25126  34.551  -46.570  -32.483 0.6000000238
25141  35.425  -46.668  -34.666 0.5000000000
25143  34.202  -46.895  -34.251 0.5000000000
25148  36.692  -46.818  -35.273 0.4000000060
25149  35.847  -46.991  -35.162 0.5000000000
25154  41.428  -46.209  -36.938 0.3000000119
25155  40.548  -46.429  -36.705 0.3000000119
25158  38.001  -46.892  -35.871 0.3000000119
26087  17.200  -45.788  -22.593 0.5000000000
26088  16.450  -45.792  -22.606 0.5000000000
26101  19.796  -44.841  -22.961 0.6000000238
26102  18.053  -44.557  -22.865 0.6000000238
26104  15.628  -45.455  -23.406 0.6000000238
26117  20.809  -44.756  -24.464 0.6000000238
26119  15.488  -45.529  -24.458 0.6000000238
26131  32.553  -45.827  -25.337 0.6000000238
26137  15.983  -44.952  -24.981 0.6000000238
26145  33.497  -45.242  -26.320 0.6000000238
26151  21.105  -44.496  -26.980 0.4000000060
26162  17.485  -46.007  -28.150 0.4000000060
26169  34.359  -45.799  -28.715 0.6000000238
26184  34.656  -45.669  -29.490 0.6000000238
26192  18.724  -45.761  -30.404 0.4000000060
26193  18.014  -46.117  -29.752 0.4000000060
26194  17.184  -46.307  -29.791 0.4000000060
26213  17.734  -45.861  -30.257 0.4000000060
26214  16.987  -45.619  -30.411 0.3000000119
26242  37.115  -45.650  -33.865 0.4000000060
26243  36.376  -45.832  -33.694 0.6000000238
26245  35.212  -46.072  -33.079 0.6000000238
26249  36.741  -46.068  -34.273 0.4000000060
27213  17.327  -43.908  -23.376 0.5000000000
27227  19.714  -43.614  -24.492 0.5000000000
27230  16.520  -44.103  -24.378 0.6000000238
27237  33.105  -44.542  -25.132 0.5000000000
27243  19.735  -43.202  -25.445 0.5000000000
27248  34.338  -44.245  -27.023 0.6000000238
27255  17.413  -43.930  -26.063 0.4000000060
27267  17.890  -45.071  -27.730 0.4000000060
27280  20.701  -44.715  -29.244 0.4000000060
27282  18.853  -45.348  -28.895 0.4000000060
27304  35.471  -44.763  -30.814 0.6000000238
27320  35.841  -44.966  -31.599 0.6000000238
27337  37.476  -44.704  -32.823 0.4000000060
27339  36.128  -45.157  -32.190 0.6000000238
27352  38.400  -45.165  -34.354 0.4000000060
27358  39.827  -44.587  -35.483 0.3000000119
27359  39.186  -44.951  -35.229 0.4000000060
28329  19.011  -42.975  -25.042 0.4000000060
28330  18.189  -43.008  -24.683 0.6000000238
28336  20.117  -43.160  -26.422 0.4000000060
28339  17.696  -43.201  -25.350 0.5000000000
28344  34.034  -43.973  -26.105 0.6000000238
28348  20.106  -43.170  -27.372 0.4000000060
28349  19.508  -42.938  -27.066 0.4000000060
28350  18.659  -43.047  -26.678 0.4000000060
28351  17.985  -43.293  -26.205 0.4000000060
28363  19.775  -43.457  -27.845 0.4000000060
28384  35.393  -43.387  -28.821 0.5000000000
28410  36.059  -44.218  -31.105 0.4000000060
28424  37.099  -44.257  -32.083 0.4000000060
29549  22.240  -43.362  -31.402 0.4000000060
30563  16.754  -41.838  -28.131 0.3000000119
30574  23.010  -41.016  -29.748 0.4000000060
30578  17.098  -42.456  -28.739 0.3000000119
30584  37.095  -41.981  -30.023 0.5000000000
30588  22.144  -41.403  -30.925 0.4000000060
30589  21.303  -41.354  -30.451 0.3000000119
31517  18.376  -40.257  -23.581 0.4000000060
31518  17.818  -40.271  -23.088 0.3000000119
31564  17.930  -40.250  -27.603 0.3000000119
31565  16.264  -40.509  -27.069 0.4000000060
31580  17.682  -40.905  -28.064 0.3000000119
31596  22.788  -40.603  -30.783 0.4000000060
31598  19.960  -41.208  -28.973 0.3000000119
31599  19.009  -41.275  -28.746 0.3000000119
31614  22.100  -40.110  -30.898 0.4000000060
32582  18.094  -39.315  -22.487 0.3000000119
32593  18.956  -39.295  -23.015 0.3000000119
32598  21.034  -38.974  -24.396 0.3000000119
32599  20.509  -39.285  -24.024 0.4000000060
32601  19.147  -40.230  -24.130 0.4000000060
32603  17.169  -40.164  -24.740 0.3000000119
32616  20.713  -39.628  -24.642 0.3000000119
32617  19.908  -40.154  -25.047 0.3000000119
32654  20.749  -39.662  -27.895 0.3000000119
32674  19.419  -40.580  -28.466 0.3000000119
32704  23.157  -39.514  -30.711 0.4000000060
32705  22.300  -39.546  -30.869 0.3000000119
33752  19.918  -39.055  -23.482 0.4000000060
33753  18.390  -38.452  -22.705 0.3000000119
33784  22.165  -38.238  -26.256 0.3000000119
33817  22.412  -37.846  -29.010 0.4000000060
33818  22.043  -38.662  -29.676 0.4000000060
34895  18.889  -37.349  -23.743 0.3000000119
34906  21.835  -37.855  -25.588 0.3000000119
34907  21.203  -37.520  -25.025 0.5000000000
34923  22.122  -37.344  -26.426 0.3000000119
34954  23.528  -37.119  -30.428 0.4000000060
34955  23.286  -37.045  -31.077 0.4000000060
34956  22.767  -37.015  -30.869 0.4000000060
36049  18.357  -36.523  -24.372 0.3000000119
36061  19.771  -36.354  -25.050 0.3000000119
36072  21.697  -36.311  -26.692 0.3000000119
36073  20.897  -36.098  -25.948 0.3000000119
36086  24.220  -35.966  -28.176 0.3000000119
36094  23.696  -35.905  -29.165 0.3000000119
36095  23.162  -36.002  -29.837 0.3000000119
36105  23.556  -36.620  -29.703 0.3000000119
36123  23.000  -36.887  -30.960 0.3000000119
37337  25.181  -35.318  -26.200 0.3000000119
37338  24.708  -35.297  -26.764 0.3000000119
37340  20.075  -35.442  -26.059 0.3000000119
37341  18.248  -34.898  -25.689 0.3000000119
37353  21.773  -35.033  -28.003 0.3000000119
37363  23.329  -35.243  -29.353 0.3000000119
38537  25.017  -34.607  -26.342 0.3000000119
38539  18.871  -34.441  -26.128 0.3000000119
38550  21.016  -34.530  -27.290 0.3000000119
38561  21.586  -34.248  -28.049 0.3000000119
38562  21.024  -33.862  -27.594 0.3000000119
38573  22.790  -34.689  -29.237 0.3000000119
38574  22.425  -34.032  -28.801 0.3000000119
39679  17.761  -32.862  -25.948 0.3000000119
39688  20.361  -33.858  -27.174 0.3000000119
39689  19.838  -33.122  -27.205 0.3000000119
39690  19.083  -33.140  -26.722 0.3000000119
39699  23.616  -33.894  -28.184 0.3000000119
39702  20.662  -33.262  -27.570 0.3000000119
39711  23.020  -33.332  -28.633 0.3000000119
40801  23.452  -32.493  -28.044 0.3000000119
40802  19.187  -31.796  -27.044 0.3000000119
40803  18.754  -32.373  -26.692 0.3000000119
40814  23.133  -32.749  -28.437 0.3000000119
40815  21.094  -31.931  -28.320 0.3000000119
40820  22.752  -32.666  -28.642 0.3000000119
40821  22.154  -32.632  -28.729 0.3000000119
41934  18.433  -31.383  -26.598 0.3000000119
41949  22.833  -31.140  -28.480 0.3000000119
41952  20.600  -31.252  -28.063 0.3000000119
41960  21.774  -31.895  -28.668 0.3000000119
43011  22.342  -30.390  -28.630 0.3000000119
43014  20.102  -29.804  -27.704 0.3000000119
44031  22.139  -29.490  -28.659 0.3000000119
44033  20.801  -29.410  -28.220 0.3000000119
44034  20.199  -28.913  -27.649 0.3000000119
45285  21.577  -27.900  -28.599 0.3000000119
45300  21.867  -27.546  -28.893 0.3000000119
124390  21.193  -59.124  -37.660 0.6000000238
124483  25.066  -53.402  -28.678 0.6999999881
124513  23.089  -47.304  -22.254 0.6000000238
124573  25.077  -66.461  -40.154 0.5000000000
124869  20.818  -59.315  -37.797 0.6000000238
124914  25.855  -51.689  -33.688 0.8000000119
125011  27.468  -51.840  -32.599 0.6000000238
125193  29.063  -50.296  -26.741 0.6000000238
125306  18.738  -52.014  -27.124 0.5000000000
125416  18.837  -52.083  -29.100 0.5000000000
125471  32.516  -46.375  -25.825 0.6000000238
125495  28.170  -46.727  -23.553 0.5000000000
126046  19.725  -57.293  -28.741 0.5000000000
126364  33.671  -61.061  -37.074 0.3000000119
126459  22.607  -52.899  -25.101 0.6999999881
126518  20.911  -39.813  -25.595 0.3000000119
126633  26.166  -48.005  -23.263 0.6000000238
126676  24.924  -61.171  -37.259 0.4000000060
126708  27.837  -53.013  -30.859 0.6000000238
126736  18.551  -50.746  -28.038 0.6000000238
127045  28.808  -50.375  -33.771 0.6999999881
127165  21.972  -28.422  -28.783 0.3000000119
127401  23.800  -52.844  -26.200 0.6999999881
127660  25.803  -51.094  -25.352 0.6999999881
128098  35.768  -49.113  -35.546 0.4000000060
128411  19.456  -41.840  -29.344 0.3000000119
128927  39.601  -49.052  -36.501 0.3000000119
129138  18.381  -30.410  -26.686 0.3000000119
129293  34.903  -47.835  -35.518 0.5000000000
129314  17.070  -40.602  -27.580 0.3000000119
129968  29.371  -51.095  -28.012 0.6000000238
130116  32.729  -48.689  -31.278 0.6999999881
130284  30.980  -50.759  -34.688 0.4000000060
130709  23.934  -66.130  -32.832 0.3000000119
131180  20.163  -30.615  -27.751 0.3000000119
131563  22.951  -53.927  -27.048 0.6999999881
131585  25.735  -54.156  -30.219 0.6999999881
131780  17.426  -39.297  -22.056 0.3000000119
132175  18.799  -46.097  -22.594 0.6000000238
132716  26.275  -63.794  -36.313 0.3000000119
133576  16.218  -46.239  -27.062 0.4000000060
134203  18.952  -68.751  -32.750 0.3000000119
134209  19.937  -51.060  -23.018 0.5000000000
134325  20.235  -34.402  -26.774 0.3000000119
134757  20.075  -47.978  -21.873 0.5000000000
135315  38.641  -47.935  -36.612 0.3000000119
135354  20.602  -44.954  -23.412 0.5000000000
135768  17.514  -57.435  -30.969 0.5000000000
136593  21.245  -52.575  -24.033 0.6000000238
136751  26.031  -68.903  -33.235 0.3000000119
136766  32.071  -49.412  -35.284 0.4000000060
136985  27.177  -63.371  -38.944 0.4000000060
137054  21.555  -47.709  -21.853 0.4000000060
137221  23.222  -33.996  -28.684 0.3000000119
137299  23.588  -37.490  -30.839 0.4000000060
137428  41.508  -49.331  -37.029 0.3000000119
137568  19.611  -55.542  -26.308 0.6000000238
137652  22.696  -56.822  -37.389 0.6999999881
137850  30.271  -57.011  -37.798 0.3000000119
138148  22.486  -59.718  -34.653 0.5000000000
138527  21.748  -68.640  -33.546 0.3000000119
138861  18.894  -39.932  -23.390 0.4000000060
139629  21.937  -54.946  -36.416 0.6999999881
139662  37.036  -50.456  -35.342 0.3000000119
139994  30.129  -55.109  -33.419 0.5000000000
140441  32.110  -59.281  -38.109 0.3000000119
140450  18.892  -44.489  -23.093 0.6000000238
140487  22.260  -53.675  -33.427 0.6000000238
140587  25.490  -34.992  -25.890 0.3000000119
140628  18.269  -45.980  -29.144 0.4000000060
140668  25.477  -50.868  -35.571 0.8000000119
141326  27.111  -53.104  -35.096 0.6999999881
141510  24.539  -54.785  -36.017 0.6000000238
141572  18.595  -51.140  -27.066 0.5000000000
142079  34.141  -45.659  -27.907 0.6000000238
142289  33.002  -47.850  -28.264 0.6000000238
142356  27.566  -52.657  -31.737 0.6000000238
142563  22.752  -55.458  -36.741 0.6999999881
142906  21.927  -33.960  -28.539 0.3000000119
142908  20.435  -32.010  -27.816 0.3000000119
142982  21.156  -67.329  -32.516 0.3000000119
143371  22.822  -38.885  -30.936 0.4000000060
143577  24.933  -69.693  -35.275 0.3000000119
143590  22.443  -38.033  -27.837 0.3000000119
143671  17.097  -41.223  -27.931 0.3000000119
143767  21.932  -40.726  -30.886 0.4000000060
144019  22.434  -58.013  -36.928 0.6999999881
144336  28.980  -47.623  -24.215 0.8000000119
144403  20.821  -38.133  -24.374 0.4000000060
144997  25.785  -64.183  -39.795 0.4000000060
145240  23.871  -53.195  -26.908 0.6999999881
145260  29.270  -49.755  -26.228 0.8000000119
146032  22.754  -37.701  -31.014 0.4000000060
146220  17.488  -49.558  -26.100 0.6000000238
146672  24.123  -50.268  -23.283 0.6000000238
146789  26.436  -68.647  -33.595 0.3000000119
146874  25.653  -67.123  -39.631 0.4000000060
146892  18.091  -33.504  -25.992 0.3000000119
147058  16.348  -44.654  -23.348 0.5000000000
147157  23.352  -51.121  -35.900 0.6999999881
147453  35.529  -48.605  -35.730 0.4000000060
147568  18.018  -50.102  -29.141 0.6000000238
147572  18.305  -57.224  -30.066 0.5000000000
147706  32.114  -45.795  -24.746 0.6000000238
147819  25.333  -68.525  -36.934 0.4000000060
148208  15.814  -46.240  -26.349 0.4000000060
148437  16.851  -49.939  -27.676 0.6000000238
148593  27.355  -59.885  -38.732 0.4000000060
148709  25.432  -51.825  -26.162 0.6999999881
148745  12.632  -52.099  -28.121 0.5000000000
148783  29.151  -52.722  -34.149 0.6000000238
148934  31.234  -49.199  -27.581 0.6999999881
149041  17.818  -31.448  -26.147 0.3000000119
149630  16.177  -45.283  -22.845 0.6000000238
149640  20.303  -44.119  -24.487 0.4000000060
150187  29.637  -54.237  -33.430 0.4000000060
150261  26.449  -51.546  -26.630 0.6999999881
150477  16.841  -49.062  -24.231 0.6000000238
