#!ascii label  , from subject sub-LJ002 vox2ras=TkReg
2091
7938  14.749  -63.774  -38.102 0.6999999881
134675  13.815  -63.726  -37.558 0.8000000119
7917  13.880  -63.005  -36.736 0.8000000119
7907  12.379  -62.918  -36.261 0.6999999881
6334  14.876  -65.288  -38.480 0.6000000238
7115  14.325  -64.542  -38.197 0.6000000238
7918  13.019  -63.160  -36.915 0.6000000238
141324  15.196  -65.600  -38.367 0.6000000238
7916  14.672  -62.806  -36.463 0.8000000119
7906  13.303  -62.916  -35.997 0.6999999881
7885  13.745  -63.332  -35.021 0.6999999881
7081  13.274  -63.927  -34.272 0.6999999881
7123  14.999  -64.647  -38.506 0.6000000238
7928  14.330  -63.127  -37.404 0.6999999881
7886  12.611  -63.138  -35.290 0.6999999881
142453  15.570  -66.057  -37.766 0.6000000238
5607  16.350  -66.872  -36.822 0.6000000238
4894  14.943  -67.171  -36.951 0.6000000238
4294  16.226  -69.447  -37.922 0.6000000238
131134  15.709  -69.433  -37.452 0.6000000238
7883  15.562  -63.489  -34.481 0.8000000119
7867  15.918  -63.899  -33.618 0.8000000119
127099  14.650  -64.653  -33.313 0.6999999881
7052  14.996  -64.864  -32.347 0.6999999881
6266  14.413  -65.065  -31.694 0.6999999881
8771  15.313  -62.638  -35.962 0.8000000119
7884  14.700  -63.497  -34.746 0.6999999881
128093  13.766  -64.707  -33.506 0.6999999881
8785  15.196  -62.405  -36.800 0.6999999881
7080  14.243  -64.093  -34.133 0.6999999881
145869  14.933  -62.936  -37.517 0.6999999881
6345  15.445  -65.087  -38.579 0.6999999881
131051  16.339  -65.887  -37.452 0.6000000238
6333  15.796  -65.367  -38.336 0.6000000238
4282  16.249  -68.923  -37.218 0.6000000238
4893  15.608  -68.169  -36.680 0.6000000238
4302  16.325  -69.408  -38.757 0.6000000238
3160  16.147  -70.488  -40.718 0.6999999881
3723  15.756  -70.324  -40.188 0.6000000238
2194  16.406  -71.662  -41.079 0.5000000000
2657  16.188  -71.441  -41.069 0.6000000238
2189  15.873  -72.190  -40.876 0.5000000000
7865  17.102  -63.044  -33.748 0.8999999762
7060  15.486  -64.467  -33.042 0.8000000119
7051  15.729  -64.431  -32.081 0.6999999881
8770  16.359  -62.336  -35.253 0.6999999881
7881  16.734  -62.719  -34.557 0.8999999762
7034  15.083  -64.425  -31.291 0.6999999881
136927  15.655  -62.063  -37.043 0.8000000119
126180  15.788  -62.159  -36.095 0.8000000119
8790  16.277  -62.237  -37.666 0.8000000119
7935  17.373  -63.609  -38.495 0.6999999881
7937  15.540  -63.393  -38.161 0.6999999881
7121  16.954  -64.347  -38.455 0.8000000119
7113  17.380  -64.780  -37.732 0.8000000119
146047  17.022  -66.624  -36.739 0.6999999881
4891  17.461  -67.761  -36.922 0.6999999881
4293  16.941  -69.108  -38.179 0.6000000238
3722  16.533  -69.920  -40.448 0.6999999881
2656  16.943  -71.276  -41.194 0.6999999881
8752  17.349  -62.359  -34.105 0.8999999762
7859  16.733  -63.593  -32.361 0.8000000119
7033  15.929  -64.097  -31.556 0.6999999881
132911  16.326  -61.699  -35.697 0.8000000119
8769  16.870  -62.004  -34.856 0.8000000119
8784  16.116  -61.535  -36.739 0.6999999881
8797  17.724  -62.895  -38.462 0.6999999881
8789  17.182  -62.211  -38.109 0.6000000238
8798  16.865  -62.972  -38.347 0.8000000119
7927  17.776  -64.041  -38.270 0.8000000119
6332  17.257  -65.744  -36.999 0.8000000119
4890  18.349  -67.537  -37.201 0.6999999881
4902  18.624  -67.953  -38.217 0.8000000119
147601  18.124  -68.031  -37.486 0.6999999881
4905  19.025  -67.866  -39.535 0.8000000119
3731  17.960  -69.688  -41.034 0.6999999881
128067  17.291  -69.601  -40.755 0.6999999881
4300  17.505  -68.751  -39.233 0.6999999881
148575  17.970  -70.758  -41.199 0.6999999881
3732  17.404  -70.279  -41.053 0.6999999881
137410  11.277  -55.587  -33.216 0.6000000238
16469  12.345  -54.549  -32.452 0.6000000238
16455  11.444  -54.420  -31.000 0.6000000238
136126  10.945  -53.025  -30.501 0.6999999881
8741  17.568  -62.535  -33.283 0.8999999762
7844  16.470  -63.338  -31.541 0.6999999881
10602  17.247  -60.830  -37.335 0.6000000238
9701  18.754  -61.941  -38.366 0.6000000238
9696  17.653  -61.576  -37.979 0.6000000238
7933  18.930  -63.106  -38.323 0.6999999881
7111  18.954  -64.274  -36.863 0.6999999881
141628  19.133  -63.456  -37.649 0.6999999881
11426  14.849  -59.983  -31.930 0.6999999881
10528  14.676  -60.784  -32.847 0.6999999881
7104  18.571  -65.224  -36.632 0.8000000119
7112  18.141  -64.537  -37.373 0.8000000119
128116  14.680  -59.091  -30.892 0.6000000238
11441  14.589  -59.876  -32.806 0.6000000238
10544  14.340  -60.340  -33.564 0.6999999881
5598  18.242  -66.019  -36.610 0.6999999881
11453  14.453  -59.102  -33.446 0.5000000000
11454  14.193  -59.871  -34.207 0.6999999881
4901  19.357  -67.458  -38.777 0.8000000119
5619  19.008  -67.444  -37.722 0.8000000119
131739  14.444  -58.326  -31.574 0.5000000000
130770  14.508  -58.445  -32.490 0.5000000000
4315  18.474  -69.135  -40.919 0.6999999881
13407  14.531  -57.729  -32.320 0.5000000000
14388  14.412  -56.686  -30.853 0.6000000238
14398  14.735  -56.843  -32.333 0.5000000000
133432  14.640  -57.315  -34.158 0.6000000238
13430  14.155  -57.395  -34.905 0.6999999881
14432  11.595  -56.788  -34.744 0.6999999881
15433  15.206  -56.006  -33.172 0.5000000000
14415  14.624  -56.442  -34.637 0.6000000238
14430  13.752  -56.670  -35.023 0.6000000238
147889  12.882  -55.399  -34.341 0.6000000238
15423  14.889  -55.978  -31.744 0.6000000238
15466  14.174  -55.839  -34.893 0.6000000238
15449  13.583  -55.312  -34.599 0.6000000238
15432  15.498  -55.323  -32.638 0.5000000000
15448  15.237  -55.881  -34.269 0.5000000000
16468  13.133  -54.155  -33.211 0.6000000238
17526  12.711  -53.822  -32.226 0.6000000238
18597  11.641  -52.926  -31.029 0.6999999881
20818  10.826  -49.985  -30.295 0.6000000238
19664  9.917  -50.558  -30.148 0.6999999881
142047  15.099  -55.027  -34.656 0.6000000238
17544  15.110  -53.793  -34.218 0.6000000238
17525  13.499  -53.416  -32.948 0.6000000238
18607  13.002  -52.978  -32.117 0.6999999881
19678  12.221  -50.312  -30.892 0.5000000000
7843  17.173  -63.003  -31.983 0.8999999762
10580  16.670  -60.213  -36.130 0.6000000238
10579  16.700  -60.452  -35.630 0.6999999881
8717  16.892  -62.560  -31.497 0.8000000119
7846  15.140  -63.340  -31.051 0.6999999881
9614  16.051  -61.997  -31.294 0.6999999881
133633  17.017  -61.432  -31.037 0.8000000119
150393  19.195  -62.526  -38.426 0.6999999881
10493  15.869  -60.538  -30.249 0.8000000119
10513  15.191  -61.031  -32.003 0.6000000238
11405  15.437  -59.978  -29.765 0.6999999881
136622  15.250  -59.373  -29.385 0.6000000238
5618  19.642  -67.123  -37.918 0.8000000119
5604  19.858  -66.533  -37.027 0.8000000119
5622  20.044  -67.080  -39.156 0.8000000119
12360  14.608  -58.563  -29.835 0.5000000000
4904  19.745  -67.433  -39.740 0.8000000119
13392  14.401  -57.533  -31.249 0.5000000000
13332  14.994  -57.041  -28.430 0.5000000000
15404  14.697  -55.887  -29.165 0.6000000238
15409  15.104  -55.268  -30.098 0.6000000238
15422  15.176  -55.267  -31.270 0.6000000238
20784  12.044  -49.840  -28.127 0.5000000000
16467  15.962  -54.659  -33.472 0.5000000000
21937  12.034  -49.477  -29.692 0.5000000000
21938  10.676  -49.036  -29.211 0.6000000238
17543  15.864  -53.685  -34.119 0.6000000238
17524  14.487  -53.151  -33.607 0.6999999881
18606  13.831  -52.580  -32.769 0.6999999881
19687  12.692  -51.157  -31.473 0.6999999881
133943  16.336  -53.912  -33.114 0.6000000238
19686  13.600  -50.861  -31.761 0.6000000238
17523  16.638  -53.071  -33.532 0.6999999881
18605  14.840  -52.315  -33.375 0.6000000238
19685  14.516  -50.612  -32.229 0.5000000000
9656  17.446  -61.453  -34.344 0.6999999881
138081  17.908  -61.306  -33.437 0.6999999881
9640  17.919  -61.930  -32.877 0.6999999881
9630  17.785  -61.769  -32.015 0.8000000119
10512  17.537  -60.505  -31.047 0.6999999881
10492  16.377  -60.376  -30.011 0.6999999881
9594  17.041  -60.828  -30.678 0.6999999881
19628  12.103  -52.057  -27.782 0.5000000000
14333  17.032  -56.292  -27.568 0.5000000000
15396  15.234  -55.762  -28.335 0.6000000238
19644  11.947  -50.991  -27.817 0.5000000000
145203  15.826  -55.227  -28.428 0.5000000000
15381  17.747  -55.735  -27.450 0.5000000000
16419  15.647  -54.775  -29.973 0.6000000238
16453  15.823  -54.659  -32.160 0.6000000238
20828  13.103  -50.033  -31.105 0.5000000000
16418  16.224  -54.570  -29.320 0.6000000238
16452  16.291  -54.073  -31.718 0.6000000238
17476  17.024  -53.818  -30.124 0.6000000238
11469  17.459  -59.740  -34.537 0.6999999881
10542  18.058  -60.549  -33.156 0.6999999881
10527  18.086  -60.386  -32.246 0.6999999881
18593  17.762  -51.947  -32.433 0.5000000000
15358  19.270  -56.199  -26.770 0.5000000000
142228  16.423  -51.103  -33.428 0.5000000000
16410  17.654  -54.645  -28.019 0.5000000000
17493  17.724  -53.160  -30.872 0.5000000000
17511  16.834  -53.323  -32.471 0.5000000000
18603  16.694  -52.228  -33.641 0.5000000000
146389  18.144  -51.590  -31.732 0.5000000000
20823  17.575  -50.384  -31.934 0.5000000000
17450  18.696  -53.355  -27.723 0.5000000000
18568  18.790  -51.952  -30.177 0.5000000000
141072  17.225  -50.540  -32.892 0.5000000000
16399  18.705  -54.324  -27.070 0.5000000000
17474  18.639  -52.859  -29.613 0.5000000000
18585  18.078  -52.300  -31.426 0.5000000000
15359  18.914  -55.363  -26.704 0.5000000000
17463  18.168  -53.654  -28.890 0.5000000000
18557  18.787  -52.608  -28.250 0.5000000000
17423  10.506  -53.827  -25.375 0.6000000238
18535  9.765  -52.116  -26.013 0.6000000238
16387  12.287  -54.219  -26.033 0.5000000000
16341  10.571  -54.494  -24.047 0.6999999881
17424  9.737  -53.575  -24.927 0.6000000238
19606  9.146  -51.588  -25.551 0.6000000238
20719  8.195  -50.298  -24.550 0.6999999881
16307  10.861  -54.191  -22.820 0.6000000238
17403  9.628  -54.034  -23.941 0.6999999881
18520  8.811  -52.167  -24.754 0.6999999881
20736  8.473  -49.707  -25.423 0.6999999881
134379  8.436  -50.714  -23.576 0.8000000119
17365  12.138  -53.681  -22.752 0.5000000000
17385  12.656  -54.173  -23.102 0.5000000000
18505  8.638  -52.593  -23.859 0.8000000119
16327  9.499  -53.830  -23.036 0.6000000238
129781  7.596  -49.434  -22.671 0.6999999881
20694  12.867  -51.552  -23.476 0.5000000000
18465  13.368  -52.727  -22.844 0.5000000000
19561  9.087  -51.306  -22.698 0.6999999881
143499  7.373  -49.441  -23.427 0.6999999881
17369  8.918  -52.412  -22.857 0.6999999881
143280  11.354  -53.790  -22.638 0.6999999881
21799  7.000  -49.525  -22.055 0.6999999881
20670  9.827  -50.126  -22.159 0.6999999881
19579  12.723  -52.144  -22.972 0.6000000238
18468  10.347  -52.763  -22.275 0.8000000119
25021  9.761  -46.356  -23.683 0.6999999881
25003  10.410  -46.219  -22.547 0.8000000119
25066  14.650  -47.459  -27.134 0.4000000060
131865  8.536  -49.540  -21.463 0.6999999881
22937  13.392  -49.220  -25.766 0.5000000000
21817  9.000  -49.613  -22.367 0.6999999881
21866  13.013  -49.990  -25.431 0.6000000238
20717  12.299  -51.258  -24.357 0.6000000238
145904  10.162  -52.155  -22.214 0.6999999881
19580  12.035  -52.186  -22.819 0.8000000119
19558  11.497  -52.008  -22.515 0.8000000119
29393  10.911  -42.948  -17.792 0.5000000000
29411  10.849  -42.482  -18.849 0.5000000000
28285  9.597  -43.228  -18.797 0.5000000000
29451  10.929  -42.818  -23.000 0.5000000000
29460  11.252  -42.030  -24.714 0.6000000238
30510  12.763  -42.135  -23.650 0.6000000238
29452  10.128  -42.820  -22.856 0.6000000238
29429  7.050  -42.293  -21.222 0.6000000238
27232  8.505  -44.467  -24.586 0.6999999881
29461  10.636  -42.415  -24.232 0.6999999881
26105  8.838  -46.074  -24.277 0.6999999881
25022  8.082  -46.138  -23.826 0.6999999881
21796  11.370  -49.079  -21.067 0.6999999881
131292  12.352  -48.209  -20.800 0.6999999881
23936  12.326  -47.134  -21.794 0.8000000119
23989  14.120  -48.033  -26.600 0.5000000000
20653  9.708  -49.581  -21.678 0.6999999881
22948  13.186  -49.052  -26.476 0.6000000238
20651  11.280  -49.970  -21.892 0.8000000119
20695  11.837  -51.413  -23.251 0.6999999881
148808  11.458  -50.126  -22.225 0.8000000119
20668  11.286  -51.082  -22.440 0.8000000119
143174  11.355  -41.385  -17.686 0.5000000000
30478  11.758  -41.735  -18.597 0.6000000238
31476  12.216  -40.141  -19.307 0.5000000000
128630  11.679  -40.939  -19.235 0.6000000238
30483  10.283  -41.613  -19.433 0.6000000238
30485  8.619  -41.592  -19.868 0.6000000238
31485  9.314  -40.155  -20.770 0.6000000238
30489  8.160  -41.084  -20.576 0.5000000000
30509  13.482  -42.479  -22.851 0.5000000000
29448  12.700  -42.814  -22.709 0.5000000000
30516  12.806  -41.664  -24.433 0.6000000238
28296  11.057  -43.025  -21.875 0.6000000238
29436  9.346  -42.700  -22.614 0.6999999881
30490  7.554  -41.542  -20.865 0.6000000238
30528  11.862  -41.865  -25.112 0.6000000238
27246  9.478  -43.874  -25.452 0.6999999881
27214  7.991  -44.565  -23.973 0.6999999881
28318  8.567  -43.574  -23.739 0.6999999881
28319  7.924  -43.874  -23.393 0.8000000119
29438  7.602  -42.732  -22.098 0.6999999881
28340  11.037  -43.066  -26.061 0.6999999881
26140  9.065  -44.952  -25.767 0.6999999881
27245  9.736  -44.361  -26.157 0.6999999881
134645  9.375  -46.207  -24.584 0.8000000119
23948  10.501  -47.139  -24.258 0.8000000119
25020  10.782  -46.578  -23.250 0.8000000119
23990  13.233  -48.548  -27.085 0.5000000000
24007  12.715  -47.690  -27.659 0.6000000238
22909  11.700  -48.531  -22.745 0.8000000119
23947  11.230  -47.583  -23.421 0.8000000119
21867  12.180  -50.116  -25.579 0.6000000238
22949  12.628  -49.019  -26.740 0.6999999881
21816  11.621  -49.528  -22.371 0.8000000119
21847  11.486  -50.178  -25.193 0.6999999881
128446  11.156  -49.881  -24.632 0.6999999881
124578  11.545  -50.740  -24.323 0.8000000119
32533  11.016  -39.803  -17.810 0.4000000060
31469  12.170  -40.715  -18.563 0.5000000000
31483  11.728  -39.565  -19.962 0.4000000060
150235  10.049  -39.813  -20.610 0.5000000000
31500  9.906  -40.256  -21.773 0.5000000000
147830  14.181  -41.506  -23.760 0.5000000000
29423  13.719  -42.478  -21.670 0.6000000238
140663  11.934  -42.683  -21.600 0.6000000238
30499  8.632  -40.984  -21.426 0.6000000238
142098  13.877  -40.933  -25.202 0.6000000238
29427  9.206  -42.028  -22.025 0.6999999881
29428  8.255  -41.528  -21.724 0.6999999881
29470  12.230  -42.059  -25.757 0.6000000238
25032  9.893  -46.642  -24.882 0.8000000119
24008  11.872  -47.331  -27.405 0.6999999881
22930  11.013  -49.198  -25.243 0.6999999881
23957  10.810  -48.047  -24.685 0.8000000119
23958  10.436  -47.278  -25.197 0.8000000119
22950  11.884  -48.686  -26.691 0.6999999881
33700  12.123  -38.726  -18.390 0.4000000060
32543  11.082  -38.760  -18.072 0.4000000060
33701  9.695  -38.268  -18.208 0.4000000060
32557  12.524  -38.847  -19.754 0.5000000000
32552  12.833  -38.983  -19.193 0.4000000060
33702  8.831  -38.471  -18.124 0.5000000000
32574  10.348  -39.332  -21.759 0.5000000000
32571  13.670  -39.944  -21.562 0.5000000000
31499  10.945  -40.910  -21.843 0.5000000000
33729  14.160  -39.092  -21.683 0.5000000000
140954  11.382  -42.122  -21.571 0.6999999881
28353  11.891  -42.793  -26.242 0.6000000238
26154  10.136  -45.508  -27.034 0.8000000119
25082  12.185  -46.667  -28.031 0.6000000238
139238  11.373  -46.393  -27.459 0.6000000238
27268  12.596  -44.720  -27.828 0.6999999881
27256  12.378  -43.986  -27.156 0.6999999881
25067  11.085  -47.013  -26.822 0.6999999881
35976  8.569  -37.345  -17.883 0.3000000119
34846  12.603  -37.456  -20.081 0.4000000060
34835  12.667  -37.547  -19.276 0.3000000119
34824  12.029  -37.220  -18.735 0.4000000060
34825  10.909  -37.153  -18.539 0.4000000060
34826  9.821  -37.401  -18.397 0.4000000060
124846  9.245  -36.965  -18.232 0.5000000000
33730  11.323  -37.997  -21.912 0.4000000060
128369  9.359  -36.038  -18.161 0.3000000119
134487  11.117  -38.817  -21.981 0.4000000060
32570  14.778  -39.913  -21.242 0.5000000000
32585  11.640  -38.880  -22.318 0.4000000060
31495  15.332  -40.572  -21.308 0.6000000238
33746  11.991  -38.105  -22.460 0.4000000060
33744  15.683  -38.422  -21.699 0.4000000060
32584  12.811  -38.821  -22.208 0.5000000000
130985  10.000  -44.767  -26.723 0.6999999881
144867  10.638  -46.149  -27.111 0.6999999881
34828  8.359  -38.119  -17.905 0.4000000060
147667  9.872  -35.873  -18.426 0.4000000060
37229  9.144  -35.108  -17.825 0.3000000119
34860  11.680  -37.122  -21.717 0.3000000119
134303  13.024  -37.780  -22.501 0.4000000060
34876  15.113  -37.642  -22.285 0.4000000060
34877  14.080  -37.691  -22.487 0.4000000060
37243  12.119  -35.561  -19.306 0.3000000119
35973  11.462  -36.186  -18.787 0.3000000119
138786  10.478  -35.615  -18.607 0.4000000060
37245  10.466  -34.735  -18.653 0.3000000119
38438  9.682  -34.436  -18.338 0.3000000119
37262  12.434  -35.947  -19.773 0.3000000119
36032  12.012  -36.918  -22.034 0.3000000119
34886  13.727  -37.164  -22.666 0.3000000119
34887  13.116  -36.942  -22.560 0.3000000119
36036  15.236  -36.448  -23.543 0.3000000119
37244  11.409  -35.124  -18.927 0.3000000119
39575  10.148  -32.970  -18.832 0.3000000119
38453  11.958  -34.756  -19.422 0.3000000119
39574  10.722  -33.173  -19.214 0.3000000119
36039  13.313  -36.191  -22.694 0.3000000119
37305  14.097  -35.728  -23.157 0.3000000119
149487  15.079  -36.007  -23.826 0.3000000119
146195  8.791  -35.840  -17.681 0.3000000119
38452  12.359  -35.035  -19.861 0.3000000119
39599  11.649  -32.958  -20.333 0.3000000119
134448  13.929  -34.838  -23.149 0.3000000119
12402  14.184  -59.065  -34.696 0.6000000238
144629  13.868  -58.249  -35.158 0.6999999881
148093  13.178  -58.360  -35.476 0.6999999881
13445  12.380  -58.121  -35.618 0.6999999881
32573  11.112  -39.763  -22.082 0.4000000060
31497  13.388  -41.024  -21.362 0.6000000238
39560  9.594  -33.355  -18.367 0.3000000119
7116  13.577  -64.471  -37.796 0.6999999881
7062  12.840  -64.646  -33.604 0.6999999881
7936  16.411  -63.824  -38.490 0.8000000119
3715  16.161  -69.702  -39.718 0.6000000238
4309  16.949  -69.339  -40.240 0.6999999881
9697  16.759  -61.480  -37.452 0.6000000238
7845  15.737  -63.320  -31.172 0.6999999881
5605  18.861  -66.843  -36.901 0.8000000119
4913  17.871  -68.620  -40.084 0.6999999881
4911  19.403  -67.959  -40.221 0.8000000119
18586  11.023  -52.056  -30.863 0.6999999881
139030  14.777  -57.325  -33.221 0.5000000000
15467  13.091  -55.930  -34.814 0.6000000238
21939  9.854  -48.863  -29.215 0.6000000238
18621  15.454  -53.022  -33.944 0.6999999881
130454  15.752  -61.194  -31.208 0.8000000119
13356  15.115  -57.980  -28.740 0.5000000000
13357  14.618  -57.387  -28.967 0.6000000238
16432  16.263  -54.272  -30.523 0.6000000238
21795  11.680  -49.289  -21.678 0.8000000119
2162  14.266  -72.401  -35.283 0.4000000060
2611  14.192  -71.547  -34.767 0.4000000060
1358  16.474  -74.381  -36.032 0.3000000119
141920  14.875  -74.080  -35.419 0.4000000060
1728  13.507  -73.078  -35.105 0.4000000060
2153  13.457  -72.158  -34.838 0.4000000060
2167  19.644  -72.718  -36.506 0.4000000060
140608  18.594  -72.751  -35.878 0.5000000000
2159  17.887  -72.669  -35.713 0.5000000000
1738  18.352  -73.579  -36.595 0.3000000119
1732  18.224  -73.356  -36.034 0.4000000060
140522  16.111  -72.351  -35.602 0.4000000060
1363  17.620  -74.033  -36.567 0.3000000119
138789  16.306  -73.277  -35.713 0.3000000119
2161  15.276  -72.619  -35.580 0.3000000119
1364  16.844  -74.458  -36.573 0.3000000119
1742  19.469  -73.084  -37.614 0.4000000060
2173  19.902  -72.743  -37.140 0.4000000060
2157  20.060  -72.061  -36.084 0.5000000000
2172  20.080  -72.649  -37.803 0.3000000119
1743  18.686  -73.534  -37.477 0.3000000119
1377  17.000  -73.829  -38.760 0.4000000060
128277  17.765  -73.688  -38.574 0.3000000119
1756  17.189  -72.904  -39.837 0.4000000060
1752  16.718  -73.423  -39.483 0.4000000060
1753  15.939  -73.491  -39.743 0.4000000060
2176  20.619  -72.217  -37.956 0.4000000060
149820  21.063  -71.770  -38.058 0.4000000060
2177  20.094  -72.397  -38.432 0.4000000060
2642  20.943  -70.968  -39.305 0.4000000060
133362  21.971  -69.809  -39.688 0.5000000000
148911  19.615  -72.564  -38.809 0.4000000060
2647  19.919  -70.953  -40.286 0.4000000060
1748  17.484  -73.331  -39.245 0.4000000060
1755  17.870  -72.771  -39.790 0.5000000000
2648  19.265  -71.190  -40.550 0.4000000060
2187  17.354  -72.274  -40.550 0.4000000060
3172  15.020  -71.324  -40.638 0.6000000238
145479  15.425  -72.020  -40.933 0.4000000060
3721  22.319  -69.149  -40.249 0.6000000238
3726  21.937  -68.988  -40.638 0.6000000238
3158  20.721  -70.052  -40.510 0.6000000238
3166  20.850  -69.596  -40.684 0.6000000238
3729  19.573  -69.726  -40.914 0.6000000238
4313  20.118  -69.061  -40.856 0.6999999881
2655  18.244  -70.987  -41.129 0.5000000000
3169  18.660  -70.420  -41.073 0.6000000238
4306  19.738  -68.225  -40.610 0.6999999881
149072  22.464  -67.056  -40.245 0.6999999881
5626  22.178  -66.737  -39.920 0.6999999881
4311  22.255  -68.494  -40.615 0.6000000238
5630  21.750  -67.378  -40.377 0.6999999881
5621  20.815  -66.790  -39.424 0.6999999881
5617  20.377  -66.778  -38.329 0.6999999881
5597  19.101  -66.007  -36.482 0.6999999881
4917  20.455  -67.964  -40.636 0.6999999881
150061  20.355  -67.175  -39.786 0.6999999881
4910  20.203  -67.538  -40.215 0.6999999881
7128  22.440  -65.659  -39.294 0.5000000000
7120  22.675  -65.107  -38.740 0.6000000238
6355  21.477  -66.683  -39.665 0.6999999881
6343  21.123  -66.411  -38.633 0.6000000238
6328  21.393  -66.025  -37.641 0.6999999881
6320  21.126  -65.547  -36.558 0.6999999881
5631  20.957  -67.438  -40.295 0.6999999881
6321  20.210  -65.358  -36.234 0.6999999881
7103  19.740  -64.495  -36.111 0.6000000238
143150  21.909  -65.552  -37.091 0.6000000238
7101  22.411  -64.434  -36.182 0.6000000238
7096  20.776  -64.734  -35.812 0.6000000238
7095  21.631  -64.309  -35.620 0.6000000238
10601  18.930  -60.390  -37.819 0.5000000000
7063  11.874  -64.555  -33.641 0.6000000238
7887  11.594  -63.195  -35.126 0.6000000238
7914  20.179  -63.981  -35.793 0.6000000238
7915  19.709  -63.543  -36.680 0.6000000238
9694  20.217  -61.915  -37.882 0.5000000000
10611  19.419  -61.229  -38.218 0.5000000000
6282  12.751  -65.471  -32.246 0.6000000238
6294  13.283  -65.227  -32.921 0.6000000238
6295  12.353  -65.201  -33.037 0.6000000238
7902  20.882  -63.836  -35.490 0.6000000238
8783  20.169  -62.629  -36.916 0.5000000000
7925  19.618  -62.728  -37.930 0.5000000000
7011  13.139  -64.040  -29.623 0.6000000238
7022  13.834  -64.273  -30.257 0.6000000238
6252  13.561  -64.919  -30.562 0.6000000238
6253  12.612  -65.347  -30.398 0.6000000238
6268  13.158  -65.389  -31.308 0.6000000238
125735  14.614  -64.063  -30.624 0.6000000238
7035  14.294  -64.625  -30.849 0.6000000238
11483  16.846  -59.657  -35.440 0.6000000238
8768  20.574  -62.397  -35.879 0.6000000238
7834  12.928  -63.712  -29.674 0.6000000238
8735  13.314  -62.908  -32.153 0.6000000238
138405  13.974  -63.893  -30.372 0.6000000238
9616  14.249  -62.575  -32.174 0.6000000238
8720  13.956  -63.157  -31.442 0.6000000238
9631  14.544  -61.743  -32.666 0.5000000000
135731  14.822  -62.854  -31.451 0.6000000238
9615  15.290  -62.080  -31.846 0.5000000000
7013  12.129  -64.817  -28.592 0.6999999881
7820  12.635  -63.669  -28.772 0.6000000238
8721  12.830  -63.180  -31.327 0.6000000238
9632  13.462  -62.313  -33.027 0.6000000238
10529  14.063  -61.368  -33.520 0.6000000238
11427  11.317  -59.204  -31.215 0.6000000238
8703  12.632  -63.208  -30.211 0.6000000238
8704  11.934  -62.942  -31.032 0.6000000238
9642  13.110  -61.650  -34.014 0.5000000000
9617  11.618  -62.005  -31.612 0.6000000238
9644  11.353  -61.205  -33.836 0.6000000238
10530  11.046  -60.980  -32.826 0.6000000238
11443  10.307  -59.561  -32.728 0.6000000238
9596  12.195  -62.572  -29.833 0.6000000238
10545  13.795  -60.755  -34.239 0.6000000238
9634  11.653  -61.874  -32.904 0.6000000238
10546  12.241  -61.271  -34.477 0.5000000000
10565  11.498  -60.720  -34.751 0.6000000238
10547  10.790  -60.373  -34.270 0.5000000000
11455  10.112  -59.846  -33.827 0.5000000000
12416  13.459  -59.069  -35.288 0.6000000238
11485  11.981  -59.433  -35.480 0.6000000238
133507  10.913  -60.052  -35.007 0.6000000238
132647  10.482  -59.282  -35.018 0.6000000238
12418  10.092  -58.497  -34.859 0.6999999881
12419  9.328  -58.305  -34.343 0.6999999881
14435  8.628  -57.117  -34.034 0.6999999881
15454  8.348  -56.159  -33.181 0.6999999881
12430  11.681  -58.721  -35.635 0.6000000238
12431  11.385  -57.984  -35.577 0.6999999881
14416  11.148  -56.224  -33.896 0.6999999881
14434  9.365  -57.097  -34.235 0.6999999881
14417  9.979  -56.491  -33.712 0.6999999881
15453  9.436  -55.972  -33.125 0.6000000238
15468  12.100  -56.196  -34.519 0.6000000238
135829  19.596  -59.798  -37.812 0.5000000000
11508  17.798  -60.215  -37.264 0.5000000000
12439  18.414  -58.218  -36.621 0.5000000000
11493  18.028  -58.909  -36.666 0.5000000000
12440  17.175  -58.815  -36.210 0.6000000238
15477  18.362  -55.552  -35.952 0.6000000238
13454  18.655  -57.413  -36.489 0.6000000238
13455  17.818  -57.732  -36.141 0.6000000238
12429  16.905  -58.828  -35.598 0.6000000238
131354  17.092  -58.914  -34.859 0.6000000238
15463  17.771  -55.246  -35.181 0.5000000000
14443  17.501  -56.801  -35.053 0.6000000238
130470  17.793  -59.068  -34.099 0.6000000238
14413  17.954  -56.309  -33.614 0.6000000238
13415  17.844  -57.135  -33.147 0.5000000000
12401  17.810  -58.449  -33.555 0.6000000238
12388  17.941  -59.198  -33.226 0.6000000238
14403  18.168  -56.410  -32.711 0.5000000000
12389  17.811  -58.534  -32.642 0.6000000238
12343  16.212  -58.928  -29.217 0.5000000000
13379  17.183  -57.805  -30.239 0.5000000000
11404  17.201  -59.915  -30.408 0.6000000238
12373  17.645  -58.179  -31.809 0.6000000238
2193  17.119  -71.592  -41.095 0.6000000238
3730  18.667  -69.753  -41.044 0.6999999881
10590  16.952  -60.133  -36.694 0.5000000000
10564  12.986  -60.786  -34.717 0.6000000238
14433  10.466  -57.082  -34.546 0.6999999881
11484  16.865  -59.467  -36.123 0.6000000238
11424  17.814  -59.814  -31.454 0.6000000238
12358  16.970  -58.666  -30.098 0.6000000238
144986  16.078  -74.190  -35.696 0.3000000119
1357  17.222  -74.149  -36.103 0.3000000119
2160  16.939  -72.523  -35.668 0.4000000060
1371  17.978  -73.893  -37.783 0.3000000119
132786  19.103  -73.254  -38.150 0.4000000060
1751  18.216  -73.168  -39.077 0.4000000060
2641  21.657  -70.538  -39.063 0.4000000060
134085  19.899  -72.027  -39.072 0.3000000119
3152  21.208  -70.244  -39.914 0.5000000000
3157  21.449  -69.510  -40.457 0.6000000238
2182  18.611  -72.572  -39.594 0.5000000000
3159  19.621  -70.584  -40.732 0.5000000000
2186  18.219  -72.118  -40.370 0.5000000000
4312  21.485  -68.854  -40.751 0.6000000238
6349  21.497  -66.421  -39.358 0.6999999881
9633  12.401  -62.614  -32.298 0.6000000238
128350  8.923  -55.569  -32.492 0.6000000238
13443  17.995  -56.975  -35.860 0.6000000238
15445  18.684  -55.009  -33.535 0.5000000000
13444  17.456  -57.531  -35.444 0.6000000238
12415  17.520  -58.290  -34.356 0.6000000238
14429  17.668  -56.100  -34.589 0.5000000000
14414  17.666  -56.915  -34.137 0.6000000238
15430  19.203  -55.452  -32.610 0.5000000000
13406  17.754  -57.675  -32.427 0.5000000000
13391  17.662  -57.455  -31.630 0.5000000000
1216  15.286  -72.950  -19.684 0.4000000060
1598  16.207  -72.972  -19.786 0.4000000060
1231  16.269  -73.493  -20.637 0.5000000000
911  13.559  -75.014  -20.114 0.5000000000
148334  13.099  -76.080  -20.426 0.5000000000
445  11.392  -77.343  -21.525 0.5000000000
1224  13.148  -73.855  -20.792 0.5000000000
910  14.448  -74.711  -19.414 0.5000000000
1223  17.088  -73.678  -20.017 0.4000000060
919  17.681  -74.486  -20.630 0.4000000060
929  17.719  -74.923  -21.553 0.5000000000
2569  12.466  -70.747  -31.320 0.3000000119
146528  13.742  -71.692  -32.057 0.3000000119
3091  11.615  -70.604  -32.126 0.3000000119
3107  12.029  -70.760  -33.136 0.3000000119
139590  14.279  -75.890  -19.427 0.4000000060
146873  13.649  -76.621  -19.742 0.5000000000
432  13.104  -77.405  -19.647 0.5000000000
149469  15.230  -75.191  -18.506 0.4000000060
1217  14.758  -73.598  -19.413 0.4000000060
1215  16.837  -73.437  -19.045 0.3000000119
1205  16.339  -73.769  -18.180 0.3000000119
1240  18.654  -73.829  -22.924 0.4000000060
1213  18.499  -74.194  -19.978 0.3000000119
1222  19.012  -74.283  -20.752 0.4000000060
928  18.347  -74.690  -21.842 0.5000000000
140739  19.358  -74.011  -19.944 0.3000000119
2568  13.155  -70.890  -31.152 0.3000000119
3099  11.858  -70.301  -32.338 0.3000000119
3106  13.004  -70.430  -33.383 0.3000000119
2612  12.726  -71.901  -34.374 0.3000000119
638  15.149  -76.040  -17.786 0.3000000119
138505  14.563  -76.718  -18.173 0.4000000060
895  15.685  -75.430  -17.290 0.3000000119
1192  18.806  -73.943  -18.049 0.3000000119
1611  19.980  -72.778  -22.746 0.4000000060
1246  19.053  -72.913  -23.335 0.4000000060
1230  19.397  -74.164  -21.439 0.4000000060
1202  19.459  -73.892  -18.530 0.3000000119
3058  14.116  -69.931  -29.394 0.4000000060
3074  14.716  -70.464  -30.240 0.4000000060
3088  15.301  -70.973  -31.185 0.4000000060
2576  16.604  -71.382  -31.878 0.4000000060
2590  17.649  -71.594  -32.490 0.4000000060
2589  18.430  -71.449  -32.620 0.5000000000
3647  12.880  -69.502  -30.498 0.3000000119
3653  12.210  -69.787  -31.491 0.3000000119
3661  12.574  -69.588  -32.069 0.3000000119
3123  13.671  -70.914  -34.082 0.3000000119
2623  14.887  -71.910  -35.232 0.3000000119
147705  15.247  -76.115  -17.078 0.3000000119
1610  21.097  -72.853  -22.249 0.3000000119
1615  20.434  -72.073  -22.954 0.3000000119
2053  21.621  -72.448  -24.953 0.4000000060
1636  21.726  -72.670  -25.722 0.4000000060
1191  19.649  -73.788  -17.796 0.3000000119
1597  20.609  -73.603  -20.654 0.3000000119
127981  19.816  -73.854  -19.184 0.3000000119
1221  19.757  -73.914  -20.685 0.3000000119
142620  22.533  -72.873  -31.670 0.5000000000
2118  22.761  -72.716  -30.574 0.5000000000
3607  15.760  -68.843  -28.306 0.3000000119
144949  15.343  -69.314  -28.714 0.3000000119
3609  14.127  -68.812  -28.508 0.3000000119
3057  15.356  -69.900  -29.476 0.3000000119
3073  15.890  -70.496  -30.452 0.4000000060
3097  20.171  -70.899  -32.466 0.5000000000
2587  20.934  -71.480  -32.936 0.5000000000
3629  14.502  -69.378  -28.791 0.3000000119
133426  16.877  -70.546  -30.730 0.4000000060
2575  18.087  -70.995  -31.950 0.4000000060
2574  18.763  -70.872  -32.155 0.5000000000
136243  20.113  -71.529  -33.088 0.5000000000
132740  13.311  -69.420  -32.215 0.3000000119
3677  13.199  -69.813  -32.787 0.3000000119
3105  14.056  -70.185  -33.477 0.3000000119
2610  15.172  -71.306  -34.817 0.3000000119
2609  16.075  -71.164  -34.902 0.4000000060
145633  21.374  -71.905  -22.848 0.3000000119
2052  22.302  -72.009  -25.300 0.4000000060
1177  20.042  -73.605  -16.852 0.3000000119
1590  20.737  -73.526  -19.122 0.3000000119
1596  21.458  -73.052  -20.468 0.3000000119
131291  22.009  -72.122  -26.085 0.4000000060
1190  20.550  -73.505  -17.658 0.3000000119
1657  21.631  -72.394  -27.592 0.4000000060
2092  22.546  -72.159  -29.030 0.5000000000
2103  24.126  -71.793  -29.532 0.4000000060
2104  23.349  -72.133  -29.628 0.5000000000
4186  16.518  -67.695  -27.551 0.3000000119
2131  23.141  -72.089  -32.176 0.5000000000
2117  23.310  -72.364  -30.413 0.5000000000
3606  16.766  -68.936  -28.494 0.3000000119
3081  22.585  -70.686  -31.743 0.4000000060
150390  23.617  -71.612  -31.924 0.5000000000
4195  14.699  -68.183  -28.114 0.3000000119
3627  17.419  -69.549  -29.426 0.4000000060
3646  18.218  -69.848  -29.972 0.4000000060
3082  21.509  -70.546  -31.796 0.5000000000
2585  22.533  -71.881  -32.595 0.5000000000
3610  13.619  -68.843  -28.954 0.3000000119
3056  16.598  -70.013  -29.926 0.4000000060
3086  17.734  -70.652  -31.162 0.5000000000
3085  18.657  -70.574  -31.416 0.5000000000
3660  13.941  -69.182  -32.033 0.3000000119
127171  14.758  -69.406  -32.590 0.4000000060
3675  15.554  -69.656  -33.095 0.3000000119
3104  15.121  -70.201  -33.674 0.4000000060
3121  15.608  -70.672  -34.309 0.4000000060
130137  11.965  -68.977  -38.133 0.5000000000
2621  16.517  -71.743  -35.359 0.3000000119
1562  20.858  -73.153  -15.519 0.3000000119
1583  21.463  -73.010  -18.573 0.3000000119
2051  23.006  -71.427  -25.283 0.3000000119
129465  20.775  -73.314  -16.255 0.3000000119
2525  24.060  -70.759  -26.414 0.3000000119
2091  23.517  -71.267  -28.130 0.5000000000
2561  24.918  -71.423  -29.539 0.4000000060
2552  24.366  -71.372  -28.620 0.3000000119
5500  17.059  -66.607  -27.327 0.3000000119
2571  24.885  -71.180  -30.954 0.5000000000
4193  17.125  -68.354  -27.965 0.3000000119
3068  21.987  -70.039  -31.080 0.4000000060
3080  23.594  -70.876  -31.660 0.4000000060
3626  18.471  -69.444  -29.415 0.4000000060
3645  18.992  -69.868  -30.042 0.4000000060
146896  20.243  -69.953  -30.747 0.4000000060
3069  21.015  -69.923  -30.997 0.4000000060
4216  13.864  -68.345  -29.068 0.3000000119
4223  14.840  -68.106  -30.244 0.3000000119
3070  19.432  -70.200  -30.878 0.4000000060
3083  20.377  -70.380  -31.562 0.5000000000
3659  15.439  -69.252  -32.425 0.3000000119
3674  16.409  -69.706  -33.239 0.4000000060
3103  16.062  -70.112  -33.748 0.4000000060
4276  12.265  -68.401  -36.982 0.5000000000
2608  16.999  -71.084  -34.970 0.4000000060
3119  17.541  -70.511  -34.406 0.5000000000
3708  12.610  -69.798  -38.555 0.5000000000
131815  21.481  -72.708  -16.970 0.3000000119
5569  11.069  -65.879  -31.635 0.5000000000
2567  25.285  -71.117  -30.201 0.3000000119
2551  25.264  -71.070  -28.832 0.3000000119
6283  11.771  -65.522  -32.388 0.5000000000
5537  10.793  -66.226  -30.802 0.6000000238
5499  17.527  -65.993  -27.077 0.3000000119
4792  17.683  -67.160  -27.273 0.3000000119
150181  16.707  -66.627  -27.550 0.3000000119
4192  18.137  -68.356  -28.206 0.3000000119
4191  19.076  -68.278  -28.446 0.3000000119
3650  23.833  -70.254  -31.130 0.4000000060
3067  25.066  -70.551  -30.872 0.4000000060
148133  11.794  -62.880  -35.836 0.5000000000
7024  9.393  -64.833  -29.882 0.5000000000
3625  19.344  -69.369  -29.508 0.3000000119
3624  20.168  -69.218  -29.650 0.3000000119
3642  21.490  -69.491  -30.421 0.3000000119
3622  21.925  -68.925  -29.975 0.3000000119
143781  11.569  -63.051  -36.307 0.5000000000
148483  15.531  -67.875  -30.244 0.3000000119
4249  15.698  -68.858  -31.846 0.3000000119
6335  12.825  -64.921  -37.414 0.5000000000
4248  16.640  -68.775  -31.916 0.3000000119
5599  12.797  -66.726  -36.354 0.5000000000
4262  17.713  -69.270  -32.676 0.4000000060
4883  13.261  -67.482  -36.181 0.6000000238
3673  17.728  -69.652  -33.237 0.4000000060
3688  18.206  -69.922  -33.861 0.5000000000
4274  13.782  -68.249  -36.348 0.5000000000
3117  19.262  -70.352  -34.733 0.4000000060
3131  17.953  -71.084  -35.004 0.3000000119
3702  13.319  -69.745  -37.877 0.6000000238
2606  22.888  -70.825  -35.225 0.3000000119
139287  22.165  -71.197  -35.710 0.4000000060
137287  20.001  -71.392  -35.603 0.4000000060
2619  18.473  -71.856  -35.534 0.3000000119
138565  14.189  -70.468  -39.311 0.6000000238
3717  13.264  -70.414  -39.150 0.5000000000
3126  23.558  -70.451  -35.436 0.3000000119
2615  22.789  -70.828  -35.949 0.5000000000
2628  21.573  -71.540  -36.360 0.4000000060
2165  21.011  -71.958  -36.866 0.4000000060
3725  13.993  -70.816  -39.634 0.6000000238
3135  24.029  -70.188  -35.990 0.3000000119
3136  23.406  -70.437  -36.351 0.5000000000
2632  22.126  -71.028  -37.305 0.4000000060
2164  21.579  -71.555  -36.991 0.4000000060
3139  23.928  -69.887  -36.849 0.4000000060
3141  22.754  -70.376  -37.795 0.5000000000
2636  21.954  -70.765  -38.161 0.4000000060
3146  22.418  -70.132  -38.786 0.5000000000
6254  11.599  -65.793  -30.678 0.6000000238
6255  11.002  -66.066  -29.915 0.6000000238
6985  17.726  -64.707  -27.350 0.3000000119
136324  17.761  -66.553  -27.065 0.3000000119
4791  18.629  -66.957  -27.252 0.3000000119
4804  19.377  -67.610  -28.016 0.3000000119
6243  11.625  -65.472  -29.166 0.6000000238
6244  10.664  -65.604  -29.028 0.6000000238
6241  17.655  -65.265  -28.634 0.3000000119
4190  19.947  -68.116  -28.735 0.3000000119
4189  20.777  -67.965  -28.970 0.3000000119
7821  10.276  -63.992  -28.455 0.6000000238
6251  18.665  -65.724  -30.017 0.3000000119
4214  19.650  -68.778  -29.090 0.3000000119
3623  21.021  -69.075  -29.787 0.3000000119
7822  9.782  -63.228  -29.079 0.6000000238
4229  16.013  -68.235  -30.938 0.3000000119
8671  10.653  -61.862  -28.043 0.6000000238
8691  9.943  -62.178  -28.812 0.6000000238
9583  10.256  -61.168  -28.559 0.6000000238
10481  9.719  -60.488  -29.154 0.5000000000
3686  19.703  -69.671  -34.373 0.4000000060
140565  21.112  -71.174  -35.328 0.4000000060
132898  24.459  -68.977  -37.964 0.4000000060
3145  23.135  -69.708  -38.547 0.5000000000
7819  18.574  -63.791  -28.457 0.3000000119
6984  18.099  -64.070  -27.071 0.3000000119
150272  17.895  -65.481  -26.844 0.3000000119
5497  19.148  -66.253  -26.970 0.3000000119
5514  19.733  -66.919  -27.625 0.3000000119
4802  21.228  -67.352  -28.714 0.3000000119
4823  21.864  -67.785  -29.171 0.3000000119
6242  12.415  -65.109  -29.391 0.5000000000
7009  18.244  -64.611  -28.816 0.3000000119
6240  18.242  -65.290  -29.361 0.3000000119
8669  12.316  -63.215  -28.065 0.5000000000
6996  11.685  -64.428  -28.043 0.6000000238
6239  18.853  -64.998  -29.721 0.3000000119
4211  22.362  -68.345  -29.563 0.3000000119
7803  11.157  -63.852  -27.830 0.6000000238
6250  19.399  -65.405  -30.357 0.3000000119
8670  11.448  -62.009  -27.707 0.6000000238
3671  19.692  -69.189  -33.775 0.3000000119
4260  19.317  -68.969  -33.288 0.3000000119
10472  11.451  -60.105  -28.117 0.6000000238
140380  10.344  -58.501  -28.376 0.6000000238
126994  12.164  -62.192  -27.928 0.6000000238
9581  12.361  -61.745  -28.989 0.5000000000
10470  12.300  -60.746  -28.775 0.6000000238
10471  12.072  -60.420  -28.200 0.6000000238
11370  11.800  -59.542  -28.459 0.6000000238
10473  10.595  -60.223  -28.339 0.6000000238
12346  10.831  -57.810  -28.998 0.6000000238
12326  11.351  -58.625  -28.752 0.6000000238
13380  9.824  -57.512  -29.726 0.5000000000
8690  12.440  -62.718  -28.770 0.5000000000
9582  11.965  -61.629  -30.085 0.5000000000
11406  11.801  -59.295  -30.309 0.5000000000
12376  10.442  -58.348  -31.121 0.6000000238
13395  6.904  -57.490  -31.607 0.5000000000
15424  7.463  -55.417  -31.766 0.6000000238
14406  6.893  -56.806  -32.167 0.6000000238
13396  6.329  -57.032  -31.376 0.5000000000
15425  6.651  -55.766  -31.680 0.6000000238
14390  5.571  -56.102  -30.419 0.6000000238
126790  11.713  -60.653  -30.802 0.5000000000
12391  9.915  -58.918  -32.220 0.5000000000
12377  9.190  -58.511  -31.695 0.5000000000
12363  9.956  -57.905  -30.613 0.6000000238
12404  8.579  -58.210  -33.629 0.6000000238
12378  8.153  -58.268  -31.754 0.5000000000
13394  7.704  -58.037  -30.896 0.5000000000
13408  7.747  -57.263  -33.317 0.6000000238
15452  10.465  -55.819  -33.126 0.6000000238
14405  7.458  -56.574  -32.973 0.6000000238
16438  6.322  -54.773  -30.593 0.5000000000
18430  5.469  -52.227  -19.813 0.5000000000
128103  11.301  -60.908  -31.931 0.5000000000
11428  10.827  -58.942  -31.690 0.5000000000
12392  8.949  -58.694  -33.011 0.6000000238
17329  7.034  -53.684  -19.505 0.5000000000
16276  7.722  -54.748  -19.192 0.6000000238
18429  6.435  -52.797  -19.672 0.6000000238
19529  6.529  -51.935  -19.883 0.6000000238
17330  5.712  -53.490  -19.582 0.5000000000
18436  5.043  -51.489  -20.309 0.5000000000
19537  4.326  -51.221  -20.722 0.5000000000
17465  5.344  -53.171  -28.920 0.5000000000
16420  5.589  -54.441  -30.005 0.5000000000
24974  11.969  -46.427  -20.941 0.6000000238
24964  11.131  -46.656  -19.866 0.6999999881
22871  11.465  -47.993  -19.097 0.6000000238
22854  10.658  -48.354  -18.390 0.6999999881
21749  9.694  -50.504  -17.620 0.6000000238
18404  9.493  -52.712  -17.992 0.6000000238
20636  10.180  -50.578  -18.852 0.6000000238
20626  10.233  -50.609  -18.034 0.6000000238
22870  12.151  -47.879  -19.994 0.6000000238
20635  10.625  -49.616  -19.224 0.6000000238
19526  9.731  -51.645  -19.049 0.6000000238
18419  9.681  -52.309  -18.601 0.5000000000
144725  8.681  -54.593  -18.303 0.6000000238
21789  11.177  -49.026  -19.964 0.6000000238
20637  9.325  -50.632  -19.732 0.6000000238
126681  8.582  -53.032  -19.420 0.5000000000
17327  9.034  -53.605  -19.089 0.6000000238
20642  9.305  -49.777  -20.556 0.6000000238
125911  8.409  -52.147  -19.647 0.6000000238
20643  8.351  -50.152  -20.608 0.6000000238
20638  8.307  -51.107  -20.002 0.6000000238
19535  6.644  -51.069  -20.333 0.6000000238
20646  5.191  -50.841  -20.794 0.5000000000
19545  3.000  -51.283  -21.369 0.5000000000
20674  3.271  -50.326  -22.651 0.5000000000
20698  3.338  -50.336  -23.678 0.5000000000
20723  3.143  -50.877  -24.381 0.5000000000
22855  9.816  -48.570  -17.813 0.6000000238
142717  9.139  -49.128  -17.571 0.6999999881
21790  9.496  -49.520  -21.214 0.5000000000
20655  6.459  -49.934  -21.410 0.6000000238
20656  5.510  -50.162  -21.422 0.6000000238
20657  4.397  -50.451  -21.440 0.5000000000
20673  4.612  -49.593  -22.843 0.6000000238
21834  4.813  -49.235  -23.717 0.5000000000
21850  5.448  -48.830  -24.593 0.6000000238
21851  4.619  -49.265  -24.824 0.6000000238
30552  14.397  -42.058  -26.704 0.4000000060
24985  8.325  -46.649  -22.123 0.6999999881
149213  7.015  -47.320  -21.362 0.5000000000
22872  6.827  -48.141  -19.111 0.5000000000
29493  13.886  -42.879  -26.979 0.6000000238
28352  12.357  -43.278  -26.687 0.5000000000
23911  7.710  -47.209  -20.462 0.6000000238
22857  7.438  -48.499  -18.273 0.5000000000
28365  14.412  -43.243  -27.618 0.5000000000
132502  9.431  -46.246  -22.282 0.6000000238
23910  8.649  -46.989  -19.901 0.8000000119
24976  10.317  -46.432  -20.427 0.6999999881
23884  8.984  -47.779  -18.389 0.8000000119
21769  8.076  -49.106  -17.706 0.6999999881
135186  6.613  -49.386  -22.993 0.6000000238
21833  5.924  -48.997  -23.776 0.6000000238
131487  5.888  -47.636  -21.265 0.5000000000
29483  13.541  -42.315  -26.451 0.5000000000
149165  7.426  -46.061  -23.701 0.6999999881
22873  5.804  -48.431  -19.437 0.5000000000
29506  15.569  -42.760  -28.002 0.4000000060
29491  15.268  -42.176  -27.250 0.4000000060
28379  15.007  -43.471  -28.154 0.4000000060
27284  13.738  -44.980  -28.911 0.5000000000
26180  13.748  -46.221  -29.029 0.4000000060
24986  5.841  -46.960  -22.449 0.5000000000
23913  5.067  -47.727  -21.262 0.5000000000
30538  14.461  -41.331  -26.312 0.3000000119
31553  14.196  -41.051  -25.735 0.3000000119
26090  6.888  -45.954  -23.520 0.6000000238
28390  15.692  -43.533  -28.850 0.4000000060
27300  14.851  -44.796  -29.634 0.4000000060
25081  13.152  -47.186  -28.232 0.4000000060
27198  6.856  -45.080  -23.262 0.6000000238
26107  7.519  -45.528  -23.829 0.6000000238
137239  14.565  -46.552  -29.261 0.4000000060
27199  6.229  -44.638  -22.537 0.5000000000
26078  5.484  -46.122  -22.753 0.5000000000
32656  18.834  -40.024  -26.919 0.3000000119
32621  15.899  -40.055  -25.814 0.3000000119
31541  15.400  -40.127  -25.194 0.3000000119
135385  15.085  -40.617  -24.453 0.4000000060
25093  15.341  -47.093  -28.868 0.3000000119
25080  14.074  -47.447  -28.197 0.4000000060
25079  14.984  -47.312  -28.104 0.4000000060
149844  15.838  -40.333  -24.465 0.4000000060
28303  7.465  -43.712  -22.773 0.6000000238
135695  5.554  -45.125  -22.324 0.4000000060
135311  15.940  -40.850  -23.443 0.4000000060
32631  20.920  -39.746  -26.723 0.3000000119
126770  19.147  -40.103  -25.918 0.3000000119
28298  6.369  -43.673  -21.832 0.5000000000
31520  15.556  -41.377  -22.541 0.4000000060
30508  14.831  -41.955  -22.402 0.4000000060
30494  14.148  -41.787  -21.326 0.5000000000
143349  16.220  -40.902  -22.519 0.4000000060
31513  15.785  -41.018  -21.838 0.4000000060
34896  17.982  -36.966  -23.637 0.3000000119
36034  17.044  -36.726  -23.586 0.3000000119
34882  17.633  -37.553  -22.821 0.3000000119
34883  16.581  -37.216  -22.898 0.3000000119
36035  16.087  -36.575  -23.631 0.3000000119
32534  9.777  -39.906  -17.807 0.4000000060
130450  17.150  -35.403  -25.070 0.3000000119
4210  23.353  -68.367  -29.586 0.3000000119
3672  19.065  -69.471  -33.822 0.4000000060
32583  16.801  -39.705  -21.821 0.3000000119
21831  7.578  -49.546  -24.148 0.6000000238
144373  7.954  -39.411  -18.093 0.4000000060
28380  13.319  -44.403  -28.146 0.5000000000
33743  16.744  -38.668  -21.800 0.3000000119
2158  19.228  -72.410  -35.951 0.3000000119
2629  20.901  -71.853  -36.322 0.4000000060
12375  11.229  -58.502  -30.684 0.5000000000
1591  16.046  -73.219  -19.069 0.4000000060
1601  13.989  -73.107  -20.715 0.5000000000
433  12.426  -77.560  -20.170 0.5000000000
935  18.289  -74.548  -22.576 0.5000000000
3089  14.202  -70.978  -31.173 0.4000000060
904  15.564  -74.910  -18.144 0.4000000060
1239  19.572  -73.722  -22.292 0.4000000060
1617  18.894  -72.664  -24.088 0.4000000060
3075  13.620  -70.321  -30.170 0.4000000060
2577  15.759  -71.496  -31.928 0.4000000060
136469  16.972  -71.679  -32.389 0.4000000060
415  13.909  -77.109  -17.599 0.3000000119
137125  19.048  -73.841  -17.152 0.3000000119
1229  20.132  -73.724  -21.408 0.3000000119
1616  19.685  -72.080  -23.634 0.4000000060
1625  19.811  -72.447  -24.300 0.4000000060
3631  13.330  -69.354  -29.607 0.3000000119
4232  13.374  -68.803  -30.432 0.4000000060
2036  20.617  -71.652  -23.573 0.4000000060
2063  21.968  -71.720  -26.898 0.4000000060
3095  21.499  -71.104  -32.493 0.5000000000
4884  12.472  -67.481  -36.269 0.5000000000
3676  14.006  -69.608  -32.743 0.4000000060
1589  21.468  -73.022  -19.461 0.3000000119
2062  22.579  -71.382  -26.142 0.4000000060
2527  22.545  -71.130  -27.049 0.4000000060
2078  22.413  -71.537  -28.001 0.5000000000
2123  24.267  -71.691  -31.117 0.5000000000
3605  17.822  -68.962  -28.706 0.3000000119
4831  15.198  -67.650  -29.578 0.3000000119
130259  14.098  -68.454  -30.573 0.3000000119
4250  14.783  -69.009  -31.893 0.3000000119
4295  12.593  -69.216  -37.676 0.6000000238
140604  24.171  -70.886  -27.433 0.3000000119
2540  23.136  -71.034  -27.489 0.4000000060
3641  22.440  -69.503  -30.533 0.3000000119
5610  13.251  -66.025  -37.008 0.5000000000
3102  17.081  -70.000  -33.694 0.4000000060
137249  25.962  -70.522  -28.996 0.3000000119
3640  23.440  -69.618  -30.608 0.3000000119
3115  21.556  -70.749  -34.843 0.4000000060
3116  20.027  -70.332  -34.885 0.4000000060
3130  18.845  -70.990  -35.120 0.4000000060
3125  24.334  -70.015  -35.317 0.3000000119
5496  20.073  -66.198  -27.352 0.3000000119
9566  12.221  -61.399  -28.243 0.6000000238
145372  20.706  -70.617  -34.956 0.3000000119
5513  20.640  -66.751  -28.038 0.3000000119
4801  22.146  -67.090  -28.851 0.3000000119
7032  20.880  -64.950  -31.007 0.3000000119
13393  8.989  -57.921  -30.676 0.5000000000
13409  7.457  -57.480  -32.372 0.6000000238
24965  10.343  -46.851  -19.475 0.6999999881
22856  8.555  -48.421  -17.952 0.6999999881
130452  9.424  -46.721  -20.104 0.6999999881
24978  7.605  -47.059  -21.607 0.6000000238
32635  16.437  -40.056  -26.484 0.3000000119
32633  18.207  -40.030  -26.182 0.3000000119
5609  14.328  -66.394  -37.456 0.5000000000
6357  22.902  -66.589  -39.966 0.6000000238
11444  9.570  -59.206  -33.387 0.4000000060
11474  9.780  -59.122  -34.343 0.5000000000
16458  7.939  -54.960  -30.921 0.5000000000
16471  10.560  -55.254  -31.677 0.5000000000
16472  9.603  -55.278  -31.681 0.5000000000
16473  8.566  -55.211  -31.588 0.5000000000
17498  6.609  -54.075  -30.086 0.5000000000
17497  8.336  -54.021  -30.126 0.5000000000
16470  11.551  -54.958  -31.742 0.5000000000
129134  6.187  -53.449  -29.507 0.4000000060
16434  10.696  -54.462  -30.574 0.5000000000
16435  9.811  -54.532  -30.434 0.5000000000
138972  8.003  -52.765  -29.251 0.5000000000
17464  6.242  -52.624  -28.843 0.5000000000
17496  10.285  -53.661  -30.070 0.6000000238
17478  8.691  -53.257  -29.587 0.5000000000
18560  7.847  -51.878  -28.859 0.5000000000
20738  4.338  -49.780  -25.582 0.5000000000
18570  9.794  -51.860  -30.118 0.6000000238
19632  5.103  -51.131  -27.731 0.5000000000
20755  4.543  -50.030  -26.538 0.5000000000
18572  8.608  -52.259  -29.248 0.6000000238
129584  6.587  -51.307  -28.192 0.6000000238
19648  5.731  -51.615  -28.140 0.5000000000
19680  10.503  -51.306  -30.515 0.6000000238
19645  8.716  -50.192  -29.162 0.6000000238
129636  8.127  -50.616  -28.683 0.6000000238
20771  5.409  -50.122  -27.251 0.6000000238
20786  8.604  -49.431  -28.478 0.6000000238
20754  5.475  -49.385  -26.601 0.5000000000
148950  5.218  -48.832  -25.171 0.5000000000
20769  7.892  -49.751  -28.105 0.6000000238
124415  6.089  -50.723  -27.715 0.6000000238
125485  8.637  -53.231  -17.420 0.5000000000
20608  8.013  -50.607  -17.270 0.5000000000
20607  9.055  -50.926  -17.390 0.5000000000
21848  7.137  -48.811  -24.788 0.6000000238
20768  8.594  -48.868  -27.682 0.6000000238
21870  7.341  -48.624  -25.665 0.6000000238
124762  7.628  -48.935  -27.332 0.6000000238
21904  6.944  -48.632  -26.884 0.6000000238
21884  8.392  -48.774  -26.824 0.6000000238
31519  16.994  -40.579  -22.972 0.3000000119
31457  10.772  -40.684  -17.588 0.3000000119
3151  22.757  -69.446  -39.436 0.4000000060
4305  22.655  -68.634  -40.439 0.5000000000
3162  14.585  -71.075  -40.196 0.5000000000
3716  15.161  -70.192  -39.451 0.5000000000
4915  23.255  -67.619  -40.408 0.4000000060
3706  15.575  -69.780  -38.427 0.4000000060
7132  23.104  -65.428  -39.499 0.4000000060
141526  13.522  -66.810  -36.540 0.4000000060
4273  14.719  -68.257  -36.542 0.4000000060
143407  14.085  -67.407  -36.516 0.4000000060
146549  14.042  -69.629  -37.245 0.4000000060
3707  14.369  -70.115  -38.366 0.4000000060
130267  23.865  -63.139  -37.937 0.4000000060
146079  23.429  -63.726  -37.794 0.4000000060
7110  22.564  -64.994  -37.302 0.4000000060
130016  14.061  -65.372  -37.922 0.4000000060
7931  23.705  -63.773  -38.625 0.4000000060
144820  22.225  -63.902  -35.594 0.4000000060
8766  21.609  -62.700  -35.180 0.5000000000
21903  9.886  -49.119  -27.977 0.5000000000
21901  11.301  -49.699  -27.725 0.5000000000
20767  10.192  -49.424  -27.230 0.5000000000
20766  10.871  -49.966  -27.254 0.5000000000
18546  11.542  -52.339  -27.276 0.5000000000
19618  9.739  -50.886  -26.176 0.5000000000
17440  10.834  -53.406  -26.161 0.5000000000
21751  7.588  -49.805  -17.544 0.4000000060
22858  6.451  -48.669  -18.575 0.4000000060
19617  10.356  -51.488  -26.547 0.5000000000
21869  8.128  -48.763  -26.005 0.5000000000
6354  22.041  -66.454  -39.644 0.5000000000
7126  23.546  -64.676  -39.276 0.4000000060
7924  23.010  -64.135  -37.024 0.4000000060
654  12.387  -76.190  -20.976 0.4000000060
661  10.948  -76.238  -22.370 0.4000000060
307  11.813  -77.647  -27.326 0.4000000060
921  12.593  -74.924  -20.908 0.4000000060
922  11.752  -75.126  -21.694 0.4000000060
127926  12.736  -77.695  -26.613 0.4000000060
942  10.944  -75.641  -22.984 0.4000000060
289  14.037  -77.179  -26.398 0.4000000060
290  13.245  -77.531  -26.192 0.4000000060
146  12.111  -78.182  -25.418 0.4000000060
1234  13.245  -73.670  -21.450 0.5000000000
1225  12.482  -74.262  -21.555 0.5000000000
1243  12.679  -74.463  -22.476 0.4000000060
145898  12.063  -74.867  -22.843 0.4000000060
276  13.303  -77.659  -24.774 0.4000000060
1606  14.648  -72.911  -20.870 0.5000000000
930  15.373  -74.865  -21.722 0.5000000000
931  14.379  -74.067  -21.942 0.5000000000
940  12.869  -75.336  -22.999 0.4000000060
947  11.823  -75.517  -23.296 0.4000000060
659  15.785  -75.896  -21.908 0.4000000060
939  13.676  -74.806  -22.487 0.4000000060
685  16.412  -76.196  -25.372 0.4000000060
462  15.708  -76.418  -24.845 0.4000000060
463  14.638  -77.129  -24.437 0.4000000060
268  13.668  -77.458  -24.278 0.4000000060
269  12.872  -77.578  -24.468 0.4000000060
288  14.773  -77.074  -25.958 0.4000000060
283  14.381  -77.313  -25.113 0.4000000060
670  16.087  -76.193  -23.289 0.5000000000
665  15.287  -76.420  -22.583 0.4000000060
666  14.190  -76.314  -22.789 0.4000000060
667  13.176  -76.435  -23.424 0.4000000060
678  16.743  -75.660  -24.587 0.5000000000
454  15.613  -76.522  -23.882 0.4000000060
455  15.021  -76.930  -23.739 0.4000000060
456  14.293  -77.217  -23.853 0.4000000060
691  18.757  -75.642  -27.010 0.3000000119
143343  19.366  -75.174  -27.693 0.3000000119
977  19.853  -75.044  -27.263 0.4000000060
968  18.595  -75.581  -26.212 0.3000000119
1274  20.407  -74.420  -26.233 0.4000000060
956  19.047  -75.082  -25.630 0.4000000060
139041  20.146  -73.847  -30.948 0.3000000119
1307  20.230  -74.233  -29.086 0.4000000060
131076  19.835  -74.908  -27.961 0.4000000060
148100  20.702  -74.376  -27.685 0.4000000060
1306  20.645  -73.856  -29.658 0.4000000060
134785  20.836  -73.915  -28.938 0.4000000060
131098  21.079  -73.872  -28.063 0.4000000060
684  17.080  -76.049  -25.674 0.3000000119
1647  20.954  -73.822  -25.858 0.3000000119
1264  19.371  -74.375  -25.103 0.4000000060
1321  20.631  -73.753  -31.511 0.4000000060
1280  21.035  -74.036  -27.244 0.3000000119
1680  21.275  -73.396  -29.798 0.4000000060
1679  22.120  -72.977  -30.247 0.4000000060
1671  21.784  -72.428  -28.515 0.4000000060
950  17.632  -74.877  -24.623 0.4000000060
949  18.459  -74.582  -24.833 0.4000000060
1323  19.505  -73.916  -31.989 0.4000000060
140496  21.459  -73.274  -26.019 0.3000000119
1718  20.618  -73.403  -33.227 0.4000000060
143889  20.262  -73.760  -32.318 0.4000000060
1717  21.195  -73.145  -33.164 0.4000000060
1707  22.045  -72.934  -32.217 0.4000000060
1690  21.616  -73.327  -30.785 0.4000000060
946  16.644  -75.632  -23.636 0.4000000060
945  17.372  -74.712  -23.788 0.4000000060
1253  19.539  -73.391  -24.641 0.3000000119
1248  17.817  -74.009  -24.220 0.4000000060
1638  20.507  -73.344  -25.004 0.3000000119
2144  19.906  -72.916  -33.675 0.4000000060
2145  18.510  -72.855  -33.597 0.4000000060
2598  19.650  -72.097  -33.431 0.4000000060
131423  22.092  -72.307  -32.936 0.4000000060
1700  21.862  -73.209  -31.563 0.4000000060
138234  16.300  -74.903  -21.408 0.4000000060
1247  18.267  -73.315  -23.841 0.3000000119
920  16.977  -74.514  -20.822 0.4000000060
663  16.651  -75.829  -22.674 0.4000000060
936  17.185  -75.403  -22.116 0.4000000060
134641  17.284  -75.318  -22.951 0.4000000060
146716  17.791  -74.831  -22.972 0.4000000060
8767  21.100  -62.144  -35.349 0.4000000060
140593  21.228  -73.482  -32.148 0.4000000060
275  14.026  -77.445  -24.529 0.4000000060
284  13.619  -77.599  -25.094 0.4000000060
285  12.804  -77.832  -25.273 0.4000000060
291  12.443  -78.044  -25.941 0.4000000060
298  12.157  -77.978  -26.817 0.4000000060
408  13.933  -76.985  -16.847 0.3000000119
439  12.908  -77.015  -20.295 0.5000000000
440  12.187  -77.218  -20.863 0.5000000000
449  14.801  -76.992  -23.104 0.4000000060
450  14.076  -77.062  -23.298 0.4000000060
457  13.315  -77.194  -23.882 0.4000000060
467  15.112  -76.870  -25.236 0.4000000060
472  15.487  -76.838  -25.991 0.4000000060
473  14.778  -76.867  -26.682 0.4000000060
631  14.990  -76.372  -16.438 0.3000000119
645  14.259  -76.699  -19.002 0.4000000060
660  11.577  -76.294  -21.620 0.4000000060
664  16.011  -76.226  -22.519 0.5000000000
671  15.502  -76.627  -23.131 0.4000000060
672  12.057  -76.383  -23.709 0.4000000060
673  11.317  -75.868  -23.377 0.4000000060
677  17.359  -75.594  -25.135 0.4000000060
679  16.217  -76.016  -24.402 0.4000000060
683  17.837  -75.847  -25.897 0.3000000119
703  18.873  -75.481  -27.676 0.3000000119
905  14.903  -75.730  -18.683 0.3000000119
917  18.809  -74.431  -21.431 0.4000000060
918  18.333  -74.541  -21.035 0.4000000060
927  18.921  -74.339  -22.086 0.4000000060
932  11.233  -75.604  -22.316 0.4000000060
937  16.534  -75.734  -21.948 0.4000000060
938  14.853  -75.594  -22.163 0.4000000060
941  11.457  -75.067  -22.621 0.4000000060
951  17.013  -75.228  -24.275 0.4000000060
957  18.230  -75.347  -25.399 0.3000000119
966  20.028  -74.880  -26.570 0.4000000060
967  19.341  -75.219  -26.556 0.3000000119
1010  20.152  -73.946  -29.998 0.4000000060
1166  20.045  -73.565  -15.874 0.3000000119
1201  20.166  -73.692  -18.443 0.3000000119
1203  18.289  -73.953  -18.767 0.3000000119
1206  15.547  -73.684  -18.825 0.4000000060
1207  15.118  -74.623  -18.796 0.4000000060
1211  20.212  -73.770  -19.926 0.3000000119
1212  19.026  -74.010  -19.086 0.3000000119
1218  13.963  -73.646  -20.058 0.5000000000
1232  15.201  -73.467  -21.281 0.5000000000
1233  14.086  -73.324  -21.397 0.5000000000
1235  11.998  -74.480  -22.226 0.4000000060
1241  17.932  -74.126  -23.523 0.4000000060
1242  13.358  -73.839  -22.033 0.4000000060
1254  18.569  -73.572  -24.359 0.4000000060
1263  20.169  -74.113  -25.434 0.4000000060
1275  19.807  -74.781  -25.873 0.4000000060
1281  20.433  -74.457  -28.281 0.4000000060
1311  20.811  -73.702  -30.597 0.4000000060
1312  19.571  -73.890  -30.541 0.3000000119
1322  20.019  -73.825  -31.629 0.4000000060
1341  20.154  -73.689  -33.037 0.4000000060
1362  18.026  -73.896  -37.081 0.3000000119
1367  17.459  -74.228  -37.176 0.3000000119
1372  17.270  -74.127  -37.981 0.4000000060
1378  16.137  -74.001  -38.998 0.4000000060
1570  21.037  -73.218  -16.912 0.3000000119
1579  21.395  -73.014  -17.677 0.3000000119
1584  20.889  -73.391  -18.294 0.3000000119
1588  22.031  -72.449  -19.796 0.3000000119
1592  14.492  -73.049  -20.046 0.5000000000
1599  15.382  -72.879  -20.475 0.4000000060
1600  14.726  -72.873  -20.379 0.4000000060
1604  21.800  -72.810  -21.391 0.3000000119
1605  20.986  -73.378  -21.416 0.3000000119
1624  20.784  -72.528  -24.635 0.4000000060
1637  21.234  -73.089  -25.370 0.4000000060
1645  21.656  -72.789  -26.591 0.3000000119
1646  21.294  -73.622  -26.611 0.3000000119
1658  21.386  -73.350  -27.362 0.3000000119
1672  21.348  -73.231  -28.815 0.4000000060
1688  23.112  -72.538  -31.233 0.5000000000
1689  22.400  -73.009  -31.048 0.4000000060
1708  21.433  -73.182  -32.705 0.4000000060
1709  20.867  -73.523  -32.870 0.4000000060
1719  20.033  -73.409  -33.424 0.4000000060
1733  17.385  -73.528  -35.848 0.4000000060
1734  15.435  -73.658  -35.586 0.4000000060
1737  19.199  -73.183  -36.873 0.4000000060
1739  17.769  -73.784  -36.225 0.3000000119
1746  19.619  -72.871  -38.314 0.3000000119
1747  18.492  -73.480  -38.361 0.3000000119
1750  19.033  -72.935  -38.838 0.4000000060
1757  16.466  -72.781  -40.299 0.5000000000
2037  20.250  -71.853  -24.134 0.4000000060
2044  22.105  -71.859  -24.465 0.4000000060
2045  21.096  -71.836  -24.253 0.4000000060
2105  22.677  -72.538  -29.867 0.5000000000
2116  24.538  -71.647  -30.419 0.5000000000
2124  23.658  -72.048  -31.597 0.5000000000
2125  22.904  -72.551  -31.938 0.5000000000
2132  22.421  -72.442  -32.441 0.4000000060
2133  21.808  -72.780  -32.870 0.4000000060
2142  21.389  -72.454  -33.273 0.4000000060
2143  20.656  -73.008  -33.511 0.4000000060
2166  20.351  -72.333  -36.729 0.5000000000
2168  18.934  -73.113  -36.254 0.3000000119
2171  21.059  -71.914  -37.479 0.4000000060
2180  19.587  -71.622  -39.820 0.3000000119
2181  19.305  -72.328  -39.349 0.3000000119
2188  16.633  -72.067  -40.892 0.5000000000
2192  17.839  -71.540  -40.964 0.6000000238
2195  14.969  -72.010  -40.856 0.4000000060
2514  23.492  -70.979  -25.813 0.3000000119
2526  23.276  -70.887  -26.709 0.3000000119
2572  24.158  -71.402  -31.490 0.5000000000
2573  23.023  -71.397  -32.172 0.5000000000
2578  14.785  -71.580  -32.016 0.3000000119
2586  21.848  -71.720  -32.891 0.5000000000
2588  19.320  -71.260  -32.759 0.5000000000
2591  16.157  -72.061  -32.694 0.4000000060
2597  20.483  -72.263  -33.476 0.4000000060
2599  18.837  -72.045  -33.277 0.5000000000
2600  12.781  -71.178  -33.906 0.3000000119
2607  22.367  -71.051  -35.029 0.3000000119
2616  21.458  -71.477  -35.826 0.4000000060
2617  20.692  -71.576  -35.754 0.4000000060
2618  19.376  -71.585  -35.554 0.4000000060
2620  17.447  -71.776  -35.408 0.3000000119
2622  15.650  -71.808  -35.324 0.3000000119
2626  22.745  -70.716  -36.822 0.5000000000
2627  22.151  -71.191  -36.469 0.4000000060
2633  21.524  -71.418  -37.728 0.4000000060
2637  21.299  -71.225  -38.475 0.4000000060
2638  20.610  -71.730  -38.672 0.4000000060
2643  20.259  -71.326  -39.546 0.4000000060
2646  20.535  -70.644  -40.073 0.4000000060
2649  18.577  -71.398  -40.776 0.5000000000
2654  18.958  -70.815  -40.950 0.5000000000
2658  15.420  -71.622  -40.892 0.6000000238
3054  26.353  -69.991  -29.400 0.3000000119
3055  25.799  -70.557  -29.835 0.3000000119
3059  13.473  -69.749  -29.612 0.3000000119
3066  25.482  -70.624  -30.441 0.3000000119
3071  18.461  -70.211  -30.624 0.4000000060
3072  17.580  -70.136  -30.315 0.4000000060
3076  12.892  -70.039  -30.377 0.4000000060
3077  12.289  -70.231  -31.188 0.3000000119
3079  24.442  -70.721  -31.253 0.4000000060
3084  19.440  -70.606  -31.883 0.5000000000
3087  16.272  -70.967  -31.237 0.4000000060
3090  11.859  -70.441  -31.779 0.3000000119
3094  22.217  -71.191  -32.366 0.5000000000
3096  20.894  -70.788  -32.285 0.5000000000
3098  12.392  -70.055  -32.621 0.3000000119
3108  11.579  -70.834  -32.575 0.3000000119
3118  18.457  -70.443  -34.569 0.4000000060
3120  16.558  -70.570  -34.359 0.4000000060
3122  14.639  -70.782  -34.224 0.3000000119
3127  21.813  -71.255  -35.336 0.4000000060
3128  20.328  -70.973  -35.296 0.4000000060
3129  19.621  -70.887  -35.212 0.4000000060
3140  23.487  -69.831  -37.723 0.5000000000
3161  15.427  -70.806  -40.467 0.6000000238
3167  20.142  -70.007  -40.763 0.6000000238
3168  19.387  -70.339  -40.897 0.6000000238
3170  16.681  -70.820  -41.097 0.6999999881
3171  15.797  -71.044  -40.944 0.6000000238
3608  14.881  -68.775  -28.289 0.3000000119
3628  16.243  -69.451  -29.051 0.3000000119
3630  13.735  -69.337  -29.024 0.3000000119
3643  20.622  -69.562  -30.264 0.3000000119
3644  19.808  -69.709  -30.158 0.4000000060
3651  22.983  -70.155  -31.129 0.4000000060
3652  13.042  -69.248  -31.368 0.3000000119
3654  11.843  -70.092  -31.914 0.3000000119
3657  17.047  -69.149  -32.452 0.4000000060
3658  16.277  -69.287  -32.580 0.4000000060
3662  12.038  -69.864  -32.036 0.3000000119
3687  18.938  -69.919  -34.309 0.4000000060
3700  23.825  -69.319  -38.336 0.5000000000
3701  14.938  -69.643  -37.321 0.4000000060
3714  23.489  -69.090  -39.160 0.4000000060
3724  14.897  -70.637  -39.933 0.5000000000
3727  21.290  -69.237  -40.700 0.6000000238
3728  20.640  -69.318  -40.800 0.6000000238
4185  17.450  -67.768  -27.585 0.3000000119
4194  16.094  -68.293  -27.803 0.3000000119
4196  14.122  -68.435  -28.595 0.3000000119
4212  21.394  -68.383  -29.413 0.3000000119
4213  20.491  -68.610  -29.287 0.3000000119
4215  18.787  -68.905  -28.881 0.3000000119
4220  23.958  -69.093  -30.062 0.3000000119
4221  22.904  -68.959  -30.019 0.3000000119
4224  13.847  -68.352  -29.809 0.3000000119
4225  13.384  -68.851  -29.624 0.3000000119
4230  14.890  -68.551  -31.148 0.3000000119
4231  13.926  -68.773  -31.247 0.3000000119
4261  18.488  -69.285  -33.140 0.3000000119
4275  12.996  -68.160  -36.255 0.6000000238
4281  17.043  -68.544  -37.340 0.6000000238
4283  15.324  -69.036  -36.811 0.6000000238
4284  14.372  -69.057  -36.667 0.4000000060
4285  13.303  -69.006  -36.794 0.5000000000
4292  17.838  -68.544  -37.974 0.6999999881
4301  16.834  -69.152  -39.463 0.6000000238
4304  23.383  -68.292  -40.235 0.5000000000
4307  18.963  -68.575  -40.622 0.8000000119
4308  17.563  -69.030  -40.506 0.6999999881
4310  23.007  -68.169  -40.495 0.4000000060
4314  19.378  -69.016  -40.877 0.6999999881
4793  16.926  -67.203  -27.361 0.3000000119
4803  20.291  -67.452  -28.383 0.3000000119
4805  18.414  -67.733  -27.740 0.3000000119
4822  22.759  -67.704  -29.218 0.3000000119
4826  14.458  -67.983  -28.531 0.3000000119
4832  14.422  -67.905  -29.265 0.3000000119
4892  16.456  -68.004  -36.746 0.6000000238
4895  11.598  -67.543  -36.964 0.5000000000
4906  18.266  -68.330  -39.285 0.8000000119
4909  23.684  -67.801  -40.262 0.4000000060
4912  18.619  -68.336  -40.168 0.8000000119
4916  21.677  -68.164  -40.702 0.6000000238
5498  18.183  -66.092  -26.843 0.3000000119
5512  21.523  -66.512  -28.354 0.3000000119
5515  17.097  -66.102  -27.528 0.3000000119
5527  17.817  -65.881  -29.414 0.3000000119
5606  17.876  -66.817  -36.707 0.6999999881
5608  15.592  -67.022  -36.947 0.6000000238
5627  21.512  -66.948  -39.944 0.6999999881
5628  20.872  -67.092  -39.912 0.6999999881
5629  23.074  -67.080  -40.293 0.6999999881
6213  18.610  -65.364  -26.677 0.3000000119
6214  18.031  -64.743  -26.825 0.3000000119
6215  17.617  -65.387  -27.160 0.3000000119
6227  17.371  -65.322  -27.785 0.3000000119
6228  11.407  -65.096  -28.521 0.6000000238
6249  20.156  -64.978  -30.593 0.3000000119
6267  13.883  -65.172  -31.240 0.6000000238
6269  12.166  -65.577  -31.463 0.6000000238
6281  13.645  -65.376  -32.045 0.6999999881
6284  10.864  -65.705  -32.559 0.5000000000
6327  22.181  -65.600  -37.947 0.6000000238
6329  20.531  -66.036  -36.823 0.6999999881
6330  19.807  -65.859  -36.481 0.6999999881
6331  17.885  -65.260  -36.967 0.8000000119
6342  21.914  -65.888  -38.876 0.6999999881
6344  16.130  -64.721  -38.558 0.8000000119
6347  22.522  -65.867  -39.464 0.5000000000
6348  21.972  -66.193  -39.410 0.6999999881
6353  22.657  -66.150  -39.670 0.6000000238
6967  18.444  -64.040  -26.744 0.3000000119
6994  17.994  -64.175  -27.824 0.3000000119
6995  12.387  -64.043  -28.192 0.6999999881
6997  10.812  -64.698  -28.333 0.6000000238
7010  17.678  -64.749  -28.068 0.3000000119
7012  12.688  -64.348  -28.981 0.6000000238
7014  9.945  -64.897  -28.904 0.6000000238
7021  15.224  -63.798  -30.945 0.6999999881
7023  13.082  -64.628  -29.809 0.6000000238
7059  16.190  -64.094  -32.728 0.8000000119
7061  14.159  -65.137  -32.697 0.6999999881
7079  15.126  -64.106  -33.914 0.6999999881
7082  12.273  -63.819  -34.309 0.6000000238
7094  21.605  -63.518  -35.339 0.5000000000
7102  21.821  -65.062  -36.275 0.6999999881
7114  16.565  -65.070  -38.067 0.8000000119
7122  15.556  -64.284  -38.504 0.6000000238
7127  22.937  -65.190  -39.313 0.5000000000
7802  11.962  -63.742  -27.748 0.5000000000
7833  14.737  -63.732  -30.820 0.6000000238
7858  17.249  -63.130  -32.836 0.8000000119
7866  16.648  -63.585  -33.269 0.8999999762
7882  16.381  -63.337  -34.164 0.8999999762
7903  15.938  -62.856  -35.128 0.6999999881
7904  15.091  -63.048  -35.385 0.8000000119
7905  14.257  -63.071  -35.713 0.8000000119
7913  22.855  -63.737  -36.063 0.4000000060
7919  12.205  -63.415  -36.795 0.5000000000
7926  18.506  -63.735  -37.957 0.6999999881
7929  12.875  -63.894  -37.401 0.6999999881
7932  23.149  -64.334  -38.193 0.4000000060
7934  18.188  -63.370  -38.433 0.6999999881
7944  23.367  -64.465  -39.054 0.4000000060
8702  14.550  -63.405  -30.966 0.6999999881
8716  17.255  -61.909  -31.437 0.8000000119
8718  16.235  -62.670  -31.270 0.8000000119
8719  15.519  -62.762  -31.222 0.6999999881
8734  17.585  -62.491  -32.441 0.8999999762
8791  15.571  -62.634  -37.595 0.6999999881
8795  19.721  -61.997  -38.371 0.6999999881
8796  18.536  -62.739  -38.441 0.6999999881
8799  16.127  -63.018  -38.088 0.8000000119
9567  11.931  -61.136  -27.775 0.6000000238
9568  11.150  -61.051  -27.861 0.6000000238
9595  16.436  -61.130  -30.886 0.6999999881
9611  18.008  -61.059  -31.902 0.6999999881
9612  17.546  -61.186  -31.343 0.6999999881
9613  16.670  -61.953  -31.226 0.8000000119
9641  17.721  -61.959  -33.615 0.6999999881
9643  12.184  -61.771  -33.809 0.5000000000
9671  16.821  -61.200  -35.268 0.6999999881
9672  16.400  -60.936  -36.065 0.6000000238
9687  16.629  -60.845  -36.711 0.6000000238
9695  18.271  -61.002  -37.883 0.5000000000
9700  20.183  -61.221  -38.138 0.5000000000
9702  17.984  -62.277  -38.357 0.6999999881
10480  15.840  -59.719  -29.424 0.5000000000
10494  15.260  -60.175  -30.780 0.6999999881
10495  12.225  -60.120  -29.519 0.6000000238
10511  17.877  -60.609  -31.577 0.6999999881
10514  11.482  -59.896  -31.292 0.6000000238
10531  10.625  -60.441  -33.288 0.5000000000
10543  17.771  -60.579  -34.046 0.6999999881
10563  17.188  -60.504  -34.919 0.6999999881
11371  11.041  -58.993  -28.425 0.6000000238
11387  14.907  -59.391  -29.819 0.6000000238
11388  12.038  -59.193  -29.084 0.6000000238
11425  17.509  -58.846  -31.080 0.6000000238
11439  17.946  -59.445  -32.395 0.6000000238
11440  17.753  -58.924  -31.889 0.6000000238
11442  11.009  -59.910  -32.131 0.6000000238
11451  18.042  -59.886  -32.940 0.6000000238
11452  17.963  -59.842  -33.702 0.6999999881
11470  13.641  -59.957  -34.838 0.6999999881
11471  12.704  -59.913  -35.273 0.6000000238
11472  11.730  -60.108  -35.256 0.6000000238
11473  10.394  -59.751  -34.534 0.5000000000
11486  11.201  -59.401  -35.392 0.6000000238
11494  17.425  -59.498  -36.668 0.5000000000
11507  18.472  -59.617  -37.230 0.5000000000
12327  10.563  -58.170  -28.495 0.6000000238
12344  15.441  -58.863  -29.063 0.6000000238
12345  14.905  -58.795  -29.170 0.6000000238
12359  16.534  -59.617  -29.691 0.5000000000
12361  11.483  -58.374  -29.595 0.6000000238
12362  10.720  -57.758  -29.977 0.6000000238
12374  14.462  -58.203  -30.667 0.5000000000
12390  14.485  -59.115  -32.131 0.6000000238
12393  8.167  -58.100  -32.909 0.5000000000
12403  9.008  -58.664  -33.907 0.6000000238
12417  12.596  -58.928  -35.539 0.6999999881
12420  8.738  -58.095  -34.068 0.6999999881
12428  17.181  -58.196  -35.105 0.6000000238
12432  10.810  -58.621  -35.456 0.6000000238
13355  15.953  -58.050  -28.770 0.5000000000
13358  10.276  -57.419  -29.135 0.6000000238
13359  9.584  -57.331  -28.900 0.5000000000
13405  17.836  -56.940  -32.205 0.5000000000
13416  17.693  -57.701  -33.821 0.6000000238
13417  14.591  -58.012  -33.328 0.5000000000
13418  14.330  -58.165  -34.345 0.6999999881
13419  8.327  -57.570  -33.812 0.6000000238
13429  17.453  -57.545  -34.640 0.6000000238
13431  13.248  -57.557  -35.337 0.6999999881
13432  12.082  -57.357  -35.389 0.6999999881
13433  10.535  -57.867  -35.186 0.6999999881
13434  9.734  -57.748  -34.631 0.6999999881
13435  8.927  -57.650  -34.273 0.6999999881
14376  14.621  -56.652  -28.827 0.5000000000
14389  5.808  -56.643  -30.808 0.6000000238
14404  14.987  -56.655  -33.767 0.5000000000
14407  6.574  -56.370  -31.863 0.6000000238
14418  8.898  -56.611  -33.701 0.6999999881
14419  8.063  -56.830  -33.677 0.6000000238
14431  12.672  -56.703  -35.080 0.6999999881
14442  17.851  -56.125  -35.588 0.5000000000
14454  18.798  -56.469  -36.311 0.6000000238
15380  18.511  -56.044  -27.104 0.5000000000
15395  16.106  -55.816  -27.811 0.5000000000
15403  15.359  -55.210  -29.161 0.6000000238
15410  14.642  -55.893  -30.399 0.6000000238
15411  6.043  -55.681  -31.026 0.6000000238
15431  18.535  -55.826  -33.119 0.5000000000
15434  11.797  -55.115  -32.876 0.6000000238
15435  10.971  -55.420  -32.444 0.6000000238
15436  9.994  -55.539  -32.413 0.6000000238
15437  7.895  -55.779  -32.485 0.6000000238
15438  7.037  -56.052  -32.310 0.6000000238
15446  17.937  -55.421  -34.066 0.5000000000
15447  15.597  -55.311  -33.858 0.5000000000
15450  12.764  -54.914  -33.641 0.6000000238
15451  12.118  -55.591  -33.881 0.6000000238
15464  15.320  -55.256  -34.463 0.5000000000
15465  14.906  -55.567  -34.684 0.5000000000
16256  8.892  -54.254  -17.831 0.6000000238
16269  8.169  -55.064  -18.505 0.6000000238
16277  7.021  -55.356  -19.241 0.6000000238
16306  11.729  -54.245  -22.962 0.6000000238
16308  10.130  -53.974  -22.735 0.6000000238
16324  12.089  -54.588  -23.589 0.5000000000
16325  11.144  -54.527  -23.445 0.6000000238
16326  10.250  -54.288  -23.300 0.6000000238
16340  11.475  -54.666  -24.242 0.6999999881
16362  12.566  -54.498  -25.258 0.5000000000
16364  10.981  -54.379  -24.863 0.6999999881
16400  18.311  -55.026  -27.342 0.5000000000
16409  18.399  -54.007  -27.975 0.5000000000
16411  16.639  -54.953  -28.267 0.5000000000
16417  17.305  -54.098  -29.067 0.5000000000
16422  5.111  -53.935  -29.358 0.5000000000
16433  15.632  -54.687  -30.917 0.6000000238
16436  8.803  -54.593  -30.634 0.5000000000
16437  7.420  -54.381  -30.470 0.5000000000
16454  12.077  -54.231  -31.557 0.6000000238
16456  10.201  -55.033  -30.956 0.5000000000
16457  9.422  -54.991  -30.987 0.5000000000
16459  6.985  -55.139  -31.078 0.5000000000
16466  16.179  -54.089  -33.999 0.6000000238
16482  15.575  -54.551  -34.315 0.6000000238
16483  14.792  -54.508  -34.516 0.6000000238
16484  13.775  -54.599  -34.170 0.6000000238
16496  14.493  -55.169  -34.716 0.6000000238
17319  9.095  -54.005  -18.551 0.6000000238
17320  8.609  -54.377  -18.883 0.6000000238
17328  8.195  -53.773  -19.362 0.5000000000
17364  13.084  -53.524  -22.840 0.5000000000
17366  10.623  -53.555  -22.488 0.6000000238
17367  9.761  -53.370  -22.502 0.6000000238
17368  9.068  -53.127  -22.807 0.6999999881
17404  8.968  -53.362  -23.457 0.8000000119
17422  11.342  -54.095  -25.722 0.6000000238
17462  18.655  -53.110  -28.653 0.5000000000
17475  17.995  -53.387  -29.880 0.5000000000
17477  9.502  -53.340  -29.785 0.5000000000
17479  7.500  -53.471  -29.780 0.5000000000
17494  16.905  -53.596  -31.238 0.6000000238
17495  11.198  -53.770  -30.586 0.6999999881
17510  17.399  -52.784  -31.909 0.5000000000
17512  12.288  -53.411  -31.528 0.6999999881
17513  11.786  -53.814  -31.041 0.6000000238
17545  14.132  -53.906  -33.854 0.6000000238
18420  9.381  -53.214  -18.664 0.6000000238
18427  9.291  -52.626  -19.185 0.5000000000
18428  7.518  -52.713  -19.644 0.6000000238
18431  4.489  -52.849  -19.652 0.5000000000
18466  12.463  -52.923  -22.694 0.5000000000
18467  11.381  -52.907  -22.529 0.6999999881
18469  9.523  -52.423  -22.408 0.6999999881
18504  9.050  -53.192  -24.370 0.6999999881
18518  10.017  -53.103  -25.787 0.6000000238
18519  9.355  -52.680  -25.277 0.6000000238
18533  11.216  -52.885  -26.824 0.5000000000
18534  10.476  -52.549  -26.422 0.5000000000
18547  10.975  -51.987  -26.941 0.5000000000
18548  4.737  -52.016  -28.171 0.5000000000
18569  18.452  -52.592  -30.525 0.5000000000
18571  9.303  -52.541  -29.615 0.6000000238
18573  7.150  -52.717  -29.107 0.5000000000
18584  18.636  -51.798  -31.033 0.5000000000
18587  10.427  -52.502  -30.287 0.6000000238
18588  9.866  -52.846  -29.952 0.6000000238
18594  17.241  -52.490  -33.091 0.5000000000
18595  13.215  -51.927  -32.078 0.6000000238
18596  12.403  -52.361  -31.604 0.6999999881
18602  17.350  -51.534  -33.227 0.5000000000
18604  15.876  -52.160  -33.768 0.5000000000
18620  16.170  -52.977  -33.886 0.6999999881
19498  9.827  -51.961  -18.078 0.5000000000
19499  9.330  -51.800  -17.607 0.6000000238
19518  10.021  -51.461  -18.407 0.5000000000
19527  9.092  -51.666  -19.536 0.6000000238
19528  7.437  -51.589  -19.964 0.6000000238
19534  7.444  -50.626  -20.465 0.6000000238
19536  5.814  -51.342  -20.274 0.6000000238
19538  3.440  -51.778  -20.650 0.5000000000
19544  3.601  -51.019  -21.177 0.5000000000
19559  10.804  -51.920  -22.281 0.8000000119
19560  10.055  -51.445  -22.194 0.6999999881
19562  2.808  -50.944  -22.128 0.5000000000
19578  13.581  -51.966  -22.910 0.5000000000
19581  8.622  -51.937  -23.368 0.6999999881
19596  12.234  -51.588  -23.546 0.6000000238
19597  8.443  -51.535  -24.241 0.8000000119
19607  8.614  -51.011  -25.090 0.6999999881
19629  11.480  -51.497  -27.406 0.5000000000
19630  10.964  -50.921  -26.991 0.5000000000
19631  7.011  -50.234  -27.865 0.6000000238
19633  4.166  -51.548  -27.681 0.5000000000
19646  8.487  -51.322  -29.074 0.6000000238
19647  7.405  -51.022  -28.372 0.6000000238
19665  9.073  -51.235  -29.703 0.6000000238
19677  18.242  -50.997  -31.331 0.5000000000
19679  11.320  -50.775  -30.772 0.6000000238
19684  17.792  -51.097  -32.401 0.5000000000
19688  11.816  -51.589  -31.233 0.6999999881
19695  15.207  -51.333  -33.157 0.5000000000
19696  14.162  -51.622  -32.550 0.5000000000
20606  9.814  -51.247  -17.833 0.6000000238
20625  10.561  -49.809  -18.357 0.6000000238
20641  10.256  -49.553  -20.294 0.6000000238
20644  6.777  -50.365  -20.837 0.6000000238
20645  6.047  -50.601  -20.818 0.5000000000
20652  10.719  -49.696  -21.582 0.6999999881
20654  7.459  -49.847  -21.279 0.6000000238
20658  3.381  -50.594  -21.816 0.5000000000
20669  10.807  -50.769  -22.041 0.8000000119
20671  8.976  -50.003  -22.914 0.6999999881
20672  4.994  -49.817  -22.146 0.6000000238
20696  8.176  -49.702  -23.222 0.6999999881
20697  4.023  -49.671  -24.025 0.6000000238
20699  2.900  -51.011  -23.786 0.5000000000
20716  13.099  -51.037  -24.008 0.5000000000
20718  11.913  -51.239  -24.246 0.6999999881
20720  7.806  -49.264  -25.057 0.6000000238
20721  3.754  -50.233  -24.787 0.5000000000
20722  3.147  -51.257  -25.268 0.5000000000
20734  12.558  -50.737  -24.951 0.6000000238
20735  9.178  -50.187  -25.776 0.6000000238
20737  5.057  -49.065  -25.799 0.5000000000
20750  10.365  -50.300  -26.717 0.5000000000
20751  9.700  -49.612  -26.524 0.5000000000
20752  8.917  -49.118  -26.298 0.5000000000
20753  6.216  -48.908  -26.737 0.6000000238
20765  11.480  -50.433  -27.493 0.5000000000
20770  6.469  -49.523  -27.305 0.6000000238
20785  9.174  -49.108  -28.929 0.6000000238
20804  11.188  -49.210  -29.824 0.6000000238
20805  10.289  -49.388  -29.811 0.6000000238
20806  9.435  -49.809  -29.587 0.6000000238
20813  17.884  -50.335  -30.900 0.5000000000
20817  11.743  -49.649  -30.317 0.5000000000
21750  8.847  -49.952  -17.415 0.5000000000
21767  10.580  -49.129  -18.059 0.6999999881
21768  10.013  -49.687  -17.664 0.6000000238
21770  6.995  -49.115  -17.955 0.4000000060
21782  11.047  -48.959  -18.870 0.6000000238
21797  9.028  -49.351  -21.887 0.6999999881
21798  7.811  -49.451  -21.960 0.6999999881
21800  6.010  -49.656  -22.139 0.6000000238
21818  5.493  -49.427  -22.925 0.6000000238
21830  11.321  -49.831  -23.561 0.8000000119
21832  6.859  -49.059  -23.919 0.6000000238
21846  11.873  -50.939  -24.999 0.6999999881
21849  6.335  -48.714  -24.641 0.6000000238
21868  11.580  -49.616  -25.726 0.6999999881
21882  12.774  -49.477  -26.103 0.6000000238
21883  9.325  -48.958  -27.227 0.5000000000
21885  7.540  -48.612  -26.498 0.6000000238
21886  5.842  -48.733  -26.171 0.5000000000
21902  10.605  -49.406  -27.854 0.5000000000
21918  11.557  -49.372  -29.032 0.5000000000
21919  11.090  -49.355  -28.395 0.5000000000
21920  10.259  -49.009  -28.590 0.5000000000
21921  9.672  -48.885  -28.605 0.5000000000
21922  9.250  -48.916  -28.146 0.5000000000
22880  12.515  -47.492  -20.750 0.8000000119
22881  11.902  -48.560  -20.349 0.6999999881
22888  12.485  -47.752  -21.363 0.6999999881
22889  12.146  -48.574  -21.657 0.8000000119
22890  12.018  -48.765  -21.064 0.6999999881
22908  12.256  -47.859  -22.002 0.6999999881
22920  11.019  -48.939  -24.146 0.8000000119
22938  12.118  -49.327  -26.175 0.6999999881
22947  13.758  -48.611  -26.151 0.5000000000
23883  9.958  -47.794  -18.289 0.6000000238
23885  7.866  -47.890  -18.711 0.6999999881
23896  11.784  -47.223  -19.691 0.6000000238
23897  11.130  -47.188  -19.248 0.6999999881
23898  10.573  -47.495  -18.762 0.6999999881
23899  9.450  -47.152  -19.037 0.8000000119
23900  7.263  -47.654  -19.725 0.6000000238
23901  6.088  -47.912  -20.272 0.5000000000
23909  12.282  -47.034  -20.370 0.6000000238
23912  6.719  -47.528  -20.777 0.5000000000
23917  6.747  -47.170  -22.204 0.5000000000
23918  6.253  -47.417  -21.749 0.5000000000
23919  5.367  -47.305  -21.931 0.5000000000
23937  11.953  -47.502  -22.479 0.8000000119
23972  10.859  -48.117  -25.612 0.6999999881
23973  10.581  -47.216  -26.043 0.8000000119
23991  12.344  -48.313  -27.183 0.6999999881
23992  11.678  -47.921  -26.944 0.6999999881
24006  13.701  -47.916  -27.617 0.4000000060
24963  11.755  -46.635  -20.248 0.6000000238
24973  12.454  -46.845  -21.116 0.8000000119
24975  11.198  -46.309  -20.738 0.8000000119
24977  8.511  -46.825  -20.873 0.8000000119
24982  11.947  -46.523  -21.708 0.8000000119
24983  11.303  -46.246  -21.618 0.8000000119
24984  10.407  -46.177  -21.470 0.6999999881
24987  4.974  -46.653  -22.261 0.5000000000
25002  11.324  -46.382  -22.300 0.8000000119
25004  8.490  -46.399  -23.032 0.6999999881
25005  7.494  -46.401  -23.206 0.6999999881
25006  6.487  -46.492  -22.935 0.5000000000
25019  11.697  -46.815  -22.488 0.8000000119
25033  9.295  -45.964  -25.452 0.8000000119
25050  9.913  -46.543  -25.751 0.8000000119
25068  10.205  -46.322  -26.577 0.8000000119
25094  14.366  -47.091  -28.825 0.4000000060
26091  6.163  -45.650  -23.063 0.5000000000
26106  8.240  -45.471  -24.356 0.6999999881
26120  8.695  -45.479  -25.054 0.6999999881
26139  9.528  -45.532  -26.369 0.8000000119
26153  10.961  -45.609  -27.334 0.6999999881
26164  13.104  -45.434  -28.432 0.6000000238
26165  12.310  -45.715  -28.063 0.6000000238
26166  11.636  -45.908  -27.723 0.6000000238
26178  15.072  -46.267  -29.554 0.4000000060
26179  14.406  -45.550  -29.470 0.4000000060
26196  15.588  -46.016  -29.971 0.3000000119
27215  7.472  -44.537  -23.432 0.6000000238
27231  8.878  -44.410  -25.191 0.6999999881
27257  10.549  -43.976  -26.418 0.6999999881
27269  11.706  -44.931  -27.414 0.6999999881
27283  14.337  -44.609  -29.164 0.5000000000
28295  11.866  -43.014  -21.803 0.6000000238
28297  6.970  -43.212  -21.957 0.5000000000
28301  8.790  -42.982  -23.008 0.8000000119
28302  8.180  -43.237  -22.843 0.8000000119
28304  6.823  -44.100  -22.623 0.6000000238
28317  9.346  -42.992  -23.491 0.6999999881
28331  10.038  -43.042  -24.873 0.6000000238
28341  10.233  -43.415  -25.762 0.6999999881
28366  13.627  -43.609  -27.591 0.5000000000
28367  13.047  -43.273  -26.992 0.5000000000
28391  14.859  -44.051  -28.996 0.5000000000
29392  11.448  -42.342  -18.141 0.5000000000
29407  11.011  -42.865  -18.230 0.5000000000
29410  11.391  -42.345  -18.576 0.5000000000
29412  9.723  -42.288  -19.264 0.5000000000
29413  8.722  -42.471  -19.352 0.6000000238
29424  12.705  -42.806  -21.671 0.6000000238
29425  11.247  -42.642  -21.689 0.6000000238
29426  10.325  -42.412  -21.850 0.6999999881
29430  6.522  -42.928  -21.236 0.6000000238
29433  13.262  -42.919  -22.050 0.5000000000
29434  12.389  -43.103  -22.058 0.5000000000
29435  11.534  -43.113  -22.153 0.6000000238
29437  8.393  -42.404  -22.271 0.6999999881
29449  11.891  -42.922  -22.735 0.5000000000
29450  11.430  -42.356  -23.759 0.6000000238
29462  9.975  -42.680  -23.864 0.6999999881
29471  11.433  -42.280  -25.586 0.6000000238
29472  10.707  -42.609  -25.255 0.6999999881
29484  12.813  -42.663  -26.355 0.5000000000
29492  14.635  -42.667  -27.186 0.4000000060
29507  15.008  -42.870  -27.606 0.5000000000
30464  11.815  -41.598  -18.021 0.5000000000
30465  11.248  -42.154  -17.711 0.5000000000
30482  11.282  -41.765  -19.137 0.6000000238
30484  9.112  -40.910  -20.131 0.6000000238
30488  8.595  -40.592  -20.953 0.5000000000
30493  15.010  -41.423  -21.446 0.4000000060
30495  13.146  -42.073  -21.301 0.6000000238
30496  12.113  -42.116  -21.481 0.6000000238
30497  10.464  -41.648  -21.743 0.6999999881
30498  9.435  -41.160  -21.745 0.6000000238
30500  8.002  -41.057  -21.221 0.6000000238
30503  15.197  -41.645  -21.923 0.4000000060
30504  14.566  -42.074  -21.767 0.6000000238
30505  14.087  -42.482  -22.185 0.4000000060
30515  13.514  -41.667  -23.918 0.5000000000
30517  12.058  -41.892  -24.339 0.6000000238
30526  13.455  -41.332  -25.424 0.6000000238
30527  12.619  -41.592  -25.109 0.6000000238
30539  13.847  -41.653  -26.064 0.5000000000
30540  13.074  -41.934  -25.827 0.6000000238
30551  15.075  -41.391  -26.722 0.3000000119
30564  16.061  -41.986  -27.739 0.4000000060
31456  11.702  -40.701  -17.929 0.5000000000
31468  12.618  -39.705  -18.911 0.4000000060
31475  12.465  -39.409  -19.469 0.5000000000
31477  10.290  -40.575  -19.975 0.6000000238
31484  11.135  -40.012  -19.999 0.6000000238
31494  16.092  -40.211  -21.540 0.6000000238
31496  14.458  -40.829  -21.198 0.5000000000
31498  12.164  -41.023  -21.633 0.5000000000
31501  9.099  -40.316  -21.324 0.5000000000
31512  16.572  -40.433  -22.168 0.4000000060
31527  16.656  -40.372  -24.025 0.4000000060
31528  14.879  -41.368  -23.449 0.5000000000
31529  14.138  -41.031  -24.510 0.4000000060
31530  13.318  -41.253  -24.827 0.6000000238
31542  14.570  -40.473  -25.359 0.3000000119
31552  15.666  -40.306  -26.403 0.3000000119
31566  15.533  -40.779  -26.732 0.3000000119
32532  12.150  -39.680  -18.321 0.4000000060
32542  12.736  -39.007  -18.790 0.4000000060
32544  9.933  -39.089  -17.950 0.4000000060
32546  8.080  -38.794  -17.999 0.4000000060
32558  11.737  -38.993  -20.350 0.4000000060
32559  10.654  -39.309  -20.856 0.5000000000
32560  9.835  -39.842  -21.188 0.5000000000
32569  15.528  -39.841  -21.302 0.6000000238
32572  12.339  -39.864  -21.943 0.4000000060
32586  11.484  -38.261  -22.219 0.4000000060
32604  16.236  -40.048  -25.009 0.3000000119
32620  16.743  -39.995  -25.692 0.3000000119
32632  20.005  -40.046  -26.240 0.3000000119
32634  17.274  -39.959  -26.380 0.3000000119
33699  12.466  -38.163  -18.743 0.4000000060
33708  12.713  -38.251  -19.767 0.5000000000
33714  12.039  -38.480  -20.445 0.5000000000
33715  11.168  -38.654  -21.346 0.4000000060
33727  16.062  -39.323  -21.446 0.6000000238
33728  15.183  -39.151  -21.438 0.4000000060
33745  14.654  -38.347  -21.871 0.5000000000
34827  9.016  -37.772  -18.299 0.5000000000
34847  11.839  -37.761  -21.016 0.5000000000
34874  16.983  -37.895  -22.306 0.3000000119
34875  16.143  -37.741  -22.198 0.3000000119
34878  11.675  -37.664  -22.188 0.3000000119
34884  15.590  -37.068  -22.952 0.3000000119
34885  14.586  -36.935  -22.917 0.3000000119
35957  8.274  -36.110  -17.308 0.3000000119
35974  10.097  -36.459  -18.501 0.4000000060
35975  8.728  -36.542  -17.790 0.3000000119
35994  12.519  -36.782  -19.820 0.4000000060
35995  12.276  -36.531  -19.240 0.3000000119
36031  12.609  -36.572  -22.334 0.3000000119
36037  14.592  -36.248  -23.378 0.3000000119
36038  13.909  -36.526  -22.899 0.3000000119
36050  17.431  -36.312  -24.326 0.3000000119
36063  17.804  -35.812  -24.968 0.3000000119
36064  17.046  -35.835  -24.724 0.3000000119
37228  9.789  -35.327  -18.352 0.3000000119
37306  13.390  -35.410  -22.720 0.3000000119
37316  14.730  -35.742  -23.659 0.3000000119
37326  17.756  -35.310  -25.395 0.3000000119
38439  9.130  -34.076  -17.855 0.3000000119
38454  11.321  -34.083  -19.127 0.3000000119
38466  11.992  -33.992  -19.911 0.3000000119
124405  6.934  -51.961  -28.618 0.5000000000
124423  12.970  -43.972  -27.536 0.6999999881
125174  15.207  -40.191  -25.852 0.3000000119
125597  14.797  -65.800  -38.249 0.6000000238
125907  10.718  -44.714  -27.040 0.6999999881
126085  8.403  -49.441  -22.296 0.6999999881
126090  6.668  -48.496  -26.154 0.6000000238
126152  17.047  -69.517  -32.984 0.4000000060
126275  20.523  -72.343  -37.332 0.4000000060
126351  18.935  -71.898  -40.107 0.4000000060
126442  14.165  -44.010  -28.376 0.5000000000
126697  22.519  -67.726  -40.543 0.6000000238
126872  20.819  -68.553  -40.797 0.6000000238
126874  5.879  -48.631  -25.431 0.5000000000
126948  17.809  -40.016  -26.901 0.3000000119
126986  17.294  -68.890  -40.015 0.6999999881
127182  18.207  -68.807  -40.595 0.6999999881
127484  9.415  -46.443  -21.198 0.6999999881
127840  10.634  -62.911  -28.026 0.6000000238
127877  22.916  -71.535  -24.623 0.3000000119
127899  11.257  -47.973  -26.350 0.6999999881
127912  10.524  -49.465  -20.912 0.5000000000
128148  20.962  -62.993  -35.373 0.6000000238
128171  11.573  -37.959  -18.421 0.4000000060
128756  9.195  -46.265  -23.331 0.6000000238
128849  11.179  -57.395  -35.149 0.6999999881
128910  21.117  -67.856  -40.639 0.6999999881
129297  12.838  -35.889  -22.409 0.3000000119
129395  13.468  -70.203  -38.751 0.6000000238
129398  10.567  -59.258  -28.420 0.6000000238
129521  21.893  -72.729  -29.394 0.4000000060
129653  4.002  -49.954  -22.295 0.5000000000
129963  23.889  -72.083  -30.910 0.5000000000
130064  11.575  -48.418  -19.612 0.6000000238
130120  7.321  -46.874  -22.502 0.6000000238
130210  8.362  -51.494  -17.218 0.5000000000
130263  5.486  -52.407  -28.498 0.5000000000
130391  20.487  -74.554  -27.054 0.4000000060
130403  2.778  -51.728  -21.720 0.5000000000
130477  8.427  -35.346  -17.280 0.3000000119
130897  17.078  -75.129  -21.411 0.4000000060
131001  20.909  -73.452  -19.934 0.3000000119
131347  13.569  -63.582  -30.597 0.6000000238
131455  15.025  -66.267  -37.879 0.6000000238
132231  19.504  -64.736  -30.045 0.3000000119
132236  3.911  -49.721  -23.173 0.5000000000
132255  7.727  -41.797  -21.555 0.6999999881
132299  14.526  -73.276  -35.508 0.4000000060
132515  14.477  -56.649  -29.642 0.6000000238
132722  9.296  -53.996  -29.927 0.5000000000
132913  21.617  -71.494  -23.622 0.4000000060
133651  17.391  -57.939  -30.993 0.5000000000
133876  7.102  -50.413  -17.447 0.4000000060
133942  19.210  -75.132  -28.158 0.3000000119
134224  11.718  -62.997  -27.663 0.6000000238
134287  6.197  -56.294  -31.438 0.5000000000
134308  19.348  -65.194  -36.331 0.6000000238
134388  9.291  -53.586  -18.134 0.6000000238
134389  13.906  -77.400  -25.706 0.4000000060
134895  18.039  -70.353  -41.153 0.6999999881
134896  10.534  -41.541  -17.447 0.3000000119
135048  15.730  -71.811  -40.982 0.4000000060
135366  14.664  -58.119  -29.200 0.6000000238
135382  23.911  -72.066  -30.199 0.4000000060
135405  11.494  -50.592  -22.971 0.8000000119
135537  15.297  -68.315  -27.868 0.3000000119
135632  9.266  -38.732  -18.084 0.5000000000
135663  11.539  -43.798  -26.707 0.6999999881
135713  17.789  -57.911  -33.118 0.6000000238
136208  19.216  -72.715  -33.651 0.4000000060
136230  8.294  -47.369  -19.298 0.6999999881
136241  13.692  -38.339  -22.220 0.4000000060
137206  20.328  -63.245  -35.862 0.6000000238
137366  10.939  -54.921  -31.096 0.5000000000
137750  20.727  -69.897  -34.532 0.3000000119
137991  17.817  -75.017  -22.331 0.4000000060
138179  23.250  -70.251  -37.109 0.4000000060
138447  18.066  -61.200  -32.577 0.6999999881
138599  11.859  -65.565  -29.891 0.6000000238
138666  20.443  -73.433  -22.028 0.3000000119
138681  12.309  -37.365  -22.361 0.3000000119
138880  13.002  -46.423  -28.481 0.6000000238
139483  12.186  -36.925  -20.714 0.4000000060
139589  17.592  -71.133  -41.207 0.6000000238
139674  12.247  -59.914  -28.656 0.6000000238
139735  9.213  -43.468  -24.523 0.6999999881
139769  12.550  -62.228  -33.349 0.5000000000
139818  14.902  -40.680  -26.203 0.3000000119
139866  17.286  -58.222  -35.807 0.6000000238
140073  16.781  -75.919  -25.091 0.5000000000
140080  10.217  -42.837  -22.093 0.6000000238
140464  10.289  -33.813  -18.751 0.3000000119
140485  19.220  -75.333  -27.271 0.3000000119
140605  20.662  -66.425  -37.611 0.6999999881
140732  17.350  -71.191  -31.845 0.4000000060
140837  14.714  -69.785  -33.154 0.4000000060
140864  23.408  -71.741  -28.817 0.5000000000
140929  16.992  -70.954  -31.343 0.4000000060
141579  15.359  -44.272  -29.504 0.4000000060
141864  4.558  -50.771  -27.252 0.5000000000
142020  20.295  -74.698  -27.671 0.4000000060
142185  15.753  -46.655  -29.347 0.3000000119
142186  14.410  -57.584  -29.997 0.6000000238
142609  15.191  -76.777  -24.399 0.4000000060
142639  8.752  -52.771  -23.192 0.6999999881
142928  19.642  -73.853  -31.346 0.4000000060
143066  17.491  -70.833  -41.207 0.6999999881
143163  16.997  -55.522  -27.734 0.5000000000
143209  25.518  -71.003  -29.522 0.3000000119
143469  24.050  -69.463  -37.607 0.4000000060
143494  10.251  -54.145  -24.629 0.6999999881
143825  10.019  -46.607  -24.106 0.8000000119
144015  6.697  -48.568  -25.349 0.6000000238
144329  16.797  -74.052  -35.782 0.3000000119
144514  8.785  -52.305  -17.414 0.5000000000
144649  16.275  -63.982  -31.955 0.6999999881
144861  17.644  -58.341  -36.295 0.6000000238
144979  6.223  -51.997  -28.460 0.5000000000
145088  11.434  -48.848  -25.990 0.6999999881
145160  13.364  -71.539  -34.428 0.3000000119
145348  13.613  -46.956  -28.702 0.4000000060
145354  16.296  -53.545  -33.888 0.6000000238
145356  17.874  -69.188  -40.831 0.6999999881
145802  20.878  -74.136  -26.598 0.3000000119
145867  14.233  -42.034  -23.052 0.5000000000
146312  12.248  -60.662  -35.012 0.6000000238
146424  21.232  -73.526  -31.353 0.4000000060
146772  21.448  -73.081  -28.078 0.3000000119
146823  17.398  -62.381  -31.822 0.8999999762
146883  10.574  -37.882  -18.318 0.4000000060
146961  5.880  -49.483  -27.033 0.6000000238
147017  12.553  -47.264  -21.250 0.8000000119
147077  8.120  -49.977  -23.934 0.8000000119
147206  10.008  -49.966  -19.720 0.6000000238
147402  12.158  -42.460  -23.443 0.5000000000
147460  15.870  -60.201  -29.752 0.6999999881
147496  21.321  -67.879  -29.082 0.3000000119
147803  8.144  -54.468  -30.551 0.5000000000
148418  13.173  -77.671  -25.585 0.4000000060
148465  13.319  -42.779  -26.692 0.5000000000
148502  17.049  -75.235  -23.654 0.4000000060
148574  20.177  -70.412  -40.537 0.6000000238
148718  10.818  -43.082  -22.253 0.6000000238
148786  16.790  -70.194  -40.854 0.6999999881
149197  7.141  -44.354  -23.066 0.6000000238
149701  10.445  -39.964  -22.031 0.4000000060
149707  12.856  -38.437  -19.101 0.4000000060
149872  20.098  -68.562  -40.791 0.6999999881
150185  14.874  -62.914  -31.169 0.6999999881
150349  12.640  -74.008  -21.996 0.5000000000
