#!ascii label  , from subject sub-LJ002 vox2ras=TkReg
426
24928  53.515  -45.949  -17.525 0.0000000000
23922  42.318  -47.285  -22.929 0.0000000000
17278  48.153  -53.944  -15.992 0.0000000000
21762  43.265  -49.252  -18.164 0.0000000000
15288  43.592  -54.925  -22.326 0.0000000000
15259  44.588  -55.409  -18.383 0.0000000000
14230  40.717  -56.446  -19.665 0.0000000000
21787  39.824  -50.107  -20.320 0.0000000000
24932  40.081  -46.652  -17.359 0.0000000000
21745  50.634  -49.756  -17.383 0.0000000000
19510  47.681  -51.499  -18.609 0.0000000000
18417  42.443  -52.894  -19.116 0.0000000000
20660  45.316  -50.879  -22.650 0.0000000000
19585  45.803  -52.066  -24.316 0.0000000000
27079  53.254  -44.329  -13.414 0.0000000000
22799  52.702  -48.656  -14.474 0.0000000000
150347  49.809  -52.529  -14.190 0.0000000000
26067  45.038  -46.012  -18.770 0.0000000000
14190  41.608  -56.261  -16.829 0.0000000000
21805  41.523  -49.131  -22.045 0.0000000000
22879  38.599  -48.331  -19.922 0.0000000000
19492  49.468  -51.649  -16.931 0.0000000000
18414  48.300  -52.315  -17.786 0.0000000000
15282  43.425  -55.398  -20.587 0.0000000000
17324  44.320  -54.541  -19.257 0.0000000000
17337  43.507  -54.227  -20.539 0.0000000000
19542  42.639  -51.875  -21.088 0.0000000000
143611  44.693  -53.009  -22.395 0.0000000000
20700  47.675  -49.741  -24.682 0.0000000000
22814  50.838  -48.594  -14.666 0.0000000000
150307  51.483  -50.278  -14.502 0.0000000000
21714  49.714  -50.516  -14.626 0.0000000000
22847  46.457  -48.628  -18.779 0.0000000000
23877  43.930  -47.900  -18.519 0.0000000000
27135  39.130  -44.471  -16.575 0.0000000000
27133  41.174  -44.249  -16.621 0.0000000000
136855  45.706  -56.302  -15.409 0.0000000000
16246  46.710  -54.819  -16.921 0.0000000000
14187  44.266  -55.873  -16.814 0.0000000000
14205  43.174  -55.657  -18.803 0.0000000000
14243  42.325  -56.385  -21.417 0.0000000000
126059  40.870  -50.471  -18.528 0.0000000000
127267  41.481  -48.000  -17.974 0.0000000000
22853  39.172  -48.822  -18.626 0.0000000000
24934  38.329  -46.681  -17.952 0.0000000000
25008  43.792  -45.951  -23.829 0.0000000000
23865  52.456  -47.252  -17.657 0.0000000000
127311  48.319  -50.188  -18.931 0.0000000000
20619  45.476  -50.323  -18.218 0.0000000000
127316  46.645  -53.203  -18.339 0.0000000000
138907  45.058  -52.954  -18.427 0.0000000000
19514  43.003  -51.985  -18.213 0.0000000000
19533  41.404  -51.774  -19.785 0.0000000000
20648  42.238  -50.917  -21.424 0.0000000000
22891  44.294  -49.088  -23.119 0.0000000000
17375  45.154  -52.939  -23.987 0.0000000000
19547  46.667  -51.324  -23.689 0.0000000000
22910  46.350  -48.956  -23.637 0.0000000000
23939  45.190  -47.067  -24.351 0.0000000000
28216  54.388  -43.876  -15.296 0.0000000000
25998  54.507  -44.999  -15.347 0.0000000000
24888  53.392  -46.743  -14.510 0.0000000000
145295  53.534  -47.097  -15.710 0.0000000000
22831  52.625  -48.788  -15.690 0.0000000000
20593  50.909  -50.921  -15.705 0.0000000000
17254  49.485  -53.246  -14.959 0.0000000000
16189  48.004  -54.905  -13.589 0.0000000000
15206  47.544  -55.539  -14.410 0.0000000000
24946  42.663  -46.754  -17.898 0.0000000000
26051  53.872  -45.185  -17.952 0.0000000000
126590  53.660  -44.746  -18.396 0.0000000000
26052  53.208  -45.449  -18.808 0.0000000000
22893  41.981  -48.292  -22.531 0.0000000000
22894  41.071  -48.212  -22.095 0.0000000000
18392  49.253  -52.327  -16.492 0.0000000000
18413  48.864  -51.996  -17.399 0.0000000000
17298  47.822  -53.643  -16.896 0.0000000000
129045  43.456  -55.232  -21.369 0.0000000000
16284  43.642  -55.054  -20.665 0.0000000000
16289  43.608  -54.719  -21.519 0.0000000000
18444  44.002  -53.269  -21.826 0.0000000000
18443  44.335  -53.595  -22.477 0.0000000000
21854  46.856  -49.300  -25.830 0.0000000000
21727  49.768  -49.678  -14.910 0.0000000000
21760  44.979  -49.362  -18.316 0.0000000000
22848  45.444  -48.545  -18.603 0.0000000000
125135  43.796  -48.653  -18.364 0.0000000000
135989  39.876  -43.010  -16.300 0.0000000000
14171  44.799  -56.237  -15.945 0.0000000000
14172  43.805  -56.469  -15.861 0.0000000000
14208  40.534  -56.307  -18.333 0.0000000000
15242  42.449  -55.578  -17.887 0.0000000000
14229  41.584  -55.982  -19.339 0.0000000000
14228  42.472  -56.045  -19.936 0.0000000000
14244  41.800  -56.394  -20.525 0.0000000000
20633  40.306  -50.689  -19.275 0.0000000000
21764  40.168  -49.707  -18.488 0.0000000000
21780  39.226  -49.685  -19.369 0.0000000000
23895  38.393  -47.832  -19.330 0.0000000000
24962  37.955  -46.531  -19.112 0.0000000000
142665  37.913  -45.997  -17.916 0.0000000000
22839  51.475  -48.519  -17.649 0.0000000000
22845  51.028  -48.105  -18.834 0.0000000000
21756  50.825  -48.961  -18.049 0.0000000000
20618  46.530  -50.399  -18.440 0.0000000000
129249  47.004  -51.177  -18.514 0.0000000000
15239  45.376  -55.232  -17.788 0.0000000000
16262  46.724  -54.321  -17.599 0.0000000000
150257  45.444  -54.617  -18.418 0.0000000000
17315  43.824  -53.762  -18.951 0.0000000000
17314  44.894  -53.903  -18.773 0.0000000000
18416  43.188  -52.958  -18.606 0.0000000000
19513  44.125  -52.294  -18.157 0.0000000000
138308  42.449  -52.407  -18.635 0.0000000000
18418  41.865  -52.166  -18.937 0.0000000000
18426  41.875  -52.343  -19.441 0.0000000000
19541  43.730  -51.724  -21.813 0.0000000000
20647  43.119  -51.086  -21.741 0.0000000000
20661  44.048  -50.730  -22.262 0.0000000000
21804  42.904  -50.284  -22.112 0.0000000000
133007  44.736  -50.003  -22.755 0.0000000000
19565  41.183  -50.933  -23.982 0.0000000000
131966  44.679  -50.517  -24.766 0.0000000000
19587  43.406  -51.506  -24.372 0.0000000000
18489  44.109  -52.728  -24.362 0.0000000000
18488  45.055  -52.849  -24.196 0.0000000000
18473  45.802  -52.416  -23.941 0.0000000000
19584  46.260  -51.946  -24.157 0.0000000000
22921  48.331  -48.961  -25.008 0.0000000000
142948  47.986  -49.214  -24.345 0.0000000000
22922  47.287  -48.660  -24.169 0.0000000000
23938  46.177  -47.938  -24.226 0.0000000000
29307  53.569  -43.440  -13.849 0.0000000000
146094  54.212  -44.336  -13.933 0.0000000000
27112  54.509  -44.281  -15.058 0.0000000000
25984  54.299  -44.790  -14.156 0.0000000000
148083  52.027  -47.776  -14.443 0.0000000000
25999  52.065  -46.210  -14.656 0.0000000000
23825  53.091  -47.849  -14.464 0.0000000000
24896  53.796  -46.743  -14.937 0.0000000000
23839  53.174  -48.107  -14.577 0.0000000000
138783  53.235  -48.128  -15.163 0.0000000000
22813  52.863  -48.832  -14.703 0.0000000000
20559  51.076  -50.697  -14.545 0.0000000000
20558  51.486  -50.334  -14.545 0.0000000000
19456  50.354  -51.728  -14.557 0.0000000000
18371  50.158  -52.218  -15.094 0.0000000000
18333  50.085  -52.205  -14.447 0.0000000000
15187  45.526  -56.237  -13.254 0.0000000000
16177  47.122  -55.805  -13.270 0.0000000000
15171  47.574  -55.513  -13.568 0.0000000000
23866  40.770  -47.298  -17.662 0.0000000000
23879  42.468  -47.486  -18.032 0.0000000000
24931  41.136  -46.473  -17.390 0.0000000000
27156  42.685  -44.660  -17.314 0.0000000000
21793  40.218  -49.707  -21.062 0.0000000000
21794  39.559  -49.396  -20.724 0.0000000000
20600  50.447  -50.544  -16.847 0.0000000000
20615  50.043  -50.156  -17.705 0.0000000000
20601  49.664  -50.884  -17.474 0.0000000000
19509  48.030  -51.958  -18.301 0.0000000000
15273  44.198  -55.350  -19.189 0.0000000000
16273  45.015  -54.661  -18.840 0.0000000000
15281  43.761  -55.235  -19.907 0.0000000000
17325  43.605  -54.139  -19.582 0.0000000000
17326  42.958  -53.528  -19.691 0.0000000000
18425  42.382  -52.940  -19.826 0.0000000000
18434  43.316  -53.507  -21.043 0.0000000000
19540  44.355  -52.471  -22.028 0.0000000000
19550  44.823  -51.670  -22.343 0.0000000000
20702  46.444  -51.094  -24.528 0.0000000000
149723  46.344  -49.747  -25.291 0.0000000000
21853  47.743  -49.307  -25.449 0.0000000000
23827  51.802  -48.557  -14.322 0.0000000000
22800  52.222  -49.126  -14.326 0.0000000000
22801  51.553  -49.380  -14.312 0.0000000000
21713  50.608  -50.338  -14.460 0.0000000000
20560  50.416  -51.177  -14.453 0.0000000000
23876  44.921  -47.686  -18.719 0.0000000000
145110  44.335  -47.198  -18.604 0.0000000000
26043  39.411  -45.961  -17.143 0.0000000000
26042  40.460  -45.858  -17.043 0.0000000000
27134  40.123  -44.417  -16.480 0.0000000000
28234  40.476  -43.632  -16.389 0.0000000000
15221  47.316  -55.019  -15.772 0.0000000000
16245  47.409  -54.277  -16.690 0.0000000000
15222  46.643  -55.268  -16.273 0.0000000000
15223  45.508  -55.655  -16.651 0.0000000000
15240  44.144  -55.623  -17.807 0.0000000000
15241  43.361  -55.620  -17.894 0.0000000000
15260  43.820  -55.571  -18.892 0.0000000000
14227  43.146  -55.771  -19.746 0.0000000000
14242  43.199  -55.727  -20.580 0.0000000000
126107  42.543  -50.060  -18.046 0.0000000000
21763  42.462  -49.124  -18.126 0.0000000000
147938  40.989  -49.616  -18.241 0.0000000000
137860  40.739  -48.887  -18.155 0.0000000000
23867  39.702  -47.427  -17.761 0.0000000000
21781  38.810  -49.109  -19.551 0.0000000000
23882  38.720  -48.152  -18.700 0.0000000000
24933  39.060  -46.731  -17.566 0.0000000000
126047  38.523  -45.997  -17.471 0.0000000000
27136  38.356  -44.332  -16.976 0.0000000000
23940  43.263  -47.173  -23.426 0.0000000000
23874  52.169  -46.863  -18.967 0.0000000000
23875  51.717  -47.665  -18.273 0.0000000000
127940  45.973  -49.445  -18.477 0.0000000000
126109  44.439  -50.228  -18.004 0.0000000000
149890  46.830  -52.579  -18.486 0.0000000000
17313  45.829  -54.078  -18.439 0.0000000000
18415  45.781  -53.426  -18.509 0.0000000000
19511  46.128  -52.562  -18.473 0.0000000000
19512  45.238  -52.103  -18.237 0.0000000000
20620  43.747  -51.165  -17.966 0.0000000000
20621  42.742  -51.019  -18.076 0.0000000000
20622  41.788  -50.841  -18.303 0.0000000000
19516  41.305  -51.373  -18.828 0.0000000000
20639  40.948  -51.112  -20.204 0.0000000000
19532  41.988  -52.298  -20.198 0.0000000000
19543  41.674  -51.505  -20.632 0.0000000000
20649  41.324  -50.695  -21.062 0.0000000000
21791  41.920  -50.023  -21.784 0.0000000000
129386  42.595  -49.210  -22.439 0.0000000000
23921  42.853  -48.181  -22.974 0.0000000000
14275  42.474  -56.190  -22.803 0.0000000000
137339  42.289  -51.195  -24.159 0.0000000000
17377  43.994  -54.007  -23.830 0.0000000000
16299  43.993  -54.319  -23.031 0.0000000000
17356  45.156  -52.995  -23.605 0.0000000000
18455  45.620  -52.413  -23.438 0.0000000000
20659  46.325  -50.886  -23.179 0.0000000000
20677  47.142  -50.815  -23.974 0.0000000000
20678  46.973  -50.726  -23.639 0.0000000000
21801  45.726  -50.280  -22.979 0.0000000000
21802  45.439  -49.447  -23.229 0.0000000000
126884  45.022  -48.265  -23.696 0.0000000000
130232  44.215  -47.143  -23.886 0.0000000000
29345  53.380  -42.805  -15.947 0.0000000000
29327  53.525  -43.167  -14.853 0.0000000000
28231  54.269  -43.603  -16.041 0.0000000000
27128  54.555  -44.018  -15.997 0.0000000000
26014  54.453  -44.809  -16.505 0.0000000000
26015  54.088  -45.437  -16.772 0.0000000000
25987  51.592  -45.250  -14.585 0.0000000000
25971  53.639  -45.069  -13.910 0.0000000000
24886  54.122  -45.427  -14.440 0.0000000000
24912  54.036  -46.110  -15.728 0.0000000000
139454  53.694  -46.276  -16.542 0.0000000000
22812  52.913  -47.753  -16.353 0.0000000000
22838  52.187  -48.172  -17.041 0.0000000000
22832  51.942  -48.926  -16.595 0.0000000000
21726  52.014  -49.882  -14.654 0.0000000000
21740  51.971  -49.633  -15.649 0.0000000000
20599  51.196  -50.148  -16.252 0.0000000000
19491  50.200  -51.309  -16.394 0.0000000000
19477  49.916  -51.988  -15.942 0.0000000000
17277  48.863  -53.645  -15.392 0.0000000000
16188  48.579  -54.184  -13.944 0.0000000000
16211  48.543  -54.348  -14.731 0.0000000000
16212  47.956  -54.909  -14.825 0.0000000000
22850  42.422  -48.267  -18.159 0.0000000000
148581  43.099  -47.143  -18.148 0.0000000000
24945  43.395  -46.555  -18.156 0.0000000000
26041  41.474  -45.668  -17.187 0.0000000000
26056  42.927  -46.009  -17.819 0.0000000000
14206  42.471  -55.723  -19.055 0.0000000000
14207  41.403  -55.721  -18.011 0.0000000000
14250  42.935  -55.888  -22.392 0.0000000000
14251  42.495  -56.307  -22.170 0.0000000000
15172  47.110  -55.970  -13.349 0.0000000000
15173  46.438  -56.380  -13.254 0.0000000000
15185  48.180  -54.990  -13.978 0.0000000000
15224  44.830  -55.634  -17.353 0.0000000000
15238  46.088  -55.225  -16.970 0.0000000000
15274  43.573  -55.516  -19.831 0.0000000000
15298  42.894  -55.711  -22.955 0.0000000000
16229  47.891  -54.501  -15.624 0.0000000000
16247  46.063  -54.772  -17.644 0.0000000000
16263  46.051  -54.402  -18.089 0.0000000000
16264  44.990  -55.096  -18.671 0.0000000000
16274  44.397  -55.063  -19.329 0.0000000000
16275  43.869  -54.859  -19.910 0.0000000000
16314  43.760  -54.368  -23.495 0.0000000000
16315  43.482  -54.489  -23.647 0.0000000000
17232  49.503  -53.114  -14.246 0.0000000000
17255  49.094  -53.703  -14.352 0.0000000000
17297  48.413  -53.331  -16.510 0.0000000000
17312  46.705  -53.860  -18.094 0.0000000000
17316  43.141  -53.459  -19.152 0.0000000000
17338  42.915  -53.453  -20.293 0.0000000000
17345  43.902  -54.277  -22.457 0.0000000000
17346  43.708  -54.050  -21.706 0.0000000000
17357  44.580  -53.596  -22.920 0.0000000000
17376  44.441  -53.667  -23.677 0.0000000000
17391  44.535  -53.476  -23.985 0.0000000000
18334  49.874  -52.496  -14.267 0.0000000000
18351  50.036  -52.807  -14.944 0.0000000000
18372  49.663  -52.611  -15.495 0.0000000000
18373  49.033  -52.969  -15.977 0.0000000000
18393  48.633  -52.687  -17.007 0.0000000000
18394  47.939  -53.067  -17.468 0.0000000000
18435  42.686  -52.838  -20.601 0.0000000000
18445  43.414  -52.649  -21.363 0.0000000000
18454  46.276  -51.923  -23.808 0.0000000000
18456  45.066  -53.068  -22.981 0.0000000000
18472  46.273  -51.961  -24.090 0.0000000000
18487  45.787  -52.371  -24.100 0.0000000000
19438  50.182  -51.979  -14.374 0.0000000000
19439  50.062  -51.976  -14.305 0.0000000000
19476  50.517  -51.603  -15.309 0.0000000000
19515  42.128  -51.700  -18.463 0.0000000000
19517  40.633  -50.878  -18.964 0.0000000000
19524  41.448  -51.802  -19.226 0.0000000000
19525  40.882  -51.215  -19.387 0.0000000000
19548  45.900  -51.732  -23.065 0.0000000000
19549  45.194  -52.454  -22.692 0.0000000000
19564  46.717  -51.484  -24.028 0.0000000000
19583  46.593  -51.600  -24.151 0.0000000000
19586  44.705  -51.717  -24.525 0.0000000000
20561  49.508  -51.331  -14.410 0.0000000000
20575  50.965  -51.047  -14.681 0.0000000000
20592  51.575  -50.438  -15.093 0.0000000000
20617  47.547  -50.512  -18.715 0.0000000000
20623  40.107  -50.406  -18.893 0.0000000000
20624  39.542  -49.880  -18.913 0.0000000000
20634  39.716  -50.224  -19.493 0.0000000000
20640  40.290  -50.699  -19.861 0.0000000000
20650  40.531  -50.434  -20.676 0.0000000000
20676  47.519  -50.046  -24.334 0.0000000000
20701  47.097  -50.765  -24.247 0.0000000000
20703  45.534  -51.179  -24.662 0.0000000000
20724  47.007  -50.131  -24.932 0.0000000000
21711  52.355  -49.331  -14.485 0.0000000000
21712  51.800  -49.825  -14.462 0.0000000000
21739  52.497  -49.400  -14.869 0.0000000000
21744  51.343  -49.337  -16.940 0.0000000000
21761  44.078  -49.322  -18.193 0.0000000000
21765  39.093  -49.343  -18.963 0.0000000000
21766  38.800  -48.835  -18.968 0.0000000000
21788  39.207  -49.678  -20.012 0.0000000000
21792  41.006  -49.872  -21.423 0.0000000000
21803  43.653  -49.683  -22.585 0.0000000000
21819  47.439  -50.179  -23.882 0.0000000000
21820  46.626  -50.036  -23.359 0.0000000000
21835  47.933  -49.437  -24.752 0.0000000000
21852  48.179  -49.191  -25.186 0.0000000000
21871  47.998  -48.923  -25.970 0.0000000000
22815  50.690  -49.499  -14.513 0.0000000000
22849  43.188  -48.450  -18.287 0.0000000000
22851  41.640  -48.955  -18.127 0.0000000000
22852  39.835  -48.879  -18.301 0.0000000000
22868  45.919  -47.770  -18.870 0.0000000000
22869  38.591  -48.489  -19.273 0.0000000000
22878  38.991  -48.909  -20.384 0.0000000000
22885  40.676  -49.071  -21.607 0.0000000000
22886  40.223  -48.404  -21.560 0.0000000000
22892  43.413  -48.866  -22.892 0.0000000000
22911  43.792  -48.141  -23.367 0.0000000000
23824  53.398  -47.281  -14.631 0.0000000000
23826  52.538  -48.327  -14.329 0.0000000000
23857  53.181  -46.800  -17.016 0.0000000000
23868  38.825  -47.428  -18.091 0.0000000000
23878  43.147  -47.722  -18.288 0.0000000000
23880  40.320  -48.116  -17.994 0.0000000000
23881  39.374  -48.163  -18.213 0.0000000000
24874  53.753  -45.736  -14.386 0.0000000000
24887  53.718  -46.306  -14.648 0.0000000000
24889  52.671  -47.237  -14.441 0.0000000000
24895  54.236  -45.702  -14.998 0.0000000000
24911  54.372  -45.285  -15.842 0.0000000000
24929  52.880  -46.428  -18.181 0.0000000000
24930  42.091  -46.236  -17.577 0.0000000000
24942  53.288  -45.793  -18.418 0.0000000000
24943  52.757  -46.119  -19.043 0.0000000000
24944  44.223  -46.438  -18.483 0.0000000000
24947  41.796  -47.039  -17.765 0.0000000000
25970  54.052  -45.142  -14.081 0.0000000000
26020  40.819  -45.068  -16.778 0.0000000000
26021  39.759  -45.193  -16.740 0.0000000000
26022  38.797  -45.225  -16.970 0.0000000000
26038  54.313  -44.781  -17.226 0.0000000000
26040  42.385  -45.448  -17.443 0.0000000000
26044  38.139  -45.251  -17.476 0.0000000000
27078  53.951  -44.598  -13.790 0.0000000000
27097  54.413  -44.379  -14.389 0.0000000000
27152  54.500  -44.432  -16.975 0.0000000000
27157  41.811  -44.874  -16.999 0.0000000000
28182  54.200  -43.965  -14.073 0.0000000000
28183  53.642  -43.929  -13.538 0.0000000000
28198  54.417  -44.054  -14.650 0.0000000000
28199  54.091  -43.698  -14.657 0.0000000000
28235  39.504  -43.742  -16.378 0.0000000000
28251  54.550  -44.019  -16.940 0.0000000000
29344  53.960  -43.418  -15.552 0.0000000000
124861  38.240  -47.228  -18.661 0.0000000000
124903  44.512  -48.547  -18.485 0.0000000000
124910  44.541  -46.241  -24.304 0.0000000000
125950  47.355  -52.440  -18.366 0.0000000000
126108  43.466  -50.156  -17.978 0.0000000000
126192  43.268  -55.577  -21.175 0.0000000000
127544  42.734  -56.080  -20.637 0.0000000000
127696  41.668  -49.891  -18.137 0.0000000000
127885  43.693  -47.162  -18.392 0.0000000000
128536  48.009  -48.462  -24.766 0.0000000000
129532  39.524  -49.360  -18.643 0.0000000000
130379  47.265  -49.476  -23.790 0.0000000000
130877  47.135  -47.798  -24.716 0.0000000000
132430  44.845  -51.247  -18.064 0.0000000000
132885  46.045  -51.404  -18.332 0.0000000000
133481  46.208  -55.683  -15.969 0.0000000000
134093  54.556  -44.405  -16.304 0.0000000000
135924  46.910  -51.990  -18.593 0.0000000000
136523  47.801  -52.598  -18.040 0.0000000000
136922  54.545  -44.529  -15.520 0.0000000000
137311  50.483  -51.449  -14.532 0.0000000000
137939  49.127  -51.425  -17.712 0.0000000000
138267  54.466  -44.860  -14.762 0.0000000000
140711  53.060  -43.341  -13.211 0.0000000000
140841  44.177  -53.206  -18.563 0.0000000000
141481  51.356  -50.102  -14.382 0.0000000000
142324  53.491  -47.548  -14.831 0.0000000000
143429  47.524  -55.567  -13.373 0.0000000000
146322  52.900  -46.321  -14.405 0.0000000000
146354  54.512  -44.766  -15.881 0.0000000000
147920  45.561  -54.811  -18.155 0.0000000000
148008  37.964  -46.498  -18.420 0.0000000000
