#!ascii label  , from subject sub-LJ002 vox2ras=TkReg
242
128692  26.610  11.117  -33.592 0.0000000000
77949  27.683  2.839  -31.929 0.0000000000
89707  24.971  13.911  -34.815 0.0000000000
96172  23.903  21.596  -35.701 0.0000000000
75873  26.479  -0.136  -32.881 0.0000000000
91603  28.329  16.696  -34.899 0.0000000000
92522  28.078  17.931  -35.526 0.0000000000
83949  26.847  8.946  -36.453 0.0000000000
82033  27.395  6.632  -33.971 0.0000000000
146364  27.961  8.638  -32.503 0.0000000000
87766  28.272  13.117  -32.669 0.0000000000
86785  30.213  11.196  -30.812 0.0000000000
87799  26.660  13.152  -34.809 0.0000000000
90646  28.346  15.308  -33.682 0.0000000000
139758  24.437  19.325  -34.240 0.0000000000
132599  27.800  20.067  -35.689 0.0000000000
80083  28.810  4.715  -31.651 0.0000000000
91607  25.905  16.006  -34.485 0.0000000000
93409  26.645  17.978  -34.664 0.0000000000
84903  26.528  9.869  -35.206 0.0000000000
83930  27.059  8.334  -33.950 0.0000000000
84873  26.946  9.618  -33.131 0.0000000000
76909  26.879  1.543  -32.701 0.0000000000
88741  25.706  13.685  -34.747 0.0000000000
88724  27.255  13.959  -34.686 0.0000000000
89685  27.366  14.873  -34.710 0.0000000000
93407  29.375  18.005  -35.030 0.0000000000
92502  29.265  17.054  -33.759 0.0000000000
95209  23.862  20.975  -34.569 0.0000000000
144803  23.600  18.432  -32.401 0.0000000000
95223  24.787  20.645  -35.336 0.0000000000
95263  26.628  20.863  -39.445 0.0000000000
149994  27.470  20.833  -38.845 0.0000000000
95237  27.681  20.773  -36.210 0.0000000000
95248  28.715  20.625  -37.531 0.0000000000
94281  28.812  19.679  -36.388 0.0000000000
82024  28.271  6.764  -32.494 0.0000000000
81082  28.123  5.777  -32.876 0.0000000000
142866  26.249  -0.776  -32.923 0.0000000000
90667  27.347  15.357  -34.756 0.0000000000
135805  26.412  15.417  -34.614 0.0000000000
135227  27.656  16.597  -34.943 0.0000000000
93418  29.084  18.205  -35.743 0.0000000000
82050  26.792  6.515  -35.650 0.0000000000
82978  27.104  7.366  -35.402 0.0000000000
83929  27.588  8.052  -32.939 0.0000000000
82950  29.209  8.257  -31.590 0.0000000000
86803  27.865  12.370  -32.787 0.0000000000
126500  28.427  11.367  -32.287 0.0000000000
145466  29.387  12.314  -31.572 0.0000000000
85861  25.013  10.797  -35.308 0.0000000000
86838  24.797  11.738  -35.194 0.0000000000
86819  26.132  11.710  -34.167 0.0000000000
87782  27.667  13.278  -33.581 0.0000000000
88708  28.004  13.959  -33.428 0.0000000000
90645  28.794  15.393  -32.694 0.0000000000
90654  28.093  15.628  -34.457 0.0000000000
140203  28.828  16.144  -33.477 0.0000000000
93398  24.331  17.436  -33.417 0.0000000000
137029  26.255  22.107  -36.620 0.0000000000
95222  25.990  20.591  -35.454 0.0000000000
94269  26.534  19.674  -35.054 0.0000000000
94256  26.096  18.879  -34.598 0.0000000000
93420  27.861  18.640  -35.376 0.0000000000
94267  29.080  18.875  -36.174 0.0000000000
79104  26.902  3.150  -34.017 0.0000000000
80130  26.846  5.054  -34.801 0.0000000000
132479  28.825  9.766  -31.986 0.0000000000
134510  29.977  9.339  -31.010 0.0000000000
92503  25.369  16.754  -34.106 0.0000000000
84888  26.277  9.916  -34.315 0.0000000000
84887  26.646  9.290  -33.789 0.0000000000
85829  26.482  10.145  -33.580 0.0000000000
72842  25.643  -2.247  -32.628 0.0000000000
147772  26.322  -2.319  -32.450 0.0000000000
77950  27.390  1.866  -32.020 0.0000000000
144246  26.964  14.247  -34.940 0.0000000000
89687  25.840  14.165  -34.618 0.0000000000
132567  30.109  18.547  -34.417 0.0000000000
95225  23.572  21.462  -35.186 0.0000000000
129954  24.023  20.015  -33.766 0.0000000000
95208  24.085  19.997  -34.392 0.0000000000
95224  24.023  20.719  -35.016 0.0000000000
141924  28.232  20.615  -38.722 0.0000000000
95261  29.188  20.337  -38.491 0.0000000000
82014  29.458  6.864  -31.316 0.0000000000
81074  28.641  6.175  -32.214 0.0000000000
76933  25.917  1.742  -34.048 0.0000000000
90669  25.863  14.788  -34.453 0.0000000000
91608  25.141  15.112  -34.383 0.0000000000
92515  27.218  17.144  -34.918 0.0000000000
92514  27.936  17.267  -35.239 0.0000000000
92521  28.498  17.720  -35.532 0.0000000000
97129  23.065  22.388  -35.978 0.0000000000
82058  26.819  7.313  -36.149 0.0000000000
83948  27.116  8.152  -35.970 0.0000000000
83919  27.187  8.873  -33.088 0.0000000000
82960  28.388  7.788  -32.134 0.0000000000
83918  28.640  8.865  -32.032 0.0000000000
74848  26.788  -0.707  -32.442 0.0000000000
86802  28.779  12.126  -32.016 0.0000000000
87765  29.031  13.002  -31.997 0.0000000000
124682  25.677  10.130  -36.008 0.0000000000
130980  24.907  12.600  -35.054 0.0000000000
86831  25.449  12.120  -34.837 0.0000000000
145155  25.735  11.619  -34.528 0.0000000000
86830  26.119  12.467  -34.637 0.0000000000
86818  26.797  12.230  -33.992 0.0000000000
143353  27.103  12.943  -34.535 0.0000000000
89658  28.015  14.816  -33.918 0.0000000000
88723  27.518  14.002  -34.208 0.0000000000
89657  28.329  14.657  -33.140 0.0000000000
91604  28.013  16.157  -34.841 0.0000000000
90666  27.638  15.545  -34.695 0.0000000000
91586  29.622  16.945  -32.642 0.0000000000
147262  24.101  18.720  -33.487 0.0000000000
93399  23.922  18.049  -33.103 0.0000000000
92495  23.213  17.357  -32.339 0.0000000000
93411  24.571  18.430  -33.781 0.0000000000
96204  27.096  21.345  -38.375 0.0000000000
96205  26.159  21.569  -39.037 0.0000000000
96186  27.183  21.555  -36.768 0.0000000000
95221  27.061  20.376  -35.542 0.0000000000
130414  27.474  19.515  -35.289 0.0000000000
93421  27.064  18.796  -34.896 0.0000000000
94280  29.794  19.905  -36.810 0.0000000000
136948  29.344  19.542  -36.479 0.0000000000
94266  29.763  19.242  -36.235 0.0000000000
82042  27.102  6.556  -34.849 0.0000000000
81100  26.793  5.715  -35.182 0.0000000000
81091  27.230  5.722  -34.301 0.0000000000
81063  28.708  5.392  -32.147 0.0000000000
80113  27.955  4.774  -33.225 0.0000000000
80098  28.416  4.532  -32.441 0.0000000000
80099  27.929  4.020  -32.947 0.0000000000
127869  29.120  11.253  -31.796 0.0000000000
85818  29.006  10.591  -31.895 0.0000000000
85808  29.597  10.787  -31.398 0.0000000000
91593  25.008  15.856  -34.124 0.0000000000
92516  26.303  17.005  -34.543 0.0000000000
93408  27.480  17.939  -35.167 0.0000000000
146943  26.921  9.490  -35.545 0.0000000000
84914  27.126  9.025  -35.725 0.0000000000
84902  26.863  9.174  -34.842 0.0000000000
84872  27.935  9.530  -32.594 0.0000000000
76899  26.661  0.698  -32.810 0.0000000000
75872  27.084  0.112  -32.235 0.0000000000
76898  27.224  1.003  -32.091 0.0000000000
76887  28.018  1.282  -30.786 0.0000000000
88692  29.455  13.795  -31.840 0.0000000000
87814  24.414  12.929  -35.034 0.0000000000
87800  25.835  13.039  -34.788 0.0000000000
87798  27.103  13.609  -34.797 0.0000000000
88740  26.666  13.707  -34.788 0.0000000000
88739  27.259  14.298  -34.738 0.0000000000
150605  27.691  14.882  -34.435 0.0000000000
92512  28.930  17.233  -34.750 0.0000000000
91592  28.558  16.468  -34.504 0.0000000000
92511  29.684  17.820  -34.071 0.0000000000
94258  24.105  19.251  -33.836 0.0000000000
94271  24.595  19.931  -34.693 0.0000000000
96196  27.406  21.444  -37.490 0.0000000000
95249  27.965  21.069  -37.051 0.0000000000
95236  28.476  20.439  -36.664 0.0000000000
94282  28.262  20.088  -36.092 0.0000000000
95247  29.547  20.274  -37.450 0.0000000000
82032  27.746  6.655  -33.158 0.0000000000
135134  27.620  6.032  -33.561 0.0000000000
73892  25.332  -1.548  -32.877 0.0000000000
74866  25.432  -0.346  -33.358 0.0000000000
74865  25.981  0.326  -33.417 0.0000000000
76910  26.303  1.311  -33.496 0.0000000000
149618  26.692  1.974  -33.225 0.0000000000
77967  27.177  2.337  -32.725 0.0000000000
89688  24.284  14.084  -34.894 0.0000000000
134765  26.367  14.615  -34.613 0.0000000000
90668  26.824  15.134  -34.764 0.0000000000
137153  26.969  15.834  -34.809 0.0000000000
91605  27.627  15.991  -34.822 0.0000000000
91606  26.977  16.207  -34.789 0.0000000000
124958  28.029  16.597  -35.012 0.0000000000
92513  28.416  17.171  -35.157 0.0000000000
92520  28.857  17.631  -35.345 0.0000000000
93417  29.806  18.721  -35.496 0.0000000000
96163  23.228  21.909  -35.027 0.0000000000
96173  23.186  21.985  -35.504 0.0000000000
96187  23.893  22.433  -36.324 0.0000000000
82971  27.242  7.424  -34.479 0.0000000000
83939  27.193  8.256  -35.092 0.0000000000
82970  27.480  7.408  -33.546 0.0000000000
82961  27.838  7.329  -32.786 0.0000000000
147404  29.159  7.497  -31.607 0.0000000000
82949  29.736  7.716  -31.094 0.0000000000
86804  27.426  11.540  -33.056 0.0000000000
85820  27.217  10.418  -32.981 0.0000000000
86786  29.524  11.588  -31.444 0.0000000000
87748  29.676  12.961  -31.363 0.0000000000
135613  29.937  12.130  -31.036 0.0000000000
84915  26.696  9.785  -36.037 0.0000000000
85860  25.881  10.323  -35.290 0.0000000000
85845  25.884  10.672  -34.557 0.0000000000
85846  25.405  11.157  -34.854 0.0000000000
86817  27.324  12.643  -33.806 0.0000000000
87783  27.290  13.437  -34.417 0.0000000000
88707  28.618  13.854  -32.519 0.0000000000
89646  28.999  14.611  -32.151 0.0000000000
90632  29.586  15.344  -31.697 0.0000000000
134912  26.920  14.867  -34.892 0.0000000000
90644  29.473  16.145  -32.185 0.0000000000
93397  24.902  17.402  -33.739 0.0000000000
147495  25.100  22.543  -36.645 0.0000000000
97153  25.734  22.629  -37.416 0.0000000000
145061  25.372  21.589  -35.989 0.0000000000
94270  25.475  19.786  -34.929 0.0000000000
95238  26.669  21.271  -36.030 0.0000000000
94257  25.126  19.067  -34.367 0.0000000000
93410  25.570  17.945  -34.243 0.0000000000
94268  28.317  19.332  -35.751 0.0000000000
93419  28.558  18.378  -35.701 0.0000000000
149057  29.397  18.691  -35.995 0.0000000000
147009  26.575  2.575  -33.975 0.0000000000
79069  27.545  3.181  -33.058 0.0000000000
148434  27.628  5.393  -33.601 0.0000000000
129464  27.234  4.728  -34.109 0.0000000000
136534  27.465  3.946  -33.643 0.0000000000
85819  28.204  10.514  -32.441 0.0000000000
131688  29.514  9.968  -31.484 0.0000000000
83906  29.376  9.125  -31.567 0.0000000000
74849  25.983  -0.415  -33.235 0.0000000000
74850  25.718  -0.938  -33.083 0.0000000000
82023  28.844  6.863  -31.878 0.0000000000
82051  26.316  6.552  -36.225 0.0000000000
85830  26.057  10.677  -33.954 0.0000000000
86829  26.749  12.751  -34.619 0.0000000000
87813  25.087  13.181  -34.936 0.0000000000
89671  27.415  14.523  -34.650 0.0000000000
89686  26.600  14.264  -34.750 0.0000000000
95235  29.148  20.127  -36.849 0.0000000000
134653  26.898  2.544  -33.484 0.0000000000
143559  25.332  14.319  -34.640 0.0000000000
147030  28.374  5.102  -32.706 0.0000000000
147164  24.547  22.021  -36.204 0.0000000000
