#!ascii label  , from subject sub-LJ002 vox2ras=TkReg
680
67775  25.399  -7.470  -28.519 0.1428571492
66677  24.246  -8.563  -28.887 0.1428571492
68777  24.647  -6.743  -29.800 0.1428571492
67774  26.132  -7.200  -28.131 0.1428571492
68776  25.307  -6.402  -29.541 0.2857142985
67789  24.270  -7.377  -29.614 0.1428571492
68763  26.490  -6.454  -28.400 0.1428571492
69789  25.292  -5.426  -30.788 0.5714285970
69769  26.588  -5.276  -29.633 0.1428571492
70815  28.116  -4.244  -29.667 0.2857142985
71785  29.682  -3.182  -29.878 0.1428571492
71786  28.850  -3.694  -29.819 0.2857142985
74822  29.006  -0.400  -29.930 0.2857142985
137960  28.930  -1.067  -30.328 0.1428571492
73864  29.162  -1.769  -30.516 0.2857142985
76873  28.624  1.344  -30.028 0.2857142985
75849  29.129  0.529  -29.645 0.2857142985
138747  28.680  2.924  -30.411 0.2857142985
134898  28.324  2.145  -30.525 0.2857142985
79053  28.775  4.084  -31.104 0.2857142985
81074  28.641  6.175  -32.214 0.8571428657
81062  29.161  5.402  -31.343 0.4285714328
150352  29.208  4.273  -30.530 0.2857142985
82950  29.209  8.257  -31.590 0.7142857313
82949  29.736  7.716  -31.094 0.7142857313
82014  29.458  6.864  -31.316 0.7142857313
81063  28.708  5.392  -32.147 0.7142857313
134510  29.977  9.339  -31.010 0.8571428657
83918  28.640  8.865  -32.032 0.8571428657
147404  29.159  7.497  -31.607 0.7142857313
82024  28.271  6.764  -32.494 0.7142857313
86785  30.213  11.196  -30.812 0.4285714328
131688  29.514  9.968  -31.484 0.7142857313
83906  29.376  9.125  -31.567 0.8571428657
87746  31.094  12.885  -30.387 0.2857142985
135613  29.937  12.130  -31.036 0.5714285970
85808  29.597  10.787  -31.398 0.8571428657
132479  28.825  9.766  -31.986 0.8571428657
88690  30.975  13.654  -30.511 0.1428571492
87747  30.355  12.903  -30.753 0.4285714328
86786  29.524  11.588  -31.444 0.5714285970
127869  29.120  11.253  -31.796 0.8571428657
124714  30.622  15.294  -31.093 0.1428571492
89632  31.913  14.378  -30.328 0.1428571492
89644  30.781  14.542  -30.725 0.1428571492
88691  30.144  13.771  -31.056 0.4285714328
126500  28.427  11.367  -32.287 0.8571428657
91577  31.607  16.783  -31.174 0.1428571492
90630  31.371  16.111  -30.812 0.1428571492
89645  30.016  14.527  -31.566 0.1428571492
87765  29.031  13.002  -31.997 0.5714285970
91578  30.957  16.570  -31.319 0.1428571492
91585  30.275  16.756  -31.802 0.1428571492
90631  30.338  16.048  -31.377 0.1428571492
90632  29.586  15.344  -31.697 0.5714285970
87766  28.272  13.117  -32.669 0.8571428657
86802  28.779  12.126  -32.016 0.8571428657
86803  27.865  12.370  -32.787 0.8571428657
92493  31.484  17.771  -32.008 0.1428571492
92494  30.510  17.446  -32.221 0.2857142985
90644  29.473  16.145  -32.185 0.1428571492
89646  28.999  14.611  -32.151 0.8571428657
88692  29.455  13.795  -31.840 0.7142857313
88708  28.004  13.959  -33.428 0.8571428657
93396  30.430  18.378  -33.461 0.1428571492
94244  30.827  19.043  -33.832 0.1428571492
91586  29.622  16.945  -32.642 0.4285714328
140203  28.828  16.144  -33.477 0.8571428657
90646  28.346  15.308  -33.682 0.8571428657
89657  28.329  14.657  -33.140 0.8571428657
88723  27.518  14.002  -34.208 0.8571428657
92501  29.987  17.687  -33.049 0.4285714328
90654  28.093  15.628  -34.457 0.8571428657
150605  27.691  14.882  -34.435 0.8571428657
132567  30.109  18.547  -34.417 0.2857142985
92511  29.684  17.820  -34.071 0.5714285970
92512  28.930  17.233  -34.750 0.8571428657
92502  29.265  17.054  -33.759 0.8571428657
91592  28.558  16.468  -34.504 0.8571428657
91604  28.013  16.157  -34.841 0.8571428657
93417  29.806  18.721  -35.496 0.2857142985
93407  29.375  18.005  -35.030 0.7142857313
91603  28.329  16.696  -34.899 0.8571428657
91605  27.627  15.991  -34.822 0.8571428657
90666  27.638  15.545  -34.695 0.8571428657
92520  28.857  17.631  -35.345 0.8571428657
92521  28.498  17.720  -35.532 0.8571428657
124958  28.029  16.597  -35.012 0.8571428657
135227  27.656  16.597  -34.943 0.7142857313
93418  29.084  18.205  -35.743 0.8571428657
92522  28.078  17.931  -35.526 0.8571428657
93420  27.861  18.640  -35.376 0.8571428657
92515  27.218  17.144  -34.918 0.7142857313
136948  29.344  19.542  -36.479 0.7142857313
94268  28.317  19.332  -35.751 0.8571428657
130414  27.474  19.515  -35.289 0.8571428657
95237  27.681  20.773  -36.210 0.7142857313
92514  27.936  17.267  -35.239 0.8571428657
95281  29.617  20.129  -39.595 0.1428571492
94282  28.262  20.088  -36.092 0.8571428657
95236  28.476  20.439  -36.664 0.7142857313
95249  27.965  21.069  -37.051 0.7142857313
132599  27.800  20.067  -35.689 0.8571428657
94319  27.856  19.459  -41.486 0.1428571492
141924  28.232  20.615  -38.722 0.5714285970
149994  27.470  20.833  -38.845 0.5714285970
96204  27.096  21.345  -38.375 0.5714285970
95283  27.281  20.298  -39.834 0.1428571492
94339  28.375  19.478  -42.976 0.1428571492
96205  26.159  21.569  -39.037 0.5714285970
95319  27.148  19.683  -42.618 0.1428571492
96264  28.293  20.357  -43.179 0.1428571492
95296  26.069  19.855  -41.384 0.1428571492
97198  28.375  21.697  -41.899 0.1428571492
95263  26.628  20.863  -39.445 0.5714285970
96250  27.810  20.810  -42.419 0.1428571492
96236  27.299  21.326  -41.680 0.1428571492
97197  29.034  22.473  -41.333 0.1428571492
134591  27.957  22.162  -41.128 0.1428571492
66676  24.792  -8.563  -28.428 0.1428571492
68775  26.094  -6.033  -29.158 0.2857142985
69759  26.872  -5.705  -28.712 0.1428571492
70806  27.917  -4.769  -28.989 0.2857142985
70816  27.357  -4.674  -29.646 0.2857142985
73854  29.710  -1.173  -30.052 0.2857142985
72813  29.396  -2.616  -30.489 0.1428571492
79041  28.553  3.428  -30.880 0.2857142985
81073  29.093  6.123  -31.634 0.4285714328
80083  28.810  4.715  -31.651 0.5714285970
84872  27.935  9.530  -32.594 0.8571428657
145466  29.387  12.314  -31.572 0.7142857313
92486  31.150  17.136  -31.615 0.1428571492
90645  28.794  15.393  -32.694 0.8571428657
87782  27.667  13.278  -33.581 0.8571428657
89658  28.015  14.816  -33.918 0.8571428657
94267  29.080  18.875  -36.174 0.8571428657
94281  28.812  19.679  -36.388 0.8571428657
95248  28.715  20.625  -37.531 0.7142857313
95295  26.621  19.764  -40.854 0.1428571492
94332  26.948  19.454  -42.350 0.1428571492
97208  29.550  22.168  -42.989 0.1428571492
65642  24.312  -9.229  -28.481 0.1428571492
69788  26.064  -5.097  -30.553 0.4285714328
71787  28.213  -3.808  -30.238 0.2857142985
70817  26.790  -4.608  -30.387 0.4285714328
70831  25.616  -4.804  -31.223 0.2857142985
146112  28.666  -3.025  -30.790 0.1428571492
74813  29.819  -0.215  -29.552 0.2857142985
76872  29.392  1.496  -29.509 0.2857142985
75850  28.355  0.297  -30.355 0.2857142985
137393  31.589  15.244  -30.565 0.1428571492
92485  32.051  17.334  -31.472 0.1428571492
93388  30.853  18.159  -32.626 0.1428571492
93395  31.258  18.802  -33.072 0.1428571492
86817  27.324  12.643  -33.806 1.0000000000
94255  30.596  19.246  -34.711 0.1428571492
94265  30.490  19.525  -35.648 0.2857142985
135805  26.412  15.417  -34.614 0.8571428657
149057  29.397  18.691  -35.995 0.5714285970
94280  29.794  19.905  -36.810 0.5714285970
95261  29.188  20.337  -38.491 0.4285714328
141085  29.850  20.152  -38.043 0.2857142985
94297  29.183  20.081  -39.352 0.1428571492
95282  28.421  20.192  -39.622 0.1428571492
94311  27.568  19.752  -40.666 0.1428571492
95297  25.624  20.558  -41.034 0.2857142985
96251  26.788  20.307  -42.147 0.1428571492
96252  26.045  20.260  -41.587 0.1428571492
96237  26.157  21.025  -41.458 0.1428571492
95318  27.751  19.745  -43.161 0.1428571492
97168  27.476  22.595  -40.415 0.1428571492
98045  29.554  23.236  -40.705 0.1428571492
94266  29.763  19.242  -36.235 0.4285714328
94279  30.480  19.981  -36.527 0.4285714328
94287  30.258  20.105  -37.396 0.4285714328
95247  29.547  20.274  -37.450 0.5714285970
68764  25.703  -6.743  -28.776 0.1428571492
67788  24.983  -7.094  -29.184 0.1428571492
67776  24.670  -7.891  -28.904 0.1428571492
139577  23.444  -8.816  -28.910 0.1428571492
68796  24.808  -6.137  -30.368 0.4285714328
68797  24.043  -6.770  -30.280 0.2857142985
69770  25.681  -5.720  -30.006 0.5714285970
69768  27.273  -5.141  -29.033 0.1428571492
129373  27.564  -4.151  -30.343 0.1428571492
146721  28.565  -3.436  -30.439 0.1428571492
82961  27.838  7.329  -32.786 0.7142857313
87748  29.676  12.961  -31.363 0.5714285970
88707  28.618  13.854  -32.519 0.8571428657
92513  28.416  17.171  -35.157 0.8571428657
93419  28.558  18.378  -35.701 0.8571428657
94318  28.728  19.820  -40.378 0.1428571492
96196  27.406  21.444  -37.490 0.5714285970
95327  28.828  19.996  -43.471 0.1428571492
136128  26.169  20.266  -40.522 0.4285714328
94321  26.340  19.611  -41.868 0.1428571492
147430  28.583  21.192  -42.707 0.1428571492
94320  26.792  19.429  -41.642 0.1428571492
95309  25.901  20.274  -41.392 0.1428571492
74812  30.598  -0.884  -29.680 0.1428571492
70830  26.281  -4.543  -31.029 0.4285714328
76887  28.018  1.282  -30.786 0.5714285970
96238  25.531  21.010  -41.193 0.1428571492
75872  27.084  0.112  -32.235 0.5714285970
75873  26.479  -0.136  -32.881 0.5714285970
73906  25.135  -0.909  -33.135 0.2857142985
76909  26.879  1.543  -32.701 0.5714285970
74865  25.981  0.326  -33.417 0.5714285970
72842  25.643  -2.247  -32.628 0.4285714328
76899  26.661  0.698  -32.810 0.5714285970
73907  24.599  -1.268  -32.878 0.2857142985
75887  25.178  0.371  -33.595 0.4285714328
77949  27.683  2.839  -31.929 0.4285714328
77967  27.177  2.337  -32.725 0.5714285970
76933  25.917  1.742  -34.048 0.5714285970
76934  25.381  1.816  -34.262 0.4285714328
79069  27.545  3.181  -33.058 0.5714285970
79104  26.902  3.150  -34.017 0.5714285970
77984  26.391  2.105  -33.819 0.4285714328
136534  27.465  3.946  -33.643 0.7142857313
135596  26.970  3.915  -34.330 0.4285714328
80113  27.955  4.774  -33.225 0.4285714328
74868  24.052  0.043  -33.136 0.2857142985
80099  27.929  4.020  -32.947 0.7142857313
148434  27.628  5.393  -33.601 0.7142857313
80131  26.321  4.892  -35.375 0.4285714328
82042  27.102  6.556  -34.849 0.7142857313
82050  26.792  6.515  -35.650 0.5714285970
82978  27.104  7.366  -35.402 0.7142857313
82992  26.360  7.351  -36.730 0.2857142985
81082  28.123  5.777  -32.876 0.5714285970
135134  27.620  6.032  -33.561 0.5714285970
81091  27.230  5.722  -34.301 0.7142857313
82971  27.242  7.424  -34.479 0.7142857313
83948  27.116  8.152  -35.970 0.7142857313
84914  27.126  9.025  -35.725 0.7142857313
83949  26.847  8.946  -36.453 0.7142857313
145674  26.256  8.069  -37.132 0.4285714328
84926  26.132  9.574  -36.640 0.4285714328
82960  28.388  7.788  -32.134 0.5714285970
82970  27.480  7.408  -33.546 0.5714285970
83929  27.588  8.052  -32.939 0.5714285970
83930  27.059  8.334  -33.950 0.5714285970
84902  26.863  9.174  -34.842 0.7142857313
84903  26.528  9.869  -35.206 0.7142857313
85845  25.884  10.672  -34.557 0.7142857313
84915  26.696  9.785  -36.037 0.7142857313
124682  25.677  10.130  -36.008 0.5714285970
85846  25.405  11.157  -34.854 0.5714285970
85818  29.006  10.591  -31.895 0.7142857313
84873  26.946  9.618  -33.131 0.5714285970
84887  26.646  9.290  -33.789 0.5714285970
85829  26.482  10.145  -33.580 0.7142857313
128692  26.610  11.117  -33.592 0.8571428657
84927  25.182  9.751  -36.338 0.4285714328
86819  26.132  11.710  -34.167 0.7142857313
145155  25.735  11.619  -34.528 0.7142857313
86830  26.119  12.467  -34.637 0.7142857313
86838  24.797  11.738  -35.194 0.5714285970
86831  25.449  12.120  -34.837 0.7142857313
85819  28.204  10.514  -32.441 0.5714285970
84888  26.277  9.916  -34.315 0.7142857313
86818  26.797  12.230  -33.992 0.8571428657
87799  26.660  13.152  -34.809 0.7142857313
130980  24.907  12.600  -35.054 0.5714285970
88760  23.970  13.232  -35.010 0.2857142985
143353  27.103  12.943  -34.535 0.7142857313
89707  24.971  13.911  -34.815 0.7142857313
87798  27.103  13.609  -34.797 0.8571428657
87800  25.835  13.039  -34.788 0.8571428657
134912  26.920  14.867  -34.892 0.8571428657
88740  26.666  13.707  -34.788 0.8571428657
88741  25.706  13.685  -34.747 0.5714285970
89687  25.840  14.165  -34.618 0.8571428657
134765  26.367  14.615  -34.613 0.8571428657
89688  24.284  14.084  -34.894 0.7142857313
88724  27.255  13.959  -34.686 0.8571428657
89685  27.366  14.873  -34.710 0.8571428657
90668  26.824  15.134  -34.764 0.8571428657
90667  27.347  15.357  -34.756 0.8571428657
137153  26.969  15.834  -34.809 0.8571428657
90669  25.863  14.788  -34.453 0.7142857313
93408  27.480  17.939  -35.167 0.7142857313
93409  26.645  17.978  -34.664 0.7142857313
92503  25.369  16.754  -34.106 0.7142857313
93421  27.064  18.796  -34.896 0.7142857313
94269  26.534  19.674  -35.054 0.7142857313
94256  26.096  18.879  -34.598 0.7142857313
94270  25.475  19.786  -34.929 0.7142857313
95223  24.787  20.645  -35.336 0.7142857313
94271  24.595  19.931  -34.693 0.5714285970
95221  27.061  20.376  -35.542 0.7142857313
95222  25.990  20.591  -35.454 0.7142857313
137029  26.255  22.107  -36.620 0.4285714328
145061  25.372  21.589  -35.989 0.5714285970
95224  24.023  20.719  -35.016 0.5714285970
95238  26.669  21.271  -36.030 0.5714285970
95208  24.085  19.997  -34.392 0.5714285970
96172  23.903  21.596  -35.701 0.5714285970
129954  24.023  20.015  -33.766 0.5714285970
96173  23.186  21.985  -35.504 0.5714285970
95225  23.572  21.462  -35.186 0.5714285970
97153  25.734  22.629  -37.416 0.5714285970
139829  24.111  20.945  -33.608 0.4285714328
94231  23.018  19.234  -31.108 0.4285714328
96163  23.228  21.909  -35.027 0.5714285970
95209  23.862  20.975  -34.569 0.5714285970
97122  23.680  22.607  -33.768 0.4285714328
97125  23.060  22.584  -34.584 0.2857142985
96158  24.154  21.848  -33.244 0.4285714328
96155  24.374  21.757  -32.248 0.2857142985
74848  26.788  -0.707  -32.442 0.5714285970
147772  26.322  -2.319  -32.450 0.5714285970
132910  27.787  2.094  -31.254 0.2857142985
76888  27.606  1.336  -31.483 0.4285714328
142866  26.249  -0.776  -32.923 0.5714285970
77930  28.170  2.855  -31.050 0.2857142985
76912  24.946  1.167  -33.824 0.4285714328
78005  26.094  2.542  -34.468 0.4285714328
136322  23.844  0.713  -33.323 0.2857142985
76935  24.701  1.858  -34.303 0.2857142985
80130  26.846  5.054  -34.801 0.5714285970
82936  30.296  7.756  -30.528 0.2857142985
81109  25.011  5.702  -36.256 0.2857142985
82058  26.819  7.313  -36.149 0.7142857313
87783  27.290  13.437  -34.417 0.8571428657
91607  25.905  16.006  -34.485 0.7142857313
92516  26.303  17.005  -34.543 0.7142857313
91593  25.008  15.856  -34.124 0.7142857313
94258  24.105  19.251  -33.836 0.5714285970
95197  23.978  20.155  -32.852 0.2857142985
96186  27.183  21.555  -36.768 0.5714285970
96187  23.893  22.433  -36.324 0.5714285970
79105  25.761  3.290  -35.143 0.4285714328
146364  27.961  8.638  -32.503 0.7142857313
82032  27.746  6.655  -33.158 0.5714285970
86804  27.426  11.540  -33.056 0.7142857313
85820  27.217  10.418  -32.981 0.7142857313
88739  27.259  14.298  -34.738 0.7142857313
80098  28.416  4.532  -32.441 0.5714285970
91608  25.141  15.112  -34.383 0.7142857313
76898  27.224  1.003  -32.091 0.5714285970
74866  25.432  -0.346  -33.358 0.5714285970
73892  25.332  -1.548  -32.877 0.5714285970
74867  24.654  -0.366  -33.268 0.4285714328
77950  27.390  1.866  -32.020 0.5714285970
76910  26.303  1.311  -33.496 0.5714285970
149618  26.692  1.974  -33.225 0.5714285970
76911  25.588  1.110  -33.780 0.4285714328
128046  24.480  0.516  -33.512 0.4285714328
147009  26.575  2.575  -33.975 0.5714285970
129464  27.234  4.728  -34.109 0.5714285970
80122  26.603  4.350  -34.828 0.4285714328
81100  26.793  5.715  -35.182 0.5714285970
81101  26.330  5.716  -35.794 0.4285714328
80140  25.849  5.022  -35.819 0.4285714328
146916  25.947  4.546  -35.622 0.4285714328
82033  27.395  6.632  -33.971 0.7142857313
81119  25.123  6.383  -36.702 0.2857142985
83939  27.193  8.256  -35.092 0.7142857313
146943  26.921  9.490  -35.545 0.7142857313
83919  27.187  8.873  -33.088 0.5714285970
85860  25.881  10.323  -35.290 0.7142857313
85861  25.013  10.797  -35.308 0.7142857313
85862  24.154  11.433  -35.547 0.2857142985
87814  24.414  12.929  -35.034 0.5714285970
88761  23.485  13.059  -34.927 0.2857142985
144246  26.964  14.247  -34.940 0.8571428657
147495  25.100  22.543  -36.645 0.7142857313
97129  23.065  22.388  -35.978 0.5714285970
95194  24.274  21.041  -32.746 0.4285714328
76936  23.933  1.969  -34.064 0.1428571492
78024  24.637  3.076  -35.188 0.4285714328
131414  24.188  -6.140  -30.802 0.4285714328
77914  29.662  2.385  -29.427 0.1428571492
77929  28.971  2.246  -29.932 0.1428571492
79027  29.278  3.091  -29.869 0.1428571492
80082  29.157  4.776  -30.947 0.1428571492
81052  29.493  5.314  -30.752 0.1428571492
79026  29.933  3.234  -29.322 0.1428571492
81051  29.936  5.488  -30.249 0.1428571492
80070  29.577  4.787  -30.339 0.1428571492
80059  29.596  4.002  -29.881 0.1428571492
82005  29.651  6.068  -30.893 0.1428571492
148082  30.054  8.155  -30.796 0.2857142985
84848  30.652  9.586  -30.434 0.1428571492
91606  26.977  16.207  -34.789 0.5714285970
98867  29.690  23.948  -39.103 0.1428571492
90670  24.654  14.478  -34.657 0.4285714328
98019  28.853  23.563  -38.835 0.1428571492
97183  26.697  21.890  -41.100 0.1428571492
91594  24.126  15.371  -34.096 0.4285714328
92504  24.391  16.427  -33.682 0.4285714328
98870  23.836  24.635  -40.383 0.2857142985
98022  24.304  23.465  -38.707 0.2857142985
138847  25.147  22.898  -38.244 0.2857142985
135748  24.854  22.710  -39.401 0.2857142985
91580  20.431  15.989  -31.475 0.1428571492
93397  24.902  17.402  -33.739 0.5714285970
94257  25.126  19.067  -34.367 0.5714285970
98006  23.493  24.199  -38.446 0.2857142985
96197  26.608  21.977  -37.699 0.4285714328
92496  22.251  16.484  -32.344 0.4285714328
93399  23.922  18.049  -33.103 0.5714285970
98005  24.005  23.684  -37.650 0.2857142985
92487  22.320  17.462  -31.456 0.4285714328
97993  22.999  23.470  -36.223 0.1428571492
97142  23.256  23.066  -36.336 0.1428571492
97992  24.087  24.013  -36.885 0.1428571492
93381  21.238  17.724  -30.373 0.1428571492
94236  23.642  19.407  -31.978 0.4285714328
97980  22.841  23.160  -34.970 0.1428571492
98819  23.888  24.269  -36.514 0.1428571492
98832  23.326  24.865  -37.828 0.1428571492
93379  22.626  18.449  -30.933 0.2857142985
97976  23.273  23.054  -34.114 0.2857142985
97117  24.485  22.266  -32.302 0.1428571492
97984  23.159  23.702  -35.435 0.1428571492
98814  23.716  24.315  -36.174 0.1428571492
97979  23.441  23.467  -34.629 0.1428571492
97975  23.837  23.303  -33.758 0.1428571492
97978  24.356  23.816  -34.427 0.1428571492
69801  24.399  -4.994  -31.383 0.4285714328
70850  24.105  -4.247  -31.597 0.2857142985
80069  30.105  4.804  -29.727 0.1428571492
82004  30.277  6.290  -30.161 0.1428571492
143321  23.308  14.944  -34.011 0.2857142985
95262  27.903  21.060  -37.941 0.4285714328
96206  25.302  21.870  -39.862 0.2857142985
98833  23.330  24.955  -38.899 0.2857142985
97159  24.168  23.235  -39.975 0.2857142985
142392  23.352  25.942  -38.013 0.2857142985
69802  23.660  -4.885  -31.248 0.2857142985
72801  30.209  -2.506  -30.047 0.1428571492
75838  29.985  0.729  -29.229 0.1428571492
75827  30.814  0.973  -28.769 0.1428571492
83905  29.808  8.536  -31.105 0.1428571492
82013  30.023  6.967  -30.686 0.1428571492
139158  21.508  17.350  -31.035 0.1428571492
90655  23.900  14.686  -34.443 0.4285714328
91579  20.879  16.084  -31.898 0.2857142985
147262  24.101  18.720  -33.487 0.5714285970
99634  23.719  25.229  -39.993 0.2857142985
98037  23.762  24.094  -40.362 0.2857142985
97170  24.847  22.460  -40.435 0.2857142985
98035  24.682  23.619  -40.461 0.2857142985
98868  25.395  24.168  -40.067 0.1428571492
98853  26.140  24.626  -39.139 0.1428571492
98033  27.033  23.143  -39.876 0.1428571492
128953  23.776  25.234  -37.222 0.2857142985
99602  23.314  25.923  -38.588 0.2857142985
97184  25.524  21.777  -41.056 0.1428571492
97169  26.169  22.515  -40.662 0.1428571492
95284  25.716  21.024  -40.205 0.4285714328
99633  23.994  25.415  -40.087 0.2857142985
97185  25.091  22.070  -40.784 0.2857142985
98046  25.052  22.652  -40.678 0.1428571492
69800  24.997  -5.079  -31.305 0.4285714328
69790  24.593  -5.600  -31.027 0.4285714328
96222  25.296  21.490  -40.796 0.2857142985
91595  23.279  15.733  -33.510 0.4285714328
93410  25.570  17.945  -34.243 0.5714285970
93398  24.331  17.436  -33.417 0.5714285970
139758  24.437  19.325  -34.240 0.5714285970
97158  25.674  22.309  -38.585 0.2857142985
96159  23.778  21.882  -34.196 0.4285714328
97121  24.157  22.521  -33.002 0.2857142985
97143  22.685  22.894  -36.018 0.2857142985
93411  24.571  18.430  -33.781 0.5714285970
144803  23.600  18.432  -32.401 0.5714285970
97154  24.848  23.175  -37.488 0.2857142985
97141  24.266  23.208  -36.823 0.2857142985
79013  30.603  3.282  -28.755 0.1428571492
91597  21.839  15.090  -33.169 0.2857142985
98007  23.504  24.411  -39.421 0.2857142985
98023  23.700  23.896  -39.606 0.2857142985
92505  23.673  16.844  -33.133 0.4285714328
92495  23.213  17.357  -32.339 0.4285714328
128780  21.495  16.654  -31.755 0.2857142985
139548  23.214  18.350  -31.585 0.4285714328
81997  30.939  6.462  -29.455 0.1428571492
90657  22.341  14.551  -33.727 0.2857142985
97186  24.440  23.281  -40.348 0.2857142985
98034  25.759  23.280  -40.330 0.2857142985
98021  26.635  23.806  -39.474 0.1428571492
87815  23.846  12.726  -35.060 0.2857142985
101064  23.974  28.923  -38.136 0.1428571492
99617  23.827  26.447  -39.331 0.1428571492
101063  24.645  28.704  -38.035 0.1428571492
98808  25.675  25.054  -35.076 0.1428571492
101059  24.909  28.597  -37.453 0.1428571492
149717  23.340  27.641  -38.742 0.1428571492
100372  24.089  27.498  -39.043 0.1428571492
98812  24.846  25.391  -35.716 0.1428571492
99583  25.510  26.233  -35.525 0.1428571492
99592  23.735  26.720  -37.645 0.1428571492
148350  25.193  27.009  -36.059 0.1428571492
101058  25.437  28.483  -37.120 0.1428571492
99584  24.648  26.641  -36.484 0.1428571492
100343  26.290  27.508  -35.250 0.1428571492
101053  25.320  28.378  -36.657 0.1428571492
86839  24.230  12.283  -35.227 0.2857142985
101052  25.558  28.459  -36.157 0.1428571492
100361  25.456  27.857  -37.559 0.1428571492
145428  28.534  4.102  -31.837 0.2857142985
100364  23.468  26.931  -38.884 0.1428571492
99616  24.376  26.191  -39.343 0.1428571492
101068  23.958  28.468  -38.692 0.1428571492
99600  25.005  26.758  -38.624 0.1428571492
100349  25.496  27.505  -35.835 0.1428571492
126722  26.212  26.598  -35.221 0.1428571492
79068  28.097  3.698  -32.301 0.4285714328
72829  26.763  -2.750  -32.127 0.4285714328
72828  27.493  -2.425  -31.724 0.2857142985
72814  28.626  -2.309  -30.875 0.1428571492
73877  27.614  -1.554  -31.619 0.2857142985
72827  28.047  -2.102  -31.285 0.1428571492
74834  27.452  -0.636  -31.723 0.2857142985
71819  26.399  -3.428  -31.885 0.2857142985
94245  23.946  19.119  -33.059 0.4285714328
75860  27.661  0.424  -31.351 0.2857142985
72830  25.972  -2.880  -32.379 0.4285714328
74833  28.004  -0.474  -30.966 0.1428571492
73865  28.337  -1.361  -30.887 0.1428571492
72815  28.062  -2.806  -31.263 0.1428571492
73891  26.279  -1.508  -32.660 0.4285714328
73878  26.966  -2.005  -32.199 0.2857142985
128270  22.911  16.362  -32.881 0.2857142985
71818  27.304  -3.192  -31.582 0.2857142985
71820  25.406  -3.450  -32.066 0.2857142985
70849  25.016  -4.364  -31.672 0.2857142985
71836  25.288  -2.761  -32.423 0.2857142985
78004  26.399  3.545  -34.749 0.2857142985
79123  26.057  4.072  -35.416 0.2857142985
80132  25.655  4.373  -35.847 0.2857142985
83002  25.788  7.620  -37.207 0.1428571492
133961  24.753  8.602  -37.188 0.1428571492
83959  25.532  9.236  -36.862 0.2857142985
84916  24.659  10.452  -35.737 0.1428571492
86833  22.344  12.429  -34.293 0.1428571492
88743  22.887  13.212  -34.654 0.1428571492
131394  22.823  13.715  -34.495 0.1428571492
88744  22.347  13.628  -34.104 0.1428571492
89690  22.368  13.916  -34.008 0.1428571492
89691  21.976  13.947  -33.808 0.1428571492
90647  21.228  14.944  -32.635 0.1428571492
92506  22.305  15.687  -33.062 0.1428571492
90638  20.426  15.496  -31.678 0.1428571492
91587  21.270  15.241  -32.585 0.1428571492
134089  23.263  20.120  -31.413 0.1428571492
93369  22.108  19.187  -30.547 0.1428571492
95195  23.907  20.698  -31.917 0.1428571492
95187  23.419  20.797  -30.926 0.1428571492
69791  23.959  -5.646  -31.118 0.2857142985
70848  25.953  -4.129  -31.584 0.1428571492
89673  21.591  14.262  -33.345 0.1428571492
92497  21.573  15.810  -32.514 0.1428571492
68798  23.610  -6.199  -30.625 0.2857142985
78006  25.188  2.564  -34.878 0.2857142985
78023  25.203  3.267  -35.352 0.2857142985
79139  25.108  4.173  -36.087 0.2857142985
83971  24.057  8.715  -36.250 0.1428571492
146960  23.663  10.789  -35.468 0.1428571492
85864  23.119  11.411  -34.842 0.1428571492
86840  23.719  12.136  -35.186 0.1428571492
147107  21.000  11.866  -33.419 0.1428571492
87784  21.973  12.744  -33.982 0.1428571492
87785  21.742  13.233  -33.717 0.1428571492
87770  20.682  13.335  -32.937 0.1428571492
90656  22.993  14.502  -34.183 0.1428571492
135887  19.823  15.371  -31.081 0.1428571492
94221  21.873  19.867  -30.068 0.1428571492
79125  24.837  3.603  -35.729 0.2857142985
84934  24.270  9.290  -36.063 0.1428571492
88742  23.412  13.476  -34.886 0.1428571492
93370  21.411  18.920  -30.071 0.1428571492
78007  24.317  2.480  -34.706 0.1428571492
90672  22.744  14.103  -34.254 0.1428571492
91596  22.725  15.253  -33.613 0.1428571492
71821  24.518  -3.580  -31.905 0.2857142985
142746  24.757  4.679  -36.202 0.1428571492
88726  21.466  13.671  -33.424 0.1428571492
138422  20.836  12.594  -33.228 0.1428571492
68799  22.794  -6.008  -30.186 0.1428571492
129153  23.248  -5.455  -30.786 0.1428571492
69771  22.100  -5.567  -29.779 0.1428571492
70832  22.913  -4.690  -30.926 0.1428571492
71837  24.688  -2.926  -32.254 0.1428571492
85807  30.099  10.223  -30.899 0.1428571492
85796  30.795  10.503  -30.369 0.1428571492
68778  23.210  -6.807  -30.084 0.1428571492
70851  23.288  -4.136  -31.357 0.1428571492
71838  24.118  -3.041  -31.993 0.1428571492
72843  24.768  -2.182  -32.607 0.1428571492
131562  23.714  -3.523  -31.710 0.1428571492
73893  23.942  -1.750  -32.567 0.1428571492
94278  31.187  20.177  -35.794 0.1428571492
95234  30.827  20.282  -37.128 0.1428571492
74851  23.831  -0.750  -32.772 0.1428571492
86768  30.994  11.262  -30.277 0.1428571492
136941  24.283  1.288  -33.726 0.1428571492
129016  22.484  -5.175  -30.397 0.1428571492
138110  24.038  -2.512  -32.315 0.1428571492
74823  28.524  -0.596  -30.459 0.2857142985
74849  25.983  -0.415  -33.235 0.5714285970
74850  25.718  -0.938  -33.083 0.5714285970
79124  25.486  3.769  -35.671 0.2857142985
79126  24.124  3.522  -35.443 0.2857142985
79140  24.319  4.201  -35.979 0.1428571492
81108  25.631  5.855  -36.171 0.2857142985
81118  25.790  6.760  -36.744 0.2857142985
82023  28.844  6.863  -31.878 0.7142857313
82051  26.316  6.552  -36.225 0.5714285970
83003  25.073  7.975  -37.456 0.1428571492
83957  26.761  8.078  -36.680 0.4285714328
83958  26.244  8.796  -36.966 0.4285714328
83969  25.504  8.580  -37.234 0.1428571492
83970  24.292  8.743  -36.774 0.1428571492
85830  26.057  10.677  -33.954 0.7142857313
85863  23.601  11.380  -35.277 0.1428571492
85878  23.938  10.743  -35.684 0.1428571492
86805  21.507  12.530  -33.677 0.1428571492
86829  26.749  12.751  -34.619 0.7142857313
87769  21.041  13.070  -33.304 0.1428571492
87801  22.804  12.621  -34.611 0.1428571492
87802  22.262  13.129  -34.172 0.1428571492
87813  25.087  13.181  -34.936 0.5714285970
87816  23.341  12.656  -34.891 0.2857142985
88711  21.045  13.844  -33.063 0.1428571492
88725  21.847  13.661  -33.709 0.1428571492
88759  24.679  13.456  -34.930 0.2857142985
89671  27.415  14.523  -34.650 0.7142857313
89672  22.040  14.204  -33.699 0.1428571492
89674  21.321  14.039  -33.206 0.1428571492
89686  26.600  14.264  -34.750 0.8571428657
89689  23.430  13.886  -34.807 0.1428571492
89708  24.078  13.698  -35.010 0.1428571492
90639  20.052  15.698  -31.169 0.1428571492
90671  23.586  14.249  -34.677 0.1428571492
91588  20.797  15.406  -32.106 0.1428571492
93380  21.837  18.139  -30.633 0.2857142985
94331  27.627  19.380  -42.777 0.1428571492
94340  27.958  19.563  -43.209 0.1428571492
94341  27.497  19.502  -42.871 0.1428571492
94348  28.491  19.748  -43.325 0.1428571492
95235  29.148  20.127  -36.849 0.8571428657
95307  26.416  19.710  -42.036 0.1428571492
95308  26.110  19.863  -41.650 0.1428571492
95328  28.361  19.874  -43.383 0.1428571492
96265  27.490  20.085  -42.872 0.1428571492
97130  22.799  22.664  -35.546 0.2857142985
97131  22.582  23.057  -35.889 0.2857142985
97985  22.651  23.270  -35.697 0.1428571492
97986  22.626  23.236  -35.932 0.1428571492
98024  23.521  24.222  -40.054 0.2857142985
98036  23.795  23.775  -40.180 0.2857142985
98815  22.905  23.716  -35.966 0.1428571492
98855  23.481  24.838  -39.729 0.2857142985
98871  23.623  24.557  -40.195 0.2857142985
99601  23.404  27.019  -38.531 0.1428571492
99618  23.561  25.720  -39.280 0.2857142985
100350  24.992  27.771  -36.698 0.1428571492
100357  24.205  28.044  -37.589 0.1428571492
100362  24.666  27.895  -38.380 0.1428571492
100363  23.523  28.081  -38.522 0.1428571492
100373  23.524  27.760  -38.884 0.1428571492
131531  25.201  -8.071  -28.328 0.1428571492
134310  28.300  3.515  -31.515 0.2857142985
134653  26.898  2.544  -33.484 0.5714285970
137227  29.873  -1.985  -30.340 0.2857142985
137267  27.362  19.300  -42.220 0.1428571492
141700  24.817  9.179  -36.603 0.2857142985
143284  24.091  24.021  -40.493 0.2857142985
143559  25.332  14.319  -34.640 0.7142857313
143859  27.056  -1.291  -32.167 0.2857142985
146294  29.079  -3.206  -30.348 0.1428571492
147030  28.374  5.102  -32.706 0.7142857313
147164  24.547  22.021  -36.204 0.7142857313
148877  31.211  19.542  -34.156 0.1428571492
150204  27.860  -1.001  -31.293 0.1428571492
